0.7945463578677484
0.7944701598412743
0.7944680585673871
0.7944743349979221
0.7944820919515179
0.7944811658923733
0.7944787522939756
0.7944809808025921
0.7944763863239479
0.7944852617622596
0.7944914672692184
0.7944721607800134
0.7944758699077233
0.7944822885188223
0.7944864240364707
0.7944777441964607
0.7948387739393363
0.794495619641289
0.7949319542516109
0.7944918540172637
0.7947796481642483
0.794887518089292
0.7948312141914539
0.7949222940229714
0.7947786161144034
0.7949247584557882
0.7949082396040021
0.7947388327032939
0.7947441501528384
0.7947401495692956
0.7947464043730115
0.7947578097570456
0.7947538713964659
0.7947485911630314
0.794756486142541
0.7947531901953819
0.7947530198284009
0.7947394436113132
0.7947426472736638
0.7945034755126889
0.7947462095050001
0.7945488909608758
0.7947573664555005
0.7945748659110768
0.7947155249612716
0.7947367763265244
0.7947460066551915
0.7944952645528106
0.7944971297738622
0.7947563094619583
0.7944904429213384
0.7944824723742507
0.7944882526003108
0.7944928407627339
0.7944873608532569
0.7944719923881891
0.7945130457294622
0.7947211291114805
0.7947363915240431
0.7947374690541573
0.7947380619905193
0.7947315914543955
0.7944672174890325
0.7947517697868324
0.7947781540681359
0.7945416828927075
0.79477050290496
0.7947713624817475
0.7723929315285768
0.723547537234479
0.6998165045243089
0.6840793847513822
0.6233053173194356
0.5417344376620875
0.4201538785372687
0.24004564630758712
0.19351549236985083
0.16644028063869462
0.1724277437054891
0.28830457568263346
0.5525800235283672
0.4721314161864212
0.44119523793502363
0.5084830073454231
0.6580713446733869
1.1061793764286743
1.2349770391559065
1.3863533665669574
1.5785864064144064
1.75752825516589
1.860040099503873
1.948051034334085
2.031745056512137
2.076867271968571
2.110290805057434
2.140188782817581
2.196821408518046
2.3392062836261975
2.443858033394889
2.6333144164892226
2.738316521183461
2.0740251779078416
2.1983925512205875
2.24423475653091
2.2837815754988626
2.3029502824937462
2.3143400825862854
2.3235916163104537
2.31751966469696
2.3077201211956506
2.2983189464302103
2.280009309830872
2.267264652910603
2.2526742092900958
2.778321626741875
2.7672088814398808
2.748763451537932
2.8152559289962773
0.993084896309789
0.9893111242296153
0.9763607355737859
0.9664875069480869
0.9550786420435832
0.9466842133535972
0.8408841609026219
0.7108047856899002
0.74056072096153
0.7454069430014743
0.7676727312214362
0.7999245618370965
0.8662755373737793
0.9142220362159357
0.7482349623532996
0.6727898251992966
0.7081835310054504
0.46795243463877273
0.5286527792729805
0.5661300359660633
0.5997011678978796
0.6173926398064883
0.644934442099573
0.6878266962611396
0.7359004931766723
0.767409539623559
0.8632029707614195
0.7261932836621001
1.1288473190455224
1.1145994029144262
1.1944948390512549
1.2159879772587807
1.221704430289598
1.0096662312899158
1.0527020316390492
1.1232987586775893
0.8352063289023852
0.8923021135804124
0.9411495658990663
0.7895397117350323
0.9025456527619449
0.8453927273640335
0.8705048767872609
0.863796739299753
0.8530908811933708
0.8541574844551095
0.8895733197936128
0.9240912069484161
0.9066361376885916
0.9952319736385525
1.0143432101153753
1.0286383533393464
1.036484754103256
0.9470338094107761
0.9660253704453821
0.9794654905333708
0.9773377755417251
0.9716718128577188
0.9958312021108865
0.9078302806764776
0.9446621716035294
0.9620027219956622
0.9307200605275365
0.9665857967893526
0.7856432510109685
0.7548435421374129
0.6762234187205377
0.6202145716501896
0.5587541488348253
0.46049290684018496
0.3686326836848154
0.28523541923561474
0.7415932575104576
0.7343558602291423
0.8329080978687767
0.8072263322569393
0.8731924982237491
0.8887508050015349
0.7809033615950648
0.822244756083615
0.8437094631834152
0.8272265794264657
0.8367248357204097
0.8004775850054199
0.8174464802580619
0.8628779703115105
0.9505851664772615
1.0114791672903842
1.063803870975138
1.0843805567196219
1.0654705328755458
1.0545308598818104
0.8821315660842282
1.016195811475419
0.7821898249635089
0.799431419258661
0.802178532473822
0.802349152074518
0.7986735510942329
0.814333720252866
0.8462724354963459
0.8439158991876174
0.8350820510280541
0.8378135596838823
0.8313074970032531
0.8221838677835585
0.8289226493340945
0.8602338308570842
0.8751216298739809
0.8730472077594976
0.8560319690834957
0.884911755918851
0.9000096616361959
0.9181244777659137
0.9003373312611105
0.9491632978820232
0.9353673335844509
0.9662078441671995
0.9654016120706522
0.9899721743974146
1.0124893459809097
1.0454614686894463
1.0485458018038558
1.0478406475011233
1.071916844203801
1.0752308796599057
1.0698506474645555
1.0698506474645555
1.1010766893066457
1.104762965913762
1.08871866970889
1.121548748323236
1.120235365189451
1.120241649412773
1.126932529811924
1.129146822009578
1.1290701594079093
1.4577000189556173
1.4855447856383162
1.4921849195718533
1.4719372176801273
1.4942529085716394
1.4947686586369047
1.4702568743301256
1.4489210529273695
1.3928501303810872
1.3589109941825768
1.2342097125420644
1.1483183386640199
1.0624925291258864
0.9925742947137594
0.982111500593621
1.0355623602569666
1.0425857391158129
1.1259673414388984
1.1467585214113853
1.2677758690918899
1.3045864944484111
1.330945563076054
1.3801849950617124
1.2457296985270803
1.2579436429407025
1.2199095063858738
1.2360583763893096
1.2374790548396004
1.2032950183604074
1.1682978529294967
1.1904250488733752
1.2123785461702024
1.20125447147532
1.2058349888038284
1.216635965658424
1.2304014938663355
1.2543688212189215
1.2770993610619377
1.331739089378727
1.3548119133924663
1.3251710617816959
1.385644719611992
1.399822240694387
1.462580912961841
1.4375842734063782
1.4352890149641406
1.5155707651024275
1.6174915499524944
1.688529764672466
1.7139294692806204
1.7442815659246282
1.7790677356878046
1.8015496766198154
1.8975847060785973
1.8726591151095402
1.6827078881059514
1.9127838868833862
1.9404269673637957
2.281901746654984
2.263883323299228
2.253897893010925
3.177941045786839
5.084976500002089
