3.777226956725288
3.776757262602575
3.776840454711751
3.7771680328403265
3.7768231791911733
3.777215752697087
3.7774012109651816
3.776876625198553
3.776694980085
3.7765358091107126
3.776682702491776
3.7761334819210264
3.7764480995854366
3.7764319051350204
3.776453889825861
3.7765623030008166
3.777970515393602
3.7758304784890546
3.777885047712134
3.7752968933229445
3.7790307430780268
3.778767138178006
3.778209279215825
3.7783696372883044
3.7792888500839057
3.7787363016137014
3.7788774022492584
3.7794146988693003
3.7793041431130963
3.7797342014879414
3.7798282902096254
3.779896443939018
3.7799055942547395
3.779934565355135
3.779928836528741
3.779985179932763
3.779705021781077
3.779731658670914
3.7795901177417606
3.7769981300223425
3.779458136254375
3.7775617418354868
3.77936580126263
3.777015850969815
3.7788753019693546
3.7792340544681595
3.7792313351883675
3.7770666246248847
3.7770733000407146
3.7797978591742396
3.7774427084502853
3.7773637004829044
3.777439931029548
3.777609558226694
3.777570295719607
3.777411716617423
3.7775786209375948
3.779903970534752
3.7799473229679985
3.780087310433804
3.780021365853579
3.7798445381921777
3.777514547202588
3.7800641216600663
3.780704167090941
3.7776710306117383
3.7801902973456762
3.7804561246113706
3.7874804868545873
3.7879029307388183
3.809073635151769
3.7854875135564017
3.8072247140154323
3.80450805650662
3.80653876457671
3.8091010048418266
3.788900100631072
3.792432879883835
3.7690964674440735
3.749851285753331
3.125344267593537
3.161991974770018
3.1316329187964618
3.141733130231712
3.1542156149070477
3.247021792241067
3.2656699049330298
3.263290966263405
3.205347375338055
2.957116687200248
2.788122831499619
2.743385260910056
2.7146424828185385
2.879157907882388
3.035580603399178
3.0704205597587317
3.049078171005382
3.031104474561893
3.015949181541571
3.0161019603161865
3.1447549700327073
3.8319121467029835
3.892355297368866
4.030582535837382
4.141090707029854
4.269405326300885
2.072012606557801
2.3006773669278697
2.32265217060235
2.317504742057592
2.3256186687748044
2.310856210727579
2.343649858355016
2.495693739797829
2.273554287561038
2.555594231019151
2.739804925924176
2.2141927258062593
0.9121484752118709
0.8848414065808647
0.9049046006326358
0.8586712450513443
0.8837837412798981
0.88688114096345
0.6028658785279224
0.6491958493485321
0.6472186028767561
0.6298052041512423
0.6427044318961297
0.6779470709093633
0.658821023443461
0.6434024207442048
0.4991996511731136
0.5466693166960557
0.5193316796400183
0.48067560727019787
0.4342105814819086
0.38932882865724006
0.4833270864571104
0.8684102680952579
0.7811982707953069
0.7142558985557388
0.4465783773308658
0.3911634670387958
0.4163805586852911
0.38716719440841096
0.7702039269281569
0.7909355431055873
0.7902135917912889
0.7666005714139992
0.7629036329540271
0.3943831771157935
0.4654479942671492
0.42622381813139754
0.011216199005696925
0.062000433159091095
0.04828250829320435
4.1461404558335895
0.23890729089419338
0.19422780741007228
0.15776033456037686
0.28447584680409665
0.06485566456501157
0.18203552064291184
0.07305213260121857
0.08844890597881161
0.06161613472155292
0.059371901923467085
6.184060913451513
6.0006174306851525
6.115723541871162
6.20128008389883
6.156451852913616
0.08304575445355544
0.08179345487575906
0.19063058113342657
0.21504057994390124
0.13243522696211718
0.2656183766862594
0.619998270873205
0.32141223582470047
0.3597587124315058
0.21521729071374152
0.27168597028851216
0.20392284927423654
0.17815361548493558
0.21472879460258965
0.1696482005268275
0.15477764522767667
0.1480521112384222
0.4605326546541354
0.49753053900226174
5.529663547921089
5.518180388228909
5.51563368555193
5.537830557532674
5.530473283948828
5.502431513918381
5.513832820287106
0.8304614719732558
0.6901714150107179
0.8536387373492229
0.7777012060664334
0.7895305583048593
0.7979781996062543
0.8362547657454058
0.8329245744711415
0.907839604017092
1.110577251718337
1.0698391630997102
0.8465538034713003
0.9286315442582156
0.3955886540325686
0.47896291843324357
0.5864836350611182
0.5997532382995605
0.6649913676159012
0.6117585139062878
0.7087381063013443
0.9682706929887921
0.7313984720645679
0.6158003536164696
0.7382730118415326
0.930458835686216
0.7964538012132296
0.6728549992510064
0.6287678889709478
0.9210904061874419
0.8010330794640721
0.6503182232789517
0.6645294942341731
0.6504973191593915
0.652707518009505
0.6691584903114034
0.6238295907045099
0.6513393160651217
0.6448666053494199
0.656712989153553
0.6352097597678266
0.512609809789045
0.3806214155068237
0.5771464039911662
0.6653253428091412
0.6575379782968063
0.6630563827021625
0.6680340276735897
0.700798085443441
0.6926900507514255
0.6897548696116744
0.6872937234296894
0.7039491621660376
0.7419993266059963
1.0706452424427506
0.6865396554925018
0.3181580782523521
1.5347598693029045
4.609446419479797
4.8833910815048505
5.000911474758276
4.590416764959466
4.843366528987732
4.783187083054605
4.876211153438504
5.107247551190762
5.105510408728488
4.989741911923662
5.139998860265947
5.208582563114067
5.260554297599082
5.222484245347925
5.0983661319959825
5.18038917417968
5.332014858319509
5.097002906316117
5.073265164169571
5.086455817061825
5.109148180944402
5.046043763479018
5.492361471871906
5.379435339253954
5.45889026986028
5.4025190023195275
5.575522905209174
5.705184662303558
5.837170397365634
5.7699032297021935
5.607039882822718
5.4787358547806715
5.2816832231451585
5.534256291406223
5.592003267835109
5.588678014755518
5.59090298249129
5.589832049132321
5.596802630587585
5.595062161313582
5.6094362661743435
5.600838262190502
5.625851074950764
5.626900550068385
5.613979459473914
5.618694093656053
5.625206263081938
5.647194663056352
5.623349938365918
5.653299351796676
5.673227533736649
5.664929391244813
5.639121217773881
5.6584589314260665
0.6418044890975325
0.7466922324877604
0.8563356990154607
0.8404718888996139
0.8664734396168647
0.9986300636725196
1.1525726178271767
1.6068198096451067
