15.9877949544 15.2851171794 -1.00722403374 
15.8400397898 15.170991231 0.386698246347 
15.8397912347 15.1706414709 0.387885109236 
15.8397949339 15.1706212054 0.387704892972 
15.8398085536 15.1706247295 0.387713659422 
15.8397933432 15.1706477145 0.387905357263 
15.8398204112 15.1706496964 0.387525613651 
15.8414625787 15.1706159006 0.404582997059 
15.8400601448 15.1709676797 0.386832894658 
15.8400640228 15.1709738935 0.38678381945 
15.8400497736 15.1709646771 0.386880664006 
15.8398065158 15.1706253479 0.387599773736 
15.8400511184 15.1709473694 0.386703022711 
15.8398044334 15.1706115196 0.387510727933 
15.8398202659 15.1706244836 0.387792514825 
15.839806121 15.1706162358 0.387560422105 
15.8397944906 15.1706040467 0.387661867757 
15.8400684894 15.1709662194 0.38676580147 
15.839801211 15.1706139261 0.387764820068 
15.8398022318 15.1706079582 0.387683498598 
15.8398031407 15.1706176887 0.38774427229 
15.839812521 15.1706145296 0.387675899227 
15.8398128675 15.1706082414 0.387615261671 
15.8398175315 15.1706239099 0.387875033591 
15.8400713765 15.1709536279 0.386679211544 
15.8398216666 15.1705971474 0.387370818276 
15.8398247288 15.1706203783 0.387667178589 
15.84008047 15.1709529052 0.386193892248 
15.8400648945 15.170929272 0.38642881877 
15.839824699 15.1706583465 0.387104400146 
15.8397914619 15.1706120113 0.387477222733 
15.8398673014 15.1700797717 0.382909267973 
15.8399566488 15.1709846223 0.38571156354 
15.840136856 15.172046412 0.379152853435 
15.8397500591 15.1705401654 0.393006881681 
15.839764435 15.1705584491 0.39290986232 
15.8397926876 15.1705716739 0.393119630322 
15.8396161237 15.1700044165 0.381247790227 
15.8399644756 15.1709834749 0.385717630915 
15.839699898 15.1706333647 0.38686368716 
15.8399475702 15.1710163469 0.385639558289 
15.8399761916 15.1709816048 0.385811218313 
15.8396621273 15.1705072711 0.387245565426 
15.83989767 15.1700433234 0.38240671182 
15.839972485 15.170971487 0.386097729264 
15.8399784454 15.1709436069 0.386178360155 
15.8388188035 15.1697209219 0.375917459055 
15.8399931529 15.1709675903 0.385802332548 
15.8397620433 15.1706442351 0.386745787997 
15.8597715424 15.1768403801 0.378817773703 
15.9011610375 15.19108516 0.329438662614 
15.9118693006 15.2037506031 0.170432973685 
15.9200169203 15.2161424907 -0.031279172305 
15.9650674575 15.2123348529 -0.0892822023942 
16.0326709115 15.2014069187 -0.0740857821852 
16.1263921821 15.1877448375 -0.0840099241399 
16.2553608083 15.1676436851 -0.0852741054379 
16.4028234446 15.1464468206 -0.0833704799031 
16.5533519947 15.1225664879 -0.0726640877774 
16.7048402392 15.0992552454 -0.0724795073215 
16.8506411874 15.0767440612 -0.0751996060239 
17.0018153154 15.0530798698 -0.0742294512443 
17.1718023979 15.0279221649 -0.0692669786859 
17.3835738861 14.996153977 -0.0813565242811 
17.5308568441 14.9734331037 -0.0797696027351 
17.6842449867 14.9491950239 -0.078708347487 
17.8527419531 14.9218692447 -0.0733675534683 
18.0101618731 14.8969227935 -0.0611161999253 
18.1718604529 14.8746373917 -0.175550499487 
18.3211641276 14.8339351083 -0.454736745802 
18.480974909 14.7257726158 -0.836549047048 
18.5619544947 14.6197053159 -1.08480009131 
18.6242682898 14.4531694616 -1.20658845858 
18.6666948759 14.3111640776 -1.21097311222 
18.7132823431 14.15328097 -1.38352960631 
18.7258942091 14.0136958326 4.68232878046 
18.7066910231 13.8561577762 4.63232116594 
18.6968305075 13.7869856323 4.62705429442 
18.6968305075 13.7869856323 4.62705429442 
18.6025338137 13.477897879 4.09625590721 
18.5200743639 13.3314963544 2.77452388214 
18.4860749209 13.2871360744 2.7474389188 
18.1848761999 13.2165583337 3.2171985489 
18.0688276255 13.2157288755 3.16646555484 
17.8286125624 13.2280918325 3.17138473542 
17.6464626753 13.2383388246 3.1727521171 
17.5229537451 13.2434395517 3.1647547412 
17.4032070601 13.2495534385 3.16405579009 
17.2748329603 13.2561769451 3.16353584226 
17.0376031363 13.2723946537 3.16905240319 
16.9763810598 13.2796908582 3.1890653246 
16.7353822553 13.293282863 3.24578476059 
16.6321076715 13.2948199476 3.41616960909 
16.4443977439 13.2563484872 3.41978260687 
16.3131685817 13.2227743829 3.3160093047 
16.2041049564 13.2033494676 3.09852373076 
16.0619941467 13.2229627336 2.9960568052 
15.9411522971 13.2536704505 3.05711961637 
15.8504238055 13.2748608554 3.27650801728 
15.7868251168 13.2757644618 3.41242266514 
15.6838259065 13.2550380195 3.43294762813 
15.5518656039 13.2264145578 3.43631819075 
15.3919187152 13.1911371912 3.42928877059 
15.2329155767 13.1561063493 3.2834769512 
15.0725499355 13.1487320627 2.97108045258 
14.9368570411 13.1833540166 2.6885123096 
14.815631386 13.2550216878 2.44335765177 
14.815631386 13.2550216878 2.44335765177 
14.6311540568 13.5732666219 1.82079941118 
14.6252226793 13.6062695945 1.80774342207 
14.5807008707 13.8618254627 1.78488213969 
14.5717301333 13.918667909 1.74395039669 
14.5717301333 13.918667909 1.74395039669 
14.5173593723 14.3912444676 1.42567467125 
14.5517530405 14.5386840666 1.19929806726 
14.6643440687 14.7450914348 0.835204654562 
14.7809879744 14.8501228953 0.556454190173 
14.9175971114 14.9128334487 0.36480954329 
15.0601604545 14.9532217945 0.366747375253 
15.213941034 14.9955190981 0.372980995129 
15.3705025279 15.0391180927 0.389438628948 
15.5478192532 15.0868088866 0.35513423914 
15.6953164005 15.1278028677 0.348496291537 
15.8254462519 15.1628534014 0.328167751993 
16.0108891615 15.2166337597 0.320909812035 
16.1665747726 15.2582179422 0.329861547542 
16.3033687436 15.2989383789 0.259963586586 
16.4315582478 15.3258696462 0.0942123188825 
16.5853274428 15.3257492746 0.0514577711893 
16.7340279781 15.3238590474 0.0738619924907 
16.9055625164 15.3206183205 0.0536830554324 
17.0886177981 15.3168261389 0.0644397954854 
17.2329214775 15.3133754695 0.0686282485995 
17.4028933012 15.3111001591 0.0362377916793 
17.5978984797 15.3073495964 0.0538427557899 
17.7791702711 15.3046535219 0.0449231592516 
17.9417152369 15.3019951324 0.0535935356438 
18.1240212881 15.2974681968 -0.129818805771 
18.2615935766 15.2686831134 -0.418881257988 
18.3962674105 15.1936049054 -0.733629275387 
18.5197968447 15.0565648491 -1.08571527534 
18.5729005301 14.920428809 -1.33782957298 
18.5964002573 14.7743700112 -1.37263073289 
18.6158745253 14.6231849159 -1.38974126316 
18.6340599024 14.4674530591 -1.37113903691 
18.6544761622 14.3047351802 -1.52780901718 
18.6478104555 14.1573469604 4.61914504992 
18.6196896994 13.9924665655 4.6248926963 
18.594276663 13.8416843379 4.53933091546 
18.5586655104 13.6802772249 4.29519402742 
18.493184086 13.5492389167 4.03623307209 
18.3982646429 13.4430568183 3.71762670796 
18.227931019 13.36158013 3.41302335928 
18.0764992201 13.33564901 3.30629881554 
17.9154345953 13.3227826322 3.30788926167 
17.7590638363 13.3092622722 3.30660071016 
17.6046997273 13.2967387403 3.31023400451 
17.4430153334 13.2822849716 3.30258344 
17.2808790171 13.2683874334 3.29881739262 
17.1608205998 13.2588713134 3.29758696353 
16.9803111517 13.2510406936 3.33529089002 
16.8276939356 13.239781257 3.30393698121 
16.6732694471 13.2251640523 3.32256461552 
16.4833243453 13.2115017141 3.28502394486 
16.3558556699 13.1964586938 3.28520605134 
16.1845988595 13.1837860311 3.29682448739 
16.032022711 13.1714140142 3.2829478913 
15.8937509899 13.1611291135 3.2965406228 
15.7193968856 13.1480184759 3.29680990047 
15.5653319323 13.1363891328 3.29438026499 
15.4058799708 13.1230128969 3.18845932474 
15.2453703844 13.1238065923 2.90249378418 
15.0815507137 13.1809037889 2.56647451364 
14.9834307396 13.255783316 2.31710633731 
14.9834307396 13.255783316 2.31710633731 
14.781237241 13.5950283969 1.81992200716 
14.7751017773 13.7144533361 1.56908691864 
14.7940243446 13.8398909534 1.39968902474 
14.832817074 13.9963805641 1.54209191729 
14.8469312155 14.1096267665 1.61023466444 
14.8543733322 14.2364407743 1.66190352496 
14.8594586813 14.3775525654 1.66439425212 
14.8674404585 14.5159048999 1.60291100284 
14.8791046106 14.7366664971 1.60362465393 
14.8840688431 14.8727177943 1.50384710371 
14.9221589529 15.080267709 1.13197148594 
14.9969102704 15.2024698409 0.838497803726 
15.1073573792 15.3114385719 0.532554162797 
15.2546110117 15.3812173272 0.237116283017 
15.4134945237 15.4070044125 0.124780835516 
15.5613275432 15.4167839701 0.137328737942 
15.7467693054 15.4282186295 0.137837158806 
15.8988917071 15.4393649811 0.171233847553 
16.068690654 15.4504284526 0.14584569694 
16.223265227 15.4600999917 0.151338068887 
16.3879435622 15.4691883291 0.156096665068 
16.5461515748 15.4797106946 0.138141184997 
16.6979324185 15.4897113706 0.123557216355 
16.8464512193 15.4988412524 0.154685667866 
16.9995417559 15.5089250768 0.152068330261 
17.1605267489 15.5192971791 0.148404233888 
17.314699527 15.5282785262 0.148099687671 
17.4649814331 15.5368020202 0.13445041206 
17.6648412907 15.5492778088 0.119722465194 
17.8466931545 15.5592586959 0.142176082436 
18.016475197 15.5683573152 0.133615424382 
18.1911117994 15.5771490599 0.13956535381 
18.3529362642 15.5872289206 0.129918850585 
18.51715469 15.594677862 0.129685906539 
18.7067043745 15.6036857332 0.128342555428 
18.853934046 15.6093426312 0.121837150565 
18.853934046 15.6093426312 0.121837150565 
19.2061483824 15.6577810908 0.582800847242 
19.3383877241 15.733442005 0.878136415808 
19.3383877241 15.733442005 0.878136415808 
19.3383877241 15.733442005 0.878136415808 
19.3383877241 15.733442005 0.878136415808 
19.3383877241 15.733442005 0.878136415808 
19.3383877241 15.733442005 0.878136415808 
19.3383877241 15.733442005 0.878136415808 
19.3383877241 15.733442005 0.878136415808 
18.9586682284 16.620338198 3.48928223079 
18.7749781572 16.5586137737 3.74988753881 
18.6378271544 16.4768748249 3.76541390122 
18.5011599028 16.3941830362 3.77073603912 
18.3642280066 16.3113367523 3.76530705967 
18.2086129152 16.2165167297 3.7635862455 
18.0707232916 16.1299412812 3.73289368491 
17.9474079573 16.0595471824 3.76212628173 
17.8107688391 15.9762795533 3.75489012977 
17.6864677631 15.9013886417 3.74935549245 
17.5336464607 15.8094249333 3.75416646945 
17.3917951548 15.7260822023 3.75829187071 
17.2548900807 15.6435541178 3.75773932736 
17.1259306633 15.5658308233 3.75360466883 
16.9928485119 15.4868249858 3.77026987823 
16.8541351521 15.4057602848 3.75705535781 
16.7244062388 15.3269964124 3.74891253749 
16.6020814144 15.253193686 3.66804349705 
16.4652507269 15.1853325854 3.47579964588 
16.2870646679 15.1387506465 3.4768607033 
16.135330137 15.1009976084 3.46437363205 
15.9524676242 15.0565554912 3.46791955659 
15.8162974903 15.0228095467 3.47890505903 
15.6478557551 14.9818541075 3.46077768322 
15.5034105146 14.9468042518 3.47249221494 
15.3060625159 14.8984842564 3.46926492507 
15.0919132197 14.8452841307 3.62332516775 
14.9513674938 14.788637575 3.87301234744 
14.8263218367 14.6859731043 4.20904205871 
14.7278304064 14.5217250551 4.58722452933 
14.6993777716 14.3860354985 -1.43384985642 
14.7280607187 14.1683918203 -1.23286781483 
14.7738869154 14.0223902429 -1.22518716837 
14.8239470684 13.854974624 -1.19970888068 
14.8464606964 13.7679972614 -1.26481361026 
14.8733870947 13.6845971311 -1.15273939216 
14.8733870947 13.6845971311 -1.15273939216 
14.991050061 13.4457830156 -0.630758014776 
15.310236808 13.2547252143 -0.29294435887 
15.4399042391 13.2041779722 -0.29934253064 
15.5898024106 13.1431761945 -0.186363447854 
15.7773320341 13.102589723 0.000464499617953 
15.9065881373 13.0916739667 -0.0102558993692 
16.0689073765 13.0768233503 0.0225072439206 
16.2709317171 13.0727032388 0.316887915205 
16.4330177867 13.1196147169 0.421968526036 
16.5490931832 13.1639867986 0.394447828636 
16.6996871197 13.2200430597 0.355862784182 
16.8680961096 13.2679632867 0.196746817288 
17.0075095856 13.2793326343 0.144884433169 
17.1770226919 13.2887818778 0.135909400359 
17.3361084425 13.2989358867 0.143953036306 
17.4896596634 13.3097903694 0.141232086759 
17.6297651493 13.318301555 0.13863791224 
17.8111879789 13.3298594917 0.139894826325 
17.9720387423 13.3407512868 0.137319176341 
18.1351273024 13.3498096431 0.199662583771 
18.2842228376 13.3682156766 0.42990597962 
18.4416449034 13.4349260295 0.748900820104 
18.5551319086 13.5366963113 1.08291977998 
18.6361069643 13.6738680566 1.41456331596 
18.666295048 13.7990006174 1.66058523586 
18.6625122988 13.9430075849 1.76454604748 
18.6527588331 14.0297080244 1.75996839932 
18.6334612333 14.187806722 1.75633057434 
18.6127498114 14.369644698 1.75296607671 
18.5946450197 14.5464248026 1.85453602304 
18.547195431 14.7290208901 2.21233957643 
18.4329807722 14.8924161459 2.37874387308 
18.3372859919 15.0003905261 2.38836551728 
18.2426135504 15.1083142574 2.47228896424 
18.0918960535 15.240731058 2.64664082885 
17.9569196665 15.3251690979 2.64363672643 
17.8119561636 15.4174040074 2.76545358804 
17.6652623379 15.486380961 3.0503111088 
17.4589045012 15.5028825069 3.38465074465 
17.3659884894 15.4879745806 3.37874676201 
17.2949767077 15.4796818907 3.36267449239 
17.2245919668 15.4687814082 3.35780926438 
17.1052061283 15.4512056077 3.36713571828 
16.9868380987 15.4342477883 3.35204266369 
16.7921773755 15.4059581126 3.3570974981 
16.6041609013 15.3775432969 3.34998812473 
16.437823888 15.3512945885 3.36857121826 
16.2416883671 15.3231685946 3.36002079933 
16.1037025863 15.3046916763 3.37428976097 
15.9237589874 15.2790236326 3.36908358331 
15.7830996775 15.257332586 3.58753736378 
15.6804281437 15.2235566818 3.96943829894 
15.6202048325 15.1855147819 4.35742304974 
15.5925648176 15.1687598268 4.70295375999 
15.5725518429 15.1711963306 -1.26966954818 
15.553349998 15.164455686 -0.972916921938 
15.5354685151 15.1519983301 -0.639497491677 
15.5214591586 15.135089312 -0.327316000391 
15.5164826476 15.1121759678 0.0339036749355 
15.5360861981 15.0994267131 0.235107843778 
15.5895934069 15.1067516918 0.286938630324 
15.6485063994 15.1205503682 0.285689856341 
15.7476993614 15.1419909636 0.278259765625 
15.8500402198 15.1655274148 0.285493750695 
15.9181285297 15.1812182183 0.236537025905 
15.9734930136 15.2017759385 -0.0122782494762 
15.9936367386 15.2171462479 -0.334480290143 
15.9911803567 15.2411200388 -0.636076229905 
15.9849985802 15.283120882 -0.945549941238 
15.9902726525 15.2868303398 -1.01854286049 
15.9877759555 15.2848927418 -1.00788301562 
15.9878543207 15.2848197299 -1.00934055932 
15.9877687507 15.2849269661 -1.00743929911 
15.9877397233 15.2849385182 -1.0075152163 
15.9878279307 15.2850224006 -1.00692750862 
15.9877671787 15.2851573194 -1.00711238543 
15.9876427763 15.2853436398 -1.00662697433 
15.9877555185 15.2852092686 -1.00942086914 
15.9876927921 15.2852769795 -1.00633706256 
15.9877669328 15.2851023453 -1.0073843293 
15.9876554051 15.2852935719 -1.00627502212 
15.9876700604 15.2852930317 -1.00602974827 
15.9876264149 15.2853326427 -1.00577352195 
15.9876421952 15.2853096428 -1.00594858428 
15.9877741301 15.2851241196 -1.00721182855 
15.9877793008 15.2851079221 -1.00729500336 
15.9877813944 15.2851494069 -1.00708084326 
15.9877842107 15.2851348745 -1.0070734365 
15.987729583 15.2851746122 -1.0069507786 
15.9876516202 15.2853249314 -1.00581202082 
15.9876295888 15.2853356639 -1.00578801093 
15.9879848623 15.28536227 -1.00129513891 
15.987764422 15.2851116809 -1.00712835199 
15.9876417034 15.2853118482 -1.00582326267 
15.9877949544 15.2851171794 -1.00722403374 
