15.9877949544 15.2851171794 -1.00722403374 
15.8400464655 15.170985874 0.386675954901 
15.8400423081 15.170997482 0.386752361159 
15.8398002685 15.1706408749 0.387844111654 
15.8418935762 15.1708200018 0.40784695295 
15.8400696294 15.1709809268 0.386827547613 
15.8400541657 15.1709967817 0.3865927542 
15.8400665411 15.1709623004 0.386874931576 
15.8400569336 15.1709735508 0.386959375143 
15.8400640228 15.1709738935 0.38678381945 
15.8398083673 15.1706256608 0.387661240841 
15.8398065158 15.1706253479 0.387599773736 
15.8400511184 15.1709473694 0.386703022711 
15.8400599548 15.1709733124 0.386789697231 
15.8400575967 15.1709499548 0.386982760029 
15.8400523403 15.1709450598 0.386722840551 
15.8398070746 15.1705964322 0.387606687022 
15.8400663176 15.1709768812 0.386758370999 
15.8400670589 15.1709659065 0.386826104656 
15.8400538639 15.1709524209 0.386668642273 
15.840056561 15.1709526295 0.386639494771 
15.8398108558 15.1706013049 0.387569027307 
15.8398215474 15.17061485 0.387530623384 
15.8398206272 15.1706232692 0.387755876974 
15.839818217 15.1706247444 0.387483235701 
15.8398216666 15.1705971474 0.387370818276 
15.8398247288 15.1706203783 0.387667178589 
15.8400808723 15.1709575991 0.386207347048 
15.8400648945 15.170929272 0.38642881877 
15.8398199343 15.1706514249 0.387251968463 
15.8400472515 15.1709514374 0.386619982297 
15.8399244064 15.1700620318 0.382588833551 
15.8399566488 15.1709846223 0.38571156354 
15.84032451 15.1722925271 0.374363662116 
15.8397500591 15.1705401654 0.393006881681 
15.8397675046 15.1705592761 0.392976087064 
15.8397799396 15.1705558489 0.393241009381 
15.8396161237 15.1700044165 0.381247790227 
15.8397080937 15.1706635172 0.387037246289 
15.839699898 15.1706333647 0.38686368716 
15.8399475702 15.1710163469 0.385639558289 
15.8399761916 15.1709816048 0.385811218313 
15.8396621273 15.1705072711 0.387245565426 
15.8396646009 15.1698346774 0.380154378047 
15.8399764748 15.1709718669 0.386127594839 
15.8395668195 15.1697263683 0.379533572368 
15.8399874271 15.1709653998 0.385989988194 
15.8399965988 15.1709732155 0.385701945697 
15.8414541298 15.171652932 0.379610488363 
15.8728669697 15.1797513033 0.377542058156 
15.9065473751 15.1945346745 0.295235506119 
15.9102844616 15.2104851755 0.0615205390277 
15.9338410833 15.2168812177 -0.0700895944312 
15.9844923728 15.2090228873 -0.0765773570614 
16.0542533362 15.1976328867 -0.0720685002297 
16.1758611464 15.1793391744 -0.0982528399382 
16.2934842968 15.1616245026 -0.0703050458803 
16.4602962696 15.1377098302 -0.084773843025 
16.6123903954 15.1128118897 -0.0709740805819 
16.7622355187 15.0901965911 -0.0767857755672 
16.9307596647 15.0641562159 -0.0772776118949 
17.0611028635 15.0444674159 -0.0744533409185 
17.2725297176 15.0117623324 -0.0782424067694 
17.4171043598 14.9911552484 -0.0809486826009 
17.5767736399 14.966559049 -0.0806604493013 
17.7346929276 14.9407812024 -0.0847519236299 
17.892629143 14.9163231517 -0.0770530374802 
18.0101618731 14.8969227935 -0.0611161999253 
18.2149634325 14.8664437498 -0.23527717173 
18.3488912546 14.8201479281 -0.527436081254 
18.5101814234 14.6946174468 -0.918425524008 
18.589177128 14.5622646774 -1.17684376765 
18.6280877554 14.4403571452 -1.20566231085 
18.6817243063 14.2659867967 -1.24380044624 
18.720439192 14.1158505643 -1.45769936106 
18.7215583288 13.9630688394 4.64831047229 
18.6979660952 13.7955474819 4.63270615721 
18.6968305075 13.7869856323 4.62705429442 
18.6217806303 13.511827823 4.13039392241 
18.6025338137 13.477897879 4.09625590721 
18.4860749209 13.2871360744 2.7474389188 
18.4860749209 13.2871360744 2.7474389188 
18.0688276255 13.2157288755 3.16646555484 
17.9480750525 13.2216190065 3.1680932659 
17.8286125624 13.2280918325 3.17138473542 
17.6423928702 13.2384835447 3.17101535596 
17.5229537451 13.2434395517 3.1647547412 
17.2877235376 13.2554633583 3.16462817289 
17.1556669438 13.2647662128 3.16594807676 
17.0376031363 13.2723946537 3.16905240319 
16.9188911879 13.2828433479 3.16580784224 
16.6870280468 13.2948949302 3.28319126151 
16.5510550701 13.2826136316 3.47001592575 
16.4085257017 13.2467025484 3.41181454678 
16.2818362081 13.2153633798 3.29046548414 
16.1867291295 13.2039338315 3.07363088465 
16.0240255409 13.2316638196 2.9902413995 
15.915717261 13.2599637474 3.09498420445 
15.8279796765 13.2779799665 3.34974681451 
15.761699062 13.2725087369 3.43467269002 
15.6444419437 13.2468365396 3.43816960911 
15.5043065512 13.2156542505 3.43404456422 
15.3547248804 13.181988355 3.41511323568 
15.2039293611 13.1519712175 3.23125534392 
15.0526446068 13.1520804132 2.92487987225 
14.9076482617 13.1963034833 2.62939751645 
14.815631386 13.2550216878 2.44335765177 
14.815631386 13.2550216878 2.44335765177 
14.6343785488 13.5570380653 1.82419316302 
14.6252226793 13.6062695945 1.80774342207 
14.5807008707 13.8618254627 1.78488213969 
14.5717301333 13.918667909 1.74395039669 
14.5717301333 13.918667909 1.74395039669 
14.5181245768 14.3982522453 1.41741393838 
14.5494421684 14.5196846093 1.3075481169 
14.6103934013 14.6599948967 1.01764397114 
14.6992776358 14.784169432 0.723639070524 
14.8388918602 14.8820008005 0.401601538496 
14.979018923 14.9318285252 0.339976387237 
15.1372452342 14.9756671751 0.352493085249 
15.2831182444 15.0179119373 0.292164823652 
15.442050364 15.0574147815 0.347069230357 
15.5969581568 15.0998278523 0.353658317424 
15.7449769491 15.1414451341 0.349109411566 
15.8831310963 15.1805009584 0.352528968322 
16.0490821266 15.2263909702 0.304832694782 
16.2163839006 15.2716347652 0.318679632846 
16.355894413 15.3137212659 0.178551074042 
16.4798138105 15.3272654007 0.0665236219341 
16.6742303931 15.3244838084 0.0498130415401 
16.825432893 15.3220021466 0.0513547629849 
16.9787465298 15.3193349729 0.0517072499883 
17.1190741026 15.3171738426 0.0616771193451 
17.304757353 15.3122416476 0.0594525271281 
17.4235839808 15.3106960917 0.0397255145763 
17.6064530575 15.3075025121 0.061487170939 
17.7705370152 15.3048643435 0.045707570932 
17.9417152369 15.3019951324 0.0535935356438 
18.0823569262 15.3007040287 -0.0687605685379 
18.2534086668 15.2715977954 -0.401322714779 
18.3857560122 15.2014118696 -0.705377552078 
18.5007979834 15.0845354314 -1.01150155681 
18.5699017012 14.9381315375 -1.30167535234 
18.5964002573 14.7743700112 -1.37263073289 
18.61556625 14.6366208161 -1.35714380466 
18.6332929098 14.4764004911 -1.37538391986 
18.6505668127 14.3430184687 -1.47418021063 
18.6493804419 14.1694911684 4.62817200583 
18.6247305834 14.0217747653 4.62564997017 
18.5994291269 13.871107098 4.61452591564 
18.5708482229 13.7148127521 4.37776773757 
18.5123543703 13.5781414474 4.1088134604 
18.493184086 13.5492389167 4.03623307209 
18.2637271845 13.3716223205 3.45459328158 
18.1169300043 13.341417786 3.32217541829 
17.9660041296 13.3263016904 3.30073648431 
17.8254353964 13.3148422206 3.30472715411 
17.6457978451 13.3002114261 3.30963205349 
17.4858195746 13.2857540811 3.30234318215 
17.3314317429 13.2720047201 3.29472534954 
17.1399189198 13.257048365 3.29738060939 
16.9880225622 13.2502211297 3.28748107226 
16.8352031076 13.2369631494 3.30406654849 
16.6566281879 13.2237731184 3.26313516921 
16.5254901611 13.2161110605 3.30860420357 
16.3682850265 13.1998995508 3.31578920751 
16.2057522201 13.1857260431 3.29775648269 
16.0404280388 13.1731337274 3.27233529202 
15.8937509899 13.1611291135 3.2965406228 
15.749488216 13.1500030721 3.29692436548 
15.5868489408 13.1382659639 3.29570855522 
15.4442391657 13.1262448991 3.23782218911 
15.2832385265 13.1204527582 2.99247538799 
15.148751136 13.150245067 2.72654877189 
15.0150373542 13.2254461015 2.42204295313 
14.9834307396 13.255783316 2.31710633731 
14.9834307396 13.255783316 2.31710633731 
14.7808678114 13.6146799291 1.68014605092 
14.7855089867 13.7831542457 1.44596024468 
14.7940243446 13.8398909534 1.39968902474 
14.8450529539 14.0602718557 1.6290394636 
14.8498806917 14.1754652227 1.65567994496 
14.861338731 14.3873223628 1.6736201984 
14.8716990912 14.5677901472 1.63333273029 
14.8779379093 14.709218439 1.6047057373 
14.880975362 14.8619923557 1.52602729509 
14.8856393063 14.9128641451 1.51587449956 
14.977024492 15.1793943013 0.923820127988 
15.0780739152 15.2909219081 0.612405794996 
15.2325952613 15.3749519999 0.284983506504 
15.4049523437 15.4060821945 0.114281080517 
15.5398876631 15.4150446768 0.140797475834 
15.6957658046 15.4247316087 0.143845960379 
15.8653152493 15.4369031454 0.169932233991 
16.0306710267 15.4481740708 0.146295220528 
16.181489166 15.4573538716 0.125192094297 
16.3357281649 15.4664084578 0.134562040094 
16.4981558883 15.4770558293 0.154657308279 
16.6469631755 15.4862186874 0.130567824935 
16.7988432014 15.4964936341 0.127775532329 
16.9476703369 15.5059219266 0.122047789075 
17.1081417763 15.5162253941 0.139516300218 
17.270732876 15.5257573987 0.160779079069 
17.418238517 15.5336491133 0.13223308621 
17.6059405768 15.5449849928 0.133529763274 
17.786110636 15.5560092295 0.143845496549 
17.9493143522 15.5648476149 0.137832670738 
18.097753998 15.5727249647 0.134631208432 
18.2496976816 15.5808609391 0.136655595006 
18.403385874 15.5897968377 0.130724758428 
18.5949768984 15.5987991358 0.121535475219 
18.7489793264 15.606596228 0.136828942306 
18.853934046 15.6093426312 0.121837150565 
18.853934046 15.6093426312 0.121837150565 
19.2177555525 15.6639925505 0.592460677035 
19.3383877241 15.733442005 0.878136415808 
19.3383877241 15.733442005 0.878136415808 
19.3383877241 15.733442005 0.878136415808 
19.3383877241 15.733442005 0.878136415808 
19.3383877241 15.733442005 0.878136415808 
19.3383877241 15.733442005 0.878136415808 
19.3383877241 15.733442005 0.878136415808 
19.3383877241 15.733442005 0.878136415808 
18.9713947737 16.6220092739 3.45969472387 
18.7942264044 16.5696908201 3.73591180171 
18.6378271544 16.4768748249 3.76541390122 
18.5011599028 16.3941830362 3.77073603912 
18.3716690504 16.3156396116 3.76432589131 
18.2195324862 16.2233669127 3.76341125738 
18.088221308 16.1418979729 3.74491266608 
17.9547193014 16.0638682211 3.76184229513 
17.8107688391 15.9762795533 3.75489012977 
17.6837986672 15.8988190258 3.75048759239 
17.5227538311 15.8030560578 3.74670841744 
17.3917951548 15.7260822023 3.75829187071 
17.2548900807 15.6435541178 3.75773932736 
17.1177343094 15.5614756609 3.76139242416 
16.9745860064 15.4760680611 3.76665899104 
16.8541351521 15.4057602848 3.75705535781 
16.7059850657 15.3160739804 3.74993431507 
16.5771611893 15.2374709634 3.61673490593 
16.4267559611 15.1741911362 3.45966292285 
16.2791306638 15.1366070847 3.47752076636 
16.1229240262 15.0987290407 3.46481240175 
15.9739912638 15.0612439478 3.45500409149 
15.8077977562 15.0204896892 3.47494015077 
15.6286695563 14.9769782985 3.47016272285 
15.4783825242 14.9415543641 3.45661864627 
15.2692049706 14.8896320725 3.4733796476 
15.1112918222 14.8508309091 3.57717163532 
14.9868511521 14.8073000277 3.81342440141 
14.8263218367 14.6859731043 4.20904205871 
14.7477703058 14.5693229998 4.48632610997 
14.6983842814 14.3949139083 -1.48393537353 
14.7117379868 14.2342363561 -1.2250676913 
14.7463220322 14.1071623529 -1.21892747018 
14.8239470684 13.854974624 -1.19970888068 
14.8694260084 13.691073891 -1.18943506167 
14.8733870947 13.6845971311 -1.15273939216 
14.991050061 13.4457830156 -0.630758014776 
14.991050061 13.4457830156 -0.630758014776 
15.356668111 13.2372094358 -0.300277133969 
15.4801070654 13.1881061758 -0.291328737617 
15.6370495522 13.1267098154 -0.103255804027 
15.806371499 13.1008561815 -0.00621724643884 
15.9581503683 13.0883709157 -0.0109337288515 
16.1312312448 13.0711356367 0.0884205101491 
16.2709317171 13.0727032388 0.316887915205 
16.4076628649 13.10911214 0.418540140775 
16.5698897206 13.1705085004 0.406550275029 
16.6996871197 13.2200430597 0.355862784182 
16.8545760476 13.2669873203 0.214698631093 
17.0075095856 13.2793326343 0.144884433169 
17.1687965357 13.2883106435 0.134954126118 
17.3278008663 13.2982883419 0.142226377777 
17.4722572529 13.3086837495 0.140366429753 
17.6502076351 13.3196043933 0.138187726962 
17.8111879789 13.3298594917 0.139894826325 
17.9634668791 13.3401377166 0.138427730462 
18.1265282595 13.3495537008 0.190704369427 
18.2717096769 13.3654109205 0.406499696581 
18.4165725672 13.4205270971 0.747164906884 
18.5104110205 13.4931530918 0.981073723929 
18.6110272371 13.6193160976 1.29477863702 
18.6638689005 13.7791300977 1.62707047268 
18.6667480433 13.8954553569 1.7537472381 
18.6550235712 13.9987171854 1.74626251165 
18.6441574061 14.1011630262 1.75694865655 
18.62865543 14.2279500926 1.7565904943 
18.6053497755 14.4424937333 1.7795419483 
18.5873396361 14.5966221655 1.93344544381 
18.5292189085 14.7628524269 2.27232597076 
18.4249489271 14.9024718071 2.3870351812 
18.3126010859 15.0295643921 2.39365359987 
18.2144718134 15.1386872421 2.50312360942 
18.0853412115 15.2455030105 2.65604954099 
17.9569196665 15.3251690979 2.64363672643 
17.8119561636 15.4174040074 2.76545358804 
17.6438831055 15.4931415583 3.10039922618 
17.5003060066 15.5066260363 3.34049972323 
17.4030288422 15.4948363865 3.38362421776 
17.314430114 15.4812907393 3.35298279393 
17.2619909012 15.4734560812 3.34119330259 
17.1640685761 15.4600979502 3.35468620873 
17.0587921106 15.4444068337 3.36841701885 
16.9595620596 15.4302240873 3.355063366 
16.7423014605 15.3986932749 3.36676719685 
16.5237826073 15.3671236301 3.37141381735 
16.3362143898 15.337240618 3.35871927065 
16.1826440358 15.3152545954 3.3486928234 
16.0012496227 15.2895306686 3.33287368925 
15.8587578033 15.2722923348 3.46068276701 
15.7351723724 15.246049437 3.75739178831 
15.651784029 15.208962031 4.13820243089 
15.6091429555 15.1779342482 4.49245253745 
15.5838495755 15.1720138604 -1.44868683348 
15.5641925895 15.1683751608 -1.12778968281 
15.5429815316 15.159451429 -0.793880430395 
15.5267656111 15.1425418372 -0.464343691646 
15.5181637668 15.12415218 -0.153442868662 
15.5185562932 15.1053646172 0.144904159697 
15.5450180435 15.0994183535 0.276763095465 
15.5949476325 15.1077950115 0.288984950535 
15.686277371 15.1284330154 0.286818692841 
15.8313378209 15.1606230328 0.287486862456 
15.9081075193 15.1785573962 0.260578443801 
15.9561357462 15.1955578516 0.0981416086122 
15.9898997509 15.2144402957 -0.264813936797 
15.9922399634 15.2359831445 -0.572439778096 
15.9850560614 15.2733841392 -0.86716297517 
15.9880896547 15.2878529842 -0.993880119405 
15.9884775096 15.2865114028 -1.01470312767 
15.9877383822 15.2849206629 -1.00721122821 
15.9882105329 15.2856173294 -1.01135202878 
15.9881752619 15.2856167185 -1.00985380934 
15.9877428302 15.2849815602 -1.00707208503 
15.9876858779 15.2851486432 -1.00635996965 
15.9877041393 15.285282355 -1.00664116664 
15.9877709636 15.2851086485 -1.0074638042 
15.9876686075 15.2852908264 -1.00616381549 
15.9876184502 15.2853426489 -1.0057830735 
15.9877559656 15.2851413118 -1.0071274653 
15.987660233 15.2852669212 -1.00615694875 
15.9877962508 15.2851067188 -1.0073524108 
15.9876549655 15.285332043 -1.00585660437 
15.9876671174 15.2853118035 -1.00611672982 
15.9876242765 15.2853455509 -1.00590586148 
15.9877819234 15.2851424518 -1.00717224214 
15.9877475687 15.2851640771 -1.00705231002 
15.9876998403 15.2852417308 -1.00624383722 
15.9876725414 15.2852833385 -1.00606196424 
15.987675097 15.2853110361 -1.00591298692 
15.9876876363 15.2855411174 -1.00673648388 
15.988505941 15.2859682443 -1.0063503507 
15.9880894684 15.2851727384 -1.00437787555 
15.9878088647 15.2850753742 -1.00749499793 
15.9877949544 15.2851171794 -1.00722403374 
