15.8398104982 15.1706454421 0.387849334387 
15.8415090406 15.1706387813 0.404691314839 
15.840063803 15.17097253 0.386886018222 
15.8400619962 15.1709769855 0.386900836417 
15.8398059757 15.1706441383 0.387755175279 
15.8398194649 15.1706179718 0.387614371809 
15.8414625787 15.1706159006 0.404582997059 
15.8400452622 15.1709459836 0.386688875231 
15.8398000897 15.1706140379 0.387720677332 
15.8400713318 15.1709655563 0.386882257164 
15.8400526942 15.1709598343 0.386824264735 
15.8398034089 15.1705999563 0.387384905492 
15.8398000785 15.1706161613 0.387695820707 
15.8397979439 15.1706173609 0.387744974347 
15.8398054765 15.1706106255 0.387709304973 
15.8400718869 15.170955878 0.386555368993 
15.8398106584 15.1706086139 0.387734315431 
15.8398073466 15.1705917085 0.387571242398 
15.8400517405 15.1709384585 0.386672618933 
15.8398121336 15.1706250424 0.387681320575 
15.8400653937 15.1709704588 0.386791844587 
15.8400685528 15.1709594096 0.386727429166 
15.8400833124 15.1709401498 0.38645459042 
15.8398108372 15.1706106926 0.387540858292 
15.8400929832 15.1709620173 0.386275072358 
15.8399776966 15.1707168336 0.387396295277 
15.8398204782 15.1706168617 0.387341624486 
15.8395484501 15.1706277544 0.386411498574 
15.8399333694 15.1709588508 0.385873705485 
15.8390160018 15.1702467317 0.404527612913 
15.8397443109 15.1705495159 0.393108917377 
15.8397764118 15.1705580617 0.393023726171 
15.839780301 15.170575347 0.393223111711 
15.8399490417 15.1709663833 0.385978374853 
15.8397190721 15.1706391017 0.3868815911 
15.8397014738 15.1706382299 0.387044493703 
15.8396245429 15.1698064546 0.380204327241 
15.8399671243 15.1709616894 0.386110169377 
15.8399657571 15.1709640289 0.386029457534 
15.8386046143 15.1697172339 0.374922942483 
15.8397530132 15.1706321056 0.386607001766 
15.8401443214 15.1709278787 0.383128043045 
15.8713987247 15.1794147941 0.396055961687 
15.9050329431 15.1932809095 0.309227705163 
15.9114122224 15.2086852586 0.0657293327695 
15.9395379239 15.2170976794 -0.0791046665015 
15.9844923728 15.2090228873 -0.0765773570614 
16.0618007445 15.1966757367 -0.0744754099894 
16.1263921821 15.1877448375 -0.0840099241399 
16.3015305662 15.1605911891 -0.0719431633109 
16.472361263 15.1353784094 -0.0750824598638 
16.6846543514 15.1026671345 -0.0612252303749 
16.8719359004 15.0732802267 -0.0769411514114 
17.1035354101 15.0378015603 -0.0732815137674 
17.2725297176 15.0117623324 -0.0782424067694 
17.5432639086 14.9715464378 -0.0793116677707 
17.7228028738 14.943187889 -0.0775550014443 
17.9330670797 14.9108883704 -0.0872935462143 
18.1044256651 14.8842994834 -0.0891175097916 
18.2520165407 14.8575141097 -0.325613686735 
18.3939132654 14.7956644858 -0.611083777607 
18.5101814234 14.6946174468 -0.918425524008 
18.5920879805 14.55431157 -1.18666561858 
18.6411406958 14.3941077555 -1.21226151526 
18.6817243063 14.2659867967 -1.24380044624 
18.7259371245 14.0653768743 -1.53798942596 
18.7165307963 13.9275023902 4.64299583038 
18.6968305075 13.7869856323 4.62705429442 
18.6968305075 13.7869856323 4.62705429442 
18.6025338137 13.477897879 4.09625590721 
18.6025338137 13.477897879 4.09625590721 
18.4860749209 13.2871360744 2.7474389188 
18.4860749209 13.2871360744 2.7474389188 
18.0688276255 13.2157288755 3.16646555484 
17.8423528635 13.2274883951 3.16630333524 
17.7257902586 13.2348014081 3.17469562795 
17.6423928702 13.2384835447 3.17101535596 
17.424855467 13.2482396329 3.16479601577 
17.2748329603 13.2561769451 3.16353584226 
17.0376031363 13.2723946537 3.16905240319 
17.0376031363 13.2723946537 3.16905240319 
16.9188911879 13.2828433479 3.16580784224 
16.6321076715 13.2948199476 3.41616960909 
16.4892688357 13.2692414487 3.4459185441 
16.304644283 13.2200003828 3.32809798484 
16.2107195818 13.2034379209 3.10998591484 
16.1007592046 13.2149442399 3.00416929452 
15.9353636877 13.2551007236 3.06522534368 
15.8769359478 13.2697560752 3.19381468929 
15.8047157862 13.2773523296 3.39190275056 
15.7041085624 13.2599774564 3.43621917604 
15.5402679705 13.2237325872 3.43559455509 
15.4043835961 13.1938286985 3.431629358 
15.3039182984 13.1699444021 3.36216279028 
15.1358209216 13.1466621126 3.09335083248 
14.9368570411 13.1833540166 2.6885123096 
14.8366984093 13.238093015 2.45704980487 
14.815631386 13.2550216878 2.44335765177 
14.6280285084 13.5886197055 1.82324733392 
14.6252226793 13.6062695945 1.80774342207 
14.5717301333 13.918667909 1.74395039669 
14.5717301333 13.918667909 1.74395039669 
14.5153638088 14.2749412025 1.62646783284 
14.5207867586 14.4350638355 1.3643527138 
14.5723574125 14.5819051231 1.16603570319 
14.620793935 14.6779034699 0.977256655192 
14.7633808815 14.8386546041 0.616961982729 
14.8775125706 14.8969453836 0.308917623122 
15.0312080943 14.9447542096 0.362339431829 
15.1660356485 14.9841423298 0.342176144267 
15.3048983776 15.0235216881 0.337222473743 
15.5274059736 15.0812205935 0.357856836651 
15.6953164005 15.1278028677 0.348496291537 
15.8031778597 15.1587628911 0.363071818319 
15.9520196171 15.2000295336 0.334914433512 
16.1374453121 15.2503683244 0.332417626303 
16.2861278319 15.2932400259 0.285289815838 
16.3960140311 15.3220253924 0.139240568847 
16.5195875728 15.3266110683 0.0425426843461 
16.7077830398 15.3255215252 0.0463223662148 
16.8843759262 15.3209541405 0.0496937848065 
17.0460230076 15.3179737742 0.0668063198773 
17.2466365063 15.313432161 0.0458883540384 
17.4235839808 15.3106960917 0.0397255145763 
17.5543673002 15.3082228119 0.0398588147946 
17.6869226658 15.3058109249 0.0654352270917 
17.8774553501 15.3035877536 0.0564558331096 
18.0613880121 15.3016458193 -0.0375989411924 
18.2116932833 15.2838566417 -0.313819962237 
18.3608860933 15.2184630542 -0.648067687302 
18.4773671591 15.1152874122 -0.944637293809 
18.5506348574 14.9958953823 -1.2128816874 
18.5787377321 14.8899899686 -1.35892961141 
18.6108014547 14.6644425357 -1.37971654916 
18.6248059237 14.5305020774 -1.36527915237 
18.6455726587 14.3860128487 -1.42851002308 
18.6556765997 14.2305834259 4.66386516019 
18.6341228449 14.0809617008 4.6309831245 
18.6125709974 13.9523184265 4.6076424522 
18.5768885576 13.7344759668 4.40220493664 
18.540574547 13.6301109756 4.20136042586 
18.493184086 13.5492389167 4.03623307209 
18.2637271845 13.3716223205 3.45459328158 
18.1169300043 13.341417786 3.32217541829 
17.9447157347 13.3248228992 3.30105801531 
17.8046139443 13.3128282989 3.30195083978 
17.6457978451 13.3002114261 3.30963205349 
17.5240761006 13.2892034019 3.30313817491 
17.3230295145 13.2714010442 3.29490670556 
17.1908236706 13.2611936296 3.29694021105 
17.0109248125 13.2535555328 3.29159767459 
16.9077197277 13.2457004751 3.28810847681 
16.7462297642 13.2300223077 3.26890885611 
16.5639372432 13.2180241312 3.28613074055 
16.3682850265 13.1998995508 3.31578920751 
16.2439508402 13.1885186399 3.29803509965 
16.1047014558 13.1769217218 3.29242336328 
15.9106061758 13.1624554361 3.29609224444 
15.7918765732 13.1531060899 3.29558391874 
15.650627684 13.1428581441 3.29527905934 
15.5045790934 13.1316674913 3.25809192287 
15.3422607743 13.1196120943 3.09325474845 
15.157068547 13.1471246446 2.74749922101 
15.0150373542 13.2254461015 2.42204295313 
14.9834307396 13.255783316 2.31710633731 
14.9834307396 13.255783316 2.31710633731 
14.781237241 13.5950283969 1.81992200716 
14.7802566254 13.7514153684 1.45680524561 
14.7940243446 13.8398909534 1.39968902474 
14.837849375 14.0105419124 1.58317505007 
14.8480532133 14.1546322072 1.63377507925 
14.8574559652 14.341513213 1.64757146664 
14.8652617895 14.4811924065 1.59215346279 
14.8734657728 14.6702746714 1.6057723308 
14.8820455038 14.8666670288 1.53145345664 
14.9171791041 15.0705008621 1.15416931623 
14.9814024531 15.1847642476 0.917017112995 
15.0901017153 15.2999337206 0.578030891569 
15.2160662377 15.3688611949 0.314997846714 
15.3762676084 15.4037996496 0.123208934327 
15.5529823565 15.4155233915 0.143543486074 
15.6957658046 15.4247316087 0.143845960379 
15.8180919924 15.4337190355 0.155872029633 
15.9976139778 15.4453090692 0.160395817098 
16.1724604332 15.4563708271 0.129580681035 
16.3049985432 15.4645259196 0.148367989728 
16.4772034251 15.475244459 0.153941944301 
16.567274388 15.481044289 0.13893865074 
16.7871932947 15.4960371817 0.136182316936 
16.9322425091 15.5046799148 0.150643636793 
17.0790978634 15.5140754844 0.155339342259 
17.2347069943 15.5227763916 0.136245327617 
17.418238517 15.5336491133 0.13223308621 
17.6371051037 15.5470020438 0.13414198855 
17.7357113325 15.5528744424 0.150354365701 
17.9066188299 15.562326696 0.142275249424 
18.1491270029 15.5753111208 0.134595580661 
18.3316392862 15.5858393575 0.131903347895 
18.4915194475 15.5931617881 0.137945641891 
18.7067043745 15.6036857332 0.128342555428 
18.8512053454 15.6104584599 0.131593373441 
18.853934046 15.6093426312 0.121837150565 
19.0967457258 15.6283334757 0.359878418358 
19.3383877241 15.733442005 0.878136415808 
19.3383877241 15.733442005 0.878136415808 
19.3383877241 15.733442005 0.878136415808 
19.3383877241 15.733442005 0.878136415808 
19.3383877241 15.733442005 0.878136415808 
19.3383877241 15.733442005 0.878136415808 
19.3383877241 15.733442005 0.878136415808 
19.3383877241 15.733442005 0.878136415808 
18.9713947737 16.6220092739 3.45969472387 
18.834137913 16.5872241224 3.69144896366 
18.6823482477 16.5042469467 3.76361277451 
18.5692717993 16.4346759284 3.76530154035 
18.4688563311 16.3743399347 3.76825769684 
18.3398010695 16.2956006492 3.76031528255 
18.1468014681 16.1780474747 3.76016770226 
18.0264186823 16.1041460598 3.74488652945 
17.8688226902 16.0115303958 3.75267645232 
17.7415745222 15.9339733685 3.76512121965 
17.6180443728 15.860110339 3.75383496321 
17.4293475115 15.746546861 3.76162110457 
17.2733287775 15.654013362 3.75460419292 
17.1584075653 15.5853415097 3.75396165619 
17.0257054531 15.5063599313 3.76678164984 
16.8804860079 15.4200058992 3.7524485391 
16.7426198089 15.3378847281 3.75125825236 
16.6020814144 15.253193686 3.66804349705 
16.4652507269 15.1853325854 3.47579964588 
16.3161043489 15.1468538458 3.46516575897 
16.2090870702 15.1189015026 3.4567499795 
15.9865726345 15.064780813 3.46795100687 
15.787048977 15.0156591947 3.47498216448 
15.6766378098 14.9888069744 3.46125496545 
15.4591543042 14.9363494779 3.46986831869 
15.3470484578 14.9086755777 3.47849144268 
15.1460528338 14.8592852021 3.54528894951 
14.961789366 14.7943597103 3.85654428572 
14.8016266787 14.6569575633 4.2771893281 
14.7291533911 14.5300028885 4.53723635929 
14.6982277596 14.3571394647 -1.39056864281 
14.7626012528 14.0600571598 -1.22161061754 
14.8159817421 13.8843992914 -1.20695065204 
14.8464606964 13.7679972614 -1.26481361026 
14.8733870947 13.6845971311 -1.15273939216 
14.8733870947 13.6845971311 -1.15273939216 
14.991050061 13.4457830156 -0.630758014776 
15.3181796038 13.2517476047 -0.29451803845 
15.4600260818 13.1961492265 -0.297278722664 
15.5549927914 13.1568800176 -0.233992427907 
15.7397438103 13.106577989 -0.013065788807 
15.9189975784 13.0906680788 -0.00535576641017 
16.1104760283 13.0727885927 0.0619727925764 
16.2915418112 13.076319095 0.350746659324 
16.3864153885 13.102834102 0.447040208913 
16.5769930446 13.1736222471 0.394190250552 
16.7269788944 13.2299536432 0.336331746178 
16.8777025306 13.2707931961 0.199769194146 
17.0075095856 13.2793326343 0.144884433169 
17.1485233271 13.287056681 0.134399928614 
17.2985041105 13.2965599264 0.141194022592 
17.4982899391 13.3102407421 0.141333715156 
17.6297651493 13.318301555 0.13863791224 
17.8026136124 13.3293824161 0.141509323693 
17.9038667643 13.3360979522 0.139517027739 
18.0619244539 13.346075889 0.153905308758 
18.2267785036 13.3572274412 0.329376120382 
18.427123543 13.4248689378 0.705527698187 
18.5839154684 13.5763784612 1.17770560656 
18.6519317591 13.7215567792 1.51805119753 
18.6677534544 13.8636254037 1.72683414549 
18.6563026869 13.9862265552 1.74685408385 
18.6431059801 14.1110781396 1.7575297437 
18.6217558348 14.2885990108 1.75524595332 
18.604521271 14.451318797 1.78668335622 
18.5744037592 14.653669473 2.05002450951 
18.4942378962 14.81524786 2.34040808034 
18.4101109469 14.919091847 2.38435856972 
18.3040189707 15.0396421368 2.39881590312 
18.2144718134 15.1386872421 2.50312360942 
18.0347378218 15.2761719714 2.6611355516 
17.917106148 15.350437891 2.67516788944 
17.8194179499 15.4129872734 2.75862077585 
17.594687339 15.5029254521 3.20347299969 
17.4675408566 15.5039721991 3.37950355421 
17.3773223126 15.4900084997 3.3724185233 
17.2980850899 15.4788555766 3.35095724595 
17.1856566631 15.4625610078 3.34874762856 
17.0587921106 15.4444068337 3.36841701885 
16.9009450638 15.4219959492 3.35786516911 
16.7423014605 15.3986932749 3.36676719685 
16.5838866794 15.3747854496 3.35245539255 
16.3668390476 15.3409809957 3.36876513991 
16.2211796009 15.3202828358 3.36381588623 
16.0734397137 15.2995251122 3.33955544922 
15.8345889078 15.2683621293 3.4986798833 
15.7298625075 15.2442678141 3.77633494824 
15.651784029 15.208962031 4.13820243089 
15.6142179036 15.1799014586 4.4405495698 
15.5838495755 15.1720138604 -1.44868683348 
15.5683268869 15.1699977184 -1.19081922285 
15.5447391235 15.1604548583 -0.829007835797 
15.5291047656 15.1461001227 -0.51949674233 
15.5201461875 15.1308409909 -0.250592663177 
15.5224692785 15.1028909499 0.181077455536 
15.5641484224 15.1014046187 0.293161939902 
15.64457066 15.1194276477 0.286284396937 
15.7401633525 15.1399743224 0.27544962418 
15.8111298272 15.1567239578 0.27468259151 
15.8945788779 15.1730728487 0.253810062047 
15.9765972384 15.2037476527 -0.0495194553235 
15.9936367386 15.2171462479 -0.334480290143 
15.9911803567 15.2411200388 -0.636076229905 
15.9850038924 15.2794724668 -0.911884057627 
15.9903027677 15.2868688109 -1.02015447535 
15.9884775096 15.2865114028 -1.01470312767 
15.9878434503 15.2848402413 -1.00897104515 
15.9878031575 15.2848516817 -1.00900724685 
15.9877621793 15.2848981063 -1.00728176443 
15.9877428302 15.2849815602 -1.00707208503 
15.9877482915 15.2852422523 -1.00701310678 
15.9877783769 15.2851212511 -1.00746868728 
15.9877416753 15.2852234172 -1.00920018276 
15.9876580277 15.2853291819 -1.00598700204 
15.9879099169 15.2853108237 -1.00798985551 
15.9877669328 15.2851023453 -1.0073843293 
15.987755675 15.2851705405 -1.00702685768 
15.9876700604 15.2852930317 -1.00602974827 
15.9877857604 15.2851022671 -1.00753546576 
15.9876421952 15.2853096428 -1.00594858428 
15.9877900371 15.2851141992 -1.00732942047 
15.9877793008 15.2851079221 -1.00729500336 
15.9877813944 15.2851494069 -1.00708084326 
15.9876752534 15.2853098961 -1.0064073327 
15.9877537006 15.2850914972 -1.00695562787 
15.9876516202 15.2853249314 -1.00581202082 
15.9876471573 15.2852742674 -1.00606247546 
15.9879848623 15.28536227 -1.00129513891 
15.9880338499 15.285179809 -1.00290138567 
15.9879016617 15.2852954308 -1.00799438251 
15.9877949544 15.2851171794 -1.00722403374 
