15.8398076856 15.170663398 0.387798198164 
15.8400384897 15.1710063184 0.386812684674 
15.8397949339 15.1706212054 0.387704892972 
15.8398085536 15.1706247295 0.387713659422 
15.8397968189 15.1706411282 0.387799599202 
15.8398201616 15.1706267337 0.387559050842 
15.8404909336 15.170976911 0.390988974125 
15.8397965768 15.1706185455 0.387914419116 
15.8400394955 15.1709600131 0.386932405769 
15.840058785 15.1709601025 0.386741626096 
15.840066325 15.1709296967 0.386587280571 
15.8397952021 15.1706032718 0.387576097495 
15.8400512264 15.1709557737 0.386860200893 
15.8400674687 15.1709582845 0.386655373685 
15.8400503994 15.1709401126 0.386648430825 
15.839801211 15.1706139261 0.387764820068 
15.8398079426 15.1706118549 0.387672003054 
15.8400657886 15.1709343905 0.38659986393 
15.8397966624 15.170604978 0.387572191027 
15.8400689663 15.1709399785 0.386706797611 
15.8398167045 15.1706109087 0.387690286527 
15.8400761933 15.1709794963 0.386634490056 
15.8414882646 15.1705983768 0.403915259821 
15.8398196289 15.1706613044 0.387116863098 
15.8397549019 15.1705489645 0.387610819193 
15.8397962787 15.1706152449 0.387532060637 
15.8398763501 15.1699888448 0.381729944818 
15.8399537244 15.1709480176 0.385951179893 
15.8397762553 15.1707934032 0.386630735677 
15.8401428425 15.1709146912 0.392118743215 
15.8397621923 15.1705557893 0.392972820861 
15.8397875206 15.170566086 0.393355915546 
15.8395961226 15.1698653216 0.37947648924 
15.8399252632 15.1708028803 0.384444365521 
15.839699898 15.1706333647 0.38686368716 
15.839716334 15.1706447268 0.386934672132 
15.8399804012 15.1709596107 0.385750098293 
15.8397012056 15.1707520078 0.385812649227 
15.8399017641 15.1700703467 0.382219784233 
15.8399371245 15.1701944138 0.383523556412 
15.8396700137 15.1705017502 0.387416527828 
15.8400035315 15.1709525252 0.38567389819 
15.8399901428 15.1709840263 0.385853653275 
15.8492105977 15.1735401566 0.382038965862 
15.8990322315 15.1883178803 0.354047342216 
15.9119772409 15.2049953828 0.124038354389 
15.9176868555 15.2155582851 -0.0214247531047 
15.9723945373 15.2105883698 -0.0767343666962 
16.1143437439 15.1888391862 -0.082497063623 
16.2218984031 15.1726381371 -0.0798424764884 
16.3219315076 15.1579470898 -0.0742153331245 
16.5450197422 15.1246994997 -0.0840327541708 
16.7426224911 15.093645137 -0.0868828126115 
16.8803163731 15.0720255787 -0.0767454654924 
17.0738092625 15.0424880947 -0.0736737057721 
17.2135658228 15.0213579799 -0.0749599837174 
17.3753330671 14.9974564279 -0.0817741932785 
17.512442466 14.9753926064 -0.0890724190089 
17.6718039476 14.9512173797 -0.0782172922279 
17.8527419531 14.9218692447 -0.0733675534683 
18.0101618731 14.8969227935 -0.0611161999253 
18.1718604529 14.8746373917 -0.175550499487 
18.3135101759 14.8363580967 -0.44993551642 
18.4589264357 14.7471588219 -0.783868805192 
18.5528295004 14.6346631611 -1.05492609753 
18.6073620283 14.508634683 -1.19898290181 
18.6476921999 14.3723353709 -1.19784803985 
18.6817243063 14.2659867967 -1.24380044624 
18.7259371245 14.0653768743 -1.53798942596 
18.7180521452 13.9349071945 4.63994055747 
18.7008306944 13.8171386684 4.63903418813 
18.6968305075 13.7869856323 4.62705429442 
18.6217806303 13.511827823 4.13039392241 
18.6025338137 13.477897879 4.09625590721 
18.4860749209 13.2871360744 2.7474389188 
18.4860749209 13.2871360744 2.7474389188 
18.1848761999 13.2165583337 3.2171985489 
17.9480750525 13.2216190065 3.1680932659 
17.8286125624 13.2280918325 3.17138473542 
17.6423928702 13.2384835447 3.17101535596 
17.5229537451 13.2434395517 3.1647547412 
17.2877235376 13.2554633583 3.16462817289 
17.1556669438 13.2647662128 3.16594807676 
17.0376031363 13.2723946537 3.16905240319 
16.9188911879 13.2828433479 3.16580784224 
16.6870280468 13.2948949302 3.28319126151 
16.5872401559 13.2875626052 3.43833540298 
16.4085257017 13.2467025484 3.41181454678 
16.2980669403 13.2186700071 3.31792887245 
16.1973186993 13.203480121 3.08852805237 
16.0542390906 13.2245932783 2.99463290568 
15.9499743321 13.2513370479 3.04706220825 
15.8279796765 13.2779799665 3.34974681451 
15.7426164859 13.268829223 3.44100740744 
15.6210635566 13.241380092 3.43568434819 
15.5043065512 13.2156542505 3.43404456422 
15.3919187152 13.1911371912 3.42928877059 
15.2039293611 13.1519712175 3.23125534392 
15.0439874494 13.1530245508 2.91032663097 
14.9641275966 13.1730545724 2.75582890049 
14.815631386 13.2550216878 2.44335765177 
14.815631386 13.2550216878 2.44335765177 
14.6252226793 13.6062695945 1.80774342207 
14.6252226793 13.6062695945 1.80774342207 
14.5717301333 13.918667909 1.74395039669 
14.5717301333 13.918667909 1.74395039669 
14.5149496758 14.2787734235 1.61793638811 
14.5207867586 14.4350638355 1.3643527138 
14.566060301 14.5706716145 1.14614321945 
14.6295720303 14.6927376355 0.942322583796 
14.7339677775 14.8131998743 0.627592965598 
14.9175971114 14.9128334487 0.36480954329 
15.0106988513 14.941687193 0.343328150342 
15.1660356485 14.9841423298 0.342176144267 
15.3048983776 15.0235216881 0.337222473743 
15.4909267389 15.0726987983 0.342429610119 
15.6132646167 15.1043931956 0.355704404794 
15.753159132 15.1437971259 0.35487187319 
15.9520196171 15.2000295336 0.334914433512 
16.0601504111 15.2305584748 0.321977897176 
16.2430741751 15.2790814752 0.338885632435 
16.3504953348 15.3120718191 0.195444715853 
16.5065747463 15.3270680944 0.0395121735051 
16.6567853653 15.3246272171 0.0504658528987 
16.7507165038 15.3237059603 0.0759644370155 
16.9586005175 15.3195742408 0.0352940038273 
17.0886177981 15.3168261389 0.0644397954854 
17.2554355824 15.3130918781 0.044543142295 
17.4235839808 15.3106960917 0.0397255145763 
17.5543673002 15.3082228119 0.0398588147946 
17.7576161587 15.304613244 0.0558441811684 
17.8989779913 15.3035662586 0.0501035166754 
18.0313703978 15.3028960268 -0.0112509895894 
18.1909944975 15.2890209744 -0.268662360475 
18.3789837324 15.2059216204 -0.690861520574 
18.4910204374 15.0980868901 -0.976240365497 
18.558719393 14.975501057 -1.24753644172 
18.5916235411 14.8165178562 -1.38886114765 
18.6068396532 14.6799206103 -1.35373570382 
18.6309525931 14.4982484544 -1.3798885763 
18.6515283548 14.3345383371 -1.48496336984 
18.6507182085 14.1783368553 4.62634496424 
18.6291956865 14.0514105524 4.63012317493 
18.6032295191 13.893215176 4.59602988317 
18.5802543127 13.7542015279 4.44683477796 
18.5272197687 13.6025730337 4.14027840583 
18.493184086 13.5492389167 4.03623307209 
18.2851808035 13.3803360427 3.50105667378 
18.1289551222 13.3431346382 3.32665908317 
17.9746079409 13.3270831073 3.30141799806 
17.812646147 13.3137288059 3.30526554696 
17.6539875233 13.3007011379 3.3072689593 
17.5540986025 13.2918823923 3.30418718036 
17.3903850281 13.2781200374 3.30217935395 
17.1908236706 13.2611936296 3.29694021105 
17.0485701525 13.2518217529 3.29685084847 
16.8709001505 13.2445689405 3.31935120966 
16.7960423791 13.2365943159 3.33400558408 
16.6138386094 13.2216778959 3.28007969961 
16.4323214852 13.208670255 3.29818702589 
16.2865352296 13.1915210451 3.29603865863 
16.1424359643 13.1801842416 3.29597706425 
16.0104599112 13.169556495 3.28182345443 
15.8301224151 13.1560877527 3.2954219896 
15.6805369073 13.1450551713 3.29584589712 
15.5257293248 13.1326426233 3.27488522444 
15.3341609799 13.1195956434 3.080786005 
15.225287255 13.1283909048 2.8695270347 
15.0548407399 13.195508119 2.51239448548 
14.9834307396 13.255783316 2.31710633731 
14.9834307396 13.255783316 2.31710633731 
14.7859929764 13.5858319963 1.80317295955 
14.7751017773 13.7144533361 1.56908691864 
14.7940243446 13.8398909534 1.39968902474 
14.8254154884 13.9678820337 1.48734479582 
14.8488261664 14.0522370304 1.60614512907 
14.8498806917 14.1754652227 1.65567994496 
14.8627320492 14.3987876142 1.66134477786 
14.8673846686 14.5239685739 1.58781716748 
14.8734657728 14.6702746714 1.6057723308 
14.8809919321 14.8404645289 1.56698282203 
14.8856393063 14.9128641451 1.51587449956 
14.977024492 15.1793943013 0.923820127988 
15.0527375304 15.2684220339 0.683480084508 
15.2452411615 15.378739428 0.267740093867 
15.3555473649 15.4019674028 0.138017868596 
15.5398876631 15.4150446768 0.140797475834 
15.7177293712 15.425986957 0.165710090877 
15.8279454821 15.4352113868 0.157685726917 
16.0306710267 15.4481740708 0.146295220528 
16.181489166 15.4573538716 0.125192094297 
16.3357281649 15.4664084578 0.134562040094 
16.4898526036 15.4762543554 0.152958301907 
16.5742273295 15.4815804327 0.1287284416 
16.7871932947 15.4960371817 0.136182316936 
16.9099701607 15.5033333863 0.124969012891 
17.1081417763 15.5162253941 0.139516300218 
17.2118325197 15.5227616693 0.149774344293 
17.4299731218 15.5351245965 0.119979804865 
17.6222034657 15.5463519062 0.124893644228 
17.7650847399 15.5556609596 0.126780201229 
17.9278447592 15.5633467997 0.142667995025 
18.0805892908 15.5721726085 0.135018064054 
18.2123689615 15.5785099829 0.134063652444 
18.3529362642 15.5872289206 0.129918850585 
18.5128979647 15.5945235158 0.129313864391 
18.7189381086 15.6048023666 0.132068203663 
18.8306329214 15.6093259717 0.130252152085 
18.853934046 15.6093426312 0.121837150565 
19.2177555525 15.6639925505 0.592460677035 
19.3383877241 15.733442005 0.878136415808 
19.3383877241 15.733442005 0.878136415808 
19.3383877241 15.733442005 0.878136415808 
19.3383877241 15.733442005 0.878136415808 
19.3383877241 15.733442005 0.878136415808 
19.3383877241 15.733442005 0.878136415808 
19.3383877241 15.733442005 0.878136415808 
19.0731222593 16.6242749656 3.26856091569 
18.8919384443 16.6069251264 3.6105844175 
18.7421569788 16.5406068529 3.76873003973 
18.5798139536 16.4413171972 3.76588499347 
18.4688563311 16.3743399347 3.76825769684 
18.3572251761 16.306806084 3.76394268485 
18.2012135946 16.2119922007 3.7636489802 
18.0812470877 16.1364690031 3.72956121307 
17.9216883146 16.0443792308 3.76337731274 
17.7669521534 15.9498954977 3.75159213658 
17.6297383272 15.8685302103 3.75801654274 
17.4978593552 15.787672397 3.75003032559 
17.3594746554 15.7063702012 3.75455542725 
17.2402223312 15.6347411836 3.75203636332 
17.1177343094 15.5614756609 3.76139242416 
16.9560915196 15.4648960645 3.76595606472 
16.8613095247 15.4102167154 3.75612555171 
16.6986930334 15.3114965449 3.748430089 
16.6020814144 15.253193686 3.66804349705 
16.4267559611 15.1741911362 3.45966292285 
16.2491823697 15.1285821984 3.45946184256 
16.1019511932 15.0916275496 3.45774293278 
15.9739912638 15.0612439478 3.45500409149 
15.8077977562 15.0204896892 3.47494015077 
15.5784042441 14.9649777676 3.46164995517 
15.4410969579 14.9333611096 3.44800123301 
15.2692049706 14.8896320725 3.4733796476 
15.1112918222 14.8508309091 3.57717163532 
14.9950877392 14.8111806775 3.80047934325 
14.8263218367 14.6859731043 4.20904205871 
14.7442785465 14.561762389 4.50363219608 
14.7008804047 14.4022834862 -1.46289810531 
14.7051951849 14.263842162 -1.31654260295 
14.7526420319 14.0875625576 -1.24113547357 
14.7867850029 13.9735959733 -1.25280431829 
14.8464606964 13.7679972614 -1.26481361026 
14.8733870947 13.6845971311 -1.15273939216 
14.8733870947 13.6845971311 -1.15273939216 
14.991050061 13.4457830156 -0.630758014776 
14.991050061 13.4457830156 -0.630758014776 
15.3259896004 13.2489492858 -0.295830022143 
15.4961169028 13.181377765 -0.283828069677 
15.6095093453 13.1360369886 -0.153134903882 
15.806371499 13.1008561815 -0.00621724643884 
15.9189975784 13.0906680788 -0.00535576641017 
16.1104760283 13.0727885927 0.0619727925764 
16.2709317171 13.0727032388 0.316887915205 
16.3315532469 13.0847901071 0.38945429672 
16.5490931832 13.1639867986 0.394447828636 
16.6996871197 13.2200430597 0.355862784182 
16.8161427343 13.2612482275 0.221520593483 
16.967169162 13.2790671552 0.149621353636 
17.1402970516 13.2865667308 0.133997262138 
17.2474926674 13.2929484809 0.142958942555 
17.4294115269 13.3060414756 0.139741105387 
17.6215637886 13.3177220787 0.140202386593 
17.7143664324 13.3235617841 0.139812367477 
17.920773741 13.3372662033 0.139480566411 
18.0445153677 13.345370766 0.146895314978 
18.2267785036 13.3572274412 0.329376120382 
18.3491470778 13.388573047 0.569981999975 
18.4915854895 13.4756346906 0.927202392756 
18.5715861284 13.5610796178 1.11328301287 
18.6569638216 13.7421817745 1.5583257161 
18.6677534544 13.8636254037 1.72683414549 
18.6579585039 13.9737029041 1.74903985915 
18.6480619871 14.065796491 1.75542627924 
18.6311294996 14.2076140607 1.75635132336 
18.6053497755 14.4424937333 1.7795419483 
18.5891671145 14.5839885438 1.90926967551 
18.5433187449 14.7367790903 2.2223729109 
18.45815086 14.8619644011 2.37160887761 
18.2977182829 15.046421286 2.39974747842 
18.2380711996 15.1134213174 2.46830049199 
18.0918960535 15.240731058 2.64664082885 
17.9662930929 15.3180061618 2.64943302882 
17.8194179499 15.4129872734 2.75862077585 
17.6652623379 15.486380961 3.0503111088 
17.5427995884 15.5065349008 3.28644321823 
17.4213076794 15.4977477456 3.38800465866 
17.3101731503 15.480362531 3.35166466774 
17.2659525835 15.4749480749 3.38020432159 
17.1775728428 15.4623183871 3.35003429922 
17.0414606297 15.44218139 3.35340315408 
16.8710175717 15.4178023751 3.36831882286 
16.7504560315 15.39919078 3.35939501264 
16.5623367989 15.3715201879 3.34849316103 
16.3469002509 15.3375698889 3.35681588601 
16.1826440358 15.3152545954 3.3486928234 
15.9925630951 15.2888368929 3.33418671029 
15.8464855851 15.2703081372 3.4539767941 
15.7078480535 15.2381332647 3.84862241239 
15.6320124232 15.1951846185 4.26588790713 
15.6058760249 15.1756868998 4.50853871796 
15.5804509782 15.1732776875 -1.39298899392 
15.5596602523 15.1671616475 -1.04095545784 
15.5503928923 15.1612215976 -0.897244139278 
15.5271149242 15.1434988345 -0.475709203266 
15.5175815487 15.1197710524 -0.0876347281621 
15.5275799894 15.1003607626 0.212044189638 
15.5682771468 15.1022809858 0.293818694319 
15.6221266055 15.1136242116 0.291042065867 
15.7142611855 15.1349649022 0.293836486818 
15.7676417195 15.1462663601 0.286770411934 
15.8743609154 15.1687222237 0.28774686715 
15.9392098264 15.1889723318 0.178218824218 
15.9841337764 15.2088907047 -0.163884696851 
15.9934298285 15.2337538267 -0.556668834853 
15.9849169442 15.2684458813 -0.830436261209 
15.9891174623 15.2879292446 -1.00691965915 
15.9884775096 15.2865114028 -1.01470312767 
15.9878212401 15.2849472875 -1.00761868363 
15.9879052975 15.2850607785 -1.00972650514 
15.9877687507 15.2849269661 -1.00743929911 
15.9877481052 15.2849791425 -1.00688566031 
15.9878279307 15.2850224006 -1.00692750862 
15.9878254497 15.2850830855 -1.00752863834 
15.9875918367 15.2854106652 -1.00798331973 
15.9877914229 15.2851049679 -1.00733016643 
15.9877308422 15.2852010543 -1.00921254435 
15.9877879956 15.2851000393 -1.00755100445 
15.9878048935 15.2850856821 -1.00731184834 
15.9876601362 15.2853251735 -1.00569126558 
15.9876481184 15.2853195334 -1.00596012456 
15.9876208046 15.2853325459 -1.00597006738 
15.9877741301 15.2851241196 -1.00721182855 
15.9877852612 15.2851185615 -1.00717010095 
15.98777603 15.285117876 -1.00725734194 
15.9878032618 15.2850920225 -1.0074287488 
15.9876495638 15.2852860543 -1.00596364694 
15.9878314325 15.285086971 -1.00743522877 
15.9876876363 15.2855411174 -1.00673648388 
15.9875816965 15.2853186878 -1.00572020209 
15.9883011394 15.2860383059 -1.01109844411 
15.987669129 15.2852774712 -1.00582715813 
15.9877949544 15.2851171794 -1.00722403374 
15.9877949544 15.2851171794 -1.00722403374 
