15.9877949544 15.2851171794 -1.00722403374 
15.8398094439 15.1706635023 0.387637069478 
15.8400635236 15.1709945912 0.386792517217 
15.840063803 15.17097253 0.386886018222 
15.8400136904 15.1709770376 0.386389601982 
15.8400696294 15.1709809268 0.386827547613 
15.8400541657 15.1709967817 0.3865927542 
15.8397681118 15.1706137548 0.387696963616 
15.8400569336 15.1709735508 0.386959375143 
15.8400488981 15.1709835047 0.386739630061 
15.8400550486 15.1709634403 0.386904540903 
15.8400539608 15.1709630827 0.386726342474 
15.8400669434 15.1709543283 0.3865560388 
15.8397971207 15.1706045086 0.387766710718 
15.8398014494 15.1706037114 0.387610423001 
15.839792289 15.1706041435 0.387817283711 
15.8397995309 15.1706016103 0.387647771689 
15.8400754557 15.1709582473 0.386839229694 
15.8398053535 15.1705990399 0.387597572573 
15.8400579878 15.1709641928 0.386698828753 
15.8398017735 15.1706278066 0.387875343447 
15.8398129718 15.1706123913 0.387621256907 
15.8398196996 15.1706138069 0.387721925539 
15.84006219 15.1709555651 0.386631973548 
15.8398167045 15.1706109087 0.387690286527 
15.8398108372 15.1706106926 0.387540858292 
15.8398369924 15.1706102158 0.387280357943 
15.8399366067 15.1707394833 0.387247331974 
15.8398289086 15.1706217716 0.387088865461 
15.8400602901 15.1709507296 0.386523387875 
15.841351539 15.1705101321 0.403488589144 
15.8399580979 15.1709385256 0.386271882694 
15.8399522529 15.1710240434 0.385893635581 
15.8390160018 15.1702467317 0.404527612913 
15.8397604489 15.1705630685 0.39313926047 
15.8397663013 15.1705447028 0.393639712286 
15.8399934136 15.1707292909 0.391712271926 
15.8397260384 15.1705377812 0.386286170878 
15.8397030273 15.1706363673 0.387039846194 
15.8397190721 15.1706391017 0.3868815911 
15.8397014738 15.1706382299 0.387044493703 
15.8397214637 15.1706435795 0.386873079621 
15.839905996 15.1700437332 0.382209910438 
15.839994874 15.1709475184 0.386374728123 
15.8397280463 15.1706151331 0.387175609537 
15.8395688498 15.1697391311 0.379165067784 
15.8400035315 15.1709525252 0.38567389819 
15.8397448213 15.1706167946 0.386783711715 
15.8505895027 15.1732466857 0.376268594753 
15.890978651 15.1863925273 0.350829656156 
15.911664039 15.2005422043 0.218880538416 
15.9176868555 15.2155582851 -0.0214247531047 
15.9520592579 15.2142426542 -0.0804370124708 
16.0168988072 15.2036258245 -0.0747159232413 
16.1057017111 15.1901905651 -0.0810757218839 
16.2290357613 15.1712510476 -0.0771974728311 
16.3734575474 15.1511408428 -0.0810892672334 
16.5107778871 15.1291960368 -0.0729409141492 
16.692841109 15.1016130264 -0.062825904026 
16.8420565092 15.0781312401 -0.074725841942 
17.0018153154 15.0530798698 -0.0742294512443 
17.1418541634 15.0321954156 -0.0738555621499 
17.3534960711 15.0009076113 -0.0860154038198 
17.5308568441 14.9734331037 -0.0797696027351 
17.6842449867 14.9491950239 -0.078708347487 
17.80246472 14.9302104081 -0.0806108021827 
17.993822571 14.9002380634 -0.0589013260086 
18.1424617731 14.8798711265 -0.15211499046 
18.30043697 14.8414772118 -0.417041173631 
18.435914036 14.7664919759 -0.723099921506 
18.5414278471 14.6529700125 -1.02000490371 
18.6073620283 14.508634683 -1.19898290181 
18.6513459646 14.3600721324 -1.19932029816 
18.6968293154 14.2160934175 -1.29198566635 
18.7263460123 14.043569919 -1.56596978369 
18.7131383383 13.8993771041 4.63991868689 
18.6968305075 13.7869856323 4.62705429442 
18.6968305075 13.7869856323 4.62705429442 
18.6025338137 13.477897879 4.09625590721 
18.4860749209 13.2871360744 2.7474389188 
18.4860749209 13.2871360744 2.7474389188 
18.1848761999 13.2165583337 3.2171985489 
17.9480750525 13.2216190065 3.1680932659 
17.8286125624 13.2280918325 3.17138473542 
17.6423928702 13.2384835447 3.17101535596 
17.5229537451 13.2434395517 3.1647547412 
17.4032070601 13.2495534385 3.16405579009 
17.1556669438 13.2647662128 3.16594807676 
17.0376031363 13.2723946537 3.16905240319 
16.9763810598 13.2796908582 3.1890653246 
16.7109940612 13.2936822141 3.26949532535 
16.5872401559 13.2875626052 3.43833540298 
16.4443977439 13.2563484872 3.41978260687 
16.3131685817 13.2227743829 3.3160093047 
16.1867291295 13.2039338315 3.07363088465 
16.0542390906 13.2245932783 2.99463290568 
15.9353636877 13.2551007236 3.06522534368 
15.8504238055 13.2748608554 3.27650801728 
15.769735057 13.2735981906 3.42998581457 
15.6677692347 13.2518186534 3.43560384744 
15.5518656039 13.2264145578 3.43631819075 
15.3838278019 13.1891540254 3.42878542413 
15.2329155767 13.1561063493 3.2834769512 
15.1026063525 13.1459785665 3.01997647906 
14.9368570411 13.1833540166 2.6885123096 
14.815631386 13.2550216878 2.44335765177 
14.815631386 13.2550216878 2.44335765177 
14.6280285084 13.5886197055 1.82324733392 
14.6252226793 13.6062695945 1.80774342207 
14.5717301333 13.918667909 1.74395039669 
14.5717301333 13.918667909 1.74395039669 
14.5153638088 14.2749412025 1.62646783284 
14.5225305521 14.4307728375 1.37865796524 
14.5606858694 14.5549568499 1.22812234289 
14.6103934013 14.6599948967 1.01764397114 
14.7339677775 14.8131998743 0.627592965598 
14.8775125706 14.8969453836 0.308917623122 
15.0312080943 14.9447542096 0.362339431829 
15.1774555409 14.9874429072 0.362547244172 
15.3258886301 15.0284783209 0.347152841873 
15.4711779618 15.0660291279 0.358260295953 
15.6132646167 15.1043931956 0.355704404794 
15.7653918677 15.1473734717 0.356880846566 
15.9114113861 15.1886800716 0.33301319884 
16.0601504111 15.2305584748 0.321977897176 
16.2163839006 15.2716347652 0.318679632846 
16.3504953348 15.3120718191 0.195444715853 
16.4652093613 15.3274226899 0.0585778176209 
16.6073870027 15.3253466527 0.0727883509335 
16.7752762997 15.3231975252 0.0496391535818 
16.9356586897 15.3200220952 0.0514861971645 
17.0886177981 15.3168261389 0.0644397954854 
17.2554355824 15.3130918781 0.044543142295 
17.4028933012 15.3111001591 0.0362377916793 
17.5755628311 15.3076738531 0.0383035969285 
17.7360879147 15.3050364892 0.0512190182846 
17.8989779913 15.3035662586 0.0501035166754 
18.044303652 15.3028489018 -0.0266550036255 
18.2204618418 15.2820732968 -0.333595586307 
18.3789837324 15.2059216204 -0.690861520574 
18.4910204374 15.0980868901 -0.976240365497 
18.5609233343 14.9674489165 -1.26548536532 
18.5901150667 14.8237028981 -1.37302207641 
18.6118102038 14.656366166 -1.37916851769 
18.6273617708 14.5185474123 -1.36142431373 
18.6493985617 14.3563246692 -1.46413639852 
18.6493804419 14.1694911684 4.62817200583 
18.6260697806 14.0301605428 4.62661924264 
18.5994291269 13.871107098 4.61452591564 
18.5768885576 13.7344759668 4.40220493664 
18.5272197687 13.6025730337 4.14027840583 
18.493184086 13.5492389167 4.03623307209 
18.292473551 13.3827743495 3.50635125006 
18.1516184771 13.3491413558 3.35295568999 
18.008646723 13.3294519151 3.28901494037 
17.812646147 13.3137288059 3.30526554696 
17.6539875233 13.3007011379 3.3072689593 
17.4943028652 13.2865161861 3.30240219771 
17.3521788084 13.2746204103 3.29564385795 
17.1908236706 13.2611936296 3.29694021105 
17.0327603781 13.2488048042 3.29467210249 
16.8999468052 13.2470186914 3.30158639498 
16.7287498676 13.230369922 3.29087518349 
16.5720815026 13.2186063493 3.28027354348 
16.4239897096 13.2078946794 3.29566029422 
16.2740462982 13.1904402936 3.29528731349 
16.1129455232 13.1775418485 3.29195661533 
15.960400019 13.1661955083 3.29484893556 
15.8173682579 13.1549631322 3.29527291237 
15.6592360401 13.1434408391 3.29521563424 
15.4960599506 13.1309322084 3.25404278213 
15.3422607743 13.1196120943 3.09325474845 
15.204165157 13.1330038274 2.82957014217 
15.0388002359 13.2079263891 2.47609574487 
14.9834307396 13.255783316 2.31710633731 
14.9834307396 13.255783316 2.31710633731 
14.781237241 13.5950283969 1.81992200716 
14.7802566254 13.7514153684 1.45680524561 
14.7940243446 13.8398909534 1.39968902474 
14.837849375 14.0105419124 1.58317505007 
14.8477426731 14.1255235637 1.63166562773 
14.8562481367 14.2661545242 1.63200563112 
14.8614989483 14.4059945906 1.63712956745 
14.8716990912 14.5677901472 1.63333273029 
14.8779379093 14.709218439 1.6047057373 
14.8840688431 14.8727177943 1.50384710371 
14.9171791041 15.0705008621 1.15416931623 
14.9814024531 15.1847642476 0.917017112995 
15.0901017153 15.2999337206 0.578030891569 
15.2368194425 15.3764515931 0.284857152017 
15.4049523437 15.4060821945 0.114281080517 
15.5529823565 15.4155233915 0.143543486074 
15.6862840765 15.4247008676 0.130596127902 
15.8653152493 15.4369031454 0.169932233991 
16.0387171769 15.4485644812 0.143353106396 
16.1934303605 15.4583092595 0.136659993908 
16.3584188187 15.468023252 0.148700471101 
16.5053741896 15.4772545511 0.152278379478 
16.6643826925 15.4876369203 0.125472139242 
16.8174099886 15.4972833658 0.145577411306 
16.9698085749 15.5070663358 0.1538334883 
17.1293030941 15.5171800817 0.142751261529 
17.2835841143 15.5265109206 0.127415860358 
17.4213780129 15.5344339872 0.121034418592 
17.5863653385 15.5437334145 0.131082958795 
17.7357113325 15.5528744424 0.150354365701 
17.8854486906 15.5612530972 0.138948534348 
18.0375382864 15.5693573917 0.140888334701 
18.2001140082 15.5781376029 0.133255627635 
18.3608236277 15.5872168804 0.132119037531 
18.51715469 15.594677862 0.129685906539 
18.6846709215 15.6027576591 0.13237929856 
18.8512053454 15.6104584599 0.131593373441 
18.853934046 15.6093426312 0.121837150565 
19.1887657606 15.6508049036 0.553498611864 
19.3383877241 15.733442005 0.878136415808 
19.3383877241 15.733442005 0.878136415808 
19.3383877241 15.733442005 0.878136415808 
19.3383877241 15.733442005 0.878136415808 
19.3383877241 15.733442005 0.878136415808 
19.3383877241 15.733442005 0.878136415808 
19.3383877241 15.733442005 0.878136415808 
19.3383877241 15.733442005 0.878136415808 
18.9713947737 16.6220092739 3.45969472387 
18.8020980322 16.5732054676 3.72665605036 
18.6677670443 16.4953081573 3.76428587171 
18.5447778666 16.4197859729 3.76310061105 
18.3897137606 16.3267167772 3.76615880647 
18.2607347929 16.2486494745 3.76395728541 
18.1317341292 16.1691981519 3.75425671144 
17.9923503363 16.0847493375 3.75008577228 
17.8546534741 16.0026883448 3.75174051772 
17.7118344271 15.9166580404 3.75053066438 
17.5777947867 15.8354916538 3.76163106236 
17.4464706146 15.7576818431 3.74951232875 
17.2984700167 15.6689006353 3.75173165865 
17.1584075653 15.5853415097 3.75396165619 
17.0182455742 15.502159294 3.76922542912 
16.8724657261 15.4162231351 3.75399339046 
16.7352035606 15.3335543985 3.75004287147 
16.5914041364 15.2460923356 3.6375401066 
16.4539295399 15.182658978 3.48233462715 
16.3088279032 15.1443839411 3.45470703725 
16.172673341 15.1097330565 3.45937240475 
16.0029051119 15.0680436904 3.45524543006 
15.8355772794 15.0282570089 3.45636732372 
15.7066746318 14.9963721151 3.45158966442 
15.4910840058 14.944396999 3.47367301932 
15.3470484578 14.9086755777 3.47849144268 
15.2120895946 14.8745824958 3.48090627071 
15.0154767596 14.820570674 3.7703653953 
14.9188045227 14.7685377265 3.95845618634 
14.7722399199 14.614460882 4.37953590175 
14.7076183521 14.4506604041 4.699226922 
14.703012582 14.2933901514 -1.30870793376 
14.7437875235 14.1175105537 -1.20893313894 
14.7811424696 13.9950202669 -1.24167278225 
14.8338887655 13.8187476362 -1.23255798218 
14.8733870947 13.6845971311 -1.15273939216 
14.8733870947 13.6845971311 -1.15273939216 
14.991050061 13.4457830156 -0.630758014776 
14.991050061 13.4457830156 -0.630758014776 
15.3642828428 13.2343045438 -0.301301969764 
15.5159395301 13.172850963 -0.270398653563 
15.6370495522 13.1267098154 -0.103255804027 
15.8272135594 13.1000019277 -0.014188175427 
15.9873689526 13.0862444604 -0.0154783120188 
16.1385973209 13.0709010328 0.0873059311704 
16.300106492 13.076878425 0.376067415041 
16.4457874262 13.122921821 0.432050029684 
16.5849471056 13.1764734949 0.399107367968 
16.7269788944 13.2299536432 0.336331746178 
16.8854197228 13.2744929756 0.176826177081 
17.0366982185 13.2831046546 0.156908147169 
17.1974828207 13.2895553077 0.141457333116 
17.3484855854 13.2998423542 0.143504704871 
17.4722572529 13.3086837495 0.140366429753 
17.6502076351 13.3196043933 0.138187726962 
17.8111879789 13.3298594917 0.139894826325 
17.9634668791 13.3401377166 0.138427730462 
18.1181185209 13.3489500249 0.185453999711 
18.2717096769 13.3654109205 0.406499696581 
18.4002280199 13.4123610223 0.699315476322 
18.5350148642 13.5154778923 1.03206461272 
18.6203894579 13.6395752395 1.32035670871 
18.6638689005 13.7791300977 1.62707047268 
18.6662983858 13.9080830778 1.76118272525 
18.6546144449 14.0037391151 1.74806269179 
18.6431059801 14.1110781396 1.7575297437 
18.626307007 14.2491004432 1.75608559549 
18.604521271 14.451318797 1.78668335622 
18.5842812025 14.6130480135 1.96433856733 
18.5324881041 14.7555628086 2.26075807134 
18.4101109469 14.919091847 2.38435856972 
18.3040189707 15.0396421368 2.39881590312 
18.2092981302 15.1451316963 2.52970322564 
18.0853412115 15.2455030105 2.65604954099 
17.917106148 15.350437891 2.67516788944 
17.7943370306 15.4283132369 2.7991525129 
17.6227056944 15.4979063536 3.14940313419 
17.4845427239 15.5053276683 3.36362120865 
17.3773223126 15.4900084997 3.3724185233 
17.2949767077 15.4796818907 3.36267449239 
17.2203350031 15.4684802408 3.35792633775 
17.1203892195 15.4534106667 3.36259856036 
17.005246278 15.436975878 3.35970158047 
16.8419885003 15.4134293909 3.36064867588 
16.6341189706 15.3814479376 3.34687278743 
16.4811329805 15.3599188516 3.366559712 
16.3288079464 15.3347986827 3.36866704267 
16.1531488859 15.3118192742 3.34914857457 
15.9792824724 15.2884030121 3.33274992755 
15.8245039025 15.26533803 3.50053166092 
15.7155031377 15.2384391027 3.82846859991 
15.6427560413 15.2014832425 4.17861387948 
15.5976484382 15.1697827319 4.63091537711 
15.5709252321 15.1709258745 -1.24223597826 
15.5516592228 15.164844055 -0.944146562325 
15.5363552534 15.1521285439 -0.664278775694 
15.5211131835 15.1338437463 -0.308896188773 
15.5169901514 15.1145558546 -0.0131340560122 
15.5311449432 15.0995294119 0.23210060404 
15.574460026 15.1035539622 0.289193236789 
15.6296627783 15.1157832781 0.296700059274 
15.7142611855 15.1349649022 0.293836486818 
15.8259871566 15.1618630255 0.263616139775 
15.9021773442 15.1757467205 0.26393392009 
15.9561357462 15.1955578516 0.0981416086122 
15.9881704861 15.2131376735 -0.23567129151 
15.9923667276 15.2309152486 -0.512036323075 
15.9850560614 15.2733841392 -0.86716297517 
15.9880896547 15.2878529842 -0.993880119405 
15.9884204828 15.2868941354 -1.00002401245 
15.9877385312 15.2849327887 -1.00737633532 
15.9882061669 15.2855910922 -1.0113466209 
15.9878745564 15.2851150038 -1.00798377924 
15.9877472409 15.2849369908 -1.00738136123 
15.9877859616 15.2849215421 -1.00636137013 
15.9876550847 15.2853308211 -1.00586957987 
15.98770969 15.2852482351 -1.0090026145 
15.9876178169 15.2854255552 -1.00774680031 
15.987785902 15.2851204167 -1.00738984895 
15.9876833075 15.2852607297 -1.00877070563 
15.9877469504 15.2851319949 -1.00699351229 
15.9877962508 15.2851067188 -1.0073524108 
15.9877643475 15.2851363907 -1.00714747726 
15.9876589962 15.2853183041 -1.00607209283 
15.9877741301 15.2851241196 -1.00721182855 
15.9877819234 15.2851424518 -1.00717224214 
15.9877475687 15.2851640771 -1.00705231002 
15.9877808058 15.2851340438 -1.0070980603 
15.9876167962 15.2853475625 -1.00565341721 
15.987675097 15.2853110361 -1.00591298692 
15.9889245295 15.2853657568 -0.995513952726 
15.9878068158 15.2850953231 -1.00749696554 
15.9877560848 15.2854592542 -1.00763623714 
15.9877380395 15.2851267571 -1.00686861032 
15.987785291 15.2851141433 -1.00735878566 
