15.9877949544 15.2851171794 -1.00722403374 
15.8398076856 15.170663398 0.387798198164 
15.8397912347 15.1706414709 0.387885109236 
15.8397949339 15.1706212054 0.387704892972 
15.8398085536 15.1706247295 0.387713659422 
15.8397933432 15.1706477145 0.387905357263 
15.8398204112 15.1706496964 0.387525613651 
15.8397681118 15.1706137548 0.387696963616 
15.8397208565 15.1706047545 0.387002490661 
15.8400532977 15.170967404 0.386896311826 
15.8400458024 15.1709659139 0.386769087104 
15.8398107403 15.1706066171 0.387678337088 
15.8397931569 15.1706149245 0.387787606149 
15.8398000785 15.1706161613 0.387695820707 
15.8400519491 15.1709580685 0.386706303973 
15.8400603646 15.1709543655 0.386799436997 
15.8400606328 15.170951877 0.386893225105 
15.8398020939 15.1706112365 0.387576747042 
15.8398095408 15.1706089939 0.387726957422 
15.8397860565 15.1705940629 0.387532500268 
15.8400515207 15.1709520335 0.386722720995 
15.840072807 15.170962807 0.386682547624 
15.840062067 15.1709586347 0.386647319848 
15.8400920891 15.1709658841 0.386678099311 
15.8398206682 15.1706122572 0.38752319747 
15.8398310133 15.1706091876 0.387621426028 
15.8400827238 15.1709601993 0.386621989917 
15.8398305291 15.1706405471 0.386978169196 
15.8399305792 15.1707031841 0.387592044689 
15.8397449331 15.1705282594 0.387753594884 
15.839802716 15.1706139038 0.387594022805 
15.840575371 15.1709545518 0.390177106236 
15.8397113123 15.1706288646 0.387036046749 
15.839781657 15.1707552264 0.386551497257 
15.8395383769 15.1710946004 0.382835222065 
15.8397604489 15.1705630685 0.39313926047 
15.8397663013 15.1705447028 0.393639712286 
15.8399934136 15.1707292909 0.391712271926 
15.8397260384 15.1705377812 0.386286170878 
15.8397030273 15.1706363673 0.387039846194 
15.8397190721 15.1706391017 0.3868815911 
15.8397186325 15.1706288497 0.386903951762 
15.8397214637 15.1706435795 0.386873079621 
15.8398968914 15.1700414682 0.382232448409 
15.8397219741 15.1706260706 0.387230509636 
15.8397280463 15.1706151331 0.387175609537 
15.8395803609 15.1697658638 0.379360992099 
15.8397432381 15.1706272254 0.387141346689 
15.8399850914 15.1709845925 0.385729772598 
15.8505895027 15.1732466857 0.376268594753 
15.888230323 15.1846422928 0.372659008565 
15.9104869721 15.1983378308 0.247254531921 
15.9141423126 15.2147149539 -0.0163889338014 
15.9482167551 15.2150218322 -0.0771711228378 
16.0026674756 15.2056436429 -0.0727557949972 
16.091447469 15.1925104971 -0.0767846798138 
16.2057150864 15.1756428669 -0.0813346908779 
16.3347981834 15.1558620001 -0.0717109657026 
16.4936698043 15.132621702 -0.0859300740144 
16.6422108376 15.1079612339 -0.070611198527 
16.7997425162 15.0846467132 -0.0741456065561 
16.960041877 15.0595008249 -0.0729714798493 
17.1205980742 15.0354443307 -0.073781469578 
17.3030928337 15.0082792307 -0.0878381577948 
17.4620354139 14.9835040832 -0.0912510032515 
17.6140154564 14.9599207307 -0.0924734796902 
17.7657924854 14.9362342621 -0.0717517120694 
17.9248261416 14.9114631976 -0.0772413742384 
18.0622138941 14.890220132 -0.0640165066543 
18.2233867609 14.8647417391 -0.260624162011 
18.3672065699 14.8119020725 -0.565125756313 
18.4902691805 14.7169514264 -0.855331670838 
18.5849122965 14.5741828645 -1.15069691631 
18.6280877554 14.4403571452 -1.20566231085 
18.676179167 14.2823877896 -1.22981960903 
18.7151813471 14.1449590887 -1.39842289958 
18.7232553923 13.9757711853 4.65016383341 
18.7040615046 13.8383827175 4.63407040293 
18.6968305075 13.7869856323 4.62705429442 
18.6968305075 13.7869856323 4.62705429442 
18.6025338137 13.477897879 4.09625590721 
18.5200743639 13.3314963544 2.77452388214 
18.4860749209 13.2871360744 2.7474389188 
18.1848761999 13.2165583337 3.2171985489 
18.0688276255 13.2157288755 3.16646555484 
17.9480750525 13.2216190065 3.1680932659 
17.7257902586 13.2348014081 3.17469562795 
17.5441645348 13.2425695623 3.16459928163 
17.4032070601 13.2495534385 3.16405579009 
17.2748329603 13.2561769451 3.16353584226 
17.1556669438 13.2647662128 3.16594807676 
16.9763810598 13.2796908582 3.1890653246 
16.9188911879 13.2828433479 3.16580784224 
16.6386620366 13.2941344942 3.3963060538 
16.460737642 13.2604247297 3.41412787579 
16.304644283 13.2200003828 3.32809798484 
16.1973186993 13.203480121 3.08852805237 
16.0736491346 13.2204724515 2.99795938374 
15.921051886 13.2585865224 3.08545125612 
15.8345466369 13.2771247591 3.3305803108 
15.7561747992 13.2715855802 3.43681523013 
15.6511517876 13.2483751739 3.43745083718 
15.5122884774 13.2175372804 3.43656357332 
15.3672946655 13.1851123537 3.42326257326 
15.2039293611 13.1519712175 3.23125534392 
15.0526446068 13.1520804132 2.92487987225 
14.9368570411 13.1833540166 2.6885123096 
14.815631386 13.2550216878 2.44335765177 
14.815631386 13.2550216878 2.44335765177 
14.6252226793 13.6062695945 1.80774342207 
14.6252226793 13.6062695945 1.80774342207 
14.5717301333 13.918667909 1.74395039669 
14.5717301333 13.918667909 1.74395039669 
14.5190663302 14.2462565864 1.67512756267 
14.5202981197 14.4062961305 1.40763667354 
14.5606858694 14.5549568499 1.22812234289 
14.6144508087 14.6672840084 1.00188577712 
14.7138621771 14.7982738877 0.694721696782 
14.8524473869 14.8873062099 0.435063377486 
15.0106988513 14.941687193 0.343328150342 
15.1774555409 14.9874429072 0.362547244172 
15.3048983776 15.0235216881 0.337222473743 
15.4640451634 15.0648184086 0.368434484601 
15.6253741943 15.1073126758 0.349968602222 
15.7737413683 15.1503444652 0.360047239061 
15.903134849 15.1867480318 0.340425928104 
16.0601504111 15.2305584748 0.321977897176 
16.2163839006 15.2716347652 0.318679632846 
16.3504953348 15.3120718191 0.195444715853 
16.4798138105 15.3272654007 0.0665236219341 
16.6108946764 15.3256604935 0.0581903319472 
16.7752762997 15.3231975252 0.0496391535818 
16.9356586897 15.3200220952 0.0514861971645 
17.0886177981 15.3168261389 0.0644397954854 
17.2466365063 15.313432161 0.0458883540384 
17.4155216181 15.3108457665 0.0326944843293 
17.5755628311 15.3076738531 0.0383035969285 
17.7360879147 15.3050364892 0.0512190182846 
17.890702244 15.3037623281 0.0495822242836 
18.0530233347 15.3028776462 -0.0372487255499 
18.1909944975 15.2890209744 -0.268662360475 
18.3719565832 15.2111256572 -0.671001411545 
18.5219414198 15.0529466982 -1.09570298882 
18.5802602732 14.8859482671 -1.36530839778 
18.6019287073 14.7278615201 -1.36900677575 
18.6235425436 14.5561435188 -1.37689607958 
18.6444601976 14.3944752778 -1.41993663971 
18.6556765997 14.2305834259 4.66386516019 
18.6341228449 14.0809617008 4.6309831245 
18.6075618231 13.9235706295 4.61138387345 
18.5839204752 13.774662372 4.48484599361 
18.5370624029 13.6224386657 4.18327610791 
18.493184086 13.5492389167 4.03623307209 
18.3247337305 13.3989888395 3.57344762404 
18.1790654623 13.3505049909 3.35609744194 
18.0256795847 13.3307889665 3.28939090711 
17.8772547209 13.3193060125 3.31147247254 
17.7051176989 13.3048382963 3.30500308401 
17.5368418657 13.2903777326 3.30213777097 
17.3732429707 13.2764068807 3.30310502155 
17.2208557093 13.2638044322 3.29887809223 
17.0611412489 13.2518794502 3.30064234015 
16.9077197277 13.2457004751 3.28810847681 
16.7721434199 13.2325881685 3.3231593322 
16.6138386094 13.2216778959 3.28007969961 
16.4538992011 13.2100414003 3.29297029863 
16.3149675691 13.1943575109 3.29916593208 
16.1424359643 13.1801842416 3.29597706425 
15.9977872857 13.1685088838 3.28373396359 
15.8428379149 13.1572276319 3.29528229472 
15.702168774 13.1466897691 3.29637377459 
15.4876944387 13.1301976408 3.25046967535 
15.3341609799 13.1195956434 3.080786005 
15.1755644047 13.1406921113 2.76763583606 
15.0388002359 13.2079263891 2.47609574487 
14.9834307396 13.255783316 2.31710633731 
14.8361176216 13.4584884609 1.99195584852 
14.7799099648 13.6280921663 1.64062097113 
14.7855089867 13.7831542457 1.44596024468 
14.8253585064 13.957470652 1.48274650933 
14.8447067701 14.0360839332 1.62306450993 
14.8498806917 14.1754652227 1.65567994496 
14.8547028267 14.3099847401 1.6133262543 
14.8653186524 14.4620408381 1.63708902977 
14.874209162 14.626289543 1.60975638766 
14.8809919321 14.8404645289 1.56698282203 
14.8856393063 14.9128641451 1.51587449956 
14.9814024531 15.1847642476 0.917017112995 
15.1022459232 15.30697668 0.524089357796 
15.2160662377 15.3688611949 0.314997846714 
15.3958542907 15.4054580147 0.128728672113 
15.5529823565 15.4155233915 0.143543486074 
15.7035343015 15.4255209381 0.141845385826 
15.8364507557 15.4345859105 0.160371988144 
16.0090874695 15.4464624936 0.143239216463 
16.1584478581 15.4560949172 0.1448586129 
16.3664756679 15.4683773632 0.153179667427 
16.5053741896 15.4772545511 0.152278379478 
16.6643826925 15.4876369203 0.125472139242 
16.8174099886 15.4972833658 0.145577411306 
16.9698085749 15.5070663358 0.1538334883 
17.1293030941 15.5171800817 0.142751261529 
17.2934598887 15.5278515483 0.125993639365 
17.4466235602 15.5364351238 0.114211236679 
17.5949764216 15.5439969862 0.133061969422 
17.7407199108 15.5531119371 0.156129501159 
17.9278447592 15.5633467997 0.142667995025 
18.1103625261 15.5731118287 0.139548843266 
18.2711572611 15.582325008 0.13184772362 
18.4117529356 15.5901259745 0.131023957326 
18.6393151247 15.6002582277 0.128964080196 
18.7963530981 15.6084182228 0.129057369161 
18.853934046 15.6093426312 0.121837150565 
18.853934046 15.6093426312 0.121837150565 
19.2801709139 15.6950946713 0.75889727877 
19.3383877241 15.733442005 0.878136415808 
19.3383877241 15.733442005 0.878136415808 
19.3383877241 15.733442005 0.878136415808 
19.3383877241 15.733442005 0.878136415808 
19.3383877241 15.733442005 0.878136415808 
19.3383877241 15.733442005 0.878136415808 
19.3383877241 15.733442005 0.878136415808 
19.0483708346 16.6225385631 3.29893950519 
18.8423926794 16.5905026163 3.68245748508 
18.7212903463 16.5275908674 3.76615495149 
18.5798139536 16.4413171972 3.76588499347 
18.4507808649 16.3633336986 3.76678158508 
18.3287880385 16.2895482744 3.76463897269 
18.2012135946 16.2119922007 3.7636489802 
18.063048836 16.1266302432 3.7454480321 
17.9038481676 16.0332230891 3.76124895815 
17.7604559624 15.9451237286 3.76037259907 
17.6180443728 15.860110339 3.75383496321 
17.4978593552 15.787672397 3.75003032559 
17.3276945316 15.6860520209 3.75323296954 
17.1834641659 15.6010501648 3.76074459382 
17.0559028351 15.5239729548 3.75079467985 
16.9132099115 15.4392067457 3.75125298789 
16.7863264048 15.363871109 3.75078452014 
16.6462210977 15.2800370308 3.70831238875 
16.5322956407 15.2144311017 3.64291594569 
16.3573724591 15.1571281145 3.45540340668 
16.2090870702 15.1189015026 3.4567499795 
16.047722634 15.07906523 3.45729240606 
15.8864148502 15.0401793982 3.45066039033 
15.7141065263 14.9976999576 3.46134735267 
15.5034105146 14.9468042518 3.47249221494 
15.3191929423 14.9016906584 3.47978687532 
15.1460528338 14.8592852021 3.54528894951 
15.0069041216 14.8164540494 3.77549399587 
14.9188045227 14.7685377265 3.95845618634 
14.7568106615 14.5885498489 4.4466247401 
14.7088930571 14.4634456004 4.67665276293 
14.7117379868 14.2342363561 -1.2250676913 
14.7738869154 14.0223902429 -1.22518716837 
14.8171398604 13.8750141824 -1.19508705398 
14.8621569836 13.7187495197 -1.14229002664 
14.8733870947 13.6845971311 -1.15273939216 
14.8733870947 13.6845971311 -1.15273939216 
14.991050061 13.4457830156 -0.630758014776 
15.2700249517 13.2695561613 -0.291479648993 
15.3995399439 13.2205885614 -0.299535929258 
15.5703631603 13.1507984365 -0.215359640022 
15.7096375638 13.1110032762 -0.0314976187382 
15.8479567693 13.0985835756 -0.0198116484149 
16.029963907 13.0818723405 -0.00366343316948 
16.186888721 13.0675398077 0.178185540196 
16.3529775703 13.0904298986 0.408094365735 
16.4747565353 13.1348165239 0.398369622301 
16.6323178374 13.194297191 0.396443951596 
16.756547805 13.2401591505 0.303211830739 
16.916811701 13.2760550941 0.17596698354 
17.0979635679 13.2856072153 0.170861258175 
17.2474926674 13.2929484809 0.142958942555 
17.3994122707 13.3037239278 0.13979805757 
17.5289618933 13.3118759359 0.139848956485 
17.7100946867 13.3232761587 0.140227434827 
17.8701040709 13.33377504 0.139762213879 
18.0229241812 13.3441115583 0.141612926885 
18.176413294 13.352307793 0.247546228632 
18.3209583723 13.3775355781 0.521753828388 
18.4528477156 13.4458025659 0.867121051509 
18.5629782641 13.5459372962 1.10489400017 
18.6432983839 13.6937249864 1.45613299401 
18.6678986513 13.8408485616 1.70684156493 
18.6603927576 13.9557768072 1.7581056214 
18.6502969229 14.0501502717 1.75802093169 
18.6366772616 14.1610275472 1.75495949598 
18.6183199846 14.3191906179 1.75442362537 
18.6008481943 14.4857441748 1.80578791771 
18.5688745939 14.6736115182 2.10243849689 
18.5102188551 14.7913656498 2.32813145917 
18.3976299727 14.9332514668 2.39322997137 
18.284078356 15.0621311034 2.41403722713 
18.167627331 15.1850587281 2.59968010364 
18.023570534 15.2814584861 2.64056129633 
17.917106148 15.350437891 2.67516788944 
17.7908846104 15.4306467141 2.80313054462 
17.6156318152 15.4993438686 3.15721319817 
17.4845427239 15.5053276683 3.36362120865 
17.356920954 15.4861698414 3.373663885 
17.291095134 15.4782987351 3.36010269402 
17.2203350031 15.4684802408 3.35792633775 
17.1266045534 15.4541333879 3.35916854256 
16.9981185162 15.435663488 3.35449545543 
16.8294525706 15.4121403212 3.36320827184 
16.7044730746 15.3923813368 3.35811291904 
16.5318419897 15.367160883 3.36690071688 
16.3157361114 15.3326226364 3.38082656162 
16.1282781028 15.3082421909 3.35777626714 
15.9454019853 15.2811188849 3.37748048246 
15.8086970189 15.2628329604 3.5492143468 
15.6947365814 15.2298735047 3.90593475875 
15.6270241105 15.1905782076 4.30138855744 
15.595338341 15.1684460829 4.6630656198 
15.5725518429 15.1711963306 -1.26966954818 
15.5565050804 15.1645172949 -1.0095683022 
15.5342149102 15.1510504673 -0.611447539102 
15.5214591586 15.135089312 -0.327316000391 
15.5169901514 15.1145558546 -0.0131340560122 
15.5340760314 15.0998525436 0.22973305736 
15.5895934069 15.1067516918 0.286938630324 
15.6365436577 15.1171923319 0.290431577033 
15.7334395164 15.1387592743 0.288891694934 
15.878344969 15.1701677556 0.281643590875 
15.9474513197 15.1921061652 0.141692855639 
15.9867040553 15.2119164153 -0.211621224266 
15.9928827399 15.2303826895 -0.518973522363 
15.986427609 15.26168637 -0.798177284383 
15.9880896547 15.2878529842 -0.993880119405 
15.989401687 15.2875972281 -1.00737985149 
15.9881860578 15.285633594 -1.00990518045 
15.9878332653 15.2848491075 -1.00935505297 
15.9877345153 15.2849274802 -1.00732397256 
15.9877472409 15.2849369908 -1.00738136123 
15.9877511227 15.2849239113 -1.00741185194 
15.9877041393 15.285282355 -1.00664116664 
15.9875918367 15.2854106652 -1.00798331973 
15.9876973295 15.2852757427 -1.00593913868 
15.9876198136 15.2853875088 -1.00858693263 
15.9877559656 15.2851413118 -1.0071274653 
15.9877469504 15.2851319949 -1.00699351229 
15.9877886662 15.2851173917 -1.00720517272 
15.987662878 15.2853311228 -1.00585925297 
15.9876589962 15.2853183041 -1.00607209283 
15.9876242765 15.2853455509 -1.00590586148 
15.9876331725 15.2852959151 -1.00585953344 
15.9876703733 15.2853128018 -1.00605496925 
15.9876471871 15.2853269319 -1.00588609118 
15.9876167962 15.2853475625 -1.00565341721 
15.9876666927 15.2852954979 -1.00593360903 
15.9876667076 15.2853031086 -1.00607115495 
15.9878068158 15.2850953231 -1.00749696554 
15.9889050313 15.2853840666 -0.995722006337 
15.9878088647 15.2850753742 -1.00749499793 
15.9878152796 15.2850897613 -1.00740348775 
