15.9877949544 15.2851171794 -1.00722403374 
15.8400604838 15.1710039193 0.386802544019 
15.8415090406 15.1706387813 0.404691314839 
15.8400478252 15.1709846372 0.386992458044 
15.8399587684 15.1710124204 0.385865487596 
15.840076849 15.1709853674 0.386806752323 
15.8400541657 15.1709967817 0.3865927542 
15.8397681118 15.1706137548 0.387696963616 
15.8400601448 15.1709676797 0.386832894658 
15.8400394955 15.1709600131 0.386932405769 
15.8398083673 15.1706256608 0.387661240841 
15.8398107403 15.1706066171 0.387678337088 
15.8397912235 15.1706130619 0.387545716995 
15.8398044334 15.1706115196 0.387510727933 
15.8397934289 15.1706393848 0.387415578781 
15.8400603646 15.1709543655 0.386799436997 
15.8398020045 15.1706227104 0.387653178054 
15.8400754557 15.1709582473 0.386839229694 
15.8398053535 15.1705990399 0.387597572573 
15.8398048469 15.1706092248 0.387592821352 
15.839812521 15.1706145296 0.387675899227 
15.8400784844 15.1709604601 0.386742185973 
15.8400720881 15.1709624718 0.386644108892 
15.8400833124 15.1709401498 0.38645459042 
15.8398195432 15.1706199835 0.387612679944 
15.84008047 15.1709529052 0.386193892248 
15.8398196289 15.1706613044 0.387116863098 
15.8400560507 15.1709778721 0.385871091738 
15.8395818734 15.1697420294 0.379932993131 
15.8399267533 15.1709885711 0.385804163371 
15.8390160018 15.1702467317 0.404527612913 
15.8397565113 15.1705592314 0.393211768216 
15.839761749 15.1705704818 0.393665847675 
15.8397817687 15.1705670545 0.393207157926 
15.8397030161 15.1706509257 0.387062771635 
15.8397190721 15.1706391017 0.3868815911 
15.8399471195 15.1710152517 0.385991257459 
15.8396245429 15.1698064546 0.380204327241 
15.8399714382 15.1707872863 0.384601650942 
15.8399675452 15.1709598044 0.385882429908 
15.8386046143 15.1697172339 0.374922942483 
15.8399894723 15.1709759797 0.385646001108 
15.8445341998 15.1733856539 0.373225766952 
15.87594728 15.1805331672 0.373378545935 
15.9050329431 15.1932809095 0.309227705163 
15.9106301927 15.2122362799 0.0406112615476 
15.9395379239 15.2170976794 -0.0791046665015 
15.9934091085 15.2080917435 -0.0789312922377 
16.0722705835 15.1961786079 -0.0725842642998 
16.1829557681 15.1782765018 -0.100803200524 
16.3136838936 15.15894321 -0.0719272898794 
16.472361263 15.1353784094 -0.0750824598638 
16.692841109 15.1016130264 -0.062825904026 
16.8803163731 15.0720255787 -0.0767454654924 
17.1035354101 15.0378015603 -0.0732815137674 
17.2862824165 15.0108469839 -0.0827917236364 
17.5639284813 14.968391713 -0.0824740606356 
17.7435697281 14.9394329751 -0.0683722990523 
17.9455587828 14.9081298972 -0.0752203816746 
18.1118302309 14.8827888633 -0.0969213988354 
18.2720267737 14.8519420291 -0.366661656498 
18.4044723475 14.7893544699 -0.645820022914 
18.5285689795 14.6706117357 -0.982248213079 
18.5920879805 14.55431157 -1.18666561858 
18.6539401972 14.3520058955 -1.19672547804 
18.6968293154 14.2160934175 -1.29198566635 
18.7261843645 14.0565593208 -1.54952402462 
18.7131383383 13.8993771041 4.63991868689 
18.6968305075 13.7869856323 4.62705429442 
18.6968305075 13.7869856323 4.62705429442 
18.6025338137 13.477897879 4.09625590721 
18.6025338137 13.477897879 4.09625590721 
18.4860749209 13.2871360744 2.7474389188 
18.4860749209 13.2871360744 2.7474389188 
18.0688276255 13.2157288755 3.16646555484 
17.8330092394 13.228069898 3.16463061711 
17.6534711086 13.2382045949 3.18941202506 
17.5229537451 13.2434395517 3.1647547412 
17.4032070601 13.2495534385 3.16405579009 
17.2748329603 13.2561769451 3.16353584226 
17.0376031363 13.2723946537 3.16905240319 
16.9763810598 13.2796908582 3.1890653246 
16.7462847197 13.291573521 3.23665254301 
16.6230926478 13.2959094013 3.43639975597 
16.4892688357 13.2692414487 3.4459185441 
16.304644283 13.2200003828 3.32809798484 
16.1867291295 13.2039338315 3.07363088465 
16.0619941467 13.2229627336 2.9960568052 
15.9297736735 13.2564583982 3.07300616023 
15.8390133121 13.2765483821 3.31494740996 
15.761699062 13.2725087369 3.43467269002 
15.6677692347 13.2518186534 3.43560384744 
15.5402679705 13.2237325872 3.43559455509 
15.3838278019 13.1891540254 3.42878542413 
15.2247746551 13.154914018 3.26870382506 
15.0725499355 13.1487320627 2.97108045258 
14.9368570411 13.1833540166 2.6885123096 
14.815631386 13.2550216878 2.44335765177 
14.815631386 13.2550216878 2.44335765177 
14.6252226793 13.6062695945 1.80774342207 
14.6252226793 13.6062695945 1.80774342207 
14.5717301333 13.918667909 1.74395039669 
14.5717301333 13.918667909 1.74395039669 
14.5149496758 14.2787734235 1.61793638811 
14.5249907934 14.4578487838 1.31008041599 
14.5723574125 14.5819051231 1.16603570319 
14.646751877 14.7188557352 0.881392719077 
14.7730480396 14.8454051579 0.58986590671 
14.9020130002 14.9092482294 0.367609247533 
15.0523468816 14.9516383077 0.344730132149 
15.1660356485 14.9841423298 0.342176144267 
15.3048983776 15.0235216881 0.337222473743 
15.5395612084 15.0841976816 0.349454657911 
15.7036641353 15.1299619863 0.348775769934 
15.8546436654 15.1707587133 0.326135398413 
15.9813192302 15.2088929715 0.341220129038 
16.1755695903 15.2603160965 0.319634639871 
16.3113943898 15.3009130324 0.261294655462 
16.4315582478 15.3258696462 0.0942123188825 
16.5737512672 15.3254896666 0.0717858374758 
16.7340279781 15.3238590474 0.0738619924907 
16.8971632683 15.3205968703 0.0498446803375 
17.0596859419 15.3174850086 0.0508182665019 
17.2466365063 15.313432161 0.0458883540384 
17.4235839808 15.3106960917 0.0397255145763 
17.5836055243 15.3077302838 0.0485674797237 
17.7360879147 15.3050364892 0.0512190182846 
17.890702244 15.3037623281 0.0495822242836 
18.0737457239 15.3014059404 -0.0576832703602 
18.2328705752 15.2782577167 -0.357898548424 
18.3719565832 15.2111256572 -0.671001411545 
18.4910204374 15.0980868901 -0.976240365497 
18.5609233343 14.9674489165 -1.26548536532 
18.594932791 14.7868420447 -1.36941545329 
18.6130297148 14.6481382812 -1.37600605374 
18.6332929098 14.4764004911 -1.37538391986 
18.6528842413 14.3217649425 -1.50296678942 
18.6493804419 14.1694911684 4.62817200583 
18.6232876742 14.013342377 4.62470898538 
18.6019723379 13.8844786848 4.59359680086 
18.5708482229 13.7148127521 4.37776773757 
18.5123543703 13.5781414474 4.1088134604 
18.493184086 13.5492389167 4.03623307209 
18.2554604971 13.3685805763 3.43985680263 
18.0859701597 13.3356003726 3.29794743549 
17.9364168608 13.3242081369 3.30303726818 
17.7833222115 13.3114207948 3.30595604301 
17.6414654219 13.2998675073 3.30781545703 
17.4731733763 13.2847268547 3.30291737197 
17.3019134962 13.2698056663 3.2956294951 
17.1482428276 13.2577989067 3.29838300939 
17.0109248125 13.2535555328 3.29159767459 
16.8606848085 13.2443832124 3.3112813269 
16.6860071981 13.2282172407 3.29326259249 
16.5639372432 13.2180241312 3.28613074055 
16.3682850265 13.1998995508 3.31578920751 
16.214235779 13.1864572729 3.29767117448 
16.070641216 13.1741555894 3.28532325523 
15.9021439013 13.1617771352 3.29605148709 
15.749488216 13.1500030721 3.29692436548 
15.5996916556 13.1393827165 3.29546125515 
15.4442391657 13.1262448991 3.23782218911 
15.2954742872 13.1202231611 3.01283107542 
15.148751136 13.150245067 2.72654877189 
15.0150373542 13.2254461015 2.42204295313 
14.9834307396 13.255783316 2.31710633731 
14.9834307396 13.255783316 2.31710633731 
14.781237241 13.5950283969 1.81992200716 
14.7855089867 13.7831542457 1.44596024468 
14.7940243446 13.8398909534 1.39968902474 
14.8440026009 14.0284624065 1.612740295 
14.8498806917 14.1754652227 1.65567994496 
14.8574559652 14.341513213 1.64757146664 
14.8674404585 14.5159048999 1.60291100284 
14.8734657728 14.6702746714 1.6057723308 
14.8840688431 14.8727177943 1.50384710371 
14.9221589529 15.080267709 1.13197148594 
14.9969102704 15.2024698409 0.838497803726 
15.1022459232 15.30697668 0.524089357796 
15.2452411615 15.378739428 0.267740093867 
15.4049523437 15.4060821945 0.114281080517 
15.5529823565 15.4155233915 0.143543486074 
15.6957658046 15.4247316087 0.143845960379 
15.8653152493 15.4369031454 0.169932233991 
16.0344959312 15.4482520337 0.143678694291 
16.181489166 15.4573538716 0.125192094297 
16.345289793 15.4670599664 0.153731306986 
16.5053741896 15.4772545511 0.152278379478 
16.6558946335 15.486862045 0.122478915222 
16.8086731398 15.4976483549 0.120578579478 
16.9570798838 15.5063435698 0.153768174274 
17.0790978634 15.5140754844 0.155339342259 
17.270732876 15.5257573987 0.160779079069 
17.4556443655 15.537008133 0.117664324914 
17.6371051037 15.5470020438 0.13414198855 
17.7407199108 15.5531119371 0.156129501159 
17.9066188299 15.562326696 0.142275249424 
18.1703894102 15.5765598978 0.138282008229 
18.3431770765 15.5856177772 0.139199462604 
18.5128979647 15.5945235158 0.129313864391 
18.7067043745 15.6036857332 0.128342555428 
18.853934046 15.6093426312 0.121837150565 
18.853934046 15.6093426312 0.121837150565 
19.1981098616 15.654846635 0.578298812372 
19.3383877241 15.733442005 0.878136415808 
19.3383877241 15.733442005 0.878136415808 
19.3383877241 15.733442005 0.878136415808 
19.3383877241 15.733442005 0.878136415808 
19.3383877241 15.733442005 0.878136415808 
19.3383877241 15.733442005 0.878136415808 
19.3383877241 15.733442005 0.878136415808 
19.3383877241 15.733442005 0.878136415808 
18.9713947737 16.6220092739 3.45969472387 
18.8140106165 16.5786845649 3.71578516402 
18.6563377344 16.4875640834 3.75119026505 
18.5267469847 16.4092529977 3.76638592176 
18.4150440657 16.3417321409 3.76521135386 
18.2717707121 16.2553787197 3.76482593394 
18.1136262381 16.1576683486 3.75066758922 
17.9810125792 16.0782307948 3.75943393194 
17.8546534741 16.0026883448 3.75174051772 
17.7415745222 15.9339733685 3.76512121965 
17.6031073296 15.8514128889 3.7559562397 
17.4104310238 15.7361423934 3.76010812469 
17.2659879887 15.6498310233 3.75634945353 
17.1404188835 15.574674722 3.75501629672 
17.0003943407 15.4910287524 3.76690338866 
16.8724657261 15.4162231351 3.75399339046 
16.7352035606 15.3335543985 3.75004287147 
16.6020814144 15.253193686 3.66804349705 
16.4539295399 15.182658978 3.48233462715 
16.3088279032 15.1443839411 3.45470703725 
16.1684000754 15.1093173886 3.46065325127 
15.9739912638 15.0612439478 3.45500409149 
15.787048977 15.0156591947 3.47498216448 
15.6766378098 14.9888069744 3.46125496545 
15.4410969579 14.9333611096 3.44800123301 
15.298717376 14.8967847193 3.47676112298 
15.133920964 14.8564109767 3.56218922308 
14.9513674938 14.788637575 3.87301234744 
14.7883517706 14.640448388 4.31204294377 
14.7278304064 14.5217250551 4.58722452933 
14.6991831028 14.3227659429 -1.32534630728 
14.7738869154 14.0223902429 -1.22518716837 
14.8218997681 13.8628399337 -1.20835024756 
14.8621569836 13.7187495197 -1.14229002664 
14.8733870947 13.6845971311 -1.15273939216 
14.8733870947 13.6845971311 -1.15273939216 
14.991050061 13.4457830156 -0.630758014776 
15.3259896004 13.2489492858 -0.295830022143 
15.4680647218 13.1929441656 -0.295435492887 
15.6095093453 13.1360369886 -0.153134903882 
15.7691394353 13.1034301485 0.000776950665522 
15.9495940582 13.0888334478 -0.00892837399387 
16.1104760283 13.0727885927 0.0619727925764 
16.2915418112 13.076319095 0.350746659324 
16.4457874262 13.122921821 0.432050029684 
16.5849471056 13.1764734949 0.399107367968 
16.7269788944 13.2299536432 0.336331746178 
16.8777025306 13.2707931961 0.199769194146 
17.0366982185 13.2831046546 0.156908147169 
17.2054735386 13.2900284494 0.141664334178 
17.3568210566 13.3005361522 0.143178094212 
17.5071765148 13.3107194866 0.140817684243 
17.658480283 13.3201540674 0.137172023598 
17.8111879789 13.3298594917 0.139894826325 
17.9634668791 13.3401377166 0.138427730462 
18.1265282595 13.3495537008 0.190704369427 
18.2717096769 13.3654109205 0.406499696581 
18.433391329 13.4324356283 0.789490328045 
18.5839154684 13.5763784612 1.17770560656 
18.6519317591 13.7215567792 1.51805119753 
18.6671452486 13.8794710601 1.74047537208 
18.6537871325 14.0165278877 1.75355294416 
18.6422750914 14.1178425516 1.75786301074 
18.6217558348 14.2885990108 1.75524595332 
18.6035683119 14.4609290923 1.78016075821 
18.5744037592 14.653669473 2.05002450951 
18.4894313776 14.8218473459 2.34391102579 
18.3976299727 14.9332514668 2.39322997137 
18.292520281 15.0526636357 2.40388324366 
18.1891648733 15.1655426214 2.57456217312 
18.023570534 15.2814584861 2.64056129633 
17.892642256 15.367230233 2.68300375939 
17.7633522713 15.4478460217 2.81553660468 
17.594687339 15.5029254521 3.20347299969 
17.4589045012 15.5028825069 3.38465074465 
17.356920954 15.4861698414 3.373663885 
17.291095134 15.4782987351 3.36010269402 
17.1856566631 15.4625610078 3.34874762856 
17.0587921106 15.4444068337 3.36841701885 
16.8918418848 15.4208227808 3.36771344418 
16.7128030622 15.3940822894 3.36229234813 
16.5623367989 15.3715201879 3.34849316103 
16.3469002509 15.3375698889 3.35681588601 
16.2085559928 15.318368722 3.35919652159 
16.0450639838 15.295841031 3.34472205314 
15.8345889078 15.2683621293 3.4986798833 
15.7298625075 15.2442678141 3.77633494824 
15.6463835054 15.2045086215 4.16199688527 
15.6122149789 15.1796316507 4.45900144017 
15.5838495755 15.1720138604 -1.44868683348 
15.5662542843 15.169406798 -1.16190644059 
15.5454704427 15.1574805419 -0.799366907685 
15.5291047656 15.1461001227 -0.51949674233 
15.5180549585 15.1230139549 -0.127634407448 
15.5246929788 15.1014120097 0.191424121929 
15.574460026 15.1035539622 0.289193236789 
15.6548960024 15.1221423934 0.284906034108 
15.7476993614 15.1419909636 0.278259765625 
15.8198973575 15.1587384606 0.286178922413 
15.9081075193 15.1785573962 0.260578443801 
15.9797626623 15.2062415111 -0.0937845655272 
15.9932519236 15.2238558002 -0.43521370008 
15.9871210941 15.2535306944 -0.737498386946 
15.9845191204 15.286131602 -0.979360320024 
15.9901516401 15.2869614477 -1.01826961544 
15.9877820947 15.2847724522 -1.00702042821 
15.9878480622 15.2848416942 -1.00949269897 
15.9877564275 15.2849441546 -1.00734843695 
15.9877621793 15.2848981063 -1.00728176443 
15.9877689519 15.284958266 -1.0074132378 
15.9877343216 15.2851547042 -1.0070179111 
15.987772938 15.2851091812 -1.00761669075 
15.9877416753 15.2852234172 -1.00920018276 
15.9876934626 15.2852638739 -1.00631873924 
15.9877501914 15.2850834692 -1.00724678823 
15.9876810425 15.285271887 -1.00611504389 
15.9876449146 15.2853426042 -1.00588775156 
15.9876611271 15.2853334884 -1.00573012192 
15.9877588042 15.2851478832 -1.00690420947 
15.9876466953 15.285291821 -1.00601659315 
15.9876786211 15.2852765585 -1.0061113789 
15.9877706655 15.2851146387 -1.00731731443 
15.9878820666 15.2852872911 -1.00803388634 
15.9878946358 15.2852875928 -1.0080631289 
15.9880705067 15.286122259 -1.00807760361 
15.9878094011 15.2851471866 -1.00710315256 
15.9876321071 15.2853449958 -1.00579998983 
15.9891104662 15.2855199541 -0.986518818592 
15.9880667591 15.286079556 -1.00809444073 
15.987785291 15.2851141433 -1.00735878566 
