15.8398022951 15.1706528033 0.387775666253 
15.8397403957 15.1706448014 0.387249247038 
15.8400675022 15.1709964986 0.386883670553 
15.8397923337 15.1706420595 0.387759644548 
15.8400507347 15.1709884594 0.386589614223 
15.8401937747 15.1710710863 0.387120318888 
15.8414632716 15.1708337257 0.402188675001 
15.8397904673 15.170614023 0.387686547805 
15.840070855 15.1709626208 0.38668981539 
15.8400592582 15.1709597821 0.386897586739 
15.8397824318 15.170605507 0.387755013552 
15.8397998587 15.1706165562 0.387633616245 
15.8400678599 15.1709786172 0.386721550326 
15.8400512264 15.1709557737 0.386860200893 
15.8400674687 15.1709582845 0.386655373685 
15.8400624098 15.1709496121 0.386615315057 
15.8400516139 15.1709503944 0.386794264099 
15.8397870326 15.1706071163 0.387601536576 
15.8400515207 15.1709520335 0.386722720995 
15.8398100251 15.1706155951 0.387554212164 
15.840057362 15.17094465 0.386489808596 
15.8400920891 15.1709658841 0.386678099311 
15.8400713765 15.1709536279 0.386679211544 
15.8400833124 15.1709401498 0.38645459042 
15.8398195432 15.1706199835 0.387612679944 
15.8398369924 15.1706102158 0.387280357943 
15.8399776966 15.1707168336 0.387396295277 
15.839746155 15.1705351959 0.387568461565 
15.8397962787 15.1706152449 0.387532060637 
15.8398691156 15.170046408 0.382852018525 
15.8397299276 15.1706821064 0.386678241939 
15.8401464858 15.1709064955 0.392252472817 
15.8397764118 15.1705580617 0.393023726171 
15.8397994639 15.1705775152 0.393170149868 
15.8397260384 15.1705377812 0.386286170878 
15.8399503269 15.170946982 0.385925228433 
15.8397081682 15.1706371347 0.386773861289 
15.8399519474 15.1709890629 0.386107868512 
15.8397214637 15.1706435795 0.386873079621 
15.839905996 15.1700437332 0.382209910438 
15.8397219741 15.1706260706 0.387230509636 
15.8399788589 15.1709797497 0.386079472151 
15.8399966174 15.1709331612 0.385992760224 
15.8399064691 15.1700469146 0.381870496301 
15.839991633 15.1709865446 0.385752049357 
15.8414541298 15.171652932 0.379610488363 
15.8728669697 15.1797513033 0.377542058156 
15.910977943 15.1990939083 0.234896431803 
15.9102171009 15.2093924659 0.0751569961375 
15.9338410833 15.2168812177 -0.0700895944312 
15.980971899 15.209717816 -0.0828267333704 
16.0542533362 15.1976328867 -0.0720685002297 
16.1648172998 15.1813826712 -0.0937669651897 
16.3432377839 15.1546471233 -0.071463310038 
16.5107778871 15.1291960368 -0.0729409141492 
16.8124993407 15.082756188 -0.0742373459611 
16.9014896118 15.0686163569 -0.0762514359021 
17.1926469767 15.0245927388 -0.0714511876407 
17.495660659 14.9781496788 -0.0895578323983 
17.6430598461 14.9557467664 -0.0831648571398 
17.80246472 14.9302104081 -0.0806108021827 
17.9330670797 14.9108883704 -0.0872935462143 
18.1252672636 14.8811102177 -0.106895312365 
18.2358400786 14.8609462346 -0.264552346813 
18.4044723475 14.7893544699 -0.645820022914 
18.5285689795 14.6706117357 -0.982248213079 
18.6024842226 14.5284032191 -1.18453493918 
18.6600615942 14.331467923 -1.20263915934 
18.7049188578 14.1868981088 -1.32951759457 
18.7263274157 14.0350322689 4.70636838683 
18.7131383383 13.8993771041 4.63991868689 
18.6968305075 13.7869856323 4.62705429442 
18.6968305075 13.7869856323 4.62705429442 
18.6025338137 13.477897879 4.09625590721 
18.4860749209 13.2871360744 2.7474389188 
18.4860749209 13.2871360744 2.7474389188 
18.0688276255 13.2157288755 3.16646555484 
17.9480750525 13.2216190065 3.1680932659 
17.8286125624 13.2280918325 3.17138473542 
17.6423928702 13.2384835447 3.17101535596 
17.424855467 13.2482396329 3.16479601577 
17.2748329603 13.2561769451 3.16353584226 
17.1556669438 13.2647662128 3.16594807676 
17.0376031363 13.2723946537 3.16905240319 
16.9763810598 13.2796908582 3.1890653246 
16.6949234569 13.293852445 3.28695698598 
16.5661931598 13.2863084043 3.4675834906 
16.4085257017 13.2467025484 3.41181454678 
16.2818362081 13.2153633798 3.29046548414 
16.1867291295 13.2039338315 3.07363088465 
16.0240255409 13.2316638196 2.9902413995 
15.956067864 13.2496870721 3.04085923348 
15.8345466369 13.2771247591 3.3305803108 
15.7480381095 13.2699971164 3.43974990797 
15.6277306342 13.2429591382 3.4361549951 
15.5043065512 13.2156542505 3.43404456422 
15.3464736306 13.1798926557 3.41179473265 
15.1746882164 13.1486231054 3.17679617617 
14.9935743773 13.1637102331 2.80319958819 
14.8698655331 13.2164653505 2.5486283523 
14.815631386 13.2550216878 2.44335765177 
14.6343785488 13.5570380653 1.82419316302 
14.6252226793 13.6062695945 1.80774342207 
14.5842122995 13.8413928712 1.83710119038 
14.5717301333 13.918667909 1.74395039669 
14.5178861582 14.2544470991 1.66022449348 
14.5141980612 14.3705754841 1.48669943092 
14.5461885893 14.5066933001 1.34211255934 
14.6048481428 14.6495259965 1.03835001584 
14.7264516317 14.8072122003 0.654493254993 
14.8524473869 14.8873062099 0.435063377486 
14.9859389627 14.9332322443 0.348509114027 
15.0925136768 14.9624372984 0.367676777865 
15.2831182444 15.0179119373 0.292164823652 
15.4218428695 15.0541010464 0.342823018862 
15.5969581568 15.0998278523 0.353658317424 
15.7613752448 15.1462807844 0.357215958314 
15.9114113861 15.1886800716 0.33301319884 
16.0108891615 15.2166337597 0.320909812035 
16.1755695903 15.2603160965 0.319634639871 
16.3275389933 15.3059393729 0.238482467741 
16.4950098955 15.3283528278 0.027121389833 
16.6446476543 15.3261701206 0.0362249494868 
16.7843321526 15.3228599394 0.0730665253212 
16.8843759262 15.3209541405 0.0496937848065 
17.06803846 15.3172976414 0.0503285219164 
17.2626156771 15.3126393373 0.064763380003 
17.3641756737 15.3117460648 0.0397612084564 
17.5285613501 15.3087968568 0.0454671799176 
17.7876870596 15.3050684969 0.0459215476224 
17.9287373983 15.3021736706 0.0542971885674 
18.0019600355 15.3031258176 0.010343631527 
18.2411384546 15.2757507155 -0.376693213436 
18.3962674105 15.1936049054 -0.733629275387 
18.4958853685 15.0913186635 -0.994460630321 
18.5609233343 14.9674489165 -1.26548536532 
18.5982208216 14.7571830417 -1.3702313171 
18.61556625 14.6366208161 -1.35714380466 
18.6426989996 14.4071354235 -1.40792318483 
18.656542536 14.2708017195 4.70537223071 
18.6493804419 14.1694911684 4.62817200583 
18.6111595595 13.9443063701 4.61294760403 
18.5864992106 13.7916414703 4.51221598829 
18.5550868475 13.6674551929 4.27946239281 
18.493184086 13.5492389167 4.03623307209 
18.3952054941 13.4426660503 3.73195625858 
18.2094070875 13.3557710613 3.37969045684 
18.0764992201 13.33564901 3.30629881554 
17.9154345953 13.3227826322 3.30788926167 
17.7833222115 13.3114207948 3.30595604301 
17.625687834 13.2979880537 3.3054272307 
17.4430153334 13.2822849716 3.30258344 
17.3314317429 13.2720047201 3.29472534954 
17.1696581804 13.2592998708 3.29338700129 
16.9592738115 13.2492989267 3.33842054921 
16.8032921517 13.239442941 3.29097951636 
16.6566281879 13.2237731184 3.26313516921 
16.4833243453 13.2115017141 3.28502394486 
16.3558556699 13.1964586938 3.28520605134 
16.171980735 13.1826611722 3.29636468082 
16.0404280388 13.1731337274 3.27233529202 
15.9021439013 13.1617771352 3.29605148709 
15.7409551406 13.1494506563 3.29663881019 
15.5653319323 13.1363891328 3.29438026499 
15.4058799708 13.1230128969 3.18845932474 
15.2539811098 13.122671243 2.92295193881 
15.1359569394 13.1550086702 2.69563511036 
14.9863710367 13.2527717317 2.32958990237 
14.9834307396 13.255783316 2.31710633731 
14.801146146 13.5320475067 1.85669049647 
14.7772337162 13.7019923891 1.54038027394 
14.7940243446 13.8398909534 1.39968902474 
14.832817074 13.9963805641 1.54209191729 
14.8480532133 14.1546322072 1.63377507925 
14.8567377293 14.2846049632 1.65060702209 
14.8621904814 14.4400604332 1.63128053722 
14.8734657728 14.6702746714 1.6057723308 
14.8781894409 14.8043060864 1.62430598993 
14.8856393063 14.9128641451 1.51587449956 
14.9904515707 15.197539978 0.884919206768 
15.1655469501 15.345823061 0.411611141106 
15.3958542907 15.4054580147 0.128728672113 
15.6862840765 15.4247008676 0.130596127902 
15.8988917071 15.4393649811 0.171233847553 
16.1283910089 15.4539942558 0.144902457335 
16.3325811886 15.4661662246 0.159977512234 
16.5187220537 15.4781321699 0.135297522139 
16.6558946335 15.486862045 0.122478915222 
16.8385388219 15.4984246458 0.152005776523 
17.0698401892 15.5135435427 0.159806779484 
17.2420147621 15.524105307 0.123152292042 
17.4888218605 15.5385318364 0.114030770015 
17.7650847399 15.5556609596 0.126780201229 
18.097753998 15.5727249647 0.134631208432 
18.3529362642 15.5872289206 0.129918850585 
18.646366831 15.601040181 0.127348665893 
18.809237715 15.6091543401 0.127733181425 
18.853934046 15.6093426312 0.121837150565 
19.2730791533 15.6907112564 0.702780730421 
19.3383877241 15.733442005 0.878136415808 
19.3383877241 15.733442005 0.878136415808 
19.3383877241 15.733442005 0.878136415808 
19.3383877241 15.733442005 0.878136415808 
19.3383877241 15.733442005 0.878136415808 
18.8711252176 16.6009603704 3.64173219017 
18.5868322813 16.4457079137 3.76567706787 
18.4323151075 16.3534840311 3.74848490512 
18.245942589 16.2394649948 3.76379888815 
17.9923503363 16.0847493375 3.75008577228 
17.6864677631 15.9013886417 3.74935549245 
17.4543832504 15.7620819772 3.75254151019 
17.3167303764 15.6795842017 3.75592327556 
17.214030143 15.6189159418 3.75331990256 
16.9928485119 15.4868249858 3.77026987823 
16.6095490419 15.2569457388 3.66304899447 
16.4539295399 15.182658978 3.48233462715 
16.2791306638 15.1366070847 3.47752076636 
15.9865726345 15.064780813 3.46795100687 
15.787048977 15.0156591947 3.47498216448 
15.5865605735 14.9669872786 3.46157061089 
15.4036064708 14.9225833977 3.47697019006 
15.2411757075 14.8808313573 3.45835470385 
14.9513674938 14.788637575 3.87301234744 
14.84091663 14.7020763124 4.16030357696 
14.7341477835 14.5425612892 4.52560048165 
14.6993777716 14.3860354985 -1.43384985642 
14.7260200941 14.176708814 -1.2298758445 
14.7787214481 14.0032768215 -1.24163023975 
14.8159817421 13.8843992914 -1.20695065204 
14.8621569836 13.7187495197 -1.14229002664 
14.8733870947 13.6845971311 -1.15273939216 
14.991050061 13.4457830156 -0.630758014776 
15.15808725 13.3304519618 1.27960665682 
15.3915112578 13.223863479 -0.300198481685 
15.5627333486 13.1538873876 -0.225026903667 
15.7096375638 13.1110032762 -0.0314976187382 
15.9495940582 13.0888334478 -0.00892837399387 
16.1661594176 13.0683342184 0.136283976783 
16.3529775703 13.0904298986 0.408094365735 
16.5102156961 13.1488229001 0.404345057087 
16.679892596 13.2126182283 0.397168042455 
16.8854197228 13.2744929756 0.176826177081 
17.0668219292 13.2848684753 0.159437243646 
17.1770226919 13.2887818778 0.135909400359 
17.4080630505 13.3043808902 0.139136433025 
17.5802525246 13.3146089281 0.140379277232 
17.8195760214 13.3304448093 0.139803780031 
17.9720387423 13.3407512868 0.137319176341 
18.1959457361 13.3553377355 0.290360232825 
18.3491470778 13.388573047 0.569981999975 
18.5350148642 13.5154778923 1.03206461272 
18.6638689005 13.7791300977 1.62707047268 
18.6625122988 13.9430075849 1.76454604748 
18.6537871325 14.0165278877 1.75355294416 
18.6343755686 14.180096742 1.75544453496 
18.6150815451 14.3488727773 1.75337407609 
18.6053497755 14.4424937333 1.7795419483 
18.5662422144 14.6816319192 2.12013912155 
18.3976299727 14.9332514668 2.39322997137 
18.2035372221 15.1510504896 2.54239361175 
18.0673797094 15.2571038085 2.65432758833 
17.9064869845 15.3576116155 2.66584213903 
17.7756767237 15.4391048069 2.82902220383 
17.5427995884 15.5065349008 3.28644321823 
17.4213076794 15.4977477456 3.38800465866 
17.314430114 15.4812907393 3.35298279393 
17.2570133173 15.4728904928 3.35456305844 
17.1465262138 15.4569769914 3.36808592997 
17.0158163273 15.4376368488 3.36499533062 
16.8118341529 15.4079810346 3.34097297026 
16.5790885651 15.3742588426 3.35574509756 
16.3288079464 15.3347986827 3.36866704267 
16.1406030321 15.309427839 3.34142287601 
15.931134537 15.279974554 3.36670774927 
15.777594302 15.2562170348 3.59827996407 
15.6701783204 15.214930732 4.01226337128 
15.6191922986 15.1848586092 4.38054380432 
15.5804509782 15.1732776875 -1.39298899392 
15.5580696725 15.1657479594 -1.02705612786 
15.5342149102 15.1510504673 -0.611447539102 
15.5191222989 15.1291424299 -0.227955609399 
15.5172532761 15.1174834485 -0.0517790331867 
15.5410442316 15.0994204248 0.250752447258 
15.64457066 15.1194276477 0.286284396937 
15.7194329613 15.1356276388 0.288015342057 
15.8500402198 15.1655274148 0.285493750695 
15.9327011855 15.1860431174 0.205919785538 
15.9797626623 15.2062415111 -0.0937845655272 
15.9923667276 15.2309152486 -0.512036323075 
15.987470802 15.2550960875 -0.759105603054 
15.9858462327 15.286546916 -0.992417369864 
15.9878383541 15.2849342229 -1.00743707435 
15.9877748304 15.284942169 -1.00759665184 
15.9877469205 15.2849375571 -1.00739354625 
15.9876341411 15.2851243841 -1.00578826463 
15.98774701 15.2849254797 -1.00744262072 
15.9876550847 15.2853308211 -1.00586957987 
15.9876853639 15.2853023822 -1.00617675 
15.9876934626 15.2852638739 -1.00631873924 
15.9878031724 15.2851032766 -1.00746087365 
15.9876554051 15.2852935719 -1.00627502212 
15.9876936265 15.2852705049 -1.00620151919 
15.9877720216 15.2851489449 -1.00723109914 
15.9877741301 15.2851241196 -1.00721182855 
15.9876437375 15.285300039 -1.00599509054 
15.9877475687 15.2851640771 -1.00705231002 
15.9876471871 15.2853269319 -1.00588609118 
15.987780165 15.2850854735 -1.00749410358 
15.9880705067 15.286122259 -1.00807760361 
15.987786878 15.2851324978 -1.00729467274 
15.9883011394 15.2860383059 -1.01109844411 
15.987669129 15.2852774712 -1.00582715813 
15.9877949544 15.2851171794 -1.00722403374 
15.9877949544 15.2851171794 -1.00722403374 
