15.8398022951 15.1706528033 0.387775666253 
15.8398096972 15.1706415753 0.387697824947 
15.839761071 15.1706460605 0.387397448145 
15.8398085536 15.1706247295 0.387713659422 
15.8400603906 15.1709835345 0.386782356632 
15.8400524968 15.1709773282 0.386771132469 
15.8414625787 15.1706159006 0.404582997059 
15.8400452622 15.1709459836 0.386688875231 
15.8400488981 15.1709835047 0.386739630061 
15.8400810027 15.17096952 0.386795743142 
15.8398065158 15.1706253479 0.387599773736 
15.8397931569 15.1706149245 0.387787606149 
15.8400469535 15.1709371994 0.386721887511 
15.8400678599 15.1709786172 0.386721550326 
15.8400489689 15.1709512661 0.386758953852 
15.8398094551 15.170612585 0.38780586669 
15.8400503994 15.1709401126 0.386648430825 
15.8400516139 15.1709503944 0.386794264099 
15.8398022318 15.1706079582 0.387683498598 
15.8400588037 15.1709520931 0.386661945048 
15.840072807 15.170962807 0.386682547624 
15.8400757984 15.1709529648 0.386728379677 
15.839815002 15.1706134568 0.387584371816 
15.8400713765 15.1709536279 0.386679211544 
15.8400491179 15.1709495897 0.386421240606 
15.8398247288 15.1706203783 0.387667178589 
15.8400808723 15.1709575991 0.386207347048 
15.8399289065 15.1707316826 0.387323336767 
15.84006463 15.1710033754 0.385960446321 
15.8400529997 15.1709528903 0.386677625683 
15.8395484501 15.1706277544 0.386411498574 
15.8397113123 15.1706288646 0.387036046749 
15.839846708 15.1717395152 0.378020962306 
15.8398402968 15.1706233362 0.393147032115 
15.839764435 15.1705584491 0.39290986232 
15.8397875206 15.170566086 0.393355915546 
15.8399934136 15.1707292909 0.391712271926 
15.8397260384 15.1705377812 0.386286170878 
15.8397011423 15.1706377829 0.386996951342 
15.8397081682 15.1706371347 0.386773861289 
15.8397014738 15.1706382299 0.387044493703 
15.8399806024 15.1709443072 0.385925330482 
15.8398968914 15.1700414682 0.382232448409 
15.8397308403 15.1706414933 0.387227300849 
15.8399657571 15.1709640289 0.386029457534 
15.8395803609 15.1697658638 0.379360992099 
15.8400035315 15.1709525252 0.38567389819 
15.8397448213 15.1706167946 0.386783711715 
15.8571983242 15.1761698241 0.380697457447 
15.8977483205 15.187968638 0.356615961551 
15.911664039 15.2005422043 0.218880538416 
15.9176868555 15.2155582851 -0.0214247531047 
15.9650674575 15.2123348529 -0.0892822023942 
16.0212888085 15.2028899642 -0.0739649369404 
16.091447469 15.1925104971 -0.0767846798138 
16.2119628751 15.1748476143 -0.0727750534061 
16.36491346 15.1523696149 -0.0837736320556 
16.5019452536 15.1305212418 -0.0721036089669 
16.6720595324 15.1043621565 -0.06256226045 
16.8336411678 15.0795962031 -0.0757528416967 
16.9934332335 15.0542814697 -0.0742868100137 
17.1633915865 15.0292368347 -0.0692169192903 
17.3835738861 14.996153977 -0.0813565242811 
17.512442466 14.9753926064 -0.0890724190089 
17.6842449867 14.9491950239 -0.078708347487 
17.8444608414 14.9234409595 -0.0734964582294 
18.0101618731 14.8969227935 -0.0611161999253 
18.1341881716 14.8806182409 -0.147673067558 
18.3211641276 14.8339351083 -0.454736745802 
18.4686348402 14.7384429539 -0.811472062607 
18.5619544947 14.6197053159 -1.08480009131 
18.6177985632 14.4732883538 -1.20219178493 
18.6626749003 14.3234780396 -1.20659315877 
18.7082378828 14.1742979253 -1.34967808783 
18.7263274157 14.0350322689 4.70636838683 
18.7131383383 13.8993771041 4.63991868689 
18.6968305075 13.7869856323 4.62705429442 
18.6968305075 13.7869856323 4.62705429442 
18.6025338137 13.477897879 4.09625590721 
18.5200743639 13.3314963544 2.77452388214 
18.4860749209 13.2871360744 2.7474389188 
18.4860749209 13.2871360744 2.7474389188 
18.0688276255 13.2157288755 3.16646555484 
17.8286125624 13.2280918325 3.17138473542 
17.7257902586 13.2348014081 3.17469562795 
17.6423928702 13.2384835447 3.17101535596 
17.4032070601 13.2495534385 3.16405579009 
17.2748329603 13.2561769451 3.16353584226 
17.1556669438 13.2647662128 3.16594807676 
16.9763810598 13.2796908582 3.1890653246 
16.9188911879 13.2828433479 3.16580784224 
16.6710552537 13.2950714792 3.33235488035 
16.473120805 13.2632096971 3.41395848698 
16.3204525673 13.2237139905 3.32904504608 
16.2202041411 13.2040795053 3.12698105206 
16.1273060852 13.2104152406 3.01717655342 
15.9925987461 13.2401055063 3.00607810544 
15.8720301354 13.2707520689 3.20865573485 
15.7951515132 13.2765418256 3.40281144372 
15.6898148471 13.2564140523 3.43224597503 
15.6109890306 13.2390891279 3.43473328636 
15.4538001084 13.2048798765 3.43761683865 
15.2447761261 13.1579593385 3.300699989 
15.0845910871 13.1470881666 2.97547260237 
14.9444230163 13.1803139413 2.70951600934 
14.815631386 13.2550216878 2.44335765177 
14.815631386 13.2550216878 2.44335765177 
14.632705208 13.5652540887 1.82172175742 
14.6252226793 13.6062695945 1.80774342207 
14.5842122995 13.8413928712 1.83710119038 
14.5717301333 13.918667909 1.74395039669 
14.5717301333 13.918667909 1.74395039669 
14.5129653179 14.3372209633 1.57645723944 
14.5494421684 14.5196846093 1.3075481169 
14.6643440687 14.7450914348 0.835204654562 
14.7512886488 14.8276749814 0.545189083441 
14.9039676153 14.9093069101 0.402254404884 
15.0454757177 14.9487554992 0.318168057503 
15.213941034 14.9955190981 0.372980995129 
15.3504450881 15.0356144721 0.334943112076 
15.5233695471 15.0800084139 0.355859979492 
15.6661302113 15.1195450837 0.355595628122 
15.8031778597 15.1587628911 0.363071818319 
16.0108891615 15.2166337597 0.320909812035 
16.109181922 15.242741152 0.328922588104 
16.262078222 15.2847073043 0.314755957396 
16.4206799829 15.3249580974 0.112799402999 
16.5161935055 15.3266812677 0.0610267933417 
16.6662535035 15.3253526727 0.0427215642938 
16.8971632683 15.3205968703 0.0498446803375 
17.0886177981 15.3168261389 0.0644397954854 
17.2242459023 15.3143139372 0.0558015223811 
17.385389086 15.3113395462 0.039092461538 
17.5755628311 15.3076738531 0.0383035969285 
17.7576161587 15.304613244 0.0558441811684 
17.9201896155 15.3022390048 0.0554413354105 
18.1240212881 15.2974681968 -0.129818805771 
18.2534086668 15.2715977954 -0.401322714779 
18.3962674105 15.1936049054 -0.733629275387 
18.5129640066 15.0671556259 -1.06088032215 
18.5718154871 14.9247729147 -1.33417693594 
18.5940039122 14.7952722872 -1.37031483083 
18.6118102038 14.656366166 -1.37916851769 
18.6340599024 14.4674530591 -1.37113903691 
18.6472005808 14.3733978833 -1.44365101212 
18.6556765997 14.2305834259 4.66386516019 
18.6232876742 14.013342377 4.62470898538 
18.5994291269 13.871107098 4.61452591564 
18.5802543127 13.7542015279 4.44683477796 
18.493184086 13.5492389167 4.03623307209 
18.493184086 13.5492389167 4.03623307209 
18.2433466875 13.3640859092 3.41397843234 
18.1169300043 13.341417786 3.32217541829 
17.9870727026 13.327923056 3.29590587759 
17.7961509192 13.3120710815 3.30208154221 
17.6414654219 13.2998675073 3.30781545703 
17.4561011755 13.2833133901 3.3033691206 
17.3019134962 13.2698056663 3.2956294951 
17.1993566715 13.2618898118 3.2970880368 
16.9803111517 13.2510406936 3.33529089002 
16.8709001505 13.2445689405 3.31935120966 
16.6732694471 13.2251640523 3.32256461552 
16.491265949 13.2137120927 3.29894321923 
16.3864962422 13.2039562429 3.28616685862 
16.1845988595 13.1837860311 3.29682448739 
16.0817767495 13.1759203638 3.24970000236 
15.8937509899 13.1611291135 3.2965406228 
15.7409551406 13.1494506563 3.29663881019 
15.5653319323 13.1363891328 3.29438026499 
15.4234290683 13.124090072 3.20670317166 
15.2453703844 13.1238065923 2.90249378418 
15.1359569394 13.1550086702 2.69563511036 
14.9834307396 13.255783316 2.31710633731 
14.9834307396 13.255783316 2.31710633731 
14.7859929764 13.5858319963 1.80317295955 
14.7773379051 13.6861603225 1.5267393453 
14.7940243446 13.8398909534 1.39968902474 
14.832817074 13.9963805641 1.54209191729 
14.8488261664 14.0522370304 1.60614512907 
14.8498806917 14.1754652227 1.65567994496 
14.8574559652 14.341513213 1.64757146664 
14.8674404585 14.5159048999 1.60291100284 
14.8791046106 14.7366664971 1.60362465393 
14.8840688431 14.8727177943 1.50384710371 
14.9171791041 15.0705008621 1.15416931623 
14.9620267117 15.1577072258 0.949300480878 
15.1073573792 15.3114385719 0.532554162797 
15.2043378913 15.3653011287 0.339731080416 
15.3472483122 15.400542822 0.14364164952 
15.5398876631 15.4150446768 0.140797475834 
15.7337940597 15.4271803314 0.13008894638 
15.8988917071 15.4393649811 0.171233847553 
16.0476095789 15.449447375 0.14152413305 
16.1934303605 15.4583092595 0.136659993908 
16.3747580611 15.4685567285 0.157248679019 
16.5053741896 15.4772545511 0.152278379478 
16.677860316 15.4882034923 0.148986205309 
16.8174099886 15.4972833658 0.145577411306 
16.9780837261 15.5082901979 0.144702047198 
17.1293030941 15.5171800817 0.142751261529 
17.2934598887 15.5278515483 0.125993639365 
17.4107594454 15.5335050786 0.133470839961 
17.6648412907 15.5492778088 0.119722465194 
17.8382699453 15.558800068 0.140401516078 
17.936553713 15.5639961923 0.140661810369 
18.1786527598 15.5769697691 0.138064132217 
18.3529362642 15.5872289206 0.129918850585 
18.51715469 15.594677862 0.129685906539 
18.6973853075 15.6037552024 0.132366466714 
18.8512053454 15.6104584599 0.131593373441 
18.853934046 15.6093426312 0.121837150565 
19.2061483824 15.6577810908 0.582800847242 
19.3324124777 15.729200002 0.869555020742 
19.3383877241 15.733442005 0.878136415808 
19.3383877241 15.733442005 0.878136415808 
19.3383877241 15.733442005 0.878136415808 
19.3383877241 15.733442005 0.878136415808 
19.3383877241 15.733442005 0.878136415808 
19.3383877241 15.733442005 0.878136415808 
19.3383877241 15.733442005 0.878136415808 
18.9796915018 16.6223208869 3.43200977168 
18.7866070234 16.5657471384 3.74409519104 
18.6490614378 16.4837506975 3.76494446682 
18.5447778666 16.4197859729 3.76310061105 
18.3642280066 16.3113367523 3.76530705967 
18.2195324862 16.2233669127 3.76341125738 
18.1205873453 16.163011011 3.72986936396 
17.9659247362 16.0701127017 3.76155731893 
17.8619792425 16.0071166123 3.75510137931 
17.6941274368 15.9054357375 3.7611227596 
17.5477380716 15.8181041444 3.75160174871 
17.4429001772 15.7556053961 3.75401334409 
17.2984700167 15.6689006353 3.75173165865 
17.1404188835 15.574674722 3.75501629672 
17.0003943407 15.4910287524 3.76690338866 
16.9059817755 15.4350461627 3.75021001145 
16.7682365739 15.3528818975 3.75014239151 
16.6357691848 15.2729915048 3.71364190788 
16.4652507269 15.1853325854 3.47579964588 
16.2951259279 15.1409816707 3.47328058971 
16.1924993956 15.1149360726 3.45899613554 
15.9524676242 15.0565554912 3.46791955659 
15.8249339276 15.0248237068 3.47793166991 
15.6478557551 14.9818541075 3.46077768322 
15.5118510687 14.9489631916 3.4774032324 
15.3060625159 14.8984842564 3.46926492507 
15.1182215178 14.852751937 3.57956305122 
14.9513674938 14.788637575 3.87301234744 
14.84091663 14.7020763124 4.16030357696 
14.7341477835 14.5425612892 4.52560048165 
14.6993777716 14.3860354985 -1.43384985642 
14.7280607187 14.1683918203 -1.23286781483 
14.7587444746 14.0718111957 -1.21817978666 
14.8218997681 13.8628399337 -1.20835024756 
14.8464606964 13.7679972614 -1.26481361026 
14.8733870947 13.6845971311 -1.15273939216 
14.8733870947 13.6845971311 -1.15273939216 
14.991050061 13.4457830156 -0.630758014776 
15.2984486782 13.2589864696 -0.292175672225 
15.4399042391 13.2041779722 -0.29934253064 
15.5433376395 13.1615799631 -0.246041371359 
15.7691394353 13.1034301485 0.000776950665522 
15.8871849925 13.0947941507 -0.0181595479981 
16.0689073765 13.0768233503 0.0225072439206 
16.2709317171 13.0727032388 0.316887915205 
16.3440492415 13.0883470739 0.398652097243 
16.5409156048 13.1612495149 0.392137227369 
16.6729010903 13.2092195714 0.384658790042 
16.7758789026 13.2460645402 0.304571865405 
16.9464129173 13.2781228984 0.152727571247 
17.1485233271 13.287056681 0.134399928614 
17.3278008663 13.2982883419 0.142226377777 
17.4896596634 13.3097903694 0.141232086759 
17.6297651493 13.318301555 0.13863791224 
17.8026136124 13.3293824161 0.141509323693 
17.920773741 13.3372662033 0.139480566411 
18.0967318976 13.3476341928 0.172080278963 
18.2548465693 13.3619474138 0.380020322189 
18.433391329 13.4324356283 0.789490328045 
18.5350148642 13.5154778923 1.03206461272 
18.6329834425 13.6659884418 1.39811535604 
18.666295048 13.7990006174 1.66058523586 
18.6634213888 13.9374681676 1.76582558998 
18.6579585039 13.9737029041 1.74903985915 
18.6334612333 14.187806722 1.75633057434 
18.6192638838 14.3105064596 1.75506700848 
18.5961649382 14.533561405 1.83866314381 
18.547195431 14.7290208901 2.21233957643 
18.4387321436 14.8856118287 2.37883823889 
18.356152054 14.9788575734 2.39252758984 
18.2426135504 15.1083142574 2.47228896424 
18.1013505423 15.2327655212 2.64914707984 
17.9569196665 15.3251690979 2.64363672643 
17.8548896277 15.3911875303 2.69973567818 
17.6652623379 15.486380961 3.0503111088 
17.4650261366 15.5036458934 3.37767545652 
17.3659884894 15.4879745806 3.37874676201 
17.2980850899 15.4788555766 3.35095724595 
17.2290096247 15.4690417464 3.35623855222 
17.1203892195 15.4534106667 3.36259856036 
16.9868380987 15.4342477883 3.35204266369 
16.7921773755 15.4059581126 3.3570974981 
16.6129972303 15.3788426335 3.3551785568 
16.437823888 15.3512945885 3.36857121826 
16.2501677239 15.3247002552 3.35617266213 
16.1238584631 15.3077285776 3.34931492376 
15.950634759 15.2843922454 3.34452527915 
15.7990220525 15.261417147 3.55932835385 
15.6863516682 15.229374707 3.93788889341 
15.6246821844 15.1891114416 4.32103327194 
15.5968058371 15.1696262101 4.64276664109 
15.5792407655 15.1734513904 -1.36787642101 
15.5596602523 15.1671616475 -1.04095545784 
15.5393480026 15.1549336875 -0.723005652371 
15.5226422214 15.1369720141 -0.360851272455 
15.5169901514 15.1145558546 -0.0131340560122 
15.5311449432 15.0995294119 0.23210060404 
15.5860633814 15.106081825 0.286996247574 
15.6365436577 15.1171923319 0.290431577033 
15.7334395164 15.1387592743 0.288891694934 
15.8369264306 15.1625286678 0.283327155617 
15.9122791813 15.1796420703 0.243974395975 
15.9706740492 15.2005544866 0.011871127588 
15.9898997509 15.2144402957 -0.264813936797 
15.993598763 15.2254583968 -0.459388268761 
15.9850684368 15.2820982712 -0.939089261176 
15.9902726525 15.2868303398 -1.01854286049 
15.9878334888 15.2848919074 -1.00804529929 
15.9878434503 15.2848402413 -1.00897104515 
15.9877345153 15.2849274802 -1.00732397256 
15.9877397233 15.2849385182 -1.0075152163 
15.9878279307 15.2850224006 -1.00692750862 
15.9877671787 15.2851573194 -1.00711238543 
15.9876427763 15.2853436398 -1.00662697433 
15.9877555185 15.2852092686 -1.00942086914 
15.9876927921 15.2852769795 -1.00633706256 
15.9877669328 15.2851023453 -1.0073843293 
15.9877469504 15.2851319949 -1.00699351229 
15.9876490646 15.2852935346 -1.00618647762 
15.9876264149 15.2853326427 -1.00577352195 
15.9876122066 15.2853554899 -1.00625759131 
15.987773765 15.2851250956 -1.00730831142 
15.9877793008 15.2851079221 -1.00729500336 
15.9876647481 15.2853185984 -1.00598899235 
15.9876998403 15.2852417308 -1.00624383722 
15.9876495638 15.2852860543 -1.00596364694 
15.9877977037 15.2851043309 -1.00732143562 
15.9876471573 15.2852742674 -1.00606247546 
15.988505941 15.2859682443 -1.0063503507 
15.9877174461 15.2851086336 -1.00690531834 
15.9878088647 15.2850753742 -1.00749499793 
15.9877949544 15.2851171794 -1.00722403374 
15.9877949544 15.2851171794 -1.00722403374 
