15.8400464655 15.170985874 0.386675954901 
15.8405479343 15.1709974299 0.391526390191 
15.8398652786 15.1706402863 0.388386308242 
15.8400136904 15.1709770376 0.386389601982 
15.8398059757 15.1706441383 0.387755175279 
15.8398204112 15.1706496964 0.387525613651 
15.8401937747 15.1710710863 0.387120318888 
15.8397965768 15.1706185455 0.387914419116 
15.8398035133 15.1706098581 0.387765086707 
15.8397965842 15.1706121753 0.387777733992 
15.8398027384 15.1706136356 0.387785184598 
15.8398044334 15.1706115196 0.387510727933 
15.8400678599 15.1709786172 0.386721550326 
15.839806121 15.1706162358 0.387560422105 
15.8398070746 15.1705964322 0.387606687022 
15.8400663176 15.1709768812 0.386758370999 
15.83980627 15.1705916117 0.387503352651 
15.8398048469 15.1706092248 0.387592821352 
15.8400635348 15.1709825883 0.386692417307 
15.8398215474 15.17061485 0.387530623384 
15.8400671297 15.1709582696 0.386610553299 
15.8398310133 15.1706091876 0.387621426028 
15.839818027 15.170619596 0.387678264456 
15.8398265504 15.1706180761 0.387078403264 
15.8400648945 15.170929272 0.38642881877 
15.8400501833 15.1709924231 0.385991062467 
15.8400529997 15.1709528903 0.386677625683 
15.839603007 15.1697997118 0.38069744828 
15.8399566488 15.1709846223 0.38571156354 
15.8390500956 15.1701868887 0.404677322333 
15.8398443126 15.1706305335 0.392888451505 
15.8397675046 15.1705592761 0.392976087064 
15.8397799396 15.1705558489 0.393241009381 
15.8396001273 15.1698056723 0.379155545015 
15.8399382682 15.1709489862 0.386151702382 
15.8399444633 15.1709242428 0.385917104053 
15.8399652505 15.1709592755 0.385889815355 
15.8399879673 15.1709334964 0.385942615441 
15.8399251887 15.1700506474 0.382078373522 
15.8397219741 15.1706260706 0.387230509636 
15.8399784454 15.1709436069 0.386178360155 
15.8397414834 15.1706218834 0.386904612764 
15.8417639361 15.1715019459 0.387977969666 
15.8830011032 15.1810588616 0.344215050314 
15.9114122224 15.2086852586 0.0657293327695 
15.9457327836 15.2160174085 -0.0798106209921 
16.0542533362 15.1976328867 -0.0720685002297 
16.1581663453 15.1821594501 -0.0912223643811 
16.3819330001 15.1499680991 -0.0828089221795 
16.5620420539 15.1220396275 -0.0848031818178 
16.8336411678 15.0795962031 -0.0757528416967 
17.1120947563 15.0365960712 -0.0733275991911 
17.3670542204 14.9989278878 -0.0811426278188 
17.5852012598 14.9652238155 -0.0808026711186 
17.8750127518 14.9197037483 -0.0802657770112 
18.0523848497 14.8905811871 -0.070158504211 
18.2640237772 14.8543503548 -0.343082625164 
18.480974909 14.7257726158 -0.836549047048 
18.5920879805 14.55431157 -1.18666561858 
18.645134207 14.3804537023 -1.19830893186 
18.6968293154 14.2160934175 -1.29198566635 
18.7263274157 14.0350322689 4.70636838683 
18.7080159151 13.8649400438 4.63279828055 
18.6968305075 13.7869856323 4.62705429442 
18.6025338137 13.477897879 4.09625590721 
18.4860749209 13.2871360744 2.7474389188 
18.4860749209 13.2871360744 2.7474389188 
18.0688276255 13.2157288755 3.16646555484 
17.8286125624 13.2280918325 3.17138473542 
17.6423928702 13.2384835447 3.17101535596 
17.2877235376 13.2554633583 3.16462817289 
17.0376031363 13.2723946537 3.16905240319 
16.6767124498 13.2961814369 3.31697254342 
16.460737642 13.2604247297 3.41412787579 
16.2548305654 13.2096897329 3.22370957505 
16.0891170764 13.217329141 3.00239213741 
15.9297736735 13.2564583982 3.07300616023 
15.8047157862 13.2773523296 3.39190275056 
15.6344082021 13.2445589269 3.43741644166 
15.4835270607 13.2112740243 3.43558993435 
15.1236663425 13.1457046236 3.06416359284 
14.8629132473 13.2209578718 2.5265966705 
14.6400288307 13.5292596782 1.8313434557 
14.6252226793 13.6062695945 1.80774342207 
14.5717301333 13.918667909 1.74395039669 
14.5494421684 14.5196846093 1.3075481169 
14.6417149269 14.7112837399 0.897911807734 
14.7339677775 14.8131998743 0.627592965598 
14.9328449332 14.9166981245 0.366850878769 
15.2613922917 15.0092648382 0.391270931368 
15.6455643737 15.1137392933 0.357443733624 
15.7613752448 15.1462807844 0.357215958314 
16.0030635112 15.2136309671 0.321875883603 
16.2237034702 15.2740381325 0.334705616243 
16.3732235992 15.3177060748 0.162642434696 
16.4798138105 15.3272654007 0.0665236219341 
16.6314468944 15.3254610787 0.0474474410646 
17.0257859194 15.318392847 0.0507485348899 
17.2014858687 15.3143689598 0.0499156649629 
17.495111581 15.309191678 0.0446128765415 
17.8087903225 15.3049130032 0.0480223363146 
18.0737457239 15.3014059404 -0.0576832703602 
18.3167824709 15.2447372361 -0.539070898604 
18.4575600588 15.1381539072 -0.886794701162 
18.558719393 14.975501057 -1.24753644172 
18.6118102038 14.656366166 -1.37916851769 
18.6248059237 14.5305020774 -1.36527915237 
18.6507182085 14.1783368553 4.62634496424 
18.6111595595 13.9443063701 4.61294760403 
18.5852589571 13.7832208837 4.49888126155 
18.540574547 13.6301109756 4.20136042586 
18.493184086 13.5492389167 4.03623307209 
18.1618971789 13.346443888 3.33597706551 
17.9660041296 13.3263016904 3.30073648431 
17.7259609663 13.3078113759 3.29880738252 
17.4731733763 13.2847268547 3.30291737197 
17.3397555315 13.2728154624 3.29608175309 
17.0016002619 13.2511792148 3.28649033667 
16.7287498676 13.230369922 3.29087518349 
16.5127990806 13.215444919 3.29315628337 
16.2439508402 13.1885186399 3.29803509965 
15.9521276021 13.1655188764 3.29435889826 
15.7193968856 13.1480184759 3.29680990047 
15.5566708707 13.1355549062 3.29386059288 
15.2758202517 13.1210166181 2.97743717729 
15.1837032997 13.1382917131 2.78435363832 
14.9834307396 13.255783316 2.31710633731 
14.9834307396 13.255783316 2.31710633731 
14.801146146 13.5320475067 1.85669049647 
14.7751017773 13.7144533361 1.56908691864 
14.812884804 13.9113374914 1.46847196723 
14.8474376165 14.1401256288 1.61632850638 
14.8574559652 14.341513213 1.64757146664 
14.874209162 14.626289543 1.60975638766 
14.8840688431 14.8727177943 1.50384710371 
14.8856393063 14.9128641451 1.51587449956 
15.0342178309 15.2509165763 0.762498356459 
15.3042045199 15.3934744711 0.194704455109 
15.5529823565 15.4155233915 0.143543486074 
15.8279454821 15.4352113868 0.157685726917 
16.0990801417 15.4527250643 0.13603269359 
16.2630053126 15.4628949876 0.126244862157 
16.5742273295 15.4815804327 0.1287284416 
16.8763018214 15.5008115436 0.156228099344 
17.0290933811 15.5109538699 0.148951547644 
17.3237318956 15.5282083417 0.140576962246 
17.7074087822 15.5519117678 0.116034033307 
17.9999053442 15.56752136 0.137833127035 
18.2291870081 15.5796261097 0.133644193447 
18.3903720343 15.5888081456 0.138635169416 
18.6259515249 15.6002504791 0.131004553969 
18.8381223642 15.6099792684 0.127068477126 
18.853934046 15.6093426312 0.121837150565 
19.2459304297 15.6749755705 0.673870146831 
19.3383877241 15.733442005 0.878136415808 
19.3383877241 15.733442005 0.878136415808 
19.3383877241 15.733442005 0.878136415808 
19.3383877241 15.733442005 0.878136415808 
19.3383877241 15.733442005 0.878136415808 
19.3383877241 15.733442005 0.878136415808 
19.3383877241 15.733442005 0.878136415808 
18.9125354254 16.612366196 3.57507912384 
18.5193452799 16.4049758876 3.76817568311 
18.3287880385 16.2895482744 3.76463897269 
18.2270879709 16.2280257309 3.76390855205 
18.0004339182 16.0878260101 3.73882695708 
17.8546534741 16.0026883448 3.75174051772 
17.7604559624 15.9451237286 3.76037259907 
17.5777947867 15.8354916538 3.76163106236 
17.3842049801 15.7217298413 3.75467086114 
17.2733287775 15.654013362 3.75460419292 
17.1329976284 15.5702281857 3.75509644594 
17.0003943407 15.4910287524 3.76690338866 
16.8471476996 15.4011833633 3.75555138703 
16.6986930334 15.3114965449 3.748430089 
16.584302839 15.2417851987 3.62453942664 
16.3573724591 15.1571281145 3.45540340668 
16.1684000754 15.1093173886 3.46065325127 
15.9449315296 15.054406252 3.4599036001 
15.7559885943 15.0078743512 3.45762916385 
15.5288011694 14.9537692035 3.46798033139 
15.4036064708 14.9225833977 3.47697019006 
15.2495632135 14.8833489383 3.46246288184 
14.9758384788 14.8022297884 3.84620367934 
14.8118926251 14.6712110008 4.23434363201 
14.7055623495 14.4430445994 -1.55282423082 
14.7051951849 14.263842162 -1.31654260295 
14.7626012528 14.0600571598 -1.22161061754 
14.8042365276 13.9252568449 -1.20940722106 
14.8464606964 13.7679972614 -1.26481361026 
14.8733870947 13.6845971311 -1.15273939216 
14.8733870947 13.6845971311 -1.15273939216 
14.991050061 13.4457830156 -0.630758014776 
15.290384885 13.2619686092 -0.291607837321 
15.4399042391 13.2041779722 -0.29934253064 
15.6450891161 13.124318477 -0.0906081823213 
15.8356773109 13.0993970598 -0.0171076435493 
16.0083268919 13.0842565263 -0.0130312334098 
16.159417566 13.0693691934 0.118138912984 
16.3315532469 13.0847901071 0.38945429672 
16.4528685176 13.1270469392 0.444861685432 
16.6323178374 13.194297191 0.396443951596 
16.756547805 13.2401591505 0.303211830739 
16.899882313 13.2711166109 0.162764832241 
17.0581206047 13.2841449941 0.158988776057 
17.2054735386 13.2900284494 0.141664334178 
17.3568210566 13.3005361522 0.143178094212 
17.541916486 13.3125035728 0.141002279296 
17.658480283 13.3201540674 0.137172023598 
17.8616871798 13.3332096303 0.139757327041 
17.9507508242 13.3392655815 0.13940836271 
18.1265282595 13.3495537008 0.190704369427 
18.2717096769 13.3654109205 0.406499696581 
18.4613156283 13.4510070051 0.843555910182 
18.5551319086 13.5366963113 1.08291977998 
18.645921942 13.7012202705 1.47626010827 
18.6678986513 13.8408485616 1.70684156493 
18.6579585039 13.9737029041 1.74903985915 
18.6431059801 14.1110781396 1.7575297437 
18.6217558348 14.2885990108 1.75524595332 
18.6012973749 14.4816456402 1.79993276914 
18.5688745939 14.6736115182 2.10243849689 
18.45815086 14.8619644011 2.37160887761 
18.3976299727 14.9332514668 2.39322997137 
18.2778708899 15.068840083 2.42113947952 
18.1594672167 15.1931984502 2.62651748824 
17.9819614851 15.3089900131 2.66026031593 
17.8304345572 15.4072288538 2.72902529212 
17.6227056944 15.4979063536 3.14940313419 
17.4134942257 15.4964825178 3.38442027552 
17.3357006275 15.4834289516 3.36590698798 
17.2570133173 15.4728904928 3.35456305844 
17.1547989809 15.4582640494 3.36590694455 
17.0490455591 15.443799984 3.36894919401 
16.8622596228 15.4165185655 3.36886596885 
16.6836084091 15.3901215012 3.36488103766 
16.5318419897 15.367160883 3.36690071688 
16.4037368261 15.3461053486 3.37942886444 
16.1748003327 15.3142573426 3.35476627204 
16.0339814239 15.294901904 3.33350625877 
15.8890293458 15.2754915657 3.40393973474 
15.7856755146 15.258582257 3.59726674769 
15.6963726097 15.2313881863 3.90772052252 
15.6474395805 15.2034087519 4.17820947252 
15.5885879957 15.1692576597 -1.50521953407 
15.5725518429 15.1711963306 -1.26966954818 
15.5565050804 15.1645172949 -1.0095683022 
15.5304055178 15.1457175131 -0.535192157617 
15.517904725 15.1213991011 -0.109776529385 
15.5275799894 15.1003607626 0.212044189638 
15.6074256861 15.1104758943 0.291891099416 
15.6639307254 15.1241096074 0.286957172471 
15.7401633525 15.1399743224 0.27544962418 
15.8259871566 15.1618630255 0.263616139775 
15.9296544791 15.184331924 0.217073768081 
15.9627106005 15.197414432 0.0646134874204 
15.9940681272 15.2188576872 -0.377608615685 
15.9916173556 15.2394113481 -0.622460628314 
15.9850038924 15.2794724668 -0.911884057627 
15.9903027677 15.2868688109 -1.02015447535 
15.9884775096 15.2865114028 -1.01470312767 
15.9881860578 15.285633594 -1.00990518045 
15.9882105329 15.2856173294 -1.01135202878 
15.9877606669 15.2849375384 -1.00760242091 
15.9877556303 15.284943756 -1.00727539415 
15.9877482915 15.2852422523 -1.00701310678 
15.9877671787 15.2851573194 -1.00711238543 
15.9876274654 15.2853849682 -1.00801162204 
15.9877965265 15.2851065474 -1.00751099387 
15.9876389765 15.2853250208 -1.005862197 
15.9877631479 15.285101522 -1.00747750591 
15.9876554051 15.2852935719 -1.00627502212 
15.9876700604 15.2852930317 -1.00602974827 
15.9876549655 15.285332043 -1.00585660437 
15.9876671174 15.2853118035 -1.00611672982 
15.9877741301 15.2851241196 -1.00721182855 
15.9881146887 15.2860541123 -1.00803408188 
15.9876635038 15.285262611 -1.00622454817 
15.9876855054 15.2852645221 -1.00614839902 
15.9876544067 15.2853236797 -1.0057802875 
15.9878149518 15.2850971783 -1.00748393442 
15.987661522 15.2852859611 -1.00654215853 
15.9878751227 15.2853439862 -1.00767744288 
15.9876699113 15.2852902452 -1.0062582631 
