15.8398094439 15.1706635023 0.387637069478 
15.8397997656 15.1706437359 0.387900642366 
15.839761071 15.1706460605 0.387397448145 
15.8398085536 15.1706247295 0.387713659422 
15.8398059757 15.1706441383 0.387755175279 
15.8398204112 15.1706496964 0.387525613651 
15.8414625787 15.1706159006 0.404582997059 
15.8400601448 15.1709676797 0.386832894658 
15.8400394955 15.1709600131 0.386932405769 
15.8400736788 15.1709665994 0.386806114016 
15.8400526942 15.1709598343 0.386824264735 
15.8397931569 15.1706149245 0.387787606149 
15.840062786 15.1709760318 0.386746356398 
15.8398014494 15.1706037114 0.387610423001 
15.840068143 15.170957532 0.386727314598 
15.8397995309 15.1706016103 0.387647771689 
15.8398106584 15.1706086139 0.387734315431 
15.8398073466 15.1705917085 0.387571242398 
15.8400452697 15.1709350387 0.38676039675 
15.8400657886 15.1709343905 0.38659986393 
15.840055328 15.1709744746 0.386625940483 
15.8398215474 15.17061485 0.387530623384 
15.84006219 15.1709555651 0.386631973548 
15.8398191148 15.1706133077 0.387569508993 
15.8398233541 15.1706003735 0.387478945656 
15.8400826269 15.1709394495 0.386693033581 
15.8398353645 15.1706216673 0.387184219716 
15.8400572614 15.170971256 0.386314671597 
15.8400542551 15.1709523166 0.386413682971 
15.8400548213 15.1709476078 0.386510848694 
15.8396868856 15.1706639046 0.387043347348 
15.8399480806 15.1710227172 0.385861646814 
15.8409430647 15.1715840737 0.376810730385 
15.8397604489 15.1705630685 0.39313926047 
15.8397764118 15.1705580617 0.393023726171 
15.839780301 15.170575347 0.393223111711 
15.8395713941 15.1698537881 0.378989818375 
15.8397030161 15.1706509257 0.387062771635 
15.8396996559 15.1706138218 0.386750322514 
15.8399532923 15.1709929819 0.386070895602 
15.8397361265 15.1706291551 0.386945561791 
15.8396243342 15.1698196645 0.380255631771 
15.8396433369 15.1698261539 0.380276865969 
15.8399724105 15.1709559823 0.386070518435 
15.8396774941 15.1705166365 0.387449453547 
15.8399048113 15.170071047 0.382041361859 
15.8397448213 15.1706167946 0.386783711715 
15.8492105977 15.1735401566 0.382038965862 
15.888230323 15.1846422928 0.372659008565 
15.9065473751 15.1945346745 0.295235506119 
15.9144046215 15.2156737729 -0.00555455684151 
15.9457327836 15.2160174085 -0.0798106209921 
15.9970458784 15.2067600938 -0.0737395442899 
16.0676497483 15.1958525779 -0.0776338054152 
16.189417299 15.1775604526 -0.0998608294639 
16.3347981834 15.1558620001 -0.0717109657026 
16.5019452536 15.1305212418 -0.0721036089669 
16.6846543514 15.1026671345 -0.0612252303749 
16.8420565092 15.0781312401 -0.074725841942 
16.9434214794 15.0620084966 -0.0727227495459 
17.1205980742 15.0354443307 -0.073781469578 
17.3534960711 15.0009076113 -0.0860154038198 
17.5040396416 14.976737615 -0.0896989777565 
17.6550117695 14.9530996943 -0.0952154846809 
17.80246472 14.9302104081 -0.0806108021827 
17.9834301436 14.9026132787 -0.0678306693118 
18.1341881716 14.8806182409 -0.147673067558 
18.2149634325 14.8664437498 -0.23527717173 
18.4187056982 14.7795730794 -0.679682436688 
18.5049645865 14.7009912694 -0.906546698326 
18.589177128 14.5622646774 -1.17684376765 
18.645134207 14.3804537023 -1.19830893186 
18.6943643057 14.2245465482 -1.28054499341 
18.7261843645 14.0565593208 -1.54952402462 
18.7165307963 13.9275023902 4.64299583038 
18.6968305075 13.7869856323 4.62705429442 
18.6968305075 13.7869856323 4.62705429442 
18.6025338137 13.477897879 4.09625590721 
18.4860749209 13.2871360744 2.7474389188 
18.4860749209 13.2871360744 2.7474389188 
18.4860749209 13.2871360744 2.7474389188 
17.9522948229 13.2214935983 3.1680143707 
17.8330092394 13.228069898 3.16463061711 
17.7257902586 13.2348014081 3.17469562795 
17.5314005577 13.2430328096 3.16503345092 
17.4032070601 13.2495534385 3.16405579009 
17.2748329603 13.2561769451 3.16353584226 
17.0376031363 13.2723946537 3.16905240319 
16.9763810598 13.2796908582 3.1890653246 
16.7462847197 13.291573521 3.23665254301 
16.6321076715 13.2948199476 3.41616960909 
16.460737642 13.2604247297 3.41412787579 
16.3131685817 13.2227743829 3.3160093047 
16.2202041411 13.2040795053 3.12698105206 
16.1007592046 13.2149442399 3.00416929452 
15.9713915848 13.2456866468 3.02441441813 
15.8720301354 13.2707520689 3.20865573485 
15.7951515132 13.2765418256 3.40281144372 
15.6838259065 13.2550380195 3.43294762813 
15.5674341881 13.2298804487 3.43730431078 
15.4414015078 13.2019504274 3.43566782175 
15.2621719205 13.1613954271 3.32654940989 
15.1026063525 13.1459785665 3.01997647906 
14.960085746 13.1743849481 2.74867574325 
14.815631386 13.2550216878 2.44335765177 
14.815631386 13.2550216878 2.44335765177 
14.632705208 13.5652540887 1.82172175742 
14.6252226793 13.6062695945 1.80774342207 
14.5717301333 13.918667909 1.74395039669 
14.5717301333 13.918667909 1.74395039669 
14.5178861582 14.2544470991 1.66022449348 
14.5202981197 14.4062961305 1.40763667354 
14.5340770447 14.4882739151 1.27085292388 
14.6103934013 14.6599948967 1.01764397114 
14.7264516317 14.8072122003 0.654493254993 
14.8446348869 14.8846826817 0.398692644076 
14.9663872683 14.9283221627 0.349361383212 
15.1372452342 14.9756671751 0.352493085249 
15.3048983776 15.0235216881 0.337222473743 
15.3973890507 15.0491823817 0.328649162125 
15.6050930881 15.101884302 0.351796760078 
15.753159132 15.1437971259 0.35487187319 
15.903134849 15.1867480318 0.340425928104 
16.0315443092 15.2227344106 0.316774843632 
16.1945028269 15.2657353564 0.338855517217 
16.3033687436 15.2989383789 0.259963586586 
16.4315582478 15.3258696462 0.0942123188825 
16.5737512672 15.3254896666 0.0717858374758 
16.7552258932 15.3235745395 0.0781676968535 
16.9055625164 15.3206183205 0.0536830554324 
17.0720533096 15.3169329653 0.0485922772236 
17.2466365063 15.313432161 0.0458883540384 
17.3940718138 15.3111213485 0.0390114889775 
17.5666755402 15.30807874 0.0455433867461 
17.7360879147 15.3050364892 0.0512190182846 
17.8989779913 15.3035662586 0.0501035166754 
18.0313703978 15.3028960268 -0.0112509895894 
18.2116932833 15.2838566417 -0.313819962237 
18.3608860933 15.2184630542 -0.648067687302 
18.4694373572 15.1248673911 -0.912476791363 
18.5506348574 14.9958953823 -1.2128816874 
18.5901150667 14.8237028981 -1.37302207641 
18.6118102038 14.656366166 -1.37916851769 
18.6221725905 14.5774964059 -1.39019294485 
18.6414778196 14.4156104887 -1.40070484156 
18.653568741 14.2042622531 4.64402463173 
18.628039118 14.0430349077 4.62819012544 
18.6075618231 13.9235706295 4.61138387345 
18.5768885576 13.7344759668 4.40220493664 
18.540574547 13.6301109756 4.20136042586 
18.493184086 13.5492389167 4.03623307209 
18.3066391909 13.3889346088 3.53112640369 
18.185013529 13.3509645427 3.35998665814 
18.0557098353 13.3331744636 3.29184536924 
17.812646147 13.3137288059 3.30526554696 
17.6795649492 13.3030682767 3.2999800523 
17.5455572569 13.2911244596 3.30315222301 
17.4036536181 13.279272076 3.30239242499 
17.1908236706 13.2611936296 3.29694021105 
17.0485701525 13.2518217529 3.29685084847 
16.9507520163 13.2502422298 3.31086936466 
16.7380841934 13.2300575937 3.27177942216 
16.6138386094 13.2216778959 3.28007969961 
16.4538992011 13.2100414003 3.29297029863 
16.3466790878 13.1958860124 3.28757675616 
16.1633769536 13.181767341 3.29375018035 
16.0026935526 13.1691883768 3.29251619873 
15.8301224151 13.1560877527 3.2954219896 
15.7622081601 13.1510013307 3.29644279683 
15.5480945968 13.134802934 3.29269542018 
15.3716131413 13.1206008161 3.13708382376 
15.225287255 13.1283909048 2.8695270347 
15.0453422629 13.2031825746 2.49606943005 
14.9834307396 13.255783316 2.31710633731 
14.9834307396 13.255783316 2.31710633731 
14.7926056349 13.5707679952 1.76207793479 
14.7802566254 13.7514153684 1.45680524561 
14.7940243446 13.8398909534 1.39968902474 
14.832817074 13.9963805641 1.54209191729 
14.847042557 14.1157710517 1.62649332557 
14.8530442679 14.2104978527 1.65558436745 
14.8580855095 14.3507158125 1.61850425412 
14.8673846686 14.5239685739 1.58781716748 
14.8765026295 14.6929171051 1.60609348619 
14.8840688431 14.8727177943 1.50384710371 
14.8856393063 14.9128641451 1.51587449956 
14.9687484467 15.1669159497 0.932501896323 
15.0527375304 15.2684220339 0.683480084508 
15.2325952613 15.3749519999 0.284983506504 
15.3762676084 15.4037996496 0.123208934327 
15.4824039602 15.4103083427 0.135870262528 
15.6518163347 15.4219291026 0.174109148742 
15.8653152493 15.4369031454 0.169932233991 
16.0090874695 15.4464624936 0.143239216463 
16.181489166 15.4573538716 0.125192094297 
16.3357281649 15.4664084578 0.134562040094 
16.4981558883 15.4770558293 0.154657308279 
16.567274388 15.481044289 0.13893865074 
16.7362971866 15.4926414455 0.138879186301 
16.9363563025 15.5049149061 0.15099275705 
17.0573207104 15.5127567614 0.161283125049 
17.2420147621 15.524105307 0.123152292042 
17.418238517 15.5336491133 0.13223308621 
17.5226236546 15.5406708086 0.122948406773 
17.6949468815 15.5504885579 0.137370488517 
17.8552768194 15.559767362 0.139860491222 
18.0375382864 15.5693573917 0.140888334701 
18.1911117994 15.5771490599 0.13956535381 
18.3529362642 15.5872289206 0.129918850585 
18.51715469 15.594677862 0.129685906539 
18.6685836279 15.6021422709 0.125709842271 
18.8381223642 15.6099792684 0.127068477126 
18.853934046 15.6093426312 0.121837150565 
19.1887657606 15.6508049036 0.553498611864 
19.3383877241 15.733442005 0.878136415808 
19.3383877241 15.733442005 0.878136415808 
19.3383877241 15.733442005 0.878136415808 
19.3383877241 15.733442005 0.878136415808 
19.3383877241 15.733442005 0.878136415808 
19.3383877241 15.733442005 0.878136415808 
19.3383877241 15.733442005 0.878136415808 
19.3383877241 15.733442005 0.878136415808 
18.9713947737 16.6220092739 3.45969472387 
18.834137913 16.5872241224 3.69144896366 
18.7036161387 16.5170375074 3.76422738658 
18.5516595804 16.4231206144 3.74782560509 
18.3971765005 16.3309382165 3.76464191968 
18.3642280066 16.3113367523 3.76530705967 
18.1748506987 16.1964742506 3.77436603498 
18.0004339182 16.0878260101 3.73882695708 
17.8546534741 16.0026883448 3.75174051772 
17.7415745222 15.9339733685 3.76512121965 
17.5777947867 15.8354916538 3.76163106236 
17.4543832504 15.7620819772 3.75254151019 
17.3423951828 15.6946862901 3.75886978535 
17.1584075653 15.5853415097 3.75396165619 
17.0624240601 15.5285625721 3.7595034485 
16.8876644337 15.424554121 3.75280780534 
16.7426198089 15.3378847281 3.75125825236 
16.6172110998 15.2624466701 3.67609770862 
16.4652507269 15.1853325854 3.47579964588 
16.3292535209 15.1504793207 3.46815888439 
16.172673341 15.1097330565 3.45937240475 
16.0311837905 15.0749306644 3.45524797775 
15.8458544762 15.0311094935 3.43414525805 
15.7141065263 14.9976999576 3.46134735267 
15.4910840058 14.944396999 3.47367301932 
15.3745109999 14.9152535761 3.47917750983 
15.2120895946 14.8745824958 3.48090627071 
15.0233897531 14.8234424258 3.75227290739 
14.9188045227 14.7685377265 3.95845618634 
14.7722399199 14.614460882 4.37953590175 
14.7088930571 14.4634456004 4.67665276293 
14.703012582 14.2933901514 -1.30870793376 
14.7405853235 14.1291646923 -1.22275792125 
14.7755491697 14.0103207792 -1.25629992259 
14.8171398604 13.8750141824 -1.19508705398 
14.8621569836 13.7187495197 -1.14229002664 
14.8733870947 13.6845971311 -1.15273939216 
14.8733870947 13.6845971311 -1.15273939216 
14.991050061 13.4457830156 -0.630758014776 
15.3181796038 13.2517476047 -0.29451803845 
15.4961169028 13.181377765 -0.283828069677 
15.6252927446 13.130608436 -0.124502433327 
15.8272135594 13.1000019277 -0.014188175427 
15.9495940582 13.0888334478 -0.00892837399387 
16.0898646229 13.0745006765 0.0436760552501 
16.2915418112 13.076319095 0.350746659324 
16.3864153885 13.102834102 0.447040208913 
16.5409156048 13.1612495149 0.392137227369 
16.7083390319 13.2225018705 0.359797325107 
16.8680961096 13.2679632867 0.196746817288 
17.0075095856 13.2793326343 0.144884433169 
17.1277841293 13.285798427 0.133775570124 
17.3069606983 13.2970267499 0.141527548688 
17.4506790602 13.3073321546 0.139939466248 
17.6297651493 13.318301555 0.13863791224 
17.7525514328 13.3258765901 0.139148149298 
17.920773741 13.3372662033 0.139480566411 
18.0229241812 13.3441115583 0.141612926885 
18.2267785036 13.3572274412 0.329376120382 
18.3699712717 13.3957272733 0.626896856693 
18.4915854895 13.4756346906 0.927202392756 
18.5800387823 13.5693358148 1.16303431409 
18.6569638216 13.7421817745 1.5583257161 
18.6677534544 13.8636254037 1.72683414549 
18.6579585039 13.9737029041 1.74903985915 
18.646584984 14.0786076749 1.75434230126 
18.626307007 14.2491004432 1.75608559549 
18.6053497755 14.4424937333 1.7795419483 
18.5860106909 14.6051219071 1.94718540622 
18.5324881041 14.7555628086 2.26075807134 
18.4184753859 14.9089297021 2.38359697571 
18.3317797148 15.0065040107 2.38820402722 
18.2380711996 15.1134213174 2.46830049199 
18.0853412115 15.2455030105 2.65604954099 
17.9347686731 15.339435559 2.64620817829 
17.7943370306 15.4283132369 2.7991525129 
17.6227056944 15.4979063536 3.14940313419 
17.4845427239 15.5053276683 3.36362120865 
17.4030288422 15.4948363865 3.38362421776 
17.2949767077 15.4796818907 3.36267449239 
17.2203350031 15.4684802408 3.35792633775 
17.1640685761 15.4600979502 3.35468620873 
17.005246278 15.436975878 3.35970158047 
16.8502373063 15.415203389 3.35993848298 
16.6341189706 15.3814479376 3.34687278743 
16.5536141359 15.3711579407 3.36981461324 
16.3362143898 15.337240618 3.35871927065 
16.1748003327 15.3142573426 3.35476627204 
16.0094723516 15.2907831112 3.33167297948 
15.8245039025 15.26533803 3.50053166092 
15.7269881928 15.2427698725 3.79117406527 
15.6474395805 15.2034087519 4.17820947252 
15.6013078653 15.1731589774 4.57238010914 
15.5725518429 15.1711963306 -1.26966954818 
15.5580696725 15.1657479594 -1.02705612786 
15.5363552534 15.1521285439 -0.664278775694 
15.5218483471 15.136222441 -0.343008469534 
15.5175815487 15.1197710524 -0.0876347281621 
15.5298043453 15.1001499409 0.228404790691 
15.5600114131 15.1008707101 0.29411678057 
15.6158318781 15.1124073679 0.291280764457 
15.7065973842 15.1331747437 0.285768699401 
15.8259871566 15.1618630255 0.263616139775 
15.9021773442 15.1757467205 0.26393392009 
15.9527191707 15.1936945433 0.118635130026 
15.9841337764 15.2088907047 -0.163884696851 
15.9933014997 15.226883813 -0.475083194027 
15.9867032358 15.258811096 -0.780167939452 
15.9880896547 15.2878529842 -0.993880119405 
15.9894758278 15.287828319 -1.01002917936 
15.9879097306 15.284855597 -1.00786584693 
15.9878391513 15.2848507839 -1.00952993072 
15.9877687507 15.2849269661 -1.00743929911 
15.9877870643 15.2849251966 -1.00734972079 
15.9876620882 15.2851082536 -1.00615145764 
15.9877424427 15.2851431335 -1.00729916891 
15.9877334573 15.2851725819 -1.00707204587 
15.9876178169 15.2854255552 -1.00774680031 
15.9876580277 15.2853291819 -1.00598700204 
15.9878031724 15.2851032766 -1.00746087365 
15.9878864103 15.2852746735 -1.00805966284 
15.9876490646 15.2852935346 -1.00618647762 
15.9878156969 15.2850968803 -1.00745593065 
15.9876392373 15.2853306646 -1.00571854662 
15.9877569118 15.2851580458 -1.00704410352 
15.9877819234 15.2851424518 -1.00717224214 
15.9877677971 15.2851126718 -1.00709603277 
15.9876471871 15.2853269319 -1.00588609118 
15.9877752626 15.2851044426 -1.00717604151 
15.9877537006 15.2850914972 -1.00695562787 
15.9877096751 15.2852623093 -1.00635504341 
15.987786878 15.2851324978 -1.00729467274 
15.9879848623 15.28536227 -1.00129513891 
15.9877171108 15.2852725203 -1.00646275777 
15.9879016617 15.2852954308 -1.00799438251 
15.9877949544 15.2851171794 -1.00722403374 
