15.9877949544 15.2851171794 -1.00722403374 
15.8400604838 15.1710039193 0.386802544019 
15.8405479343 15.1709974299 0.391526390191 
15.8400478252 15.1709846372 0.386992458044 
15.8397901618 15.1706111024 0.387713082431 
15.8400523589 15.1709680746 0.386906263356 
15.8400674612 15.1709817613 0.386695410018 
15.8398062513 15.1706167574 0.38758021643 
15.8397987263 15.1706100965 0.387896000271 
15.8400535808 15.1709676499 0.386752487509 
15.8398089224 15.1706199015 0.38767804406 
15.8400719986 15.1709577332 0.386643325592 
15.8397952021 15.1706032718 0.387576097495 
15.8397969307 15.1706024821 0.387802978104 
15.839806121 15.1706162358 0.387560422105 
15.8400595264 15.1709651763 0.386811807873 
15.8398060353 15.1706357265 0.387763483625 
15.8398018257 15.1705926026 0.38738083058 
15.8398032339 15.1706201176 0.387653787764 
15.8398121336 15.1706250424 0.387681320575 
15.8398219832 15.1706233064 0.387628255612 
15.8398175352 15.1706151778 0.387522249477 
15.8398310133 15.1706091876 0.387621426028 
15.8398247288 15.1706203783 0.387667178589 
15.84008047 15.1709529052 0.386193892248 
15.8400648945 15.170929272 0.38642881877 
15.8398199343 15.1706514249 0.387251968463 
15.8400529997 15.1709528903 0.386677625683 
15.8398673014 15.1700797717 0.382909267973 
15.8399566488 15.1709846223 0.38571156354 
15.8399674707 15.1708119998 0.394572526465 
15.8397443407 15.1705271343 0.393114261955 
15.8397635632 15.1705758686 0.393080959078 
15.8397889064 15.1705665256 0.393097246105 
15.8396001273 15.1698056723 0.379155545015 
15.8399382682 15.1709489862 0.386151702382 
15.8399351129 15.1709482933 0.385903343468 
15.8399652505 15.1709592755 0.385889815355 
15.8399587722 15.1709496642 0.385728764807 
15.8398916946 15.1700367222 0.382190381953 
15.8397219741 15.1706260706 0.387230509636 
15.8399966174 15.1709331612 0.385992760224 
15.8399989681 15.1709517057 0.385798327 
15.8435590827 15.1725812594 0.377534359226 
15.8830011032 15.1810588616 0.344215050314 
15.9102171009 15.2093924659 0.0751569961375 
15.9482167551 15.2150218322 -0.0771711228378 
16.0542533362 15.1976328867 -0.0720685002297 
16.1648172998 15.1813826712 -0.0937669651897 
16.3944101297 15.1468285213 -0.0714476761199 
16.5829496944 15.1180042143 -0.0741293686974 
16.8336411678 15.0795962031 -0.0757528416967 
17.1120947563 15.0365960712 -0.0733275991911 
17.3670542204 14.9989278878 -0.0811426278188 
17.5852012598 14.9652238155 -0.0808026711186 
17.8750127518 14.9197037483 -0.0802657770112 
18.0622138941 14.890220132 -0.0640165066543 
18.2720267737 14.8519420291 -0.366661656498 
18.4902691805 14.7169514264 -0.855331670838 
18.5920879805 14.55431157 -1.18666561858 
18.645134207 14.3804537023 -1.19830893186 
18.6992089712 14.2077923978 -1.30119123287 
18.7263274157 14.0350322689 4.70636838683 
18.7080159151 13.8649400438 4.63279828055 
18.6968305075 13.7869856323 4.62705429442 
18.6025338137 13.477897879 4.09625590721 
18.4860749209 13.2871360744 2.7474389188 
18.4860749209 13.2871360744 2.7474389188 
18.0688276255 13.2157288755 3.16646555484 
17.8286125624 13.2280918325 3.17138473542 
17.6423928702 13.2384835447 3.17101535596 
17.27915537 13.2559169496 3.16411032826 
17.0376031363 13.2723946537 3.16905240319 
16.6767124498 13.2961814369 3.31697254342 
16.460737642 13.2604247297 3.41412787579 
16.2548305654 13.2096897329 3.22370957505 
16.0891170764 13.217329141 3.00239213741 
15.9297736735 13.2564583982 3.07300616023 
15.800955739 13.2770270074 3.39711099257 
15.6210635566 13.241380092 3.43568434819 
15.462216165 13.206718799 3.43799933407 
15.1236663425 13.1457046236 3.06416359284 
14.8554302418 13.2255824769 2.50889650367 
14.6400288307 13.5292596782 1.8313434557 
14.5844171011 13.8359746898 1.8497999737 
14.5308076107 14.1778273548 1.76687207864 
14.5522559845 14.5373029674 1.2226912573 
14.6417149269 14.7112837399 0.897911807734 
14.7512886488 14.8276749814 0.545189083441 
14.9476250374 14.9210794235 0.365669550383 
15.2831182444 15.0179119373 0.292164823652 
15.6536924356 15.1156219656 0.349651317005 
15.7909737119 15.1549311394 0.358118168703 
16.0030635112 15.2136309671 0.321875883603 
16.2354690992 15.2773944626 0.335826669329 
16.3732235992 15.3177060748 0.162642434696 
16.4798138105 15.3272654007 0.0665236219341 
16.6662535035 15.3253526727 0.0427215642938 
17.0257859194 15.318392847 0.0507485348899 
17.2014858687 15.3143689598 0.0499156649629 
17.5037404263 15.3089091147 0.0421133674313 
17.8383586371 15.3040232922 0.0570483877448 
18.111368891 15.2986554916 -0.112472521284 
18.3167824709 15.2447372361 -0.539070898604 
18.4633729422 15.1317340697 -0.910044089224 
18.5609233343 14.9674489165 -1.26548536532 
18.6118102038 14.656366166 -1.37916851769 
18.6273617708 14.5185474123 -1.36142431373 
18.6478104555 14.1573469604 4.61914504992 
18.6111595595 13.9443063701 4.61294760403 
18.5839204752 13.774662372 4.48484599361 
18.540574547 13.6301109756 4.20136042586 
18.493184086 13.5492389167 4.03623307209 
18.1618971789 13.346443888 3.33597706551 
17.9660041296 13.3263016904 3.30073648431 
17.7177407705 13.3058692182 3.30379909848 
17.4731733763 13.2847268547 3.30291737197 
17.3314317429 13.2720047201 3.29472534954 
17.0016002619 13.2511792148 3.28649033667 
16.7287498676 13.230369922 3.29087518349 
16.504507538 13.2137206758 3.28841782806 
16.2439508402 13.1885186399 3.29803509965 
15.9521276021 13.1655188764 3.29435889826 
15.7193968856 13.1480184759 3.29680990047 
15.5480945968 13.134802934 3.29269542018 
15.2758202517 13.1210166181 2.97743717729 
15.1837032997 13.1382917131 2.78435363832 
14.9834307396 13.255783316 2.31710633731 
14.9834307396 13.255783316 2.31710633731 
14.801146146 13.5320475067 1.85669049647 
14.7751017773 13.7144533361 1.56908691864 
14.812884804 13.9113374914 1.46847196723 
14.8474376165 14.1401256288 1.61632850638 
14.8574559652 14.341513213 1.64757146664 
14.8734657728 14.6702746714 1.6057723308 
14.8840688431 14.8727177943 1.50384710371 
14.8856393063 14.9128641451 1.51587449956 
15.0342178309 15.2509165763 0.762498356459 
15.3042045199 15.3934744711 0.194704455109 
15.5529823565 15.4155233915 0.143543486074 
15.8653152493 15.4369031454 0.169932233991 
16.1127788984 15.4532044495 0.127218523584 
16.2844919228 15.4638618792 0.129427796689 
16.5848991239 15.4821948225 0.135972493899 
16.8763018214 15.5008115436 0.156228099344 
17.0290933811 15.5109538699 0.148951547644 
17.3237318956 15.5282083417 0.140576962246 
17.7153944933 15.5519740845 0.118911479477 
17.9999053442 15.56752136 0.137833127035 
18.2291870081 15.5796261097 0.133644193447 
18.3903720343 15.5888081456 0.138635169416 
18.6393151247 15.6002582277 0.128964080196 
18.853934046 15.6093426312 0.121837150565 
18.853934046 15.6093426312 0.121837150565 
19.2459304297 15.6749755705 0.673870146831 
19.3383877241 15.733442005 0.878136415808 
19.3383877241 15.733442005 0.878136415808 
19.3383877241 15.733442005 0.878136415808 
19.3383877241 15.733442005 0.878136415808 
19.3383877241 15.733442005 0.878136415808 
19.3383877241 15.733442005 0.878136415808 
19.3383877241 15.733442005 0.878136415808 
18.9125354254 16.612366196 3.57507912384 
18.5084881746 16.3985472883 3.76966961282 
18.3147170508 16.2810641492 3.76401268045 
18.1903490984 16.2050953473 3.76327819155 
18.0004339182 16.0878260101 3.73882695708 
17.843685385 15.9962124194 3.75645461635 
17.7228738033 15.9231605495 3.75443008033 
17.5589156115 15.8245160545 3.74967351371 
17.3777660095 15.7171972061 3.75478414502 
17.2473076546 15.6392409171 3.75743754039 
17.1259306633 15.5658308233 3.75360466883 
17.0003943407 15.4910287524 3.76690338866 
16.8361019456 15.3950122262 3.75466612708 
16.6913390123 15.3070172856 3.74589360954 
16.584302839 15.2417851987 3.62453942664 
16.3573724591 15.1571281145 3.45540340668 
16.1684000754 15.1093173886 3.46065325127 
15.9449315296 15.054406252 3.4599036001 
15.7436164432 15.0050933773 3.4566444624 
15.5288011694 14.9537692035 3.46798033139 
15.4036064708 14.9225833977 3.47697019006 
15.2194122636 14.8757875825 3.46205498995 
14.96757954 14.7979727353 3.85767873908 
14.8118926251 14.6712110008 4.23434363201 
14.7027803623 14.4235932792 -1.51481804641 
14.7117379868 14.2342363561 -1.2250676913 
14.7630439961 14.0525445903 -1.18979742428 
14.8102309668 13.9043312038 -1.21145620844 
14.8464606964 13.7679972614 -1.26481361026 
14.8733870947 13.6845971311 -1.15273939216 
14.991050061 13.4457830156 -0.630758014776 
14.991050061 13.4457830156 -0.630758014776 
15.3181796038 13.2517476047 -0.29451803845 
15.4680647218 13.1929441656 -0.295435492887 
15.657378208 13.1209973062 -0.0747950107359 
15.8356773109 13.0993970598 -0.0171076435493 
16.0083268919 13.0842565263 -0.0130312334098 
16.159417566 13.0693691934 0.118138912984 
16.3440492415 13.0883470739 0.398652097243 
16.4747565353 13.1348165239 0.398369622301 
16.6323178374 13.194297191 0.396443951596 
16.756547805 13.2401591505 0.303211830739 
16.9293631279 13.2768433059 0.158104530774 
17.0756324494 13.2859443391 0.125374892963 
17.2474926674 13.2929484809 0.142958942555 
17.3994122707 13.3037239278 0.13979805757 
17.550506469 13.312832352 0.140180457637 
17.7012777292 13.3227196897 0.142131299385 
17.8826999628 13.3346677984 0.139285288862 
18.0144920313 13.343417045 0.139989430065 
18.176413294 13.352307793 0.247546228632 
18.3328824007 13.382305857 0.540570049636 
18.4613156283 13.4510070051 0.843555910182 
18.5715861284 13.5610796178 1.11328301287 
18.645921942 13.7012202705 1.47626010827 
18.6678986513 13.8408485616 1.70684156493 
18.6563026869 13.9862265552 1.74685408385 
18.6422750914 14.1178425516 1.75786301074 
18.6192638838 14.3105064596 1.75506700848 
18.5985610449 14.5121826495 1.81432329494 
18.5590126478 14.7025338376 2.17262981174 
18.45815086 14.8619644011 2.37160887761 
18.3671522104 14.9664727415 2.39174058176 
18.2640523874 15.0843138809 2.43207543594 
18.153072592 15.198640425 2.63361960042 
17.9747703039 15.3135775889 2.65377713011 
17.8194179499 15.4129872734 2.75862077585 
17.6227056944 15.4979063536 3.14940313419 
17.4134942257 15.4964825178 3.38442027552 
17.3235858643 15.4823706562 3.34409322314 
17.2541818583 15.4726228232 3.35932384056 
17.1465262138 15.4569769914 3.36808592997 
17.0339256489 15.4405858035 3.36479792624 
16.8622596228 15.4165185655 3.36886596885 
16.6627144181 15.3863702233 3.36020739749 
16.5237826073 15.3671236301 3.37141381735 
16.3469002509 15.3375698889 3.35681588601 
16.1531488859 15.3118192742 3.34914857457 
16.0012496227 15.2895306686 3.33287368925 
15.8890293458 15.2754915657 3.40393973474 
15.7856755146 15.258582257 3.59726674769 
15.6863516682 15.229374707 3.93788889341 
15.6270241105 15.1905782076 4.30138855744 
15.5857008957 15.1699167977 -1.46381106837 
15.5691385233 15.1699650476 -1.20306317335 
15.5506156945 15.1633203144 -0.912654208887 
15.527511146 15.1443127582 -0.485233365535 
15.5170902276 15.1158720891 -0.0214072869848 
15.5311449432 15.0995294119 0.23210060404 
15.6190705561 15.1131333078 0.293315984766 
15.6707601809 15.1255792792 0.289234024979 
15.7476993614 15.1419909636 0.278259765625 
15.8313378209 15.1606230328 0.287486862456 
15.9296544791 15.184331924 0.217073768081 
15.9706740492 15.2005544866 0.011871127588 
15.9932519236 15.2238558002 -0.43521370008 
15.9892443457 15.2463214344 -0.679506219647 
15.9850684368 15.2820982712 -0.939089261176 
15.9903027677 15.2868688109 -1.02015447535 
15.9882198163 15.2862159128 -1.01501275218 
15.9878434503 15.2848402413 -1.00897104515 
15.987800371 15.28483611 -1.0090156176 
15.9881628269 15.2856513637 -1.00996391329 
15.9877485448 15.2849316935 -1.00746110522 
15.9877482915 15.2852422523 -1.00701310678 
15.987764109 15.2851373854 -1.0073217322 
15.9877564796 15.2851999144 -1.00766524802 
15.9877562412 15.2851608696 -1.00682584134 
15.9879099169 15.2853108237 -1.00798985551 
15.987771649 15.2850996817 -1.00738484082 
15.9877824077 15.2851215864 -1.00736869306 
15.9876936265 15.2852705049 -1.00620151919 
15.9876549655 15.285332043 -1.00585660437 
15.9877248668 15.2852428297 -1.00914798483 
15.9876668715 15.2852881553 -1.00598175264 
15.9876144418 15.2853171232 -1.00576819424 
15.987780165 15.2850854735 -1.00749410358 
15.9877537006 15.2850914972 -1.00695562787 
15.9877977037 15.2851043309 -1.00732143562 
15.9876321071 15.2853449958 -1.00579998983 
15.9876174071 15.2853034365 -1.00594749141 
15.9877688327 15.2851026135 -1.0070686108 
