15.8400464655 15.170985874 0.386675954901 
15.8397379146 15.1706361289 0.387156522793 
15.8400478252 15.1709846372 0.386992458044 
15.8418935762 15.1708200018 0.40784695295 
15.8400696294 15.1709809268 0.386827547613 
15.8398107142 15.1706431622 0.387743752456 
15.8397796081 15.1706158335 0.387685269612 
15.8397208565 15.1706047545 0.387002490661 
15.8400488981 15.1709835047 0.386739630061 
15.8398083673 15.1706256608 0.387661240841 
15.8400526942 15.1709598343 0.386824264735 
15.8400519193 15.1709539259 0.386580396613 
15.840061661 15.1709755326 0.386714427063 
15.8400649914 15.1709612946 0.386923398002 
15.8400603646 15.1709543655 0.386799436997 
15.8398015239 15.170619231 0.387670280281 
15.8400611059 15.1709400157 0.386767293823 
15.8400576302 15.1709625761 0.38680142646 
15.8400694692 15.1709596778 0.386729040464 
15.8398031407 15.1706176887 0.38774427229 
15.839812521 15.1706145296 0.387675899227 
15.8400604167 15.1709516312 0.386732419613 
15.8400716634 15.1709740798 0.386790270921 
15.839818217 15.1706247444 0.387483235701 
15.8400650435 15.170959119 0.38662008557 
15.8398247288 15.1706203783 0.387667178589 
15.8405012042 15.1709566305 0.390301934561 
15.8400648945 15.170929272 0.38642881877 
15.8397549019 15.1705489645 0.387610819193 
15.8400529997 15.1709528903 0.386677625683 
15.841351539 15.1705101321 0.403488589144 
15.8397113123 15.1706288646 0.387036046749 
15.8400954978 15.1711499135 0.387133788471 
15.8397500591 15.1705401654 0.393006881681 
15.8397616931 15.1705593953 0.392972796421 
15.8397799396 15.1705558489 0.393241009381 
15.8398331293 15.1713440085 0.382527802318 
15.839717921 15.1706592033 0.387035700092 
15.8397030273 15.1706363673 0.387039846194 
15.8396508173 15.1705454851 0.387243006084 
15.8399761916 15.1709816048 0.385811218313 
15.8397012056 15.1707520078 0.385812649227 
15.8396533617 15.1698368157 0.380219078407 
15.8397169077 15.1706432665 0.38725365235 
15.8399966174 15.1709331612 0.385992760224 
15.8399048113 15.170071047 0.382041361859 
15.8397490979 15.1706266368 0.386852475908 
15.8397620433 15.1706442351 0.386745787997 
15.8713987247 15.1794147941 0.396055961687 
15.9030395319 15.1919873359 0.312426497234 
15.9115649463 15.2072657014 0.0875577121348 
15.9215390609 15.216712313 -0.0369020501222 
15.9757122734 15.2107472702 -0.0806395389525 
16.0212888085 15.2028899642 -0.0739649369404 
16.120311197 15.1882572996 -0.0838380127541 
16.2290357613 15.1712510476 -0.0771974728311 
16.4028234446 15.1464468206 -0.0833704799031 
16.5533519947 15.1225664879 -0.0726640877774 
16.713324722 15.0985222275 -0.0652425899153 
16.9223283493 15.0654128904 -0.0775581631201 
17.0527172052 15.0457424636 -0.0744096879773 
17.251276251 15.0152846987 -0.0779074946776 
17.3670542204 14.9989278878 -0.0811426278188 
17.5558208191 14.9696125651 -0.0810976735951 
17.6718039476 14.9512173797 -0.0782172922279 
17.8657151425 14.919881549 -0.07459975091 
18.0101618731 14.8969227935 -0.0611161999253 
18.2016458475 14.8692522014 -0.228624707478 
18.3488912546 14.8201479281 -0.527436081254 
18.5049645865 14.7009912694 -0.906546698326 
18.5672993624 14.6078408922 -1.11665388386 
18.6217634642 14.4613674844 -1.20583955734 
18.676179167 14.2823877896 -1.22981960903 
18.720439192 14.1158505643 -1.45769936106 
18.7240283453 13.9840913976 4.65306086402 
18.7040615046 13.8383827175 4.63407040293 
18.6968305075 13.7869856323 4.62705429442 
18.6217806303 13.511827823 4.13039392241 
18.6025338137 13.477897879 4.09625590721 
18.4860749209 13.2871360744 2.7474389188 
18.4860749209 13.2871360744 2.7474389188 
18.0688276255 13.2157288755 3.16646555484 
17.9480750525 13.2216190065 3.1680932659 
17.8286125624 13.2280918325 3.17138473542 
17.6423928702 13.2384835447 3.17101535596 
17.5314005577 13.2430328096 3.16503345092 
17.3004581892 13.2548574174 3.16371181011 
17.1556669438 13.2647662128 3.16594807676 
17.0376031363 13.2723946537 3.16905240319 
16.9763810598 13.2796908582 3.1890653246 
16.7353822553 13.293282863 3.24578476059 
16.5787718856 13.2867897714 3.44342185157 
16.4378141725 13.2537989582 3.43556789458 
16.2980669403 13.2186700071 3.31792887245 
16.2202041411 13.2040795053 3.12698105206 
16.0619941467 13.2229627336 2.9960568052 
15.9297736735 13.2564583982 3.07300616023 
15.8435090148 13.2758849824 3.29951218273 
15.7868251168 13.2757644618 3.41242266514 
15.6444419437 13.2468365396 3.43816960911 
15.5122884774 13.2175372804 3.43656357332 
15.3754863107 13.1871634687 3.42532961009 
15.2836589777 13.1659122671 3.35373493583 
15.0845910871 13.1470881666 2.97547260237 
14.9641275966 13.1730545724 2.75582890049 
14.815631386 13.2550216878 2.44335765177 
14.815631386 13.2550216878 2.44335765177 
14.6343785488 13.5570380653 1.82419316302 
14.6252226793 13.6062695945 1.80774342207 
14.5874128306 13.8351633514 1.82289739414 
14.5717301333 13.918667909 1.74395039669 
14.5717301333 13.918667909 1.74395039669 
14.5173593723 14.3912444676 1.42567467125 
14.5461885893 14.5066933001 1.34211255934 
14.6103934013 14.6599948967 1.01764397114 
14.6727083885 14.7535644735 0.768467423384 
14.8321628534 14.8752329613 0.472944442625 
14.9663872683 14.9283221627 0.349361383212 
15.1199750864 14.9698056842 0.36715795157 
15.2831182444 15.0179119373 0.292164823652 
15.442050364 15.0574147815 0.347069230357 
15.5560273492 15.088697132 0.349447547562 
15.732691344 15.138302211 0.355723921337 
15.8546436654 15.1707587133 0.326135398413 
16.0399076008 15.2226441598 0.330481826229 
16.2163839006 15.2716347652 0.318679632846 
16.3504953348 15.3120718191 0.195444715853 
16.4480974638 15.3266789506 0.0742241356086 
16.6567853653 15.3246272171 0.0504658528987 
16.8169136607 15.322259743 0.0534701399689 
16.9586005175 15.3195742408 0.0352940038273 
17.1190741026 15.3171738426 0.0616771193451 
17.2923852169 15.3122479061 0.0704293692225 
17.4235839808 15.3106960917 0.0397255145763 
17.6064530575 15.3075025121 0.061487170939 
17.7576161587 15.304613244 0.0558441811684 
17.9287373983 15.3021736706 0.0542971885674 
18.0313703978 15.3028960268 -0.0112509895894 
18.1909944975 15.2890209744 -0.268662360475 
18.3857560122 15.2014118696 -0.705377552078 
18.5007979834 15.0845354314 -1.01150155681 
18.5645453894 14.9549151326 -1.27692536197 
18.5847649538 14.865071025 -1.37172435624 
18.6118102038 14.656366166 -1.37916851769 
18.6315612757 14.4892514909 -1.37251055406 
18.6482894384 14.3649134601 -1.45417126665 
18.6519021952 14.1868321861 4.63433781097 
18.6291956865 14.0514105524 4.63012317493 
18.604588505 13.9021940196 4.60547013565 
18.5802543127 13.7542015279 4.44683477796 
18.5272197687 13.6025730337 4.14027840583 
18.493184086 13.5492389167 4.03623307209 
18.2851808035 13.3803360427 3.50105667378 
18.1261413061 13.3457485403 3.33895755451 
17.9746079409 13.3270831073 3.30141799806 
17.8556647265 13.3172754014 3.3082170037 
17.6539875233 13.3007011379 3.3072689593 
17.571220752 13.293563124 3.30493800873 
17.3314317429 13.2720047201 3.29472534954 
17.1482428276 13.2577989067 3.29838300939 
17.0109248125 13.2535555328 3.29159767459 
16.8709001505 13.2445689405 3.31935120966 
16.7523865068 13.2331377233 3.32346393216 
16.5639372432 13.2180241312 3.28613074055 
16.402289387 13.2056232656 3.34718896466 
16.2947411501 13.191976663 3.29504912609 
16.1330696606 13.1790653432 3.28679990508 
15.943754349 13.164826032 3.29512024396 
15.8003309333 13.1536956991 3.29530144317 
15.6082210207 13.1400700773 3.29554979895 
15.4442391657 13.1262448991 3.23782218911 
15.2954742872 13.1202231611 3.01283107542 
15.148751136 13.150245067 2.72654877189 
15.0453422629 13.2031825746 2.49606943005 
14.9834307396 13.255783316 2.31710633731 
14.9834307396 13.255783316 2.31710633731 
14.7808678114 13.6146799291 1.68014605092 
14.7855089867 13.7831542457 1.44596024468 
14.7940243446 13.8398909534 1.39968902474 
14.8488261664 14.0522370304 1.60614512907 
14.8480532133 14.1546322072 1.63377507925 
14.861338731 14.3873223628 1.6736201984 
14.8716990912 14.5677901472 1.63333273029 
14.8734657728 14.6702746714 1.6057723308 
14.8809919321 14.8404645289 1.56698282203 
14.8856393063 14.9128641451 1.51587449956 
14.967002269 15.164436307 0.935382673866 
15.0527375304 15.2684220339 0.683480084508 
15.2241991126 15.3718083019 0.300327475035 
15.3958542907 15.4054580147 0.128728672113 
15.5113021993 15.4119714464 0.136875547299 
15.6735085511 15.4229626025 0.140087107616 
15.8573318684 15.4370714987 0.139478488548 
15.9679635504 15.4437275196 0.159352913136 
16.1509496533 15.4553360308 0.131103474913 
16.3277063334 15.4662853147 0.165365187354 
16.4898526036 15.4762543554 0.152958301907 
16.6130514109 15.4841130043 0.112174527792 
16.7871932947 15.4960371817 0.136182316936 
16.928279277 15.5047220851 0.145127697661 
17.0874972307 15.5146176482 0.147369119235 
17.1691555941 15.518754747 0.149306161347 
17.418238517 15.5336491133 0.13223308621 
17.5949764216 15.5439969862 0.133061969422 
17.773825165 15.5560165609 0.128148864869 
17.936553713 15.5639961923 0.140661810369 
18.0805892908 15.5721726085 0.135018064054 
18.2207279169 15.5790693725 0.13342427483 
18.3903720343 15.5888081456 0.138635169416 
18.5778295958 15.5978027547 0.120739105596 
18.7189381086 15.6048023666 0.132068203663 
18.853934046 15.6093426312 0.121837150565 
18.853934046 15.6093426312 0.121837150565 
19.2061483824 15.6577810908 0.582800847242 
19.3383877241 15.733442005 0.878136415808 
19.3383877241 15.733442005 0.878136415808 
19.3383877241 15.733442005 0.878136415808 
19.3383877241 15.733442005 0.878136415808 
19.3383877241 15.733442005 0.878136415808 
19.3383877241 15.733442005 0.878136415808 
19.3383877241 15.733442005 0.878136415808 
19.3383877241 15.733442005 0.878136415808 
18.9796915018 16.6223208869 3.43200977168 
18.7942264044 16.5696908201 3.73591180171 
18.6928997004 16.5102852548 3.766080935 
18.5084881746 16.3985472883 3.76966961282 
18.4256644213 16.3482025827 3.76396683205 
18.2270879709 16.2280257309 3.76390855205 
18.1205873453 16.163011011 3.72986936396 
17.9547193014 16.0638682211 3.76184229513 
17.8180210554 15.9808304275 3.75143152472 
17.6864677631 15.9013886417 3.74935549245 
17.5336464607 15.8094249333 3.75416646945 
17.4220178091 15.7421603168 3.75513212789 
17.2803964579 15.6582837368 3.75775641444 
17.1329976284 15.5702281857 3.75509644594 
16.9865478241 15.48252989 3.75413590054 
16.9059817755 15.4350461627 3.75021001145 
16.7244062388 15.3269964124 3.74891253749 
16.6095490419 15.2569457388 3.66304899447 
16.4431839549 15.1788881386 3.48079668002 
16.3371292317 15.1520635153 3.45948119262 
16.172673341 15.1097330565 3.45937240475 
15.9865726345 15.064780813 3.46795100687 
15.8249339276 15.0248237068 3.47793166991 
15.6478557551 14.9818541075 3.46077768322 
15.5034105146 14.9468042518 3.47249221494 
15.2895439231 14.8948915864 3.47715001599 
15.1182215178 14.852751937 3.57956305122 
14.9950877392 14.8111806775 3.80047934325 
14.84091663 14.7020763124 4.16030357696 
14.7568106615 14.5885498489 4.4466247401 
14.7008804047 14.4022834862 -1.46289810531 
14.7117379868 14.2342363561 -1.2250676913 
14.7463220322 14.1071623529 -1.21892747018 
14.8171398604 13.8750141824 -1.19508705398 
14.8621569836 13.7187495197 -1.14229002664 
14.8733870947 13.6845971311 -1.15273939216 
14.991050061 13.4457830156 -0.630758014776 
14.991050061 13.4457830156 -0.630758014776 
15.3376758062 13.2445155347 -0.297464436319 
15.4600260818 13.1961492265 -0.297278722664 
15.6370495522 13.1267098154 -0.103255804027 
15.7897479871 13.1016186441 -0.00116222298709 
15.898434112 13.0926240648 -0.0113122856356 
16.1189174914 13.0720781053 0.0714334028195 
16.2709317171 13.0727032388 0.316887915205 
16.4076628649 13.10911214 0.418540140775 
16.5490931832 13.1639867986 0.394447828636 
16.6996871197 13.2200430597 0.355862784182 
16.8041025364 13.2575036252 0.232500675831 
16.9869862759 13.2812441553 0.133963431178 
17.1277841293 13.285798427 0.133775570124 
17.2985041105 13.2965599264 0.141194022592 
17.4679266178 13.3084336484 0.140761134011 
17.6297651493 13.318301555 0.13863791224 
17.7143664324 13.3235617841 0.139812367477 
17.9336574041 13.3381644453 0.138890657364 
18.0619244539 13.346075889 0.153905308758 
18.2430288756 13.3604333366 0.351589892761 
18.3413724863 13.385562774 0.552110713882 
18.5104110205 13.4931530918 0.981073723929 
18.5800387823 13.5693358148 1.16303431409 
18.6625390017 13.7709045375 1.61192885312 
18.6671452486 13.8794710601 1.74047537208 
18.6584861242 13.9686148132 1.75209640168 
18.6511948073 14.0440924133 1.75906829017 
18.62865543 14.2279500926 1.7565904943 
18.6073930227 14.4206016029 1.76797184102 
18.5891671145 14.5839885438 1.90926967551 
18.5324881041 14.7555628086 2.26075807134 
18.4249489271 14.9024718071 2.3870351812 
18.3245739901 15.014559027 2.40485994182 
18.2144718134 15.1386872421 2.50312360942 
18.0918960535 15.240731058 2.64664082885 
17.9662930929 15.3180061618 2.64943302882 
17.8443194592 15.3983056212 2.71243917328 
17.6438831055 15.4931415583 3.10039922618 
17.5250003302 15.5063591863 3.30639291115 
17.4134942257 15.4964825178 3.38442027552 
17.3331779205 15.482664373 3.35457685834 
17.2734261715 15.4754246289 3.36383046828 
17.1664967501 15.4604717607 3.36897809616 
17.0888848269 15.4487020339 3.36589367235 
16.9595620596 15.4302240873 3.355063366 
16.7504560315 15.39919078 3.35939501264 
16.5318419897 15.367160883 3.36690071688 
16.3469002509 15.3375698889 3.35681588601 
16.2085559928 15.318368722 3.35919652159 
16.0094723516 15.2907831112 3.33167297948 
15.8587578033 15.2722923348 3.46068276701 
15.7582560742 15.2519648795 3.66210909973 
15.66130979 15.2128616965 4.0642175145 
15.6148713493 15.1819807368 4.42507300711 
15.5848906302 15.1696792583 -1.45308820209 
15.5641925895 15.1683751608 -1.12778968281 
15.5447391235 15.1604548583 -0.829007835797 
15.5291047656 15.1461001227 -0.51949674233 
15.5188150966 15.126782086 -0.189496237965 
15.5164227151 15.1116943027 0.0427873111198 
15.5425996446 15.0990077967 0.269395524213 
15.5860633814 15.106081825 0.286996247574 
15.6798049622 15.1276976953 0.291393068505 
15.8168019318 15.1573314259 0.291502232041 
15.9021773442 15.1757467205 0.26393392009 
15.9561357462 15.1955578516 0.0981416086122 
15.9891527855 15.2136727518 -0.250023990074 
15.9928827399 15.2303826895 -0.518973522363 
15.9853897729 15.2702760885 -0.843602674864 
15.9858462327 15.286546916 -0.992417369864 
15.9884204828 15.2868941354 -1.00002401245 
15.9877383822 15.2849206629 -1.00721122821 
15.9882061669 15.2855910922 -1.0113466209 
15.9881304764 15.2856404076 -1.00978820035 
15.987669889 15.2850880849 -1.00618731073 
15.9880142921 15.2849068756 -1.00711174813 
15.9877832868 15.2851014997 -1.00747939064 
15.9878171348 15.2851039732 -1.00757055721 
15.9877914229 15.2851049679 -1.00733016643 
15.987605896 15.2853924448 -1.00792731247 
15.9876833075 15.2852607297 -1.00877070563 
15.9878864103 15.2852746735 -1.00805966284 
15.9876601362 15.2853251735 -1.00569126558 
15.9876264149 15.2853326427 -1.00577352195 
15.9876892531 15.2852690222 -1.00612222911 
15.9876272046 15.2853240485 -1.00580141529 
15.9877819234 15.2851424518 -1.00717224214 
15.9877424726 15.2851683686 -1.00686128214 
15.9876998403 15.2852417308 -1.00624383722 
15.9877752626 15.2851044426 -1.00717604151 
15.9877850526 15.2855611148 -1.00660520845 
15.9877780491 15.2851174625 -1.00728070655 
15.9878149518 15.2850971783 -1.00748393442 
15.9889050313 15.2853840666 -0.995722006337 
15.987764422 15.2851116809 -1.00712835199 
15.9877676853 15.2851542311 -1.00699982687 
15.9877949544 15.2851171794 -1.00722403374 
