15.8398104982 15.1706454421 0.387849334387 
15.8397766874 15.1706417243 0.387709556562 
15.8400136904 15.1709770376 0.386389601982 
15.8400615865 15.1709824691 0.386810760116 
15.8400541657 15.1709967817 0.3865927542 
15.8398062513 15.1706167574 0.38758021643 
15.8398077638 15.1706245805 0.387619407503 
15.8400535808 15.1709676499 0.386752487509 
15.840058785 15.1709601025 0.386741626096 
15.8400539608 15.1709630827 0.386726342474 
15.8397994266 15.1706167127 0.387736649797 
15.8397971207 15.1706045086 0.387766710718 
15.8400649914 15.1709612946 0.386923398002 
15.8400523403 15.1709450598 0.386722840551 
15.8398027756 15.1706032718 0.387655830675 
15.8398106584 15.1706086139 0.387734315431 
15.8400525266 15.1709631572 0.38669319886 
15.8400452697 15.1709350387 0.38676039675 
15.840068862 15.1709514523 0.386614193279 
15.8398129718 15.1706123913 0.387621256907 
15.8398196996 15.1706138069 0.387721925539 
15.84006219 15.1709555651 0.386631973548 
15.8398102411 15.1706123615 0.387693935365 
15.8398233541 15.1706003735 0.387478945656 
15.8398136758 15.1705988238 0.38736618142 
15.8400762529 15.1709779764 0.386042598225 
15.8398374022 15.1706443469 0.387226601443 
15.8400542551 15.1709523166 0.386413682971 
15.8395484501 15.1706277544 0.386411498574 
15.8396769353 15.1706383193 0.387306832967 
15.8396668286 15.1705910454 0.38742727549 
15.8397500591 15.1705401654 0.393006881681 
15.8397616931 15.1705593953 0.392972796421 
15.8397875206 15.170566086 0.393355915546 
15.8398331293 15.1713440085 0.382527802318 
15.8397080937 15.1706635172 0.387037246289 
15.8397030161 15.1706509257 0.387062771635 
15.8399349378 15.1709926243 0.386119350119 
15.8397014738 15.1706382299 0.387044493703 
15.8397012056 15.1707520078 0.385812649227 
15.8396392689 15.1698279495 0.380427957812 
15.8396455013 15.1699854026 0.380703487087 
15.8397280463 15.1706151331 0.387175609537 
15.8386046143 15.1697172339 0.374922942483 
15.8399775961 15.1709786693 0.385970817533 
15.8399901428 15.1709840263 0.385853653275 
15.85188685 15.1734057705 0.373843301768 
15.890978651 15.1863925273 0.350829656156 
15.911664039 15.2005422043 0.218880538416 
15.9161868413 15.2153021584 -0.0129493138384 
15.9482167551 15.2150218322 -0.0771711228378 
16.006668728 15.2054024304 -0.0703086299606 
16.0618007445 15.1966757367 -0.0744754099894 
16.1829557681 15.1782765018 -0.100803200524 
16.3521771395 15.1547928641 -0.0877877032708 
16.5019452536 15.1305212418 -0.0721036089669 
16.7048402392 15.0992552454 -0.0724795073215 
16.8208954894 15.0815067554 -0.0747835633464 
17.0018153154 15.0530798698 -0.0742294512443 
17.1549034083 15.0308496917 -0.0645926314942 
17.3030928337 15.0082792307 -0.0878381577948 
17.495660659 14.9781496788 -0.0895578323983 
17.6349472963 14.9571767117 -0.0803123301458 
17.7435697281 14.9394329751 -0.0683722990523 
17.9040787184 14.9146014417 -0.074657052706 
18.1424617731 14.8798711265 -0.15211499046 
18.2884695494 14.845529374 -0.386679268866 
18.4044723475 14.7893544699 -0.645820022914 
18.5459363424 14.6457604135 -1.03339507594 
18.604573723 14.5206274951 -1.20584471603 
18.6476921999 14.3723353709 -1.19784803985 
18.7026333773 14.1952257122 -1.31794065721 
18.7242665255 14.0867831672 -1.50760989994 
18.7149302923 13.9155385459 4.64224693448 
18.6968305075 13.7869856323 4.62705429442 
18.6968305075 13.7869856323 4.62705429442 
18.6025338137 13.477897879 4.09625590721 
18.6025338137 13.477897879 4.09625590721 
18.4860749209 13.2871360744 2.7474389188 
18.1848761999 13.2165583337 3.2171985489 
18.0688276255 13.2157288755 3.16646555484 
17.8286125624 13.2280918325 3.17138473542 
17.8286125624 13.2280918325 3.17138473542 
17.5229537451 13.2434395517 3.1647547412 
17.4119125568 13.249005195 3.16460653594 
17.2748329603 13.2561769451 3.16353584226 
17.1556669438 13.2647662128 3.16594807676 
17.0376031363 13.2723946537 3.16905240319 
16.7462847197 13.291573521 3.23665254301 
16.6321076715 13.2948199476 3.41616960909 
16.5032650792 13.2703002656 3.46389472282 
16.3618764841 13.2338958944 3.40587990106 
16.246550765 13.2078815664 3.19768686518 
16.1273060852 13.2104152406 3.01717655342 
15.9925987461 13.2401055063 3.00607810544 
15.8895221815 13.2665680612 3.1582746377 
15.7910376453 13.276233908 3.40795540405 
15.7426164859 13.268829223 3.44100740744 
15.6277306342 13.2429591382 3.4361549951 
15.4330862426 13.2000230516 3.4338793784 
15.2960512602 13.1686359609 3.36655027328 
15.1358209216 13.1466621126 3.09335083248 
15.0050145948 13.16045272 2.81343323184 
14.8366984093 13.238093015 2.45704980487 
14.815631386 13.2550216878 2.44335765177 
14.815631386 13.2550216878 2.44335765177 
14.6252226793 13.6062695945 1.80774342207 
14.5874128306 13.8351633514 1.82289739414 
14.5717301333 13.918667909 1.74395039669 
14.5717301333 13.918667909 1.74395039669 
14.5169602596 14.359065708 1.47848251753 
14.5517530405 14.5386840666 1.19929806726 
14.5941169226 14.6240780319 1.09216607644 
14.6992776358 14.784169432 0.723639070524 
14.8092972004 14.8680132891 0.484382035523 
14.9175971114 14.9128334487 0.36480954329 
15.112039026 14.96858665 0.358681945632 
15.2450836265 15.0049154128 0.360779914692 
15.3461950981 15.0341062064 0.335582015267 
15.4792410695 15.0679450447 0.353054436272 
15.7036641353 15.1299619863 0.348775769934 
15.8415787445 15.168400083 0.329121159907 
16.020521667 15.2192292458 0.302850470725 
16.1457583272 15.2526458886 0.329695723 
16.3113943898 15.3009130324 0.261294655462 
16.4315582478 15.3258696462 0.0942123188825 
16.5657676422 15.3258790935 0.0619927016747 
16.7340279781 15.3238590474 0.0738619924907 
16.8843759262 15.3209541405 0.0496937848065 
17.0766326153 15.3169455717 0.0477361600991 
17.2329214775 15.3133754695 0.0686282485995 
17.4028933012 15.3111001591 0.0362377916793 
17.5376032555 15.3083064596 0.0368226610683 
17.7075884306 15.3055690269 0.0703956965189 
17.8774553501 15.3035877536 0.0564558331096 
18.0613880121 15.3016458193 -0.0375989411924 
18.182615515 15.2905955764 -0.25315354434 
18.309581753 15.248123429 -0.517570717823 
18.4910204374 15.0980868901 -0.976240365497 
18.5506348574 14.9958953823 -1.2128816874 
18.5916235411 14.8165178562 -1.38886114765 
18.6108014547 14.6644425357 -1.37971654916 
18.6309525931 14.4982484544 -1.3798885763 
18.6455726587 14.3860128487 -1.42851002308 
18.6556765997 14.2305834259 4.66386516019 
18.6341228449 14.0809617008 4.6309831245 
18.604588505 13.9021940196 4.60547013565 
18.5802543127 13.7542015279 4.44683477796 
18.5522589647 13.6591088737 4.26282663313 
18.493184086 13.5492389167 4.03623307209 
18.3247337305 13.3989888395 3.57344762404 
18.1422305071 13.3491492237 3.33972414337 
18.017396208 13.3300505842 3.28760293882 
17.8339794838 13.3155351842 3.30560973597 
17.7215361559 13.3065527643 3.30766111162 
17.571220752 13.293563124 3.30493800873 
17.4386788571 13.2819478477 3.30246571702 
17.2122737133 13.2630225385 3.29953406058 
17.0690342152 13.2540969814 3.29854810067 
16.9379107916 13.2483135427 3.32838134999 
16.7673440539 13.2348226274 3.30169968325 
16.6228280031 13.223163482 3.2843526272 
16.4454495275 13.208384868 3.27328421692 
16.3149675691 13.1943575109 3.29916593208 
16.1633769536 13.181767341 3.29375018035 
16.0026935526 13.1691883768 3.29251619873 
15.8726353386 13.1594823564 3.29574725515 
15.7193968856 13.1480184759 3.29680990047 
15.5257293248 13.1326426233 3.27488522444 
15.3630066478 13.120312568 3.12447921133 
15.2126313412 13.1310645307 2.8482181096 
15.0815507137 13.1809037889 2.56647451364 
14.9834307396 13.255783316 2.31710633731 
14.9834307396 13.255783316 2.31710633731 
14.7808678114 13.6146799291 1.68014605092 
14.7855089867 13.7831542457 1.44596024468 
14.812884804 13.9113374914 1.46847196723 
14.8488261664 14.0522370304 1.60614512907 
14.8480532133 14.1546322072 1.63377507925 
14.8578845226 14.2763030494 1.6331122132 
14.8653186524 14.4620408381 1.63708902977 
14.8725720608 14.595838126 1.60504817778 
14.8791046106 14.7366664971 1.60362465393 
14.8856393063 14.9128641451 1.51587449956 
14.9275431001 15.0960034842 1.07888495122 
14.9814024531 15.1847642476 0.917017112995 
15.1187366807 15.318944257 0.525405522021 
15.2661923134 15.3846139873 0.23737971764 
15.3762676084 15.4037996496 0.123208934327 
15.5398876631 15.4150446768 0.140797475834 
15.725129854 15.4266931976 0.132141172543 
15.8874598035 15.4381520266 0.154215715406 
16.0387171769 15.4485644812 0.143353106396 
16.1584478581 15.4560949172 0.1448586129 
16.3277063334 15.4662853147 0.165365187354 
16.4772034251 15.475244459 0.153941944301 
16.5848991239 15.4821948225 0.135972493899 
16.7666430437 15.4941113854 0.152147089321 
16.9476703369 15.5059219266 0.122047789075 
17.0874972307 15.5146176482 0.147369119235 
17.2347069943 15.5227763916 0.136245327617 
17.4213780129 15.5344339872 0.121034418592 
17.6222034657 15.5463519062 0.124893644228 
17.7951267922 15.5566429163 0.141096626308 
17.9066188299 15.562326696 0.142275249424 
18.1319622957 15.5745630825 0.132965335602 
18.2926676237 15.5832858647 0.137676088855 
18.4331040346 15.5913268293 0.132485181437 
18.5687267744 15.5970210994 0.131241335414 
18.7707977259 15.6069264377 0.121957669764 
18.853934046 15.6093426312 0.121837150565 
18.853934046 15.6093426312 0.121837150565 
19.2730791533 15.6907112564 0.702780730421 
19.3383877241 15.733442005 0.878136415808 
19.3383877241 15.733442005 0.878136415808 
19.3383877241 15.733442005 0.878136415808 
19.3383877241 15.733442005 0.878136415808 
19.3383877241 15.733442005 0.878136415808 
19.3383877241 15.733442005 0.878136415808 
19.3383877241 15.733442005 0.878136415808 
19.3383877241 15.733442005 0.878136415808 
18.9125354254 16.612366196 3.57507912384 
18.8020980322 16.5732054676 3.72665605036 
18.6823482477 16.5042469467 3.76361277451 
18.4833083117 16.3830511535 3.76889614094 
18.3466253245 16.3002375329 3.76444785073 
18.2533359491 16.244041797 3.76419404286 
18.0992953741 16.1484501923 3.74196262821 
17.9547193014 16.0638682211 3.76184229513 
17.8107688391 15.9762795533 3.75489012977 
17.6609073841 15.8868399228 3.75084480332 
17.585257765 15.8397986258 3.76429828632 
17.4220178091 15.7421603168 3.75513212789 
17.2984700167 15.6689006353 3.75173165865 
17.1803482735 15.5985591377 3.75410456368 
17.0257054531 15.5063599313 3.76678164984 
16.8724657261 15.4162231351 3.75399339046 
16.7682365739 15.3528818975 3.75014239151 
16.620757159 15.2645965165 3.6879049254 
16.4431839549 15.1788881386 3.48079668002 
16.3573724591 15.1571281145 3.45540340668 
16.135330137 15.1009976084 3.46437363205 
15.9865726345 15.064780813 3.46795100687 
15.8077977562 15.0204896892 3.47494015077 
15.6286695563 14.9769782985 3.47016272285 
15.5288011694 14.9537692035 3.46798033139 
15.3470484578 14.9086755777 3.47849144268 
15.133920964 14.8564109767 3.56218922308 
14.96757954 14.7979727353 3.85767873908 
14.8546560967 14.7161547507 4.12494172697 
14.7657302582 14.6031258071 4.41190074598 
14.7027803623 14.4235932792 -1.51481804641 
14.7117596829 14.241724428 -1.24204527471 
14.7587444746 14.0718111957 -1.21817978666 
14.8042365276 13.9252568449 -1.20940722106 
14.8418378794 13.7939966882 -1.21135833056 
14.8733870947 13.6845971311 -1.15273939216 
14.8733870947 13.6845971311 -1.15273939216 
14.991050061 13.4457830156 -0.630758014776 
15.3181796038 13.2517476047 -0.29451803845 
15.4479728901 13.2009357179 -0.299042531526 
15.5355147981 13.1647173131 -0.254463548846 
15.7397438103 13.106577989 -0.013065788807 
15.9189975784 13.0906680788 -0.00535576641017 
16.0516717547 13.0792020524 0.00979067631598 
16.1661594176 13.0683342184 0.136283976783 
16.3604547643 13.0930029119 0.423704860847 
16.5021228158 13.145691749 0.410202690936 
16.6240728461 13.1909533704 0.398076655442 
16.834149357 13.2642036642 0.226359644095 
16.9994654619 13.2807197536 0.16895965429 
17.0756324494 13.2859443391 0.125374892963 
17.2560552322 13.293611523 0.141607704949 
17.3484855854 13.2998423542 0.143504704871 
17.5927003586 13.3153939212 0.141212177067 
17.7525514328 13.3258765901 0.139148149298 
17.9123389685 13.3367098535 0.139433278597 
18.0315244162 13.3447120155 0.142904402754 
18.1479175055 13.3504533733 0.212262724954 
18.3413724863 13.385562774 0.552110713882 
18.4811067545 13.4639238084 0.901549275211 
18.5800387823 13.5693358148 1.16303431409 
18.6519317591 13.7215567792 1.51805119753 
18.6671452486 13.8794710601 1.74047537208 
18.6603927576 13.9557768072 1.7581056214 
18.6473064386 14.0722336734 1.75500739525 
18.6253926718 14.2577977146 1.75591474633 
18.6094276869 14.3989600504 1.75825735225 
18.590472933 14.5756314958 1.89584218943 
18.5292189085 14.7628524269 2.27232597076 
18.4249489271 14.9024718071 2.3870351812 
18.3040189707 15.0396421368 2.39881590312 
18.1752099955 15.1797087307 2.59970745387 
18.0853412115 15.2455030105 2.65604954099 
17.9247038328 15.3460766713 2.6657249254 
17.8012274468 15.4238598312 2.78689690236 
17.6438831055 15.4931415583 3.10039922618 
17.5073391163 15.5064436162 3.32675355797 
17.373031851 15.489188161 3.37938843348 
17.314430114 15.4812907393 3.35298279393 
17.2541818583 15.4726228232 3.35932384056 
17.1465262138 15.4569769914 3.36808592997 
17.0339256489 15.4405858035 3.36479792624 
16.8502373063 15.415203389 3.35993848298 
16.6627144181 15.3863702233 3.36020739749 
16.5113627278 15.3639014179 3.35033366477 
16.3362143898 15.337240618 3.35871927065 
16.1621200108 15.3125515992 3.35492441482 
16.0012496227 15.2895306686 3.33287368925 
15.8345889078 15.2683621293 3.4986798833 
15.7298625075 15.2442678141 3.77633494824 
15.6599474662 15.212279022 4.06915337679 
15.6065733397 15.1756444837 4.51161201705 
15.5825298094 15.1727132464 -1.42317676936 
15.5672104323 15.1698716174 -1.17513042395 
15.5373995268 15.1531054194 -0.682513938694 
15.5235758984 15.1384441818 -0.386726416984 
15.5172532761 15.1174834485 -0.0517790331867 
15.5224692785 15.1028909499 0.181077455536 
15.5574454033 15.1005362833 0.29221643444 
15.6365436577 15.1171923319 0.290431577033 
15.7194329613 15.1356276388 0.288015342057 
15.8313378209 15.1606230328 0.287486862456 
15.9081075193 15.1785573962 0.260578443801 
15.9497211167 15.1932155343 0.129358695155 
15.9867040553 15.2119164153 -0.211621224266 
15.9916173556 15.2394113481 -0.622460628314 
15.9837870413 15.2760698127 -0.883653900059 
15.9880896547 15.2878529842 -0.993880119405 
15.9887883404 15.2873312088 -1.02586162667 
15.9877383822 15.2849206629 -1.00721122821 
15.9878031575 15.2848516817 -1.00900724685 
15.9877488204 15.2849291565 -1.00755834393 
15.9877428302 15.2849815602 -1.00707208503 
15.9877482915 15.2852422523 -1.00701310678 
15.9877783769 15.2851212511 -1.00746868728 
15.9876623192 15.2852858643 -1.00632880076 
15.9876198136 15.2853875088 -1.00858693263 
15.9877501914 15.2850834692 -1.00724678823 
15.9877805897 15.285103217 -1.00745233002 
15.9877824077 15.2851215864 -1.00736869306 
15.9876390212 15.285341617 -1.0057988383 
15.9876122066 15.2853554899 -1.00625759131 
15.9877026716 15.285261296 -1.00625520847 
15.9877974653 15.2851142811 -1.00735950169 
15.9876144418 15.2853171232 -1.00576819424 
15.9876681977 15.2853120344 -1.00597706 
15.987729583 15.2851746122 -1.0069507786 
15.9876782634 15.2853105071 -1.00600577408 
15.9878149518 15.2850971783 -1.00748393442 
15.9892428928 15.2853505353 -0.989236584145 
15.9876480364 15.2852887327 -1.00594507914 
15.9877552205 15.2850995327 -1.00698483925 
15.9877949544 15.2851171794 -1.00722403374 
