15.8398094439 15.1706635023 0.387637069478 
15.8397403957 15.1706448014 0.387249247038 
15.8400490509 15.1709995682 0.386884072816 
15.8400136904 15.1709770376 0.386389601982 
15.8398112991 15.1706315617 0.38771538165 
15.8398107142 15.1706431622 0.387743752456 
15.8400537745 15.1709756891 0.386939354789 
15.8400532977 15.170967404 0.386896311826 
15.8400736788 15.1709665994 0.386806114016 
15.8400526942 15.1709598343 0.386824264735 
15.8397824318 15.170605507 0.387755013552 
15.8400536292 15.1709708462 0.386789140564 
15.8397969307 15.1706024821 0.387802978104 
15.8400489689 15.1709512661 0.386758953852 
15.8398027756 15.1706032718 0.387655830675 
15.8400624098 15.1709496121 0.386615315057 
15.8400576302 15.1709625761 0.38680142646 
15.8398022318 15.1706079582 0.387683498598 
15.8398031407 15.1706176887 0.38774427229 
15.839812521 15.1706145296 0.387675899227 
15.8398128675 15.1706082414 0.387615261671 
15.8398262897 15.1706251095 0.387677024248 
15.8400833422 15.1709724481 0.386655510518 
15.8398332187 15.1706221218 0.387572075172 
15.8400924691 15.1709708984 0.386527767173 
15.8398408593 15.1706224869 0.387254027504 
15.8400706315 15.1709532926 0.386307183444 
15.8400579878 15.1709767545 0.385902394974 
15.839809809 15.1706060881 0.387212914621 
15.8396868856 15.1706639046 0.387043347348 
15.839729719 15.1706669892 0.386624725042 
15.8406418526 15.171681423 0.380937402521 
15.8397565113 15.1705592314 0.393211768216 
15.839761749 15.1705704818 0.393665847675 
15.8402080053 15.1709507743 0.392379401319 
15.8397020028 15.1706509183 0.38732105699 
15.8397030161 15.1706509257 0.387062771635 
15.8397190721 15.1706391017 0.3868815911 
15.8397014738 15.1706382299 0.387044493703 
15.8397361265 15.1706291551 0.386945561791 
15.839656748 15.1698310415 0.380344688593 
15.8397231103 15.1706369335 0.387131562203 
15.8399657571 15.1709640289 0.386029457534 
15.8395798505 15.1697527657 0.379537860206 
15.8397483603 15.170631882 0.3868859648 
15.8397620433 15.1706442351 0.386745787997 
15.861262167 15.1773283931 0.384027817674 
15.8965139898 15.1884941051 0.339494964045 
15.9117450734 15.2045835967 0.156573603996 
15.9257514776 15.2175572368 -0.0562523015484 
15.9677590692 15.2114593426 -0.080661688442 
16.0326709115 15.2014069187 -0.0740857821852 
16.1263921821 15.1877448375 -0.0840099241399 
16.2290357613 15.1712510476 -0.0771974728311 
16.4028234446 15.1464468206 -0.0833704799031 
16.5917419755 15.1171220655 -0.0832296554316 
16.7342759931 15.0950655008 -0.0883666672851 
16.8803163731 15.0720255787 -0.0767454654924 
17.0102046692 15.0518984909 -0.0737590526155 
17.1926469767 15.0245927388 -0.0714511876407 
17.3753330671 14.9974564279 -0.0817741932785 
17.512442466 14.9753926064 -0.0890724190089 
17.6631797516 14.951863196 -0.0942057703049 
17.80246472 14.9302104081 -0.0806108021827 
18.0019669497 14.8982979024 -0.0592510775195 
18.1424617731 14.8798711265 -0.15211499046 
18.2884695494 14.845529374 -0.386679268866 
18.4187056982 14.7795730794 -0.679682436688 
18.5226323568 14.6782523359 -0.95928968646 
18.604573723 14.5206274951 -1.20584471603 
18.6539401972 14.3520058955 -1.19672547804 
18.6943643057 14.2245465482 -1.28054499341 
18.7263274157 14.0350322689 4.70636838683 
18.7131383383 13.8993771041 4.63991868689 
18.6968305075 13.7869856323 4.62705429442 
18.6968305075 13.7869856323 4.62705429442 
18.6217806303 13.511827823 4.13039392241 
18.6025338137 13.477897879 4.09625590721 
18.4860749209 13.2871360744 2.7474389188 
18.4860749209 13.2871360744 2.7474389188 
18.0688276255 13.2157288755 3.16646555484 
17.9480750525 13.2216190065 3.1680932659 
17.8286125624 13.2280918325 3.17138473542 
17.6423928702 13.2384835447 3.17101535596 
17.5229537451 13.2434395517 3.1647547412 
17.2748329603 13.2561769451 3.16353584226 
17.1556669438 13.2647662128 3.16594807676 
17.0376031363 13.2723946537 3.16905240319 
16.9763810598 13.2796908582 3.1890653246 
16.6767124498 13.2961814369 3.31697254342 
16.5661931598 13.2863084043 3.4675834906 
16.4085257017 13.2467025484 3.41181454678 
16.2607993149 13.2109562124 3.24091061114 
16.1607787573 13.2057820524 3.04513137355 
16.009756636 13.2350665296 2.99323566802 
15.915717261 13.2599637474 3.09498420445 
15.8435090148 13.2758849824 3.29951218273 
15.761699062 13.2725087369 3.43467269002 
15.6277306342 13.2429591382 3.4361549951 
15.5043065512 13.2156542505 3.43404456422 
15.333835479 13.1768737997 3.40032366661 
15.1829727852 13.1495071615 3.19437535451 
15.0137138927 13.1587351526 2.83798278872 
14.8629132473 13.2209578718 2.5265966705 
14.815631386 13.2550216878 2.44335765177 
14.815631386 13.2550216878 2.44335765177 
14.6252226793 13.6062695945 1.80774342207 
14.6252226793 13.6062695945 1.80774342207 
14.5717301333 13.918667909 1.74395039669 
14.5717301333 13.918667909 1.74395039669 
14.5717301333 13.918667909 1.74395039669 
14.5274544918 14.4515066112 1.40447272575 
14.5819401705 14.6035410131 1.10981127949 
14.6727083885 14.7535644735 0.768467423384 
14.7634119951 14.8364556695 0.579213615352 
14.9476250374 14.9210794235 0.365669550383 
15.0312080943 14.9447542096 0.362339431829 
15.213941034 14.9955190981 0.372980995129 
15.3973890507 15.0491823817 0.328649162125 
15.5072757268 15.0757477249 0.357868957508 
15.6826728993 15.1238886158 0.348472645367 
15.7909737119 15.1549311394 0.358118168703 
15.9599608072 15.2024404372 0.340184583453 
16.0970869922 15.2389204992 0.326347008645 
16.2553537452 15.2822456549 0.326876252608 
16.3885545694 15.3209899704 0.129795633327 
16.4798138105 15.3272654007 0.0665236219341 
16.6446476543 15.3261701206 0.0362249494868 
16.825432893 15.3220021466 0.0513547629849 
16.9948790037 15.3187458182 0.0631893197895 
17.1422216856 15.3158696632 0.0561999106729 
17.3141785824 15.3122915889 0.0513154609817 
17.436371442 15.3102674971 0.0403960530983 
17.6366562807 15.3069144304 0.0572994697438 
17.7960884535 15.3038573603 0.0505373147044 
17.9287373983 15.3021736706 0.0542971885674 
18.111368891 15.2986554916 -0.112472521284 
18.2328705752 15.2782577167 -0.357898548424 
18.4421982729 15.1540727879 -0.851213586375 
18.5380010569 15.0234830792 -1.15354348466 
18.5901150667 14.8237028981 -1.37302207641 
18.6073749029 14.6757492984 -1.35421978487 
18.6309525931 14.4982484544 -1.3798885763 
18.6505668127 14.3430184687 -1.47418021063 
18.6478104555 14.1573469604 4.61914504992 
18.6175498926 13.9801452125 4.62483847719 
18.5878102743 13.8001459802 4.52611123912 
18.493184086 13.5492389167 4.03623307209 
18.3952054941 13.4426660503 3.73195625858 
18.1618971789 13.346443888 3.33597706551 
18.008646723 13.3294519151 3.28901494037 
17.8046139443 13.3128282989 3.30195083978 
17.5964037144 13.2959552968 3.30658500028 
17.3903850281 13.2781200374 3.30217935395 
17.268450495 13.2676477397 3.30001524693 
17.0900516474 13.2551649774 3.29488198261 
16.92074072 13.2466479505 3.335405585 
16.7673440539 13.2348226274 3.30169968325 
16.466483947 13.2102543081 3.27467789409 
16.2740462982 13.1904402936 3.29528731349 
16.1205820405 13.1780008043 3.28510582275 
15.9021439013 13.1617771352 3.29605148709 
15.7409551406 13.1494506563 3.29663881019 
15.6082210207 13.1400700773 3.29554979895 
15.4234290683 13.124090072 3.20670317166 
15.2324358189 13.1262019838 2.87699363805 
15.1359569394 13.1550086702 2.69563511036 
15.0150373542 13.2254461015 2.42204295313 
14.9834307396 13.255783316 2.31710633731 
14.8035736048 13.5250700677 1.90422762928 
14.7772337162 13.7019923891 1.54038027394 
14.7855089867 13.7831542457 1.44596024468 
14.7940243446 13.8398909534 1.39968902474 
14.8478203976 14.041670915 1.61278944715 
14.8480532133 14.1546322072 1.63377507925 
14.8547028267 14.3099847401 1.6133262543 
14.8652617895 14.4811924065 1.59215346279 
14.8765026295 14.6929171051 1.60609348619 
14.880975362 14.8619923557 1.52602729509 
14.8856393063 14.9128641451 1.51587449956 
14.9814024531 15.1847642476 0.917017112995 
15.0780739152 15.2909219081 0.612405794996 
15.2452411615 15.378739428 0.267740093867 
15.3958542907 15.4054580147 0.128728672113 
15.5028423929 15.4110794927 0.131815156548 
15.6957658046 15.4247316087 0.143845960379 
15.8279454821 15.4352113868 0.157685726917 
16.0306710267 15.4481740708 0.146295220528 
16.1413263046 15.4545170034 0.141257848888 
16.3142164015 15.4657000864 0.130358122862 
16.5053741896 15.4772545511 0.152278379478 
16.6469631755 15.4862186874 0.130567824935 
16.7871932947 15.4960371817 0.136182316936 
16.928279277 15.5047220851 0.145127697661 
17.1293030941 15.5171800817 0.142751261529 
17.1912292206 15.5207481945 0.135282896989 
17.4213780129 15.5344339872 0.121034418592 
17.543777939 15.5421379472 0.139907028462 
17.7650847399 15.5556609596 0.126780201229 
17.987134453 15.5666449631 0.139615418693 
18.1405179464 15.5749568606 0.133704755601 
18.3016197645 15.584016111 0.131357521322 
18.4707698786 15.592529055 0.131898210506 
18.646366831 15.601040181 0.127348665893 
18.7707977259 15.6069264377 0.121957669764 
18.853934046 15.6093426312 0.121837150565 
18.853934046 15.6093426312 0.121837150565 
19.2730791533 15.6907112564 0.702780730421 
19.3383877241 15.733442005 0.878136415808 
19.3383877241 15.733442005 0.878136415808 
19.3383877241 15.733442005 0.878136415808 
19.3383877241 15.733442005 0.878136415808 
19.3383877241 15.733442005 0.878136415808 
19.3383877241 15.733442005 0.878136415808 
19.3383877241 15.733442005 0.878136415808 
19.0483708346 16.6225385631 3.29893950519 
18.9000985586 16.6084518398 3.58378381969 
18.7749781572 16.5586137737 3.74988753881 
18.6490614378 16.4837506975 3.76494446682 
18.4833083117 16.3830511535 3.76889614094 
18.3827767336 16.3221005167 3.76204533986 
18.2533359491 16.244041797 3.76419404286 
18.0707232916 16.1299412812 3.73289368491 
17.9290575945 16.0487288202 3.76134442973 
17.7995574438 15.9698536361 3.75295976535 
17.6609073841 15.8868399228 3.75084480332 
17.5227538311 15.8030560578 3.74670841744 
17.402924534 15.7318996752 3.76056433254 
17.2659879887 15.6498310233 3.75634945353 
17.1259306633 15.5658308233 3.75360466883 
17.0257054531 15.5063599313 3.76678164984 
16.941960212 15.4564110602 3.75359611893 
16.7499361002 15.3420715297 3.7513287766 
16.6289249026 15.2685218791 3.71445985106 
16.4762859904 15.1891133862 3.47650122829 
16.2617236042 15.1321692059 3.4499412534 
16.1439422333 15.1034333373 3.46168106653 
16.0029051119 15.0680436904 3.45524543006 
15.787048977 15.0156591947 3.47498216448 
15.6578706765 14.9838658238 3.47528312431 
15.5363284313 14.9542303647 3.46625820846 
15.3270114624 14.9034810925 3.48481284118 
15.133920964 14.8564109767 3.56218922308 
15.0494081342 14.8323845829 3.65653900905 
14.9188045227 14.7685377265 3.95845618634 
14.7568106615 14.5885498489 4.4466247401 
14.6983842814 14.3949139083 -1.48393537353 
14.7117379868 14.2342363561 -1.2250676913 
14.7557800972 14.0796889032 -1.22913298567 
14.7927374804 13.9540430273 -1.25421554581 
14.8268778288 13.8464767898 -1.20835253164 
14.8733870947 13.6845971311 -1.15273939216 
14.8733870947 13.6845971311 -1.15273939216 
14.991050061 13.4457830156 -0.630758014776 
14.991050061 13.4457830156 -0.630758014776 
15.3915112578 13.223863479 -0.300198481685 
15.5079856777 13.1762536729 -0.276471463481 
15.6744010114 13.1171432699 -0.0585543683544 
15.8188340404 13.1004313196 -0.011141601004 
16.029963907 13.0818723405 -0.00366343316948 
16.1661594176 13.0683342184 0.136283976783 
16.3529775703 13.0904298986 0.408094365735 
16.4943424427 13.1427091325 0.407515476327 
16.6520462 13.2017086709 0.383813023985 
16.7966554129 13.2550706829 0.232332926383 
16.9380277359 13.2762051786 0.135162667343 
17.0454875195 13.2840869392 0.16984647227 
17.2390460932 13.2922003234 0.143636334247 
17.3994122707 13.3037239278 0.13979805757 
17.5802525246 13.3146089281 0.140379277232 
17.7314687931 13.3245594467 0.139783390333 
17.8195760214 13.3304448093 0.139803780031 
17.993226763 13.3420519794 0.138528415333 
18.176413294 13.352307793 0.247546228632 
18.3209583723 13.3775355781 0.521753828388 
18.4745461905 13.4589128459 0.883412256119 
18.5629782641 13.5459372962 1.10489400017 
18.6238217318 13.6476036275 1.33156538976 
18.6675915682 13.8171840871 1.68499113297 
18.6665880644 13.9016945327 1.75758052889 
18.6537871325 14.0165278877 1.75355294416 
18.6334612333 14.187806722 1.75633057434 
18.6118063891 14.3779767121 1.75367049156 
18.6012973749 14.4816456402 1.79993276914 
18.5806777441 14.6343793834 2.02348519223 
18.501649853 14.8055759932 2.33559774124 
18.3506836855 14.9850283528 2.39172687598 
18.2640523874 15.0843138809 2.43207543594 
18.1204583609 15.221360272 2.64286201517 
17.9662930929 15.3180061618 2.64943302882 
17.892642256 15.367230233 2.68300375939 
17.7122007572 15.4681442494 2.95018814326 
17.5316975081 15.5064134861 3.29389306293 
17.4273875916 15.498451438 3.3846500929 
17.3357006275 15.4834289516 3.36590698798 
17.2980850899 15.4788555766 3.35095724595 
17.2012815439 15.4658075983 3.35941173683 
17.1266045534 15.4541333879 3.35916854256 
16.9595620596 15.4302240873 3.355063366 
16.7834522092 15.4045775051 3.3595132097 
16.5913597309 15.3766103054 3.35972289261 
16.4656399452 15.3577275837 3.3673697665 
16.2501677239 15.3247002552 3.35617266213 
16.1037025863 15.3046916763 3.37428976097 
15.8890293458 15.2754915657 3.40393973474 
15.7830996775 15.257332586 3.58753736378 
15.671501916 15.2164573132 4.01346753164 
15.6148713493 15.1819807368 4.42507300711 
15.5911500418 15.1693208332 -1.5611080906 
15.5748901927 15.1719246025 -1.30529226048 
15.5565050804 15.1645172949 -1.0095683022 
15.5354685151 15.1519983301 -0.639497491677 
15.5209789538 15.1332412104 -0.29252488139 
15.5172532761 15.1174834485 -0.0517790331867 
15.5360861981 15.0994267131 0.235107843778 
15.5712666475 15.1028665716 0.291456041189 
15.6221266055 15.1136242116 0.291042065867 
15.7251565569 15.1373195017 0.295155745428 
15.8500402198 15.1655274148 0.285493750695 
15.9181285297 15.1812182183 0.236537025905 
15.9561357462 15.1955578516 0.0981416086122 
15.9898997509 15.2144402957 -0.264813936797 
15.9916173556 15.2394113481 -0.622460628314 
15.9851123133 15.2806339937 -0.924766987003 
15.9884573334 15.2879807281 -0.999431688343 
15.9878383541 15.2849342229 -1.00743707435 
15.9877862969 15.2849061976 -1.00787665506 
15.9882105329 15.2856173294 -1.01135202878 
15.9876634964 15.2850784364 -1.00615370705 
15.9877428302 15.2849815602 -1.00707208503 
15.9878177309 15.2850388552 -1.0070316541 
15.9876550847 15.2853308211 -1.00586957987 
15.98770969 15.2852482351 -1.0090026145 
15.9876973295 15.2852757427 -1.00593913868 
15.9876580277 15.2853291819 -1.00598700204 
15.9882013911 15.2858299615 -1.00995632278 
15.9878864103 15.2852746735 -1.00805966284 
15.9877886662 15.2851173917 -1.00720517272 
15.9877918475 15.2850955131 -1.00745349643 
15.9876403549 15.2853199991 -1.00578716065 
15.9876980894 15.2852782684 -1.00629550355 
15.9876668715 15.2852881553 -1.00598175264 
15.9876609408 15.2852949801 -1.006105005 
15.9877622091 15.2851459796 -1.0070092126 
15.9878053033 15.2850965525 -1.00736798673 
15.9877637365 15.2851243692 -1.0069875489 
15.9877972418 15.2851342561 -1.0072326743 
15.9876321071 15.2853449958 -1.00579998983 
15.9877734521 15.2850880663 -1.00759666448 
15.9876699113 15.2852902452 -1.0062582631 
15.9877676853 15.2851542311 -1.00699982687 
15.9877949544 15.2851171794 -1.00722403374 
