15.9877949544 15.2851171794 -1.00722403374 
15.8398104982 15.1706454421 0.387849334387 
15.8397766874 15.1706417243 0.387709556562 
15.8400136904 15.1709770376 0.386389601982 
15.8400524968 15.1709773282 0.386771132469 
15.8400676475 15.1709716658 0.386794111065 
15.8400529028 15.1709705109 0.386874812642 
15.8397904673 15.170614023 0.387686547805 
15.8397901655 15.1706019084 0.387739325332 
15.839805253 15.1706123839 0.387570312112 
15.8400719986 15.1709577332 0.386643325592 
15.8400581778 15.1709651987 0.386607309166 
15.8400709034 15.1709821934 0.386784272376 
15.8400526309 15.1709533671 0.386780741863 
15.8400674687 15.1709582845 0.386655373685 
15.8398609684 15.1706050302 0.388337122154 
15.8398087659 15.1706020723 0.387563226164 
15.8398018257 15.1705926026 0.38738083058 
15.8398048469 15.1706092248 0.387592821352 
15.8400671222 15.1709731261 0.386640427848 
15.8400748224 15.1709792579 0.386744047491 
15.8400683404 15.1709494407 0.3867326247 
15.8400720881 15.1709624718 0.386644108892 
15.8398102411 15.1706123615 0.387693935365 
15.8398108372 15.1706106926 0.387540858292 
15.8398369924 15.1706102158 0.387280357943 
15.8399289065 15.1707316826 0.387323336767 
15.8398204782 15.1706168617 0.387341624486 
15.8400542551 15.1709523166 0.386413682971 
15.8398763501 15.1699888448 0.381729944818 
15.8397035823 15.1706426183 0.386872452217 
15.8400954978 15.1711499135 0.387133788471 
15.8397443407 15.1705271343 0.393114261955 
15.8397612983 15.1705585236 0.392947891583 
15.8397804984 15.1705636571 0.393300840523 
15.8396001273 15.1698056723 0.379155545015 
15.8399490417 15.1709663833 0.385978374853 
15.8399444633 15.1709242428 0.385917104053 
15.8399475702 15.1710163469 0.385639558289 
15.8397155703 15.1706608499 0.386987146892 
15.8396621273 15.1705072711 0.387245565426 
15.8399017641 15.1700703467 0.382219784233 
15.839972485 15.170971487 0.386097729264 
15.8399784454 15.1709436069 0.386178360155 
15.8399172985 15.1700477565 0.381954827902 
15.8399775961 15.1709786693 0.385970817533 
15.8399976828 15.1709779243 0.38531791073 
15.8551442103 15.1747137422 0.374451874312 
15.8965139898 15.1884941051 0.339494964045 
15.9117452149 15.201546252 0.199610035783 
15.9200169203 15.2161424907 -0.031279172305 
15.9572298342 15.2122996471 -0.0626092640601 
16.0326709115 15.2014069187 -0.0740857821852 
16.1263921821 15.1877448375 -0.0840099241399 
16.2480712795 15.1686772893 -0.0838171652983 
16.3944101297 15.1468285213 -0.0714476761199 
16.5450197422 15.1246994997 -0.0840327541708 
16.7048402392 15.0992552454 -0.0724795073215 
16.8420565092 15.0781312401 -0.074725841942 
17.0102046692 15.0518984909 -0.0737590526155 
17.1718023979 15.0279221649 -0.0692669786859 
17.316213485 15.006360587 -0.0997795948757 
17.5040396416 14.976737615 -0.0896989777565 
17.6550117695 14.9530996943 -0.0952154846809 
17.80246472 14.9302104081 -0.0806108021827 
17.9662136995 14.9045643474 -0.0648878358697 
18.1553926432 14.8772817219 -0.171427151135 
18.2884695494 14.845529374 -0.386679268866 
18.4425060713 14.7611336077 -0.740590938062 
18.5576012098 14.6271398629 -1.07197398258 
18.614620682 14.4900821413 -1.21386322167 
18.6563408339 14.3438163365 -1.20108714923 
18.7049188578 14.1868981088 -1.32951759457 
18.7263274157 14.0350322689 4.70636838683 
18.7098016703 13.8780381645 4.63410894858 
18.6968305075 13.7869856323 4.62705429442 
18.6968305075 13.7869856323 4.62705429442 
18.6025338137 13.477897879 4.09625590721 
18.6025338137 13.477897879 4.09625590721 
18.4860749209 13.2871360744 2.7474389188 
18.1848761999 13.2165583337 3.2171985489 
18.0688276255 13.2157288755 3.16646555484 
17.8286125624 13.2280918325 3.17138473542 
17.7257902586 13.2348014081 3.17469562795 
17.5229537451 13.2434395517 3.1647547412 
17.4032070601 13.2495534385 3.16405579009 
17.2748329603 13.2561769451 3.16353584226 
17.0376031363 13.2723946537 3.16905240319 
16.9763810598 13.2796908582 3.1890653246 
16.7402937972 13.2924406494 3.23684082254 
16.6124842131 13.2941819395 3.44519538149 
16.473120805 13.2632096971 3.41395848698 
16.3380214834 13.2276025976 3.37199460673 
16.2263759637 13.2047289575 3.13956004891 
16.0891170764 13.217329141 3.00239213741 
15.9713915848 13.2456866468 3.02441441813 
15.8670634498 13.2717735733 3.2239273575 
15.7910376453 13.276233908 3.40795540405 
15.6898148471 13.2564140523 3.43224597503 
15.5674341881 13.2298804487 3.43730431078 
15.4248942101 13.198203441 3.43354174829 
15.2751593554 13.164151069 3.34163337779 
15.1149867141 13.1453846658 3.04003925591 
14.9641275966 13.1730545724 2.75582890049 
14.8366984093 13.238093015 2.45704980487 
14.815631386 13.2550216878 2.44335765177 
14.6400288307 13.5292596782 1.8313434557 
14.6252226793 13.6062695945 1.80774342207 
14.5874128306 13.8351633514 1.82289739414 
14.5717301333 13.918667909 1.74395039669 
14.5717301333 13.918667909 1.74395039669 
14.5169602596 14.359065708 1.47848251753 
14.5574948752 14.5460686053 1.23237123191 
14.6144508087 14.6672840084 1.00188577712 
14.7054957115 14.7897646988 0.688455486514 
14.8092972004 14.8680132891 0.484382035523 
14.9476250374 14.9210794235 0.365669550383 
15.112039026 14.96858665 0.358681945632 
15.2450836265 15.0049154128 0.360779914692 
15.3973890507 15.0491823817 0.328649162125 
15.5478192532 15.0868088866 0.35513423914 
15.7121852749 15.132803459 0.355317316498 
15.862417318 15.1748370121 0.357327949014 
16.0315443092 15.2227344106 0.316774843632 
16.1755695903 15.2603160965 0.319634639871 
16.3185706102 15.3028821538 0.25514788556 
16.4480974638 15.3266789506 0.0742241356086 
16.5938897693 15.3264949361 0.0529456406578 
16.745152589 15.3238137777 0.057867937879 
16.9055625164 15.3206183205 0.0536830554324 
17.0766326153 15.3169455717 0.0477361600991 
17.2466365063 15.313432161 0.0458883540384 
17.436371442 15.3102674971 0.0403960530983 
17.5978984797 15.3073495964 0.0538427557899 
17.7158440315 15.3055089603 0.0741521649115 
17.890702244 15.3037623281 0.0495822242836 
18.0737457239 15.3014059404 -0.0576832703602 
18.2204618418 15.2820732968 -0.333595586307 
18.3536403143 15.2228131101 -0.633210148319 
18.4958853685 15.0913186635 -0.994460630321 
18.5645453894 14.9549151326 -1.27692536197 
18.5940039122 14.7952722872 -1.37031483083 
18.6130297148 14.6481382812 -1.37600605374 
18.6309525931 14.4982484544 -1.3798885763 
18.6493985617 14.3563246692 -1.46413639852 
18.653568741 14.2042622531 4.64402463173 
18.6260697806 14.0301605428 4.62661924264 
18.5994291269 13.871107098 4.61452591564 
18.5730731451 13.7220492328 4.38492295507 
18.5185785257 13.5887891019 4.12858596362 
18.493184086 13.5492389167 4.03623307209 
18.3066391909 13.3889346088 3.53112640369 
18.1289551222 13.3431346382 3.32665908317 
17.9746079409 13.3270831073 3.30141799806 
17.812646147 13.3137288059 3.30526554696 
17.6665040218 13.3019891942 3.30398103995 
17.5154653751 13.2883727516 3.30234084486 
17.3732429707 13.2764068807 3.30310502155 
17.2122737133 13.2630225385 3.29953406058 
17.0485701525 13.2518217529 3.29685084847 
16.9077197277 13.2457004751 3.28810847681 
16.7523865068 13.2331377233 3.32346393216 
16.6138386094 13.2216778959 3.28007969961 
16.4323214852 13.208670255 3.29818702589 
16.2947411501 13.191976663 3.29504912609 
16.1205820405 13.1780008043 3.28510582275 
15.980482895 13.1671680177 3.28093260056 
15.8301224151 13.1560877527 3.2954219896 
15.667612102 13.1441179479 3.29553440636 
15.5045790934 13.1316674913 3.25809192287 
15.3422607743 13.1196120943 3.09325474845 
15.1837032997 13.1382917131 2.78435363832 
15.0453422629 13.2031825746 2.49606943005 
14.9834307396 13.255783316 2.31710633731 
14.9834307396 13.255783316 2.31710633731 
14.7788430416 13.6366243328 1.63717696625 
14.7855089867 13.7831542457 1.44596024468 
14.8257837259 13.963430282 1.49588989183 
14.8488261664 14.0522370304 1.60614512907 
14.8498806917 14.1754652227 1.65567994496 
14.8567377293 14.2846049632 1.65060702209 
14.8653186524 14.4620408381 1.63708902977 
14.8725720608 14.595838126 1.60504817778 
14.879684087 14.7682013179 1.584961963 
14.8856393063 14.9128641451 1.51587449956 
14.9394505584 15.1178521032 1.02806973001 
15.0172855222 15.2304058161 0.775140423504 
15.132909652 15.3275129388 0.499961889404 
15.274720844 15.3876938636 0.236650531813 
15.4327939117 15.4077269102 0.130571776464 
15.5830958747 15.4173010702 0.143323255627 
15.7337940597 15.4271803314 0.13008894638 
15.8988917071 15.4393649811 0.171233847553 
16.0387171769 15.4485644812 0.143353106396 
16.2028257513 15.4588045294 0.131009189158 
16.345289793 15.4670599664 0.153731306986 
16.4898526036 15.4762543554 0.152958301907 
16.6469631755 15.4862186874 0.130567824935 
16.8174099886 15.4972833658 0.145577411306 
16.9698085749 15.5070663358 0.1538334883 
17.1172461474 15.5159241522 0.155033630629 
17.263806101 15.5251087213 0.14603698288 
17.4556443655 15.537008133 0.117664324914 
17.6222034657 15.5463519062 0.124893644228 
17.8034280502 15.5569626952 0.140572493329 
17.9663245642 15.565737095 0.137817209742 
18.1319622957 15.5745630825 0.132965335602 
18.3016197645 15.584016111 0.131357521322 
18.4551989996 15.593253311 0.123650878024 
18.6177906954 15.5996635521 0.132594048966 
18.7879457438 15.6080105568 0.12663303109 
18.853934046 15.6093426312 0.121837150565 
18.853934046 15.6093426312 0.121837150565 
19.2730791533 15.6907112564 0.702780730421 
19.3383877241 15.733442005 0.878136415808 
19.3383877241 15.733442005 0.878136415808 
19.3383877241 15.733442005 0.878136415808 
19.3383877241 15.733442005 0.878136415808 
19.3383877241 15.733442005 0.878136415808 
19.3383877241 15.733442005 0.878136415808 
19.3383877241 15.733442005 0.878136415808 
19.0797328913 16.6318399871 3.17400903122 
18.9000985586 16.6084518398 3.58378381969 
18.7676773035 16.5552860464 3.75945827527 
18.6563377344 16.4875640834 3.75119026505 
18.4833083117 16.3830511535 3.76889614094 
18.3398010695 16.2956006492 3.76031528255 
18.2270879709 16.2280257309 3.76390855205 
18.0812470877 16.1364690031 3.72956121307 
17.9364614451 16.0530998672 3.76119049344 
17.8107688391 15.9762795533 3.75489012977 
17.6609073841 15.8868399228 3.75084480332 
17.5150309765 15.799085852 3.74968325236 
17.402924534 15.7318996752 3.76056433254 
17.2548900807 15.6435541178 3.75773932736 
17.1259306633 15.5658308233 3.75360466883 
17.0003943407 15.4910287524 3.76690338866 
16.8541351521 15.4057602848 3.75705535781 
16.7352035606 15.3335543985 3.75004287147 
16.5914041364 15.2460923356 3.6375401066 
16.4337929451 15.1759620386 3.4645598118 
16.2702057623 15.1347388516 3.45421300023 
16.1108235979 15.0947158451 3.46028759385 
15.9739912638 15.0612439478 3.45500409149 
15.8077977562 15.0204896892 3.47494015077 
15.6286695563 14.9769782985 3.47016272285 
15.4695728981 14.9389744664 3.45364766907 
15.3270114624 14.9034810925 3.48481284118 
15.133920964 14.8564109767 3.56218922308 
14.96757954 14.7979727353 3.85767873908 
14.8546560967 14.7161547507 4.12494172697 
14.7504982912 14.5783256854 4.44394429395 
14.700894829 14.4150483573 -1.50023534808 
14.714746114 14.2252429689 -1.23264007108 
14.7587444746 14.0718111957 -1.21817978666 
14.8079665863 13.9125739301 -1.21288247241 
14.8418378794 13.7939966882 -1.21135833056 
14.8733870947 13.6845971311 -1.15273939216 
14.8733870947 13.6845971311 -1.15273939216 
14.991050061 13.4457830156 -0.630758014776 
15.3181796038 13.2517476047 -0.29451803845 
15.4600260818 13.1961492265 -0.297278722664 
15.6095093453 13.1360369886 -0.153134903882 
15.7691394353 13.1034301485 0.000776950665522 
15.9360512347 13.0893512929 -0.00803351815282 
16.0898646229 13.0745006765 0.0436760552501 
16.2479971909 13.0702670778 0.27937589037 
16.3969107234 13.1045521463 0.453984628628 
16.5409156048 13.1612495149 0.392137227369 
16.6729010903 13.2092195714 0.384658790042 
16.834149357 13.2642036642 0.226359644095 
17.0075095856 13.2793326343 0.144884433169 
17.1567193234 13.2875620092 0.134910275559 
17.2858979666 13.2958025897 0.140509714903 
17.4592677319 13.3078663314 0.141094860955 
17.6215637886 13.3177220787 0.140202386593 
17.7609385216 13.3263921703 0.138954995603 
17.920773741 13.3372662033 0.139480566411 
18.0750524962 13.3465008701 0.158053050803 
18.2267785036 13.3572274412 0.329376120382 
18.3699712717 13.3957272733 0.626896856693 
18.504935261 13.4858190979 0.950760732261 
18.5996832811 13.6022548641 1.2213663468 
18.6569638216 13.7421817745 1.5583257161 
18.6667480433 13.8954553569 1.7537472381 
18.6554815733 13.9936286176 1.7459049376 
18.6441574061 14.1011630262 1.75694865655 
18.6243386232 14.2665347422 1.75552710574 
18.6082100832 14.4119996394 1.76335156082 
18.590472933 14.5756314958 1.89584218943 
18.5174012148 14.781094637 2.32192028149 
18.4101109469 14.919091847 2.38435856972 
18.3040189707 15.0396421368 2.39881590312 
18.167627331 15.1850587281 2.59968010364 
18.0417966807 15.2718901003 2.65917476912 
17.917106148 15.350437891 2.67516788944 
17.7943370306 15.4283132369 2.7991525129 
17.6438831055 15.4931415583 3.10039922618 
17.4845427239 15.5053276683 3.36362120865 
17.3659884894 15.4879745806 3.37874676201 
17.2949767077 15.4796818907 3.36267449239 
17.2441068852 15.4707782979 3.35777732304 
17.1436450445 15.4565129096 3.36480486021 
16.9903472626 15.434731182 3.35784902903 
16.8419885003 15.4134293909 3.36064867588 
16.654494282 15.3857441957 3.36525330196 
16.5030165279 15.3629211898 3.34909623931 
16.301561203 15.3316084186 3.34952604515 
16.1406030321 15.309427839 3.34142287601 
15.9792824724 15.2884030121 3.33274992755 
15.8245039025 15.26533803 3.50053166092 
15.7298625075 15.2442678141 3.77633494824 
15.651784029 15.208962031 4.13820243089 
15.6037968361 15.1740824992 4.54503751683 
15.5792407655 15.1734513904 -1.36787642101 
15.5641925895 15.1683751608 -1.12778968281 
15.5363552534 15.1521285439 -0.664278775694 
15.5218483471 15.136222441 -0.343008469534 
15.5170902276 15.1158720891 -0.0214072869848 
15.5259977543 15.1010147298 0.204332445073 
15.574460026 15.1035539622 0.289193236789 
15.639534887 15.1181221942 0.290018094997 
15.7251565569 15.1373195017 0.295155745428 
15.8369264306 15.1625286678 0.283327155617 
15.9081075193 15.1785573962 0.260578443801 
15.9561357462 15.1955578516 0.0981416086122 
15.9867040553 15.2119164153 -0.211621224266 
15.9911803567 15.2411200388 -0.636076229905 
15.9850038924 15.2794724668 -0.911884057627 
15.9891174623 15.2879292446 -1.00691965915 
15.9892405235 15.2872992458 -1.00390493087 
15.9877720141 15.2849526892 -1.0077952071 
15.9882864618 15.2857510115 -1.0112404264 
15.9877870643 15.2849251966 -1.00734972079 
15.9877659493 15.2849323789 -1.00739872902 
15.9876764679 15.2852821017 -1.00895250732 
15.9877722749 15.2851242202 -1.00752104153 
15.9877564796 15.2851999144 -1.00766524802 
15.987605896 15.2853924448 -1.00792731247 
15.9877724388 15.2851056683 -1.0072334612 
15.9877796659 15.2850910092 -1.00731381416 
15.9877539166 15.2851785089 -1.00700730748 
15.987662878 15.2853311228 -1.00585925297 
15.9876589962 15.2853183041 -1.00607209283 
15.9876242765 15.2853455509 -1.00590586148 
15.9877784291 15.2851109619 -1.0073020586 
15.9876144418 15.2853171232 -1.00576819424 
15.9878032618 15.2850920225 -1.0074287488 
15.9880790004 15.2860712933 -1.00808530311 
15.9876782634 15.2853105071 -1.00600577408 
15.9876321071 15.2853449958 -1.00579998983 
15.9884592929 15.285918359 -1.0080550263 
15.9876483941 15.2852925959 -1.00612634965 
15.9877977708 15.2850984188 -1.00745893043 
