15.8398076856 15.170663398 0.387798198164 
15.8397997656 15.1706437359 0.387900642366 
15.8404571266 15.1710002388 0.390694872149 
15.8398784177 15.1715840811 0.379342918321 
15.8397933432 15.1706477145 0.387905357263 
15.8400616498 15.1709954257 0.386620060435 
15.8414625787 15.1706159006 0.404582997059 
15.8404866086 15.1709655637 0.390855231248 
15.8400457503 15.1709621663 0.386934804364 
15.8400713318 15.1709655563 0.386882257164 
15.8400526942 15.1709598343 0.386824264735 
15.8400694319 15.1709506849 0.386656050015 
15.8397998587 15.1706165562 0.387633616245 
15.8400519491 15.1709580685 0.386706303973 
15.8400603646 15.1709543655 0.386799436997 
15.8400615492 15.1709632168 0.386675149961 
15.8400624098 15.1709496121 0.386615315057 
15.8398087659 15.1706020723 0.387563226164 
15.8400648126 15.1709580163 0.386685565009 
15.8400515207 15.1709520335 0.386722720995 
15.840068862 15.1709514523 0.386614193279 
15.839810595 15.1706017295 0.387647770416 
15.8398229965 15.1706125627 0.387556326961 
15.8400685528 15.1709594096 0.386727429166 
15.8400650435 15.170959119 0.38662008557 
15.8400761933 15.1709794963 0.386634490056 
15.84007914 15.1709549243 0.386304858706 
15.8399366067 15.1707394833 0.387247331974 
15.8398289086 15.1706217716 0.387088865461 
15.8400579878 15.1709767545 0.385902394974 
15.839809809 15.1706060881 0.387212914621 
15.8396769353 15.1706383193 0.387306832967 
15.8397299276 15.1706821064 0.386678241939 
15.8395383769 15.1710946004 0.382835222065 
15.8397489377 15.1705603192 0.393328171501 
15.8397663013 15.1705447028 0.393639712286 
15.8398090975 15.1705791319 0.393104440304 
15.8396651709 15.1699313263 0.380070233359 
15.8397012615 15.1706240589 0.386915024593 
15.8397190721 15.1706391017 0.3868815911 
15.8399532923 15.1709929819 0.386070895602 
15.8399587722 15.1709496642 0.385728764807 
15.839905996 15.1700437332 0.382209910438 
15.8397308403 15.1706414933 0.387227300849 
15.8397280463 15.1706151331 0.387175609537 
15.8396700137 15.1705017502 0.387416527828 
15.8397395724 15.1706444735 0.387058085762 
15.8397464977 15.1706232617 0.386624388788 
15.8435590827 15.1725812594 0.377534359226 
15.8792682049 15.1814576613 0.374212216323 
15.9092948512 15.1974295417 0.258430667502 
15.9102171009 15.2093924659 0.0751569961375 
15.9395379239 15.2170976794 -0.0791046665015 
15.9757122734 15.2107472702 -0.0806395389525 
16.0676497483 15.1958525779 -0.0776338054152 
16.1758611464 15.1793391744 -0.0982528399382 
16.3136838936 15.15894321 -0.0719272898794 
16.4602962696 15.1377098302 -0.084773843025 
16.6252337062 15.1108548606 -0.0740336516186 
16.7702856624 15.0889883156 -0.0737949732205 
16.960041877 15.0595008249 -0.0729714798493 
17.1035354101 15.0378015603 -0.0732815137674 
17.2862824165 15.0108469839 -0.0827917236364 
17.4281014168 14.9889294768 -0.0896635187991 
17.5933833086 14.9637543524 -0.0834337168073 
17.7346929276 14.9407812024 -0.0847519236299 
17.9040787184 14.9146014417 -0.074657052706 
18.0398840868 14.8931980396 -0.05910608794 
18.2149634325 14.8664437498 -0.23527717173 
18.3488912546 14.8201479281 -0.527436081254 
18.4686348402 14.7384429539 -0.811472062607 
18.5528295004 14.6346631611 -1.05492609753 
18.6160805189 14.4817331995 -1.20564819848 
18.6693363154 14.3030040229 -1.21603042487 
18.7049188578 14.1868981088 -1.32951759457 
18.724789139 13.9925274814 4.66038228991 
18.7110693419 13.8867375816 4.63488746015 
18.6968305075 13.7869856323 4.62705429442 
18.6968305075 13.7869856323 4.62705429442 
18.6025338137 13.477897879 4.09625590721 
18.6025338137 13.477897879 4.09625590721 
18.4860749209 13.2871360744 2.7474389188 
18.1848761999 13.2165583337 3.2171985489 
18.0688276255 13.2157288755 3.16646555484 
17.9480750525 13.2216190065 3.1680932659 
17.7257902586 13.2348014081 3.17469562795 
17.6423928702 13.2384835447 3.17101535596 
17.5229537451 13.2434395517 3.1647547412 
17.2748329603 13.2561769451 3.16353584226 
17.1556669438 13.2647662128 3.16594807676 
17.0376031363 13.2723946537 3.16905240319 
16.9763810598 13.2796908582 3.1890653246 
16.6486125552 13.2947659458 3.384396873 
16.4892688357 13.2692414487 3.4459185441 
16.3204525673 13.2237139905 3.32904504608 
16.1973186993 13.203480121 3.08852805237 
16.1159372145 13.2122455801 3.01025524118 
15.9411522971 13.2536704505 3.05711961637 
15.8504238055 13.2748608554 3.27650801728 
15.7749785298 13.2742024625 3.42548101423 
15.6957853847 13.2578175033 3.4329393903 
15.5205407107 13.2191683019 3.43444949474 
15.3672946655 13.1851123537 3.42326257326 
15.2751593554 13.164151069 3.34163337779 
15.1026063525 13.1459785665 3.01997647906 
14.9368570411 13.1833540166 2.6885123096 
14.815631386 13.2550216878 2.44335765177 
14.815631386 13.2550216878 2.44335765177 
14.6252226793 13.6062695945 1.80774342207 
14.6252226793 13.6062695945 1.80774342207 
14.5717301333 13.918667909 1.74395039669 
14.5717301333 13.918667909 1.74395039669 
14.520994302 14.2343794073 1.69683084258 
14.5157798493 14.3825473155 1.44847424718 
14.5606858694 14.5549568499 1.22812234289 
14.6010726654 14.6426711048 1.04932249614 
14.7138621771 14.7982738877 0.694721696782 
14.8388918602 14.8820008005 0.401601538496 
15.0033339226 14.9386480714 0.340692620837 
15.1660356485 14.9841423298 0.342176144267 
15.3048983776 15.0235216881 0.337222473743 
15.442050364 15.0574147815 0.347069230357 
15.5969581568 15.0998278523 0.353658317424 
15.7613752448 15.1462807844 0.357215958314 
15.8831310963 15.1805009584 0.352528968322 
16.0601504111 15.2305584748 0.321977897176 
16.2163839006 15.2716347652 0.318679632846 
16.3113943898 15.3009130324 0.261294655462 
16.4480974638 15.3266789506 0.0742241356086 
16.5938897693 15.3264949361 0.0529456406578 
16.7552258932 15.3235745395 0.0781676968535 
16.854773637 15.3216197307 0.0498669543075 
17.0766326153 15.3169455717 0.0477361600991 
17.2466365063 15.313432161 0.0458883540384 
17.4155216181 15.3108457665 0.0326944843293 
17.5666755402 15.30807874 0.0455433867461 
17.7283985579 15.3050939853 0.0693971809005 
17.8600914442 15.3037483732 0.0530083477772 
18.0313703978 15.3028960268 -0.0112509895894 
18.1909944975 15.2890209744 -0.268662360475 
18.3167824709 15.2447372361 -0.539070898604 
18.5197968447 15.0565648491 -1.08571527534 
18.5802602732 14.8859482671 -1.36530839778 
18.6008262598 14.7363051141 -1.36946022562 
18.6221725905 14.5774964059 -1.39019294485 
18.6444601976 14.3944752778 -1.41993663971 
18.6556765997 14.2305834259 4.66386516019 
18.6396498644 14.1131128038 4.62537032991 
18.6125709974 13.9523184265 4.6076424522 
18.5895502531 13.8124662603 4.5305669582 
18.5487234556 13.6508954729 4.23448658434 
18.493184086 13.5492389167 4.03623307209 
18.3952054941 13.4426660503 3.73195625858 
18.2554604971 13.3685805763 3.43985680263 
18.0764992201 13.33564901 3.30629881554 
17.8772547209 13.3193060125 3.31147247254 
17.734483 13.3090822662 3.31433854292 
17.5368418657 13.2903777326 3.30213777097 
17.4123368227 13.2799866165 3.30221967691 
17.2295745575 13.2645889486 3.29998419213 
17.0900516474 13.2551649774 3.29488198261 
16.9507520163 13.2502422298 3.31086936466 
16.7960423791 13.2365943159 3.33400558408 
16.6138386094 13.2216778959 3.28007969961 
16.4538992011 13.2100414003 3.29297029863 
16.3149675691 13.1943575109 3.29916593208 
16.171980735 13.1826611722 3.29636468082 
16.0749535375 13.1747158731 3.28951708241 
15.8726353386 13.1594823564 3.29574725515 
15.7107396835 13.147398826 3.29641506829 
15.4960599506 13.1309322084 3.25404278213 
15.3716131413 13.1206008161 3.13708382376 
15.1837032997 13.1382917131 2.78435363832 
15.0453422629 13.2031825746 2.49606943005 
14.9834307396 13.255783316 2.31710633731 
14.9834307396 13.255783316 2.31710633731 
14.781237241 13.5950283969 1.81992200716 
14.7855089867 13.7831542457 1.44596024468 
14.8234019243 13.9462621177 1.49233547615 
14.8447067701 14.0360839332 1.62306450993 
14.8472953999 14.1642477478 1.6211231476 
14.8547028267 14.3099847401 1.6133262543 
14.8612139189 14.4197407926 1.65707292658 
14.874209162 14.626289543 1.60975638766 
14.8809919321 14.8404645289 1.56698282203 
14.8856393063 14.9128641451 1.51587449956 
14.9687484467 15.1669159497 0.932501896323 
15.0901017153 15.2999337206 0.578030891569 
15.2160662377 15.3688611949 0.314997846714 
15.385038253 15.4055681939 0.140749186582 
15.490666058 15.4113281483 0.144177465105 
15.6636016631 15.4221720363 0.153581053048 
15.8364507557 15.4345859105 0.160371988144 
15.9888277912 15.4448242898 0.16473215832 
16.1413263046 15.4545170034 0.141257848888 
16.345289793 15.4670599664 0.153731306986 
16.481487509 15.4756179417 0.153109102936 
16.5938627088 15.4830287809 0.134156898562 
16.7795459592 15.4955232407 0.140052435733 
16.9363563025 15.5049149061 0.15099275705 
17.1172461474 15.5159241522 0.155033630629 
17.2118325197 15.5227616693 0.149774344293 
17.4213780129 15.5344339872 0.121034418592 
17.5863653385 15.5437334145 0.131082958795 
17.7407199108 15.5531119371 0.156129501159 
17.9066188299 15.562326696 0.142275249424 
18.1103625261 15.5731118287 0.139548843266 
18.2496976816 15.5808609391 0.136655595006 
18.4117529356 15.5901259745 0.131023957326 
18.6393151247 15.6002582277 0.128964080196 
18.7879457438 15.6080105568 0.12663303109 
18.853934046 15.6093426312 0.121837150565 
18.853934046 15.6093426312 0.121837150565 
19.2237293684 15.6685137416 0.60584706157 
19.3383877241 15.733442005 0.878136415808 
19.3383877241 15.733442005 0.878136415808 
19.3383877241 15.733442005 0.878136415808 
19.3383877241 15.733442005 0.878136415808 
19.3383877241 15.733442005 0.878136415808 
19.3383877241 15.733442005 0.878136415808 
19.3383877241 15.733442005 0.878136415808 
19.0483708346 16.6225385631 3.29893950519 
18.8628098929 16.5980141128 3.65449556455 
18.7485868895 16.5450712408 3.77153851272 
18.6120824778 16.461117741 3.76717878342 
18.4688563311 16.3743399347 3.76825769684 
18.3572251761 16.306806084 3.76394268485 
18.2195324862 16.2233669127 3.76341125738 
18.0707232916 16.1299412812 3.73289368491 
17.9038481676 16.0332230891 3.76124895815 
17.7669521534 15.9498954977 3.75159213658 
17.6180443728 15.860110339 3.75383496321 
17.5150309765 15.799085852 3.74968325236 
17.3276945316 15.6860520209 3.75323296954 
17.2029763424 15.6122629906 3.75336277169 
17.1002192461 15.5506840015 3.75344866839 
16.9314335549 15.4498728628 3.75002835366 
16.8471476996 15.4011833633 3.75555138703 
16.7059850657 15.3160739804 3.74993431507 
16.540734049 15.2167998052 3.54888014758 
16.3857244217 15.1633145849 3.45335592564 
16.2372087204 15.1255289058 3.45887211356 
16.047722634 15.07906523 3.45729240606 
15.893827242 15.0410702492 3.45586017229 
15.7141065263 14.9976999576 3.46134735267 
15.5118510687 14.9489631916 3.4774032324 
15.3191929423 14.9016906584 3.47978687532 
15.1893488729 14.8689830864 3.47977149871 
15.0233897531 14.8234424258 3.75227290739 
14.9188045227 14.7685377265 3.95845618634 
14.7614953482 14.5956140126 4.43004517431 
14.7088930571 14.4634456004 4.67665276293 
14.7117596829 14.241724428 -1.24204527471 
14.7684922182 14.0396428073 -1.23004851012 
14.8042365276 13.9252568449 -1.20940722106 
14.8621569836 13.7187495197 -1.14229002664 
14.8733870947 13.6845971311 -1.15273939216 
14.8733870947 13.6845971311 -1.15273939216 
14.991050061 13.4457830156 -0.630758014776 
15.2700249517 13.2695561613 -0.291479648993 
15.3915112578 13.223863479 -0.300198481685 
15.5433376395 13.1615799631 -0.246041371359 
15.7096375638 13.1110032762 -0.0314976187382 
15.8272135594 13.1000019277 -0.014188175427 
15.999710966 13.0851520265 -0.0158159634823 
16.1756184661 13.068563577 0.150625881366 
16.3099431061 13.0795055593 0.36895812938 
16.4528685176 13.1270469392 0.444861685432 
16.5769930446 13.1736222471 0.394190250552 
16.756547805 13.2401591505 0.303211830739 
16.8854197228 13.2744929756 0.176826177081 
17.0756324494 13.2859443391 0.125374892963 
17.2179063522 13.2907559837 0.144322616002 
17.3780615294 13.3021804059 0.140564565171 
17.5071765148 13.3107194866 0.140817684243 
17.6419273579 13.3190453018 0.137939370285 
17.8406619989 13.3319036926 0.139975707903 
17.9846637213 13.3415372337 0.13868500564 
18.1479175055 13.3504533733 0.212262724954 
18.2920827829 13.3691217864 0.464128098426 
18.433391329 13.4324356283 0.789490328045 
18.5629782641 13.5459372962 1.10489400017 
18.6329834425 13.6659884418 1.39811535604 
18.6678986513 13.8408485616 1.70684156493 
18.6634213888 13.9374681676 1.76582558998 
18.6534469092 14.0217397178 1.75645960448 
18.6422750914 14.1178425516 1.75786301074 
18.6183199846 14.3191906179 1.75442362537 
18.6008481943 14.4857441748 1.80578791771 
18.578443762 14.6420893634 2.03804501714 
18.5102188551 14.7913656498 2.32813145917 
18.4101109469 14.919091847 2.38435856972 
18.3126010859 15.0295643921 2.39365359987 
18.167627331 15.1850587281 2.59968010364 
18.0417966807 15.2718901003 2.65917476912 
17.9569196665 15.3251690979 2.64363672643 
17.7943370306 15.4283132369 2.7991525129 
17.6156318152 15.4993438686 3.15721319817 
17.4924728834 15.5056358541 3.34582847574 
17.3659884894 15.4879745806 3.37874676201 
17.2949767077 15.4796818907 3.36267449239 
17.2500177586 15.4724803085 3.37820562119 
17.1775728428 15.4623183871 3.35003429922 
17.0158163273 15.4376368488 3.36499533062 
16.8294525706 15.4121403212 3.36320827184 
16.7044730746 15.3923813368 3.35811291904 
16.5412871205 15.3685409094 3.36895598317 
16.3288079464 15.3347986827 3.36866704267 
16.1531488859 15.3118192742 3.34914857457 
15.9454019853 15.2811188849 3.37748048246 
15.8165761345 15.2648805755 3.51592763218 
15.6947365814 15.2298735047 3.90593475875 
15.6311398708 15.1923343691 4.3252249926 
15.6005728507 15.1725633408 4.58873929572 
15.5748901927 15.1719246025 -1.30529226048 
15.5596602523 15.1671616475 -1.04095545784 
15.5342149102 15.1510504673 -0.611447539102 
15.5258661174 15.1415907184 -0.442341959379 
15.5172532761 15.1174834485 -0.0517790331867 
15.5298043453 15.1001499409 0.228404790691 
15.5860633814 15.106081825 0.286996247574 
15.6266855859 15.1146543736 0.291203509385 
15.7194329613 15.1356276388 0.288015342057 
15.8711229322 15.1687902922 0.280394972445 
15.9450200872 15.1907814408 0.154786345451 
15.9841337764 15.2088907047 -0.163884696851 
15.9928868302 15.2215987186 -0.400697855029 
15.9885767588 15.2483129969 -0.697361900594 
15.9878008329 15.2876462417 -0.987509862782 
15.989401687 15.2875972281 -1.00737985149 
15.9877759555 15.2848927418 -1.00788301562 
15.9878434503 15.2848402413 -1.00897104515 
15.9877345153 15.2849274802 -1.00732397256 
15.9881715887 15.2856248396 -1.00982628463 
15.9877485448 15.2849316935 -1.00746110522 
15.9876550847 15.2853308211 -1.00586957987 
15.9877334573 15.2851725819 -1.00707204587 
15.9876385817 15.2853797602 -1.00655527489 
15.9876580277 15.2853291819 -1.00598700204 
15.9877586552 15.2851174886 -1.007336415 
15.9877796659 15.2850910092 -1.00731381416 
15.9877886662 15.2851173917 -1.00720517272 
15.987662878 15.2853311228 -1.00585925297 
15.9876122066 15.2853554899 -1.00625759131 
15.9877569118 15.2851580458 -1.00704410352 
15.9876437375 15.285300039 -1.00599509054 
15.9877864608 15.2850979569 -1.00731837374 
15.9877447375 15.2855103652 -1.00649077957 
15.9878008106 15.2851009446 -1.00744510655 
15.9877850526 15.2855611148 -1.00660520845 
15.9876516202 15.2853249314 -1.00581202082 
15.9877630809 15.2851543839 -1.00704585408 
15.9876174071 15.2853034365 -1.00594749141 
15.9877709263 15.2851084548 -1.00719207019 
15.9876330682 15.2853214035 -1.00559441878 
15.9877949544 15.2851171794 -1.00722403374 
