15.9877949544 15.2851171794 -1.00722403374 
15.8400604838 15.1710039193 0.386802544019 
15.8397912347 15.1706414709 0.387885109236 
15.8398927898 15.1715752224 0.379388760561 
15.8418935762 15.1708200018 0.40784695295 
15.8398059757 15.1706441383 0.387755175279 
15.8398204112 15.1706496964 0.387525613651 
15.8404909336 15.170976911 0.390988974125 
15.8397987263 15.1706100965 0.387896000271 
15.8398065158 15.1706042106 0.387814941212 
15.840058785 15.1709601025 0.386741626096 
15.8400519193 15.1709539259 0.386580396613 
15.840062786 15.1709760318 0.386746356398 
15.8400512264 15.1709557737 0.386860200893 
15.8398157397 15.1706041361 0.387581663405 
15.8400503994 15.1709401126 0.386648430825 
15.8398114481 15.1705986227 0.387652474247 
15.8400536143 15.1709402839 0.386734929472 
15.8400657886 15.1709343905 0.38659986393 
15.8397966624 15.170604978 0.387572191027 
15.8400689663 15.1709399785 0.386706797611 
15.8398167045 15.1706109087 0.387690286527 
15.8400871122 15.1709668303 0.386598456279 
15.8398305291 15.1706405471 0.386978169196 
15.8398196289 15.1706613044 0.387116863098 
15.84006463 15.1710033754 0.385960446321 
15.8400531301 15.1709528829 0.386446169767 
15.8395818734 15.1697420294 0.379932993131 
15.8397035823 15.1706426183 0.386872452217 
15.8396668286 15.1705910454 0.38742727549 
15.8401343488 15.1709276552 0.39206633845 
15.8397616931 15.1705593953 0.392972796421 
15.8397804984 15.1705636571 0.393300840523 
15.8395961226 15.1698653216 0.37947648924 
15.8399453984 15.1709878633 0.386215714162 
15.8399444633 15.1709242428 0.385917104053 
15.839716334 15.1706447268 0.386934672132 
15.8399804012 15.1709596107 0.385750098293 
15.8396621273 15.1705072711 0.387245565426 
15.8399017641 15.1700703467 0.382219784233 
15.839972485 15.170971487 0.386097729264 
15.8396700137 15.1705017502 0.387416527828 
15.8397425265 15.1706220026 0.387050591725 
15.8397596182 15.170630839 0.386558616635 
15.8551442103 15.1747137422 0.374451874312 
15.8990322315 15.1883178803 0.354047342216 
15.9119772409 15.2049953828 0.124038354389 
15.9257514776 15.2175572368 -0.0562523015484 
15.9757122734 15.2107472702 -0.0806395389525 
16.120311197 15.1882572996 -0.0838380127541 
16.2406294608 15.1698841567 -0.0840222888285 
16.3819330001 15.1499680991 -0.0828089221795 
16.5533519947 15.1225664879 -0.0726640877774 
16.7426224911 15.093645137 -0.0868828126115 
16.8929791414 15.07002854 -0.0759376357424 
17.0738092625 15.0424880947 -0.0736737057721 
17.2135658228 15.0213579799 -0.0749599837174 
17.3753330671 14.9974564279 -0.0817741932785 
17.5308568441 14.9734331037 -0.0797696027351 
17.7141959631 14.9445887173 -0.0765739567866 
17.8750127518 14.9197037483 -0.0802657770112 
18.0230121576 14.8954675461 -0.0581634822706 
18.1718604529 14.8746373917 -0.175550499487 
18.3135101759 14.8363580967 -0.44993551642 
18.4589264357 14.7471588219 -0.783868805192 
18.5528295004 14.6346631611 -1.05492609753 
18.614620682 14.4900821413 -1.21386322167 
18.6539401972 14.3520058955 -1.19672547804 
18.6992089712 14.2077923978 -1.30119123287 
18.7263274157 14.0350322689 4.70636838683 
18.7110693419 13.8867375816 4.63488746015 
18.6968305075 13.7869856323 4.62705429442 
18.6968305075 13.7869856323 4.62705429442 
18.6025338137 13.477897879 4.09625590721 
18.6025338137 13.477897879 4.09625590721 
18.4860749209 13.2871360744 2.7474389188 
18.4860749209 13.2871360744 2.7474389188 
18.0688276255 13.2157288755 3.16646555484 
17.9480750525 13.2216190065 3.1680932659 
17.8286125624 13.2280918325 3.17138473542 
17.6423928702 13.2384835447 3.17101535596 
17.424855467 13.2482396329 3.16479601577 
17.2748329603 13.2561769451 3.16353584226 
17.1556669438 13.2647662128 3.16594807676 
17.0376031363 13.2723946537 3.16905240319 
16.9188911879 13.2828433479 3.16580784224 
16.6767124498 13.2961814369 3.31697254342 
16.5445741379 13.2790507043 3.45375940984 
16.4085257017 13.2467025484 3.41181454678 
16.2756935918 13.214136001 3.27755398088 
16.1607787573 13.2057820524 3.04513137355 
16.0240255409 13.2316638196 2.9902413995 
15.907452278 13.2619284357 3.11138778524 
15.823881548 13.2783503498 3.35900318649 
15.737285223 13.2677050794 3.44264530759 
15.6210635566 13.241380092 3.43568434819 
15.4835270607 13.2112740243 3.43558993435 
15.333835479 13.1768737997 3.40032366661 
15.1746882164 13.1486231054 3.17679617617 
15.0359873139 13.1542988981 2.89821865203 
14.8873578274 13.2061554159 2.60063070403 
14.815631386 13.2550216878 2.44335765177 
14.815631386 13.2550216878 2.44335765177 
14.6252226793 13.6062695945 1.80774342207 
14.6252226793 13.6062695945 1.80774342207 
14.5717301333 13.918667909 1.74395039669 
14.5717301333 13.918667909 1.74395039669 
14.5137628281 14.318100747 1.55996660191 
14.5249907934 14.4578487838 1.31008041599 
14.5782524311 14.5922985638 1.18425612977 
14.646751877 14.7188557352 0.881392719077 
14.7633808815 14.8386546041 0.616961982729 
14.9175971114 14.9128334487 0.36480954329 
15.0741429889 14.95625731 0.382037327592 
15.213941034 14.9955190981 0.372980995129 
15.3504450881 15.0356144721 0.334943112076 
15.5072757268 15.0757477249 0.357868957508 
15.6746059471 15.1215097422 0.351581826304 
15.8127635905 15.1595442335 0.329746267868 
15.9599608072 15.2024404372 0.340184583453 
16.109181922 15.242741152 0.328922588104 
16.2430741751 15.2790814752 0.338885632435 
16.3732235992 15.3177060748 0.162642434696 
16.5065747463 15.3270680944 0.0395121735051 
16.6662535035 15.3253526727 0.0427215642938 
16.825432893 15.3220021466 0.0513547629849 
16.9656708204 15.3193789239 0.0523864061529 
17.1119894945 15.3159756924 0.0688858154161 
17.2923852169 15.3122479061 0.0704293692225 
17.436371442 15.3102674971 0.0403960530983 
17.5755628311 15.3076738531 0.0383035969285 
17.7576161587 15.304613244 0.0558441811684 
17.9110426867 15.3020650114 0.0686406026664 
18.0530233347 15.3028776462 -0.0372487255499 
18.1909944975 15.2890209744 -0.268662360475 
18.3857560122 15.2014118696 -0.705377552078 
18.5007979834 15.0845354314 -1.01150155681 
18.5699017012 14.9381315375 -1.30167535234 
18.5940039122 14.7952722872 -1.37031483083 
18.61556625 14.6366208161 -1.35714380466 
18.6309525931 14.4982484544 -1.3798885763 
18.6515283548 14.3345383371 -1.48496336984 
18.6493804419 14.1694911684 4.62817200583 
18.6232876742 14.013342377 4.62470898538 
18.5984997713 13.8630608285 4.61507813124 
18.5768885576 13.7344759668 4.40220493664 
18.5185785257 13.5887891019 4.12858596362 
18.493184086 13.5492389167 4.03623307209 
18.2637271845 13.3716223205 3.45459328158 
18.1169300043 13.341417786 3.32217541829 
17.9570465052 13.325829264 3.29820664507 
17.8046139443 13.3128282989 3.30195083978 
17.6539875233 13.3007011379 3.3072689593 
17.4943028652 13.2865161861 3.30240219771 
17.3521788084 13.2746204103 3.29564385795 
17.1908236706 13.2611936296 3.29694021105 
17.0327603781 13.2488048042 3.29467210249 
16.8709001505 13.2445689405 3.31935120966 
16.7030207479 13.2285138334 3.28230403563 
16.5850324595 13.2203813756 3.29662145652 
16.4239897096 13.2078946794 3.29566029422 
16.2524331176 13.1892138685 3.29790174385 
16.1205820405 13.1780008043 3.28510582275 
15.9521276021 13.1655188764 3.29435889826 
15.8003309333 13.1536956991 3.29530144317 
15.6381150746 13.1419941152 3.29502716926 
15.5257293248 13.1326426233 3.27488522444 
15.3223881089 13.1195350851 3.06721480967 
15.1755644047 13.1406921113 2.76763583606 
15.0548407399 13.195508119 2.51239448548 
14.9834307396 13.255783316 2.31710633731 
14.9834307396 13.255783316 2.31710633731 
14.781237241 13.5950283969 1.81992200716 
14.7751017773 13.7144533361 1.56908691864 
14.7940243446 13.8398909534 1.39968902474 
14.832817074 13.9963805641 1.54209191729 
14.8452253306 14.0960817302 1.62565440385 
14.8542439901 14.2255814041 1.65674939106 
14.8614989483 14.4059945906 1.63712956745 
14.8698602879 14.5461425746 1.63365551453 
14.8734657728 14.6702746714 1.6057723308 
14.8820455038 14.8666670288 1.53145345664 
14.8856393063 14.9128641451 1.51587449956 
14.9868134224 15.192895409 0.88811412731 
15.0901017153 15.2999337206 0.578030891569 
15.2546110117 15.3812173272 0.237116283017 
15.4134945237 15.4070044125 0.124780835516 
15.5529823565 15.4155233915 0.143543486074 
15.725129854 15.4266931976 0.132141172543 
15.8788559382 15.4376928026 0.156890873835 
16.0387171769 15.4485644812 0.143353106396 
16.1934303605 15.4583092595 0.136659993908 
16.345289793 15.4670599664 0.153731306986 
16.4981558883 15.4770558293 0.154657308279 
16.6558946335 15.486862045 0.122478915222 
16.7956221664 15.4961557353 0.132174145208 
16.9476703369 15.5059219266 0.122047789075 
17.1172461474 15.5159241522 0.155033630629 
17.2510070765 15.5244331623 0.148979733514 
17.4556443655 15.537008133 0.117664324914 
17.6222034657 15.5463519062 0.124893644228 
17.7650847399 15.5556609596 0.126780201229 
17.936553713 15.5639961923 0.140661810369 
18.0891578161 15.5723239149 0.135238341456 
18.2416379416 15.5805859829 0.131601501312 
18.3903720343 15.5888081456 0.138635169416 
18.5340013468 15.5953626896 0.132860118824 
18.7278237307 15.604992416 0.134527089419 
18.853934046 15.6093426312 0.121837150565 
18.853934046 15.6093426312 0.121837150565 
19.2237293684 15.6685137416 0.60584706157 
19.3383877241 15.733442005 0.878136415808 
19.3383877241 15.733442005 0.878136415808 
19.3383877241 15.733442005 0.878136415808 
19.3383877241 15.733442005 0.878136415808 
19.3383877241 15.733442005 0.878136415808 
19.3383877241 15.733442005 0.878136415808 
19.3383877241 15.733442005 0.878136415808 
19.0610556566 16.6223882402 3.28082382864 
18.8919384443 16.6069251264 3.6105844175 
18.7421569788 16.5406068529 3.76873003973 
18.5692717993 16.4346759284 3.76530154035 
18.4507808649 16.3633336986 3.76678158508 
18.3147170508 16.2810641492 3.76401268045 
18.2012135946 16.2119922007 3.7636489802 
18.0812470877 16.1364690031 3.72956121307 
17.9038481676 16.0332230891 3.76124895815 
17.7669521534 15.9498954977 3.75159213658 
17.6297383272 15.8685302103 3.75801654274 
17.4978593552 15.787672397 3.75003032559 
17.3594746554 15.7063702012 3.75455542725 
17.214030143 15.6189159418 3.75331990256 
17.0815429651 15.5397331382 3.75528907101 
16.9487756455 15.4606750722 3.76409954026 
16.8188043797 15.3835919614 3.75156936262 
16.6791074836 15.300200511 3.72447130048 
16.558907088 15.2277166166 3.58780558198 
16.4136283958 15.1704501475 3.45556851907 
16.2491823697 15.1285821984 3.45946184256 
16.0940062666 15.0900185073 3.45926288059 
15.9449315296 15.054406252 3.4599036001 
15.787048977 15.0156591947 3.47498216448 
15.5784042441 14.9649777676 3.46164995517 
15.4304618501 14.9291731978 3.48002660065 
15.2495632135 14.8833489383 3.46246288184 
15.1112918222 14.8508309091 3.57717163532 
14.9758384788 14.8022297884 3.84620367934 
14.8210364544 14.6802641119 4.22248827932 
14.7390233242 14.5499625767 4.52943344657 
14.7008804047 14.4022834862 -1.46289810531 
14.7117379868 14.2342363561 -1.2250676913 
14.7587444746 14.0718111957 -1.21817978666 
14.7965607607 13.9466760124 -1.23051260385 
14.8464606964 13.7679972614 -1.26481361026 
14.8733870947 13.6845971311 -1.15273939216 
14.8733870947 13.6845971311 -1.15273939216 
14.991050061 13.4457830156 -0.630758014776 
15.15808725 13.3304519618 1.27960665682 
15.3642828428 13.2343045438 -0.301301969764 
15.5159395301 13.172850963 -0.270398653563 
15.657378208 13.1209973062 -0.0747950107359 
15.8188340404 13.1004313196 -0.011141601004 
15.9581503683 13.0883709157 -0.0109337288515 
16.1104760283 13.0727885927 0.0619727925764 
16.2769500577 13.0734263624 0.340006361693 
16.4262610042 13.1155599321 0.422255931092 
16.5698897206 13.1705085004 0.406550275029 
16.7083390319 13.2225018705 0.359797325107 
16.8545760476 13.2669873203 0.214698631093 
17.0157037937 13.2815175022 0.168711755843 
17.1687965357 13.2883106435 0.134954126118 
17.3194084131 13.2977784837 0.142886314392 
17.4679266178 13.3084336484 0.140761134011 
17.6215637886 13.3177220787 0.140202386593 
17.7609385216 13.3263921703 0.138954995603 
17.9336574041 13.3381644453 0.138890657364 
18.0836257898 13.347025987 0.162716086095 
18.2430288756 13.3604333366 0.351589892761 
18.3699712717 13.3957272733 0.626896856693 
18.504935261 13.4858190979 0.950760732261 
18.5996832811 13.6022548641 1.2213663468 
18.6587331259 13.7503594125 1.57436258893 
18.6671452486 13.8794710601 1.74047537208 
18.6554815733 13.9936286176 1.7459049376 
18.6449000799 14.0946880544 1.75576827343 
18.6277425253 14.2363674606 1.75604280393 
18.6053497755 14.4424937333 1.7795419483 
18.5891671145 14.5839885438 1.90926967551 
18.5324881041 14.7555628086 2.26075807134 
18.4527354204 14.8684974874 2.37189230768 
18.292520281 15.0526636357 2.40388324366 
18.1891648733 15.1655426214 2.57456217312 
18.0673797094 15.2571038085 2.65432758833 
17.9569196665 15.3251690979 2.64363672643 
17.8194179499 15.4129872734 2.75862077585 
17.6652623379 15.486380961 3.0503111088 
17.5196989739 15.5064798261 3.32044752531 
17.4213076794 15.4977477456 3.38800465866 
17.3050081694 15.4805415685 3.36880423742 
17.2541818583 15.4726228232 3.35932384056 
17.1547989809 15.4582640494 3.36590694455 
17.0339256489 15.4405858035 3.36479792624 
16.8710175717 15.4178023751 3.36831882286 
16.7337754333 15.3969849313 3.36092401939 
16.5237826073 15.3671236301 3.37141381735 
16.3157361114 15.3326226364 3.38082656162 
16.1621200108 15.3125515992 3.35492441482 
15.9633365163 15.2831133197 3.38937724314 
15.8464855851 15.2703081372 3.4539767941 
15.7034510785 15.2348167056 3.87878976842 
15.6270241105 15.1905782076 4.30138855744 
15.6037968361 15.1740824992 4.54503751683 
15.5792407655 15.1734513904 -1.36787642101 
15.5582516157 15.166299958 -1.02754294835 
15.5454704427 15.1574805419 -0.799366907685 
15.5258661174 15.1415907184 -0.442341959379 
15.5175043308 15.118697528 -0.0654487102675 
15.5275799894 15.1003607626 0.212044189638 
15.5712666475 15.1028665716 0.291456041189 
15.6221266055 15.1136242116 0.291042065867 
15.7194329613 15.1356276388 0.288015342057 
15.8259871566 15.1618630255 0.263616139775 
15.9081075193 15.1785573962 0.260578443801 
15.9561357462 15.1955578516 0.0981416086122 
15.9859424346 15.2106922998 -0.193897953241 
15.9934298285 15.2337538267 -0.556668834853 
15.9837870413 15.2760698127 -0.883653900059 
15.9889915847 15.2878540831 -1.01547890898 
15.9884775096 15.2865114028 -1.01470312767 
15.9877385312 15.2849327887 -1.00737633532 
15.987800371 15.28483611 -1.0090156176 
15.9881628269 15.2856513637 -1.00996391329 
15.9877476656 15.2849348413 -1.00744103837 
15.9876858779 15.2851486432 -1.00635996965 
15.9877671787 15.2851573194 -1.00711238543 
15.9876853639 15.2853023822 -1.00617675 
15.9876686075 15.2852908264 -1.00616381549 
15.9876184502 15.2853426489 -1.0057830735 
15.9877559656 15.2851413118 -1.0071274653 
15.9877469504 15.2851319949 -1.00699351229 
15.9877886662 15.2851173917 -1.00720517272 
15.9877857604 15.2851022671 -1.00753546576 
15.9877824822 15.2851385551 -1.00729846382 
15.9877900371 15.2851141992 -1.00732942047 
15.9877784291 15.2851109619 -1.0073020586 
15.9876609408 15.2852949801 -1.006105005 
15.9881805294 15.2858340221 -1.00967053912 
15.9882863426 15.2861374209 -1.01084527991 
15.9877972418 15.2851342561 -1.0072326743 
15.9876471573 15.2852742674 -1.00606247546 
15.9882410654 15.2859011444 -1.00995443771 
15.9877174461 15.2851086336 -1.00690531834 
15.987669129 15.2852774712 -1.00582715813 
15.9877949544 15.2851171794 -1.00722403374 
