15.9877949544 15.2851171794 -1.00722403374 
15.8398094439 15.1706635023 0.387637069478 
15.8397766874 15.1706417243 0.387709556562 
15.8400490509 15.1709995682 0.386884072816 
15.8400607632 15.1709827895 0.386820621093 
15.8398112991 15.1706315617 0.38771538165 
15.8397906908 15.1706249977 0.38770050122 
15.8400537745 15.1709756891 0.386939354789 
15.8398071007 15.1706032048 0.387805683206 
15.8400713318 15.1709655563 0.386882257164 
15.8400526942 15.1709598343 0.386824264735 
15.8400519193 15.1709539259 0.386580396613 
15.8400536292 15.1709708462 0.386789140564 
15.8397969307 15.1706024821 0.387802978104 
15.839806121 15.1706162358 0.387560422105 
15.8398070746 15.1705964322 0.387606687022 
15.8400663176 15.1709768812 0.386758370999 
15.8400670589 15.1709659065 0.386826104656 
15.8400538639 15.1709524209 0.386668642273 
15.8398031407 15.1706176887 0.38774427229 
15.8398108558 15.1706013049 0.387569027307 
15.8398215474 15.17061485 0.387530623384 
15.8398262897 15.1706251095 0.387677024248 
15.8400833422 15.1709724481 0.386655510518 
15.8400778138 15.1709657575 0.3865169366 
15.8400826269 15.1709394495 0.386693033581 
15.8400762529 15.1709779764 0.386042598225 
15.8400633522 15.1709679703 0.386493474805 
15.839816101 15.1706301237 0.387219339131 
15.8398015426 15.1705996583 0.38796520064 
15.8399371804 15.1709689836 0.386246864613 
15.8399522529 15.1710240434 0.385893635581 
15.8395383769 15.1710946004 0.382835222065 
15.8397489377 15.1705603192 0.393328171501 
15.8397708723 15.1705547834 0.393397204789 
15.8401324787 15.171425056 0.385901680529 
15.8395706714 15.1698689053 0.379129874743 
15.8397030273 15.1706363673 0.387039846194 
15.8397081682 15.1706371347 0.386773861289 
15.8397014738 15.1706382299 0.387044493703 
15.8399806024 15.1709443072 0.385925330482 
15.8399182932 15.1700662191 0.382207589548 
15.8399764748 15.1709718669 0.386127594839 
15.8399784454 15.1709436069 0.386178360155 
15.8399172985 15.1700477565 0.381954827902 
15.8397490979 15.1706266368 0.386852475908 
15.8399976828 15.1709779243 0.38531791073 
15.8648284489 15.17838664 0.38159111055 
15.9023217141 15.1920500661 0.319226888625 
15.9115649463 15.2072657014 0.0875577121348 
15.9257514776 15.2175572368 -0.0562523015484 
15.9723945373 15.2105883698 -0.0767343666962 
16.049433332 15.198689312 -0.0741784385617 
16.1516555512 15.1833377744 -0.0920836825992 
16.266957786 15.1657703857 -0.088316344812 
16.4028234446 15.1464468206 -0.0833704799031 
16.6045026743 15.114945818 -0.0838832133215 
16.7622355187 15.0901965911 -0.0767857755672 
16.8929791414 15.07002854 -0.0759376357424 
17.0611028635 15.0444674159 -0.0744533409185 
17.2052670681 15.023033526 -0.0659287544747 
17.3835738861 14.996153977 -0.0813565242811 
17.5308568441 14.9734331037 -0.0797696027351 
17.705396887 14.9455152119 -0.0842174319535 
17.8527419531 14.9218692447 -0.0733675534683 
18.0019669497 14.8982979024 -0.0592510775195 
18.1635193789 14.87606838 -0.176605455892 
18.3172354662 14.8354163731 -0.448586907803 
18.435914036 14.7664919759 -0.723099921506 
18.534258362 14.6637809242 -0.998063969519 
18.6098575556 14.501061138 -1.20103913328 
18.6563408339 14.3438163365 -1.20108714923 
18.6992089712 14.2077923978 -1.30119123287 
18.7263274157 14.0350322689 4.70636838683 
18.7098016703 13.8780381645 4.63410894858 
18.6968305075 13.7869856323 4.62705429442 
18.6968305075 13.7869856323 4.62705429442 
18.6025338137 13.477897879 4.09625590721 
18.6025338137 13.477897879 4.09625590721 
18.4860749209 13.2871360744 2.7474389188 
18.4860749209 13.2871360744 2.7474389188 
18.0688276255 13.2157288755 3.16646555484 
17.9480750525 13.2216190065 3.1680932659 
17.8286125624 13.2280918325 3.17138473542 
17.6423928702 13.2384835447 3.17101535596 
17.4032070601 13.2495534385 3.16405579009 
17.2748329603 13.2561769451 3.16353584226 
17.1556669438 13.2647662128 3.16594807676 
16.9763810598 13.2796908582 3.1890653246 
16.9188911879 13.2828433479 3.16580784224 
16.6531937682 13.2972885335 3.35074787909 
16.5370340907 13.2779092754 3.44765815344 
16.3722278738 13.2388344968 3.44658286997 
16.2548305654 13.2096897329 3.22370957505 
16.1273060852 13.2104152406 3.01717655342 
15.9925987461 13.2401055063 3.00607810544 
15.8895221815 13.2665680612 3.1582746377 
15.8106077501 13.2780171598 3.3833367367 
15.7152866238 13.2627706493 3.44046191981 
15.6042027139 13.2376266683 3.43438679637 
15.4835270607 13.2112740243 3.43558993435 
15.333835479 13.1768737997 3.40032366661 
15.1662534439 13.147958156 3.15981111697 
15.0050145948 13.16045272 2.81343323184 
14.8629132473 13.2209578718 2.5265966705 
14.815631386 13.2550216878 2.44335765177 
14.815631386 13.2550216878 2.44335765177 
14.6252226793 13.6062695945 1.80774342207 
14.6252226793 13.6062695945 1.80774342207 
14.5717301333 13.918667909 1.74395039669 
14.5717301333 13.918667909 1.74395039669 
14.5717301333 13.918667909 1.74395039669 
14.5249907934 14.4578487838 1.31008041599 
14.5975023472 14.6358804668 1.06401929824 
14.6853795015 14.7699428464 0.78547504498 
14.7999458277 14.8614605928 0.477358718158 
14.9476250374 14.9210794235 0.365669550383 
15.0925136768 14.9624372984 0.367676777865 
15.213941034 14.9955190981 0.372980995129 
15.3973890507 15.0491823817 0.328649162125 
15.5478192532 15.0868088866 0.35513423914 
15.7036641353 15.1299619863 0.348775769934 
15.8329925352 15.1662434826 0.359290870441 
16.0030635112 15.2136309671 0.321875883603 
16.1457583272 15.2526458886 0.329695723 
16.2801325881 15.290877484 0.298932925912 
16.4056280219 15.3236694152 0.115049852738 
16.5424376094 15.3259685303 0.0508539735157 
16.7077830398 15.3255215252 0.0463223662148 
16.8465861642 15.3220748121 0.0530228834224 
17.009080168 15.3186898867 0.0484548882717 
17.1585164034 15.3153936828 0.0394139039028 
17.3257062399 15.3119904141 0.0480195845622 
17.4517637455 15.3099894191 0.0505809848563 
17.6578899586 15.3063493485 0.057621547036 
17.8176097834 15.3047860304 0.0467591048399 
17.9801764452 15.3019245605 0.0371005076281 
18.1326005423 15.2970163191 -0.150544060328 
18.2897930109 15.2572057138 -0.476468972575 
18.4575600588 15.1381539072 -0.886794701162 
18.5380010569 15.0234830792 -1.15354348466 
18.5901150667 14.8237028981 -1.37302207641 
18.6108014547 14.6644425357 -1.37971654916 
18.6309525931 14.4982484544 -1.3798885763 
18.6505668127 14.3430184687 -1.47418021063 
18.6464908087 14.149121877 4.61968384384 
18.6175498926 13.9801452125 4.62483847719 
18.5878102743 13.8001459802 4.52611123912 
18.493184086 13.5492389167 4.03623307209 
18.3952054941 13.4426660503 3.73195625858 
18.1516184771 13.3491413558 3.35295568999 
17.9954876864 13.3295540775 3.29855294007 
17.7961509192 13.3120710815 3.30208154221 
17.5964037144 13.2959552968 3.30658500028 
17.3860729897 13.2776552404 3.30228323663 
17.2426207029 13.2656242813 3.30126034062 
17.0818799698 13.2537239755 3.30280513003 
16.92074072 13.2466479505 3.335405585 
16.7462297642 13.2300223077 3.26890885611 
16.4454495275 13.208384868 3.27328421692 
16.2653991842 13.1900566781 3.29757524724 
16.1129455232 13.1775418485 3.29195661533 
15.8937509899 13.1611291135 3.2965406228 
15.7193968856 13.1480184759 3.29680990047 
15.5653319323 13.1363891328 3.29438026499 
15.4154461288 13.1234792436 3.20356606004 
15.2324358189 13.1262019838 2.87699363805 
15.0901995265 13.1768575872 2.60218606823 
14.9834307396 13.255783316 2.31710633731 
14.9834307396 13.255783316 2.31710633731 
14.801146146 13.5320475067 1.85669049647 
14.7751017773 13.7144533361 1.56908691864 
14.7940243446 13.8398909534 1.39968902474 
14.8254154884 13.9678820337 1.48734479582 
14.8450529539 14.0602718557 1.6290394636 
14.8498806917 14.1754652227 1.65567994496 
14.8583024704 14.3387650813 1.65749540768 
14.8652617895 14.4811924065 1.59215346279 
14.8765026295 14.6929171051 1.60609348619 
14.8820455038 14.8666670288 1.53145345664 
14.8856393063 14.9128641451 1.51587449956 
14.9868134224 15.192895409 0.88811412731 
15.1022459232 15.30697668 0.524089357796 
15.2546110117 15.3812173272 0.237116283017 
15.4049523437 15.4060821945 0.114281080517 
15.5398876631 15.4150446768 0.140797475834 
15.7035343015 15.4255209381 0.141845385826 
15.8573318684 15.4370714987 0.139478488548 
16.0306710267 15.4481740708 0.146295220528 
16.181489166 15.4573538716 0.125192094297 
16.345289793 15.4670599664 0.153731306986 
16.5053741896 15.4772545511 0.152278379478 
16.6643826925 15.4876369203 0.125472139242 
16.8086731398 15.4976483549 0.120578579478 
16.9476703369 15.5059219266 0.122047789075 
17.1293030941 15.5171800817 0.142751261529 
17.2934598887 15.5278515483 0.125993639365 
17.4213780129 15.5344339872 0.121034418592 
17.5636910164 15.5431880916 0.135405894807 
17.7951267922 15.5566429163 0.141096626308 
17.987134453 15.5666449631 0.139615418693 
18.1405179464 15.5749568606 0.133704755601 
18.310875889 15.5847682322 0.126626565679 
18.4707698786 15.592529055 0.131898210506 
18.646366831 15.601040181 0.127348665893 
18.809237715 15.6091543401 0.127733181425 
18.853934046 15.6093426312 0.121837150565 
18.853934046 15.6093426312 0.121837150565 
19.2730791533 15.6907112564 0.702780730421 
19.3383877241 15.733442005 0.878136415808 
19.3383877241 15.733442005 0.878136415808 
19.3383877241 15.733442005 0.878136415808 
19.3383877241 15.733442005 0.878136415808 
19.3383877241 15.733442005 0.878136415808 
19.3383877241 15.733442005 0.878136415808 
19.3383877241 15.733442005 0.878136415808 
19.0483708346 16.6225385631 3.29893950519 
18.879437443 16.6035666431 3.6272955003 
18.7485868895 16.5450712408 3.77153851272 
18.6120824778 16.461117741 3.76717878342 
18.4760069811 16.3787170614 3.76989838998 
18.3572251761 16.306806084 3.76394268485 
18.2270879709 16.2280257309 3.76390855205 
18.063048836 16.1266302432 3.7454480321 
17.9290575945 16.0487288202 3.76134442973 
17.7995574438 15.9698536361 3.75295976535 
17.6609073841 15.8868399228 3.75084480332 
17.5227538311 15.8030560578 3.74670841744 
17.3842049801 15.7217298413 3.75467086114 
17.2402223312 15.6347411836 3.75203636332 
17.1064571106 15.5551997388 3.76814324764 
16.9745860064 15.4760680611 3.76665899104 
16.8361019456 15.3950122262 3.75466612708 
16.7059850657 15.3160739804 3.74993431507 
16.558907088 15.2277166166 3.58780558198 
16.4267559611 15.1741911362 3.45966292285 
16.2617236042 15.1321692059 3.4499412534 
16.1019511932 15.0916275496 3.45774293278 
15.9449315296 15.054406252 3.4599036001 
15.787048977 15.0156591947 3.47498216448 
15.6359429919 14.9787671829 3.46305011667 
15.5200606548 14.9516058529 3.46388014423 
15.3270114624 14.9034810925 3.48481284118 
15.1182215178 14.852751937 3.57956305122 
14.9758384788 14.8022297884 3.84620367934 
14.8473424875 14.7081121767 4.14220867049 
14.7504982912 14.5783256854 4.44394429395 
14.6983842814 14.3949139083 -1.48393537353 
14.714746114 14.2252429689 -1.23264007108 
14.7626012528 14.0600571598 -1.22161061754 
14.7927374804 13.9540430273 -1.25421554581 
14.8338887655 13.8187476362 -1.23255798218 
14.8733870947 13.6845971311 -1.15273939216 
14.8733870947 13.6845971311 -1.15273939216 
14.991050061 13.4457830156 -0.630758014776 
14.991050061 13.4457830156 -0.630758014776 
15.4197795057 13.212283727 -0.299287925146 
15.5703631603 13.1507984365 -0.215359640022 
15.7096375638 13.1110032762 -0.0314976187382 
15.8479567693 13.0985835756 -0.0198116484149 
16.0386744254 13.0808004106 0.00140624552716 
16.1756184661 13.068563577 0.150625881366 
16.3668811285 13.093497392 0.499811522865 
16.5102156961 13.1488229001 0.404345057087 
16.6520462 13.2017086709 0.383813023985 
16.8041025364 13.2575036252 0.232500675831 
16.9380277359 13.2762051786 0.135162667343 
17.1111767256 13.2846603359 0.131401465542 
17.2560552322 13.293611523 0.141607704949 
17.4080630505 13.3043808902 0.139136433025 
17.5802525246 13.3146089281 0.140379277232 
17.7441434824 13.3253413404 0.13922548726 
17.9038667643 13.3360979522 0.139517027739 
18.0315244162 13.3447120155 0.142904402754 
18.2071213686 13.3568056787 0.277957338084 
18.3614222967 13.3926756347 0.604240133688 
18.4811067545 13.4639238084 0.901549275211 
18.5680758917 13.5534323419 1.11804659533 
18.6432983839 13.6937249864 1.45613299401 
18.6678638422 13.8339118923 1.70046472027 
18.6579585039 13.9737029041 1.74903985915 
18.6480619871 14.065796491 1.75542627924 
18.6320788824 14.199663874 1.75637816679 
18.6118063891 14.3779767121 1.75367049156 
18.5971496069 14.5250703658 1.82864304158 
18.5688745939 14.6736115182 2.10243849689 
18.4894313776 14.8218473459 2.34391102579 
18.3455812895 14.9911947514 2.39153868221 
18.2579100096 15.0910495038 2.43979809345 
18.1091473066 15.2284187966 2.63437931252 
17.9662930929 15.3180061618 2.64943302882 
17.8194179499 15.4129872734 2.75862077585 
17.6922699177 15.477116477 3.00513275622 
17.5250003302 15.5063591863 3.30639291115 
17.4134942257 15.4964825178 3.38442027552 
17.3357006275 15.4834289516 3.36590698798 
17.2734261715 15.4754246289 3.36383046828 
17.1856566631 15.4625610078 3.34874762856 
17.072727915 15.447297659 3.38087650378 
16.9222874605 15.4256180341 3.36005260145 
16.7504560315 15.39919078 3.35939501264 
16.5838866794 15.3747854496 3.35245539255 
16.4433397019 15.3528855408 3.3668274047 
16.234445002 15.322575737 3.36291134191 
16.1037025863 15.3046916763 3.37428976097 
15.8890293458 15.2754915657 3.40393973474 
15.768741388 15.2548010482 3.62807538703 
15.66130979 15.2128616965 4.0642175145 
15.6148713493 15.1819807368 4.42507300711 
15.5911500418 15.1693208332 -1.5611080906 
15.5725518429 15.1711963306 -1.26966954818 
15.5506156945 15.1633203144 -0.912654208887 
15.5342149102 15.1510504673 -0.611447539102 
15.5201774501 15.1317289958 -0.270598424599 
15.5163451695 15.1090487952 0.0691237344332 
15.5380226934 15.0995991642 0.246030129939 
15.5826103651 15.1053831691 0.286961106515 
15.64457066 15.1194276477 0.286284396937 
15.7251565569 15.1373195017 0.295155745428 
15.856782023 15.1657828728 0.280771920224 
15.9213268199 15.1811044442 0.247812372061 
15.968552474 15.1997839736 0.0262054304409 
15.9940681272 15.2188576872 -0.377608615685 
15.9885767588 15.2483129969 -0.697361900594 
15.9849985802 15.283120882 -0.945549941238 
15.9903027677 15.2868688109 -1.02015447535 
15.9878383541 15.2849342229 -1.00743707435 
15.9878037312 15.2848723235 -1.00858532109 
15.987800371 15.28483611 -1.0090156176 
15.9878499099 15.2851182784 -1.00810191902 
15.9877428302 15.2849815602 -1.00707208503 
15.9878177309 15.2850388552 -1.0070316541 
15.9878254497 15.2850830855 -1.00752863834 
15.9876853639 15.2853023822 -1.00617675 
15.9877188468 15.2852524298 -1.00898151963 
15.9876198136 15.2853875088 -1.00858693263 
15.9879099169 15.2853108237 -1.00798985551 
15.9877469504 15.2851319949 -1.00699351229 
15.9877827131 15.2851198095 -1.00727001596 
15.9876549655 15.285332043 -1.00585660437 
15.9876589962 15.2853183041 -1.00607209283 
15.9876242765 15.2853455509 -1.00590586148 
15.9877974653 15.2851142811 -1.00735950169 
15.9876609408 15.2852949801 -1.006105005 
15.987702381 15.2852592545 -1.00632312189 
15.9881634006 15.2859029027 -1.00989420873 
15.9876804837 15.285260238 -1.006128565 
15.9883131498 15.2861553656 -1.00352914059 
15.987617124 15.2853531542 -1.00561805864 
15.9877174461 15.2851086336 -1.00690531834 
15.9876699113 15.2852902452 -1.0062582631 
15.9877676853 15.2851542311 -1.00699982687 
