15.8398059682 15.1706566329 0.387694089224 
15.8398022951 15.1706528033 0.387775666253 
15.8397403957 15.1706448014 0.387249247038 
15.8400468604 15.1709674338 0.386966975681 
15.8400509172 15.1709765459 0.38682030171 
15.8400616498 15.1709954257 0.386620060435 
15.8401937747 15.1710710863 0.387120318888 
15.8397208565 15.1706047545 0.387002490661 
15.8398071007 15.1706032048 0.387805683206 
15.8397965842 15.1706121753 0.387777733992 
15.8400592582 15.1709597821 0.386897586739 
15.840066325 15.1709296967 0.386587280571 
15.8400527501 15.1709481517 0.386797452979 
15.8397934289 15.1706393848 0.387415578781 
15.8400603646 15.1709543655 0.386799436997 
15.8400606328 15.170951877 0.386893225105 
15.8398020939 15.1706112365 0.387576747042 
15.839801211 15.1706139261 0.387764820068 
15.8397901693 15.1705862025 0.387621684695 
15.839813877 15.1706131215 0.387581917126 
15.8400798329 15.1709612275 0.386703982906 
15.8398128675 15.1706082414 0.387615261671 
15.8398206272 15.1706232692 0.387755876974 
15.8398191148 15.1706133077 0.387569508993 
15.8400620409 15.1709512437 0.386426329515 
15.8400837259 15.1709629784 0.386634962345 
15.8400808723 15.1709575991 0.386207347048 
15.8400536963 15.1709462369 0.386242159321 
15.84006463 15.1710033754 0.385960446321 
15.8400531301 15.1709528829 0.386446169767 
15.8398673014 15.1700797717 0.382909267973 
15.8399480806 15.1710227172 0.385861646814 
15.8401488365 15.1709238256 0.392231033145 
15.839761749 15.1705704818 0.393665847675 
15.8399934136 15.1707292909 0.391712271926 
15.8397260384 15.1705377812 0.386286170878 
15.8399409206 15.1709497536 0.385878177375 
15.839924805 15.1710130836 0.385865890225 
15.8399471195 15.1710152517 0.385991257459 
15.8399885745 15.1709637384 0.385881454801 
15.8398852871 15.1700427572 0.382108667335 
15.8399714382 15.1707872863 0.384601650942 
15.8399766312 15.170959946 0.38599535586 
15.8395803609 15.1697658638 0.379360992099 
15.8399989681 15.1709517057 0.385798327 
15.8399850914 15.1709845925 0.385729772598 
15.8505895027 15.1732466857 0.376268594753 
15.8830011032 15.1810588616 0.344215050314 
15.911664039 15.2005422043 0.218880538416 
15.9144046215 15.2156737729 -0.00555455684151 
15.9482167551 15.2150218322 -0.0771711228378 
16.006668728 15.2054024304 -0.0703086299606 
16.091447469 15.1925104971 -0.0767846798138 
16.2119628751 15.1748476143 -0.0727750534061 
16.36491346 15.1523696149 -0.0837736320556 
16.5107778871 15.1291960368 -0.0729409141492 
16.8124993407 15.082756188 -0.0742373459611 
16.913982507 15.0667281414 -0.0767942660603 
17.1926469767 15.0245927388 -0.0714511876407 
17.5040396416 14.976737615 -0.0896989777565 
17.6550117695 14.9530996943 -0.0952154846809 
17.8234711849 14.9275198842 -0.0872996226952 
17.9834301436 14.9026132787 -0.0678306693118 
18.1424617731 14.8798711265 -0.15211499046 
18.2884695494 14.845529374 -0.386679268866 
18.4187056982 14.7795730794 -0.679682436688 
18.534258362 14.6637809242 -0.998063969519 
18.6024842226 14.5284032191 -1.18453493918 
18.6626749003 14.3234780396 -1.20659315877 
18.7082378828 14.1742979253 -1.34967808783 
18.7262494528 14.0265916551 4.69712861937 
18.7110693419 13.8867375816 4.63488746015 
18.6968305075 13.7869856323 4.62705429442 
18.6418726408 13.5539460147 4.23170873957 
18.6025338137 13.477897879 4.09625590721 
18.4860749209 13.2871360744 2.7474389188 
18.4860749209 13.2871360744 2.7474389188 
18.0688276255 13.2157288755 3.16646555484 
17.9480750525 13.2216190065 3.1680932659 
17.7334376537 13.233939525 3.16906072114 
17.6423928702 13.2384835447 3.17101535596 
17.424855467 13.2482396329 3.16479601577 
17.2748329603 13.2561769451 3.16353584226 
17.1556669438 13.2647662128 3.16594807676 
16.9763810598 13.2796908582 3.1890653246 
16.9188911879 13.2828433479 3.16580784224 
16.6531937682 13.2972885335 3.35074787909 
16.5510550701 13.2826136316 3.47001592575 
16.3864977324 13.2424977983 3.44711790193 
16.2578361892 13.2102988924 3.2327618327 
16.1347226464 13.2092567647 3.022338993 
15.9998004475 13.2376970018 2.99828043721 
15.8972026372 13.2644839252 3.13754531069 
15.8140882218 13.2783622707 3.37668944609 
15.7152866238 13.2627706493 3.44046191981 
15.6109890306 13.2390891279 3.43473328636 
15.4708501362 13.2084935869 3.43711685665 
15.3255718314 13.1749244894 3.39440941635 
15.1580740773 13.1472164358 3.14250168213 
14.9935743773 13.1637102331 2.80319958819 
14.8698655331 13.2164653505 2.5486283523 
14.815631386 13.2550216878 2.44335765177 
14.632705208 13.5652540887 1.82172175742 
14.6252226793 13.6062695945 1.80774342207 
14.5717301333 13.918667909 1.74395039669 
14.5717301333 13.918667909 1.74395039669 
14.5165964329 14.2667819227 1.64550608365 
14.5202981197 14.4062961305 1.40763667354 
14.5494421684 14.5196846093 1.3075481169 
14.6048481428 14.6495259965 1.03835001584 
14.7339677775 14.8131998743 0.627592965598 
14.8524473869 14.8873062099 0.435063377486 
15.0106988513 14.941687193 0.343328150342 
15.1660356485 14.9841423298 0.342176144267 
15.2831182444 15.0179119373 0.292164823652 
15.4640451634 15.0648184086 0.368434484601 
15.5969581568 15.0998278523 0.353658317424 
15.7737413683 15.1503444652 0.360047239061 
15.9190855232 15.1904585885 0.338725430005 
16.0765267425 15.2345937227 0.327885455181 
16.2237034702 15.2740381325 0.334705616243 
16.3504953348 15.3120718191 0.195444715853 
16.4950098955 15.3283528278 0.027121389833 
16.6446476543 15.3261701206 0.0362249494868 
16.8044041359 15.3224153782 0.0526682313516 
16.9586005175 15.3195742408 0.0352940038273 
17.1190741026 15.3171738426 0.0616771193451 
17.2626156771 15.3126393373 0.064763380003 
17.385389086 15.3113395462 0.039092461538 
17.5666755402 15.30807874 0.0455433867461 
17.8087903225 15.3049130032 0.0480223363146 
17.950022217 15.3020164708 0.0517144752979 
18.111368891 15.2986554916 -0.112472521284 
18.2697668039 15.2656175292 -0.435843387897 
18.3962674105 15.1936049054 -0.733629275387 
18.5007979834 15.0845354314 -1.01150155681 
18.5609233343 14.9674489165 -1.26548536532 
18.5982208216 14.7571830417 -1.3702313171 
18.6231794321 14.5693364109 -1.39183941372 
18.6426989996 14.4071354235 -1.40792318483 
18.6567006075 14.2533650363 4.68701516743 
18.6378123724 14.1010689701 4.62598225865 
18.6111595595 13.9443063701 4.61294760403 
18.5864992106 13.7916414703 4.51221598829 
18.540574547 13.6301109756 4.20136042586 
18.493184086 13.5492389167 4.03623307209 
18.3435134852 13.4076410497 3.60643447042 
18.185013529 13.3509645427 3.35998665814 
18.0557098353 13.3331744636 3.29184536924 
17.8859901392 13.3200613225 3.31714108982 
17.734483 13.3090822662 3.31433854292 
17.5964037144 13.2959552968 3.30658500028 
17.4210931027 13.2807420457 3.30281982184 
17.2726051771 13.2678961719 3.29983021681 
17.1399189198 13.257048365 3.29738060939 
16.9592738115 13.2492989267 3.33842054921 
16.7960423791 13.2365943159 3.33400558408 
16.6342121923 13.2241560186 3.34690541014 
16.466483947 13.2102543081 3.27467789409 
16.3466790878 13.1958860124 3.28757675616 
16.171980735 13.1826611722 3.29636468082 
16.0026935526 13.1691883768 3.29251619873 
15.8513137029 13.1579645837 3.29545785324 
15.702168774 13.1466897691 3.29637377459 
15.5566708707 13.1355549062 3.29386059288 
15.3943048977 13.1217967237 3.18296875805 
15.2453703844 13.1238065923 2.90249378418 
15.0815507137 13.1809037889 2.56647451364 
14.9834307396 13.255783316 2.31710633731 
14.9834307396 13.255783316 2.31710633731 
14.7957453692 13.5548628534 1.78017823925 
14.7751017773 13.7144533361 1.56908691864 
14.7940243446 13.8398909534 1.39968902474 
14.837849375 14.0105419124 1.58317505007 
14.8480532133 14.1546322072 1.63377507925 
14.856223222 14.3061779703 1.59323242963 
14.8659489119 14.4635337556 1.65190535533 
14.8734657728 14.6702746714 1.6057723308 
14.8803639376 14.8492717112 1.54503851357 
14.8856393063 14.9128641451 1.51587449956 
14.9969102704 15.2024698409 0.838497803726 
15.1719679796 15.3492860908 0.410140466375 
15.4049523437 15.4060821945 0.114281080517 
15.6957658046 15.4247316087 0.143845960379 
15.8988917071 15.4393649811 0.171233847553 
16.1509496533 15.4553360308 0.131103474913 
16.3357281649 15.4664084578 0.134562040094 
16.52671754 15.4788691218 0.129470096573 
16.6643826925 15.4876369203 0.125472139242 
16.8464512193 15.4988412524 0.154685667866 
17.0698401892 15.5135435427 0.159806779484 
17.2420147621 15.524105307 0.123152292042 
17.5077819788 15.5389651025 0.140329405358 
17.7650847399 15.5556609596 0.126780201229 
18.1103625261 15.5731118287 0.139548843266 
18.3608236277 15.5872168804 0.132119037531 
18.646366831 15.601040181 0.127348665893 
18.809237715 15.6091543401 0.127733181425 
18.853934046 15.6093426312 0.121837150565 
19.2801709139 15.6950946713 0.75889727877 
19.3383877241 15.733442005 0.878136415808 
19.3383877241 15.733442005 0.878136415808 
19.3383877241 15.733442005 0.878136415808 
19.3383877241 15.733442005 0.878136415808 
19.3383877241 15.733442005 0.878136415808 
18.8711252176 16.6009603704 3.64173219017 
18.5868322813 16.4457079137 3.76567706787 
18.4323151075 16.3534840311 3.74848490512 
18.2421517336 16.237178203 3.76376858029 
17.9810125792 16.0782307948 3.75943393194 
17.6864677631 15.9013886417 3.74935549245 
17.4464706146 15.7576818431 3.74951232875 
17.3167303764 15.6795842017 3.75592327556 
17.214030143 15.6189159418 3.75331990256 
16.9865478241 15.48252989 3.75413590054 
16.5914041364 15.2460923356 3.6375401066 
16.4431839549 15.1788881386 3.48079668002 
16.2791306638 15.1366070847 3.47752076636 
15.9739912638 15.0612439478 3.45500409149 
15.7785852888 15.0134572948 3.47408600926 
15.5784042441 14.9649777676 3.46164995517 
15.3954292798 14.9205842579 3.45220208792 
15.2282407248 14.8782317008 3.46161777746 
14.9513674938 14.788637575 3.87301234744 
14.84091663 14.7020763124 4.16030357696 
14.7341477835 14.5425612892 4.52560048165 
14.6984971726 14.3738393749 -1.42104459076 
14.7260200941 14.176708814 -1.2298758445 
14.7848794424 13.9818236793 -1.25743889235 
14.8303397858 13.8336318696 -1.20120856968 
14.8694260084 13.691073891 -1.18943506167 
14.8733870947 13.6845971311 -1.15273939216 
14.991050061 13.4457830156 -0.630758014776 
15.2424321735 13.2808443273 -0.299353972033 
15.3915112578 13.223863479 -0.300198481685 
15.5820344054 13.1462243761 -0.198518797964 
15.7096375638 13.1110032762 -0.0314976187382 
15.9709388354 13.0873898233 -0.012860071813 
16.1661594176 13.0683342184 0.136283976783 
16.3668811285 13.093497392 0.499811522865 
16.5222535693 13.1530786718 0.408300578254 
16.679892596 13.2126182283 0.397168042455 
16.9084997141 13.2723913158 0.149537828352 
17.0979635679 13.2856072153 0.170861258175 
17.2474926674 13.2929484809 0.142958942555 
17.4506790602 13.3073321546 0.139939466248 
17.5802525246 13.3146089281 0.140379277232 
17.8406619989 13.3319036926 0.139975707903 
18.0144920313 13.343417045 0.139989430065 
18.2146141493 13.3559895719 0.306409922566 
18.3886711561 13.406268474 0.67937539587 
18.5350148642 13.5154778923 1.03206461272 
18.6671442949 13.8100049461 1.67519923833 
18.6625122988 13.9430075849 1.76454604748 
18.6511948073 14.0440924133 1.75906829017 
18.6343755686 14.180096742 1.75544453496 
18.6136481726 14.3613945211 1.75304311078 
18.6035683119 14.4609290923 1.78016075821 
18.5324881041 14.7555628086 2.26075807134 
18.3976299727 14.9332514668 2.39322997137 
18.1947984659 15.1599199886 2.56123903643 
18.0673797094 15.2571038085 2.65432758833 
17.892642256 15.367230233 2.68300375939 
17.7633522713 15.4478460217 2.81553660468 
17.5427995884 15.5065349008 3.28644321823 
17.4134942257 15.4964825178 3.38442027552 
17.3101731503 15.480362531 3.35166466774 
17.2541818583 15.4726228232 3.35932384056 
17.1465262138 15.4569769914 3.36808592997 
17.005246278 15.436975878 3.35970158047 
16.8009809219 15.4079972173 3.36494538396 
16.5746028387 15.3735841776 3.3519816261 
16.301561203 15.3316084186 3.34952604515 
16.1326727235 15.3089045773 3.35609863147 
15.9237589874 15.2790236326 3.36908358331 
15.7746335753 15.2557242273 3.60743404853 
15.6701783204 15.214930732 4.01226337128 
15.6180498862 15.183837984 4.39567859534 
15.576762613 15.1725623573 -1.33177196936 
15.5580696725 15.1657479594 -1.02705612786 
15.5329302215 15.1505768637 -0.599955114117 
15.5194875264 15.1288139636 -0.218349276826 
15.5172532761 15.1174834485 -0.0517790331867 
15.5425996446 15.0990077967 0.269395524213 
15.64457066 15.1194276477 0.286284396937 
15.7401633525 15.1399743224 0.27544962418 
15.8500402198 15.1655274148 0.285493750695 
15.9366275856 15.1877603086 0.188467962609 
15.9832394683 15.2083034834 -0.144611853812 
15.9934298285 15.2337538267 -0.556668834853 
15.9853897729 15.2702760885 -0.843602674864 
15.9860233852 15.2866663786 -0.99709898546 
15.9878383541 15.2849342229 -1.00743707435 
15.9878062272 15.2848814505 -1.00880502356 
15.9876455778 15.2851023453 -1.00616500596 
15.9881715887 15.2856248396 -1.00982628463 
15.9877689519 15.284958266 -1.0074132378 
15.9877041393 15.285282355 -1.00664116664 
15.9877751881 15.2851266565 -1.00735716134 
15.9876934626 15.2852638739 -1.00631873924 
15.9877586552 15.2851174886 -1.007336415 
15.9876449146 15.2853426042 -1.00588775156 
15.9876936265 15.2852705049 -1.00620151919 
15.9877957964 15.2850984375 -1.00764434269 
15.9876623937 15.2853266189 -1.00592651421 
15.9877784291 15.2851109619 -1.0073020586 
15.9877813944 15.2851494069 -1.00708084326 
15.9876471871 15.2853269319 -1.00588609118 
15.9877752626 15.2851044426 -1.00717604151 
15.987675097 15.2853110361 -1.00591298692 
15.9878117704 15.2851092669 -1.0074273758 
15.9877734521 15.2850880663 -1.00759666448 
15.987669129 15.2852774712 -1.00582715813 
15.9877949544 15.2851171794 -1.00722403374 
