0.314404010773
0.300386190414
0.272578954697
0.240576028824
0.319291114807
0.287374973297
0.292486906052
0.241686820984
0.228873968124
0.309297084808
0.278148889542
0.280983924866
0.266298055649
0.301209926605
0.323074102402
0.280315160751
0.266178846359
0.237207889557
0.27386713028
0.299774885178
0.233039140701
0.22123503685
0.223576068878
0.245588064194
0.279858112335
0.266347169876
0.296986103058
0.25257897377
0.266230106354
0.215783119202
0.205629110336
0.260717153549
0.239408969879
0.303215026855
0.324868917465
0.294226884842
0.23483300209
0.274612188339
0.248662948608
0.299967050552
0.286269187927
0.307857036591
0.315379858017
0.294176101685
0.31587100029
0.240070819855
0.242573022842
0.266601800919
0.243567943573
0.260236978531
0.290236949921
0.252460956573
0.270632982254
0.195842027664
0.25629401207
0.226340055466
0.242008924484
0.267815113068
0.269796133041
0.32027220726
0.316777944565
0.314008951187
0.320133209229
0.269477128983
0.286746025085
0.274774074554
0.307135105133
0.275670051575
0.289170026779
0.277670860291
0.301891088486
0.219620943069
0.239799976349
0.302613973618
0.22739481926
0.285588026047
0.242334842682
0.27130317688
0.233564138412
0.301970005035
0.272426843643
0.261099815369
0.314728021622
0.293823003769
0.2830991745
0.278532028198
0.21687412262
0.237114906311
0.257400989532
0.224964857101
0.209199905396
0.226225852966
0.383699893951
0.31373500824
0.341743946075
0.316830873489
0.182521104813
0.256761074066
0.259645938873
0.261554956436
0.21343588829
0.305325984955
0.302429199219
0.220402002335
0.231723070145
0.279260158539
0.34400677681
0.40815782547
0.314009904861
0.317505121231
0.295978069305
0.273854017258
0.285510063171
0.285113096237
0.358494997025
0.248573064804
0.298479795456
0.314383983612
0.319176912308
0.333042860031
0.279127836227
0.281445026398
0.259463071823
0.293778896332
0.227301120758
0.297563076019
0.310788154602
0.246794939041
0.26179599762
0.274744033813
0.275024175644
0.232033967972
0.301536083221
0.334892988205
0.318615198135
0.293334960938
0.323405981064
0.287766933441
0.281691074371
0.318870067596
0.352123022079
0.36590886116
0.33167886734
0.322353124619
0.317696809769
0.312513828278
0.327085018158
0.244359970093
0.251247882843
0.243824005127
0.306029081345
0.275569915771
0.198482990265
0.187907934189
0.262619018555
0.297346115112
0.319782972336
0.347427129745
0.286368846893
0.285387039185
0.26145195961
0.256834983826
0.297030210495
0.300205945969
0.311969041824
0.292083978653
0.283185005188
0.197918891907
0.251704931259
0.265944004059
0.373092889786
0.250207901001
0.316873073578
0.300946950912
0.279494047165
0.391443967819
0.265951156616
0.312813043594
0.336480855942
0.267333030701
0.345960855484
0.298934936523
0.288749933243
0.356063127518
0.355943918228
0.382388830185
0.32243514061
0.331645011902
0.296078920364
0.308912038803
0.235788106918
0.259124040604
0.29655790329
0.285506010056
0.295840024948
0.329129934311
0.258069992065
0.177290201187
0.241137981415
0.25776219368
0.309679031372
0.182522058487
0.288795948029
0.290870189667
0.305116891861
0.348736047745
0.351910114288
0.294819116592
0.323299884796
0.379997014999
0.31258893013
0.336081027985
0.214509010315
0.260166168213
0.27827501297
0.310749053955
0.28933596611
0.259936094284
0.265631198883
0.244952201843
0.367892980576
0.321063995361
0.340813875198
0.22615981102
0.261940002441
0.2905189991
0.227469921112
0.26876783371
0.287321090698
0.34977889061
0.319758892059
0.328329086304
0.320860147476
0.352009057999
0.290884971619
0.229311227798
0.304446935654
0.202298164368
0.243123054504
0.301409006119
0.274285078049
0.272722005844
0.344847917557
0.318021059036
0.360970973969
0.385343790054
0.378896951675
0.313602924347
0.29936504364
0.29869890213
0.36011505127
0.305339813232
0.448157072067
0.367792844772
0.261339902878
0.36071395874
0.296733140945
0.308370113373
0.286852121353
0.310887098312
0.252728939056
0.257514953613
0.291496992111
0.252552032471
0.272701978683
0.318226099014
0.269055843353
0.257620096207
0.262372970581
0.314506053925
0.249805927277
0.299515962601
0.270807981491
0.292374134064
0.241399049759
0.250581026077
0.295680999756
0.235325098038
0.287860870361
0.254976987839
0.248476028442
0.299169063568
0.266407966614
0.331492900848
0.266468048096
0.235992908478
0.232574939728
0.306435108185
0.331838846207
0.333268880844
0.299046039581
0.372346878052
0.258177042007
0.332853078842
0.287268877029
0.250329017639
0.298259019852
0.351534843445
0.319406032562
0.324620962143
0.286221027374
0.257627010345
0.238674879074
0.295518875122
0.345835924149
0.315580129623
0.344558954239
0.391533136368
0.342105865479
0.359779834747
0.321475982666
0.371760129929
0.355144023895
0.35567688942
0.342005968094
0.284379959106
0.323377132416
0.230041027069
0.300984859467
0.302625894547
0.343247175217
0.277493000031
0.335392951965
0.407441854477
0.315627098083
0.362174034119
0.213769197464
0.225003957748
0.331146001816
0.32412981987
0.26722407341
0.234645843506
0.31662607193
0.264110088348
0.228347063065
0.336930036545
0.236392974854
0.263177156448
0.282174110413
0.359238862991
0.261477947235
0.281672954559
0.335691928864
0.317948818207
0.260266065598
0.290689945221
0.287343978882
0.271696090698
0.32208108902
0.264014005661
0.22989988327
0.280948877335
0.32633805275
0.263857126236
0.29257106781
0.32009100914
