0.430280923843
0.519680976868
0.385908842087
0.341706991196
0.203901052475
0.216730833054
0.279783010483
0.300760984421
0.318378210068
0.189597129822
0.258207082748
0.270093917847
0.237895965576
0.260282993317
0.223783016205
0.244664907455
0.263625860214
0.238713026047
0.287643909454
0.237688064575
0.274504899979
0.2538189888
0.26234292984
0.298768043518
0.281243085861
0.26661491394
0.250591993332
0.374763011932
0.336932897568
0.247940063477
0.335583209991
0.32449388504
0.256078004837
0.297559022903
0.332584857941
0.276659011841
0.200835943222
0.219111919403
0.264530897141
0.27231502533
0.264719009399
0.211526870728
0.244026899338
0.283532857895
0.323174953461
0.246472835541
0.235826969147
0.266860961914
0.239994049072
0.27176117897
0.234920024872
0.212566137314
0.14465713501
0.168781995773
0.224448919296
0.222840070724
0.307529211044
0.276412963867
0.303802967072
0.296154975891
0.294597864151
0.365309000015
0.263544082642
0.225718021393
0.232839107513
0.357610940933
0.304216146469
0.26137304306
0.333997964859
0.27219581604
0.280218839645
0.301390171051
0.227889060974
0.266631126404
0.241374969482
0.350194215775
0.297024965286
0.257584095001
0.384335041046
0.301649093628
0.315012931824
0.298087120056
0.16975903511
0.334087133408
0.249197006226
0.277084827423
0.23915719986
0.217867136002
0.290091991425
0.281654834747
0.267287015915
0.274529933929
0.283407926559
0.258177042007
0.280790090561
0.285445928574
0.298197031021
0.181212902069
0.243014097214
0.300467967987
0.264545917511
0.289342880249
0.250154972076
0.305842876434
0.356768131256
0.253652095795
0.247492074966
0.314283132553
0.296802997589
0.354169845581
0.402188062668
0.378815174103
0.249171972275
0.302433013916
0.291082143784
0.24141907692
0.299059867859
0.295503139496
0.250389099121
0.210751056671
0.317739963531
0.265119075775
0.331638097763
0.267905950546
0.310164928436
0.299620866776
0.252983808517
0.29216504097
0.316884040833
0.314893007278
0.323870182037
0.356031894684
0.271880865097
0.290603876114
0.292809009552
0.328592061996
0.26105594635
0.247432947159
0.340908050537
0.252154111862
0.28747010231
0.283674001694
0.315370082855
0.246669054031
0.243335962296
0.245368003845
0.259904146194
0.252833127975
0.197749853134
0.280493021011
0.293909072876
0.310229063034
0.290606021881
0.268397808075
0.238081932068
0.242154121399
0.250413179398
0.30501294136
0.305373191833
0.276833057404
0.295207977295
0.268478155136
0.315470933914
0.268615007401
0.244318962097
0.253193855286
0.228322029114
0.226223945618
0.290187120438
0.309927940369
0.308753013611
0.264722108841
0.327257871628
0.399240970612
0.328846931458
0.365421056747
0.262475967407
0.314900875092
0.285618066788
0.29745721817
0.296672105789
0.305595874786
0.331759929657
0.335604906082
0.291633844376
0.22634100914
0.29346704483
0.286341905594
0.247994184494
0.253443002701
0.291072130203
0.315270900726
0.297369003296
0.236962080002
0.270790100098
0.257030010223
0.193640947342
0.264196157455
0.290799856186
0.279471874237
0.222617864609
0.333717823029
0.334225177765
0.337830781937
0.252417087555
0.335723876953
0.325192928314
0.292570114136
0.267866134644
0.346605062485
0.308930158615
0.32376909256
0.319844007492
0.320623159409
0.287642002106
0.278017997742
0.230430841446
0.239644050598
0.256253004074
0.275183916092
0.284568071365
0.335620880127
0.255784988403
0.246279001236
0.338626146317
0.321533918381
0.290600061417
0.282436132431
0.288232088089
0.327340126038
0.341950893402
0.254922866821
0.264228105545
0.240729093552
0.215513944626
0.264539957047
0.266791820526
0.233305931091
0.275052070618
0.320861816406
0.214287996292
0.281297922134
0.302000999451
0.35192489624
0.33139705658
0.265564203262
0.327474832535
0.35841012001
0.334419965744
0.296569824219
0.288017988205
0.352674007416
0.353474140167
0.347495079041
0.308239936829
0.315252065659
0.314543008804
0.362653017044
0.302357912064
0.376836061478
0.289833068848
0.212351083755
0.325824022293
0.312356948853
0.271927833557
0.233257055283
0.247028827667
0.258235216141
0.279993057251
0.323500156403
0.323446989059
0.209853887558
0.245296001434
0.20455789566
0.257294893265
0.296880960464
0.297449111938
0.256455898285
0.210774898529
0.24555683136
0.276297092438
0.267826795578
0.303777217865
0.323505878448
0.202982902527
0.244122982025
0.342535018921
0.29726099968
0.316393136978
0.372308969498
0.341710090637
0.32714009285
0.348288059235
0.271773099899
0.269541978836
0.309699058533
0.3175740242
0.330233097076
0.321022987366
0.235394001007
0.252536058426
0.321235895157
0.350414991379
0.316947937012
0.330406188965
0.301429986954
0.355664968491
0.310534000397
0.288128852844
0.36129617691
0.310508966446
0.332024097443
0.368903875351
0.353531122208
0.284008026123
0.376522064209
0.263923168182
0.313846111298
0.312537193298
0.246119022369
0.316802978516
0.321710824966
0.307760000229
0.297824859619
0.285917043686
0.335329055786
0.332955121994
0.304862976074
0.240249156952
0.277530908585
0.351891040802
0.330775022507
0.306275844574
0.28014588356
0.35865688324
0.251287937164
0.348603963852
0.339946985245
0.303884983063
0.257102012634
0.257169961929
0.344235181808
0.368262767792
0.288568973541
0.318182945251
0.373226881027
0.308211088181
0.336276054382
0.33055305481
0.348345994949
0.29273891449
0.387225866318
0.311794996262
0.296648979187
