0.38559794426
0.268800020218
0.240166902542
0.247148990631
0.264971017838
0.287642002106
0.263694047928
0.289901971817
0.312314987183
0.239948034286
0.251457929611
0.273375988007
0.355838060379
0.296627044678
0.28825211525
0.325256109238
0.296190023422
0.27908706665
0.266086816788
0.253991127014
0.25949716568
0.242954969406
0.28121304512
0.289505004883
0.364785909653
0.265027999878
0.232122898102
0.251873970032
0.325592041016
0.24977517128
0.213885068893
0.269145011902
0.29523897171
0.302862167358
0.257499933243
0.236723184586
0.232352018356
0.316012144089
0.249532938004
0.261425018311
0.260474920273
0.281912088394
0.241333961487
0.28447508812
0.276416778564
0.218020915985
0.269782066345
0.348495960236
0.278731107712
0.23309803009
0.313493013382
0.25470495224
0.246176958084
0.195732116699
0.237818956375
0.264678955078
0.291790008545
0.342886924744
0.299386024475
0.262471914291
0.29673409462
0.405643939972
0.310969114304
0.270741939545
0.281089067459
0.306423902512
0.278557062149
0.211266994476
0.26982998848
0.234312057495
0.255764961243
0.270309925079
0.293241024017
0.335645198822
0.25866985321
0.244388103485
0.374777078629
0.341010808945
0.400388002396
0.283549070358
0.249449968338
0.325797080994
0.230099916458
0.211951971054
0.200884103775
0.273012876511
0.238008022308
0.27635717392
0.244994163513
0.228749990463
0.245126008987
0.261476993561
0.303221940994
0.283226013184
0.224938869476
0.259490013123
0.231462955475
0.258579015732
0.273064851761
0.242733001709
0.218894004822
0.269874095917
0.27188706398
0.301476955414
0.308208942413
0.294520139694
0.379548072815
0.356094121933
0.321061849594
0.252424955368
0.32931804657
0.2853038311
0.245208024979
0.297216892242
0.376830816269
0.256117105484
0.219835042953
0.257768154144
0.292135000229
0.212346792221
0.291367053986
0.290150880814
0.274739980698
0.262109994888
0.264863967896
0.249774932861
0.238071918488
0.257416009903
0.277689933777
0.280221939087
0.302248001099
0.316956043243
0.308313131332
0.314773082733
0.328591108322
0.325067996979
0.307642936707
0.302843809128
0.317807197571
0.261929988861
0.275903940201
0.308853149414
0.318634986877
0.188673019409
0.203232049942
0.27489900589
0.27281999588
0.234718084335
0.299160957336
0.233074903488
0.271400928497
0.294867038727
0.24390411377
0.273196935654
0.348180055618
0.272371053696
0.229672908783
0.235569953918
0.300163030624
0.28388094902
0.226824998856
0.296074867249
0.259048223495
0.275412082672
0.234723091125
0.235193967819
0.2541680336
0.276510000229
0.148475885391
0.235774040222
0.258569002151
0.272420167923
0.327485084534
0.25975394249
0.307592868805
0.346476793289
0.307130813599
0.265163898468
0.307185173035
0.330019950867
0.269165992737
0.250694990158
0.318447113037
0.288703918457
0.34592795372
0.30753493309
0.270476818085
0.254761219025
0.336941003799
0.264666080475
0.252135038376
0.263708114624
0.326066970825
0.329993009567
0.269686937332
0.265864133835
0.283900022507
0.199612140656
0.219477891922
0.259522914886
0.235085964203
0.235519886017
0.297749996185
0.263428211212
0.246596097946
0.282629013062
0.321768045425
0.28595495224
0.293532848358
0.324740886688
0.313321113586
0.290041923523
0.309975147247
0.359666109085
0.359045028687
0.337177991867
0.222278118134
0.296159982681
0.26930809021
0.285790920258
0.334016084671
0.284503936768
0.314888000488
0.299734830856
0.266407012939
0.297195911407
0.32159113884
0.127217054367
0.252526044846
0.312809944153
0.332700014114
0.305155038834
0.336530208588
0.257286071777
0.274348974228
0.330085992813
0.274996042252
0.347944974899
0.284520149231
0.2740650177
0.295605897903
0.283165931702
0.275886058807
0.305994987488
0.326326131821
0.27845287323
0.385294914246
0.280009031296
0.312622070312
0.350342988968
0.275025129318
0.343545913696
0.323548078537
0.334419965744
0.345360040665
0.242670059204
0.269809007645
0.260750055313
0.299240112305
0.314831018448
0.327068090439
0.368089914322
0.304717063904
0.287303924561
0.341170072556
0.284795999527
0.258566856384
0.30825304985
0.21435713768
0.25058889389
0.280205965042
0.297554016113
0.264767885208
0.252726078033
0.257604122162
0.24328994751
0.291886806488
0.243571043015
0.21789598465
0.1730260849
0.265969991684
0.231466054916
0.263671875
0.164184093475
0.2584400177
0.238112926483
0.222469091415
0.251801013947
0.319455862045
0.382457971573
0.303178071976
0.323127031326
0.377237081528
0.255625963211
0.257866859436
0.314244031906
0.347267866135
0.279501914978
0.346154928207
0.3439412117
0.264544010162
0.341524839401
0.348681926727
0.221461057663
0.290904998779
0.335415124893
0.393117189407
0.244410991669
0.310065984726
0.308367967606
0.319923877716
0.362122058868
0.384873867035
0.367818117142
0.368739843369
0.355525970459
0.278681993484
0.302546977997
0.281266927719
0.257886171341
0.311461925507
0.219615936279
0.224096059799
0.303592920303
0.322311878204
0.338343858719
0.278319835663
0.294533014297
0.253754138947
0.277199029922
0.291802883148
0.32080411911
0.216029167175
0.236646175385
0.274708032608
0.238456010818
0.224633932114
0.23868393898
0.239006996155
0.372246026993
0.251732110977
0.276476144791
0.328022956848
0.312595844269
0.267967939377
0.332015991211
0.242251873016
0.313024044037
0.231817007065
0.301251888275
0.2259349823
0.239029884338
0.244396924973
0.263195037842
0.239680051804
0.301578998566
0.321479082108
0.319628000259
