0.291759967804
0.406235933304
0.436887979507
0.323011159897
0.313018083572
0.310882091522
0.269600152969
0.231902837753
0.231133937836
0.275272846222
0.29345703125
0.271378993988
0.330067873001
0.269515037537
0.227176904678
0.276437997818
0.293757915497
0.259289979935
0.303140878677
0.281331777573
0.33865904808
0.279686927795
0.295511007309
0.220227003098
0.267723083496
0.237474918365
0.251508951187
0.277403116226
0.277281999588
0.406932115555
0.417791128159
0.463047981262
0.434904098511
0.333614110947
0.265577077866
0.26275396347
0.296797037125
0.257007837296
0.267863035202
0.284916877747
0.28062415123
0.219754934311
0.205246210098
0.251325845718
0.289022922516
0.253077983856
0.249404191971
0.305875062943
0.214637994766
0.214544057846
0.237277984619
0.194405078888
0.22437286377
0.274842023849
0.375350952148
0.514890909195
0.445479154587
0.473326921463
0.406762123108
0.317479133606
0.32314991951
0.263908147812
0.313490152359
0.254798173904
0.289550065994
0.335242986679
0.301750898361
0.342555999756
0.290094137192
0.304098129272
0.300343036652
0.331036806107
0.453920125961
0.363210916519
0.298345088959
0.310655117035
0.376256942749
0.29688501358
0.251595973969
0.32675409317
0.281017065048
0.285706996918
0.266602993011
0.153922080994
0.222290992737
0.254794120789
0.238143920898
0.314960956573
0.264972925186
0.246262073517
0.260365962982
0.195642948151
0.242515087128
0.245992898941
0.273298978806
0.265208005905
0.303865909576
0.276824235916
0.326090097427
0.326058864594
0.45506811142
0.335817098618
0.336855173111
0.261954784393
0.342326879501
0.340518951416
0.266205072403
0.297659873962
0.351411819458
0.328881978989
0.284259080887
0.267813920975
0.238780975342
0.301517963409
0.272206068039
0.300321102142
0.32149887085
0.283561944962
0.224565982819
0.241964101791
0.243041992188
0.346565961838
0.280699014664
0.26474905014
0.212064981461
0.23649096489
0.314892053604
0.284380912781
0.319230794907
0.380203962326
0.290661096573
0.212500095367
0.272227048874
0.297820806503
0.339516162872
0.36820101738
0.312046051025
0.240674972534
0.306166172028
0.299355983734
0.254926919937
0.346797943115
0.294540882111
0.276268959045
0.272742033005
0.257224082947
0.285704135895
0.291108131409
0.268249988556
0.255315065384
0.252266168594
0.286721944809
0.26568198204
0.240839004517
0.321566104889
0.314737796783
0.282242059708
0.303988933563
0.257272958755
0.307200193405
0.259836912155
0.282544136047
0.265473842621
0.279002189636
0.293971061707
0.314696788788
0.24111199379
0.285802125931
0.347676992416
0.333634853363
0.293956041336
0.390841007233
0.29306602478
0.38437795639
0.324314117432
0.382109880447
0.341883897781
0.218898057938
0.380509853363
0.442378997803
0.451901912689
0.45214009285
0.499782085419
0.439102172852
0.43546795845
0.381711959839
0.355543851852
0.289088964462
0.338670969009
0.465955018997
0.451620817184
0.559890985489
0.498847961426
0.538302898407
0.501016139984
0.479799032211
0.477434873581
0.512732982635
0.53245806694
0.517270088196
0.335273981094
0.50302195549
0.411974906921
0.501035928726
0.526905059814
0.541937112808
0.385914087296
0.494434833527
0.635411024094
0.472134828568
0.449840784073
0.405541181564
0.419143915176
0.575628042221
0.536313772202
0.326658964157
0.425523996353
0.498628854752
0.396580219269
0.413655996323
0.354841947556
0.428296089172
0.492609977722
0.293528795242
0.333357095718
0.331315040588
0.40629696846
0.369855880737
0.266824007034
0.358541965485
0.21106505394
0.345159053802
0.416996002197
0.32933306694
0.353837013245
0.324418067932
0.455171108246
0.418734073639
0.352993011475
0.297580003738
0.369016885757
0.404464006424
0.350483894348
0.269890785217
0.404532909393
0.341886043549
0.414722919464
0.329967021942
0.343579053879
0.350035905838
0.528974056244
0.541073083878
0.321830034256
0.277702093124
0.352994918823
0.357260942459
0.328282117844
0.407731056213
0.566135883331
0.407402038574
0.349931001663
0.362236976624
0.308137178421
0.44288110733
0.361474990845
0.354757070541
0.281677961349
0.336440086365
0.345639944077
0.396436214447
0.453968048096
0.533010959625
0.352585077286
0.435998916626
0.380190134048
0.42053604126
0.396944046021
0.460901975632
0.366577148438
0.371683120728
0.32225894928
0.299530029297
0.357075929642
0.482542037964
0.305738925934
0.343507051468
0.383841991425
0.354235172272
0.366029024124
0.239122867584
0.313460111618
0.438051223755
0.303349018097
0.348896980286
0.352360010147
0.269128084183
0.416985988617
0.420592069626
0.435941934586
0.415072917938
0.424005031586
0.334450960159
0.322993993759
0.459089994431
0.26468706131
0.316158056259
0.313997983932
0.288549900055
0.341890096664
0.468971967697
0.4620449543
0.314212799072
0.379778146744
0.361991882324
