0.294868946075
0.302545070648
0.301393985748
0.291078090668
0.280624866486
0.273081064224
0.269799947739
0.323393106461
0.342042922974
0.235821962357
0.283235788345
0.270817995071
0.208605051041
0.264632940292
0.255406856537
0.254481077194
0.251478910446
0.232376098633
0.314494848251
0.255349874496
0.232595920563
0.237421989441
0.28998208046
0.324858903885
0.289134025574
0.273422002792
0.28985786438
0.225882053375
0.271063089371
0.280270814896
0.24672794342
0.250930070877
0.276839971542
0.229454994202
0.270464897156
0.292782068253
0.270172834396
0.235947132111
0.333004951477
0.282675981522
0.198791980743
0.252590894699
0.229285955429
0.190153121948
0.251577138901
0.219028949738
0.235771894455
0.243492126465
0.293612003326
0.277147054672
0.223953008652
0.296938896179
0.29633808136
0.284934997559
0.218003988266
0.236141204834
0.259160041809
0.269952058792
0.279128074646
0.290603876114
0.292405843735
0.344903230667
0.387105941772
0.281589984894
0.316149950027
0.303359031677
0.331534147263
0.257989168167
0.29727602005
0.359708070755
0.304481983185
0.283133983612
0.287384986877
0.276566028595
0.271417856216
0.246735811234
0.270347118378
0.251212120056
0.325884103775
0.359857082367
0.315362930298
0.246938943863
0.304633140564
0.329477071762
0.19574713707
0.272418022156
0.257570028305
0.250220060349
0.276408910751
0.226589202881
0.229112863541
0.202464103699
0.338603019714
0.292663097382
0.265752077103
0.217442035675
0.226045846939
0.236848115921
0.279022932053
0.275673151016
0.2238240242
0.238742113113
0.336057901382
0.295200109482
0.271457195282
0.323935985565
0.224128961563
0.354689121246
0.271196126938
0.308207988739
0.335401058197
0.345049858093
0.316822052002
0.394029140472
0.403777837753
0.257552146912
0.278267145157
0.293932914734
0.335890054703
0.302828788757
0.304660081863
0.263466119766
0.249512910843
0.338691949844
0.248099088669
0.257565021515
0.326735973358
0.211489915848
0.225598096848
0.321859121323
0.359464883804
0.291869163513
0.311955928802
0.363289117813
0.344688892365
0.307360887527
0.350420951843
0.287951946259
0.316747188568
0.305335998535
0.285536050797
0.266007900238
0.25928401947
0.30478811264
0.230623960495
0.205604076385
0.282243013382
0.293454885483
0.263298034668
0.295393943787
0.299424886703
0.328649997711
0.260875225067
0.196147918701
0.251051187515
0.248406887054
0.311664104462
0.292117118835
0.215067148209
0.324598073959
0.268479824066
0.295827150345
0.338982105255
0.279662132263
0.310065031052
0.267683982849
0.28706407547
0.284750938416
0.313461065292
0.283649921417
0.342298030853
0.195740938187
0.321243047714
0.324574947357
0.379469156265
0.24151802063
0.286458015442
0.311257123947
0.225725889206
0.232403039932
0.279232025146
0.296069145203
0.420738220215
0.311798095703
0.30314207077
0.229597091675
0.319308996201
0.227604866028
0.22220492363
0.278810977936
0.356604814529
0.291368961334
0.327778816223
0.286875963211
0.308620929718
0.251483201981
0.287302017212
0.247485160828
0.257984876633
0.26890707016
0.270137071609
0.244898080826
0.397122859955
0.343882083893
0.256278038025
0.329437971115
0.336342811584
0.349287986755
0.320824146271
0.302802085876
0.268608093262
0.370438098907
0.298146009445
0.228848218918
0.300551176071
0.273222923279
0.323489904404
0.243259906769
0.314171075821
0.285531997681
0.321897983551
0.373343229294
0.322582960129
0.265470027924
0.314115047455
0.344398975372
0.242134094238
0.278312921524
0.232524871826
0.299434900284
0.331010103226
0.265329122543
0.271037101746
0.279528141022
0.305460929871
0.245375871658
0.226739168167
0.28672003746
0.297224998474
0.322812080383
0.25838804245
0.370408058167
0.292528867722
0.335453033447
0.328643083572
0.385895013809
0.370349168777
0.329116106033
0.283496856689
0.346691131592
0.338007926941
0.380275011063
0.273696899414
0.309648036957
0.2296230793
0.329622983932
0.317867994308
0.341758966446
0.288089990616
0.272269010544
0.288881063461
0.353891134262
0.259229898453
0.323082923889
0.340668916702
0.21586894989
0.270677089691
0.290750980377
0.226176023483
0.223901033401
0.271567821503
0.32515501976
0.305362939835
0.310225009918
0.316159009933
0.266960144043
0.24964594841
0.26699590683
0.330204963684
0.294002056122
0.288026094437
0.300051927567
0.32771897316
0.172302007675
0.374491214752
0.342184066772
0.341367959976
0.351308107376
0.365131139755
0.27718091011
0.299757957458
0.349422931671
0.365386962891
0.262523889542
0.323892831802
0.439360141754
0.299978971481
0.304981946945
0.339203119278
0.304689884186
0.324693918228
0.354532957077
0.381772994995
0.338660001755
0.352024078369
0.274772882462
0.305125951767
0.34285902977
0.358069896698
0.346924066544
0.329407930374
0.271404981613
0.268041849136
0.304976940155
0.293346881866
0.334461927414
0.280678033829
0.333778858185
0.261048078537
0.318723917007
0.266756057739
0.297214031219
0.341914892197
0.269584178925
0.196814060211
0.343180179596
0.338469028473
0.3899269104
0.256746053696
0.353619813919
0.334914207458
0.32942700386
0.365732908249
0.323820829391
0.359754085541
0.294723033905
0.318943977356
0.252463102341
0.225522041321
0.305244922638
0.257359027863
0.276768922806
0.342019081116
0.267163038254
0.277561187744
0.326299905777
0.374778985977
0.340345859528
0.276668071747
0.308537006378
0.226907014847
0.238450050354
0.33119893074
