0.316619873047
0.305377960205
0.294437885284
0.232944011688
0.289222002029
0.233521938324
0.244091033936
0.299449920654
0.214827060699
0.271404981613
0.278332948685
0.24401807785
0.29696893692
0.297526836395
0.212344884872
0.364809036255
0.489555120468
0.41104388237
0.602900028229
0.419384002686
0.477524995804
0.347306966782
0.2994120121
0.271537065506
0.272621870041
0.281531095505
0.254358053207
0.347393035889
0.290589094162
0.313632011414
0.254177093506
0.294625997543
0.388746976852
0.591302871704
0.319430112839
0.432843923569
0.426217794418
0.350894212723
0.318327903748
0.367693901062
0.337458133698
0.360872983932
0.263923883438
0.297418117523
0.24742603302
0.318642139435
0.265610933304
0.287003993988
0.196715116501
0.276354074478
0.333950996399
0.416939020157
0.371214866638
0.500400066376
0.518027067184
0.378211021423
0.319238901138
0.368016958237
0.333260059357
0.290297985077
0.299155950546
0.3100938797
0.299197912216
0.319305181503
0.243860006332
0.278859138489
0.276922941208
0.282411813736
0.351503133774
0.300585031509
0.258631944656
0.343818902969
0.281224966049
0.394740104675
0.318312883377
0.220335006714
0.233356952667
0.214176893234
0.240302801132
0.302276134491
0.224994897842
0.2181391716
0.283053874969
0.349426984787
0.339373111725
0.263283967972
0.232462882996
0.309947967529
0.196345090866
0.212450027466
0.260759830475
0.29693198204
0.275000095367
0.218389987946
0.246902942657
0.301369905472
0.290572881699
0.415684938431
0.334321975708
0.300678014755
0.359979867935
0.311914920807
0.30552983284
0.335790872574
0.324784040451
0.25970697403
0.334420919418
0.262511968613
0.298520088196
0.2960460186
0.297525882721
0.375401973724
0.309712171555
0.251429080963
0.249094009399
0.343701839447
0.259872913361
0.264683008194
0.227396011353
0.285352230072
0.330080986023
0.309586048126
0.374099969864
0.344641923904
0.275857210159
0.257771968842
0.328421115875
0.315099000931
0.284418821335
0.310100078583
0.302139043808
0.260910987854
0.245951890945
0.261548995972
0.239963054657
0.240537881851
0.235471010208
0.21285200119
0.176748037338
0.29890704155
0.214526891708
0.210474967957
0.360985040665
0.324989080429
0.281728982925
0.268367052078
0.297554016113
0.257405042648
0.331279039383
0.241932153702
0.288256883621
0.240530014038
0.261507034302
0.269663095474
0.330600976944
0.270136833191
0.244069099426
0.293418169022
0.239177942276
0.238018035889
0.219348907471
0.240958929062
0.318521976471
0.296604156494
0.244673013687
0.281623125076
0.307482004166
0.310982942581
0.314608097076
0.325304031372
0.321355819702
0.34160399437
0.336067914963
0.317739009857
0.357089996338
0.402490139008
0.273928880692
0.29816198349
0.254372119904
0.257718801498
0.305505990982
0.316996097565
0.276803970337
0.262794017792
0.295069932938
0.266760110855
0.283637046814
0.173754930496
0.27413892746
0.290563821793
0.304894924164
0.264246940613
0.315812826157
0.380649089813
0.290869951248
0.327564954758
0.391474962234
0.338535070419
0.323724031448
0.389209985733
0.307954072952
0.310172796249
0.348614931107
0.29599404335
0.269598960876
0.249660968781
0.29815196991
0.339297056198
0.261308193207
0.298254013062
0.326062917709
0.28436088562
0.298452138901
0.31271982193
0.257328987122
0.20486497879
0.189512968063
0.339685916901
0.250862121582
0.279157161713
0.288697004318
0.326380968094
0.364109992981
0.315224885941
0.280111074448
0.252273797989
0.282305002213
0.31503200531
0.294890880585
0.308435916901
0.289083957672
0.248177051544
0.346556901932
0.366312026978
0.302639007568
0.386336803436
0.266436100006
0.328814029694
0.348760128021
0.433772087097
0.347370147705
0.446607112885
0.437515974045
0.287006855011
0.275119066238
0.305891990662
0.241470098495
0.35135602951
0.352296113968
0.289728879929
0.235955953598
0.319494009018
0.313753128052
0.319531202316
0.338491916656
0.253178119659
0.287966966629
0.312559843063
0.292484045029
0.30163693428
0.253536939621
0.234477043152
0.29950594902
0.273050069809
0.284895896912
0.217542886734
0.234185218811
0.276530981064
0.37152504921
0.364164113998
0.403722047806
0.369142055511
0.226025104523
0.294581890106
0.354887008667
0.33685708046
0.363418102264
0.363138914108
0.287839889526
0.296215057373
0.267966985703
0.367613792419
0.262496232986
0.237245082855
0.389688014984
0.344888925552
0.310451030731
0.297945976257
0.354733943939
0.339550971985
0.345607995987
0.348650932312
0.329576015472
0.360356092453
0.284929990768
0.347646951675
0.398895025253
0.385195970535
0.352135896683
0.316677808762
0.355448961258
0.291534900665
0.358546972275
0.289303064346
0.274019956589
0.325541973114
0.311897993088
0.333415985107
0.286149978638
0.288693189621
0.306994915009
0.396089076996
0.229378938675
0.230610132217
0.252150774002
0.270779132843
0.267739057541
0.345678806305
0.228817939758
0.323009967804
0.199713945389
0.234549045563
0.299702167511
0.304928064346
0.339513063431
0.291564941406
0.247531175613
0.29127907753
0.287011861801
0.334144115448
0.282363176346
0.303977966309
0.319133043289
0.248388051987
0.240954875946
0.323964118958
0.284989118576
0.26652598381
0.336426019669
0.211575031281
0.325963020325
0.344252824783
