0.305797100067
0.304887056351
0.374654054642
0.289954900742
0.31617808342
0.272984981537
0.282281160355
0.271961927414
0.305066108704
0.293692827225
0.247700929642
0.320441961288
0.278709888458
0.292792081833
0.260756969452
0.193734884262
0.267153978348
0.307317018509
0.239469051361
0.288371086121
0.285760879517
0.260246992111
0.279345035553
0.314652919769
0.216080904007
0.266505002975
0.253966093063
0.317555904388
0.270978927612
0.247209072113
0.243666887283
0.202501058578
0.290777206421
0.299635887146
0.270686149597
0.315702915192
0.300403118134
0.303237915039
0.258307933807
0.259340047836
0.302774906158
0.288214921951
0.337822914124
0.233864068985
0.328706979752
0.311182022095
0.239495038986
0.200958967209
0.318958044052
0.283252000809
0.263930082321
0.234195232391
0.271425008774
0.209072828293
0.189403057098
0.181944131851
0.217390060425
0.232646226883
0.251630067825
0.328234910965
0.295617103577
0.345655918121
0.292554140091
0.303046941757
0.239931106567
0.27506685257
0.260938882828
0.338798046112
0.307152986526
0.33533000946
0.23733997345
0.277789115906
0.311392068863
0.320883989334
0.27908706665
0.256896018982
0.302714824677
0.341142177582
0.28168296814
0.298276901245
0.317019939423
0.385981082916
0.267504930496
0.225769042969
0.280272960663
0.159676074982
0.277475118637
0.276417016983
0.2665579319
0.210084915161
0.220327854156
0.303627967834
0.279858827591
0.259567975998
0.200212001801
0.242031097412
0.275710105896
0.258148908615
0.213679790497
0.3104429245
0.291212081909
0.253150939941
0.213384151459
0.281357049942
0.204791069031
0.252462148666
0.321751832962
0.300263881683
0.333034992218
0.268355131149
0.343771934509
0.30948805809
0.320399045944
0.319490909576
0.305233955383
0.236305952072
0.307618141174
0.307022094727
0.321295976639
0.326356887817
0.300143003464
0.254675865173
0.289876937866
0.234567165375
0.322911024094
0.336527109146
0.318650007248
0.275830984116
0.367619037628
0.301800012589
0.278425931931
0.296704053879
0.331121921539
0.281621932983
0.330595970154
0.292058944702
0.3252389431
0.256517887115
0.259535074234
0.312399864197
0.318714857101
0.257438182831
0.261309146881
0.270049095154
0.28636598587
0.242397069931
0.26097202301
0.251049041748
0.259058952332
0.251428127289
0.247128009796
0.264539957047
0.329534053802
0.313476800919
0.262718915939
0.237277030945
0.300077915192
0.229069948196
0.309766054153
0.356804847717
0.271995067596
0.274574041367
0.228823184967
0.228069067001
0.245781898499
0.210552930832
0.216737985611
0.24998998642
0.214434862137
0.270382881165
0.287781953812
0.2893679142
0.307025909424
0.227518081665
0.270391941071
0.288985013962
0.293691158295
0.305124998093
0.293512821198
0.405217170715
0.320672035217
0.405542850494
0.352732181549
0.266401052475
0.256342887878
0.32516503334
0.272411108017
0.262038946152
0.346529006958
0.324012994766
0.258402109146
0.273150920868
0.305490016937
0.254851818085
0.274104118347
0.306418895721
0.289362192154
0.244051933289
0.269222974777
0.266304969788
0.292431116104
0.219303131104
0.310794115067
0.355692863464
0.341858863831
0.317444801331
0.265023946762
0.291352987289
0.313534021378
0.343569993973
0.282166004181
0.294850111008
0.280241966248
0.347254037857
0.32848906517
0.269062995911
0.23455286026
0.285352945328
0.275449991226
0.291939973831
0.311810970306
0.320417881012
0.28839802742
0.324944972992
0.328819990158
0.303265094757
0.21431016922
0.348221063614
0.235869884491
0.318233013153
0.3164498806
0.310627937317
0.33965086937
0.259595155716
0.301061153412
0.27725481987
0.321166992188
0.210332870483
0.278877019882
0.291794776917
0.286905050278
0.221809148788
0.258395910263
0.305166006088
0.3297560215
0.334959983826
0.332237005234
0.387021064758
0.307507991791
0.270447969437
0.341034889221
0.296083211899
0.322171211243
0.330826997757
0.297328948975
0.479981899261
0.360632896423
0.200644016266
0.301018953323
0.330044031143
0.344532012939
0.255105018616
0.309463024139
0.305577993393
0.237733125687
0.329858064651
0.294400930405
0.274626016617
0.285087823868
0.298553943634
0.26842212677
0.272320985794
0.267369031906
0.301769971848
0.280869007111
0.332096099854
0.230040073395
0.267310142517
0.239378929138
0.269143104553
0.191662073135
0.292570829391
0.193688154221
0.284931898117
0.259073972702
0.22672700882
0.174465894699
0.310921907425
0.363343954086
0.311825990677
0.341152906418
0.350602865219
0.275774002075
0.290614128113
0.323474168777
0.322016000748
0.293421983719
0.342429876328
0.282958030701
0.293522834778
0.275568962097
0.285675048828
0.325675010681
0.242517948151
0.312571048737
0.358318090439
0.391295909882
0.377022981644
0.282955884933
0.348217010498
0.376456975937
0.286879062653
0.342711925507
0.329542160034
0.334048032761
0.338888883591
0.288452148438
0.268209934235
0.27805185318
0.243304014206
0.295355081558
0.303539991379
0.39387011528
0.392496109009
0.322628974915
0.304042100906
0.317687988281
0.258058071136
0.287387132645
0.286412000656
0.349113941193
0.277020931244
0.316681861877
0.318886041641
0.256633996964
0.28684592247
0.288421869278
0.305045843124
0.334270000458
0.253935098648
0.275326967239
0.278463125229
0.247779130936
0.351611852646
0.237926959991
0.275376796722
0.312139034271
0.21487903595
0.281713008881
0.288133144379
0.355231046677
0.26393699646
0.200983047485
0.274889945984
0.179194927216
0.34202003479
0.289913892746
