0.31666302681
0.315891027451
0.307975053787
0.304602861404
0.262023925781
0.272373199463
0.318116903305
0.357241868973
0.267657995224
0.432528018951
0.364822864532
0.398880958557
0.436409950256
0.274895906448
0.350962877274
0.359066009521
0.312694072723
0.402456045151
0.34773683548
0.384472846985
0.447368860245
0.419209003448
0.357805013657
0.33674120903
0.25614118576
0.249382972717
0.282247066498
0.297796010971
0.283926963806
0.260427951813
0.29031085968
0.320297002792
0.377936840057
0.288897037506
0.321800947189
0.317927837372
0.288153886795
0.252980947495
0.28935790062
0.252685070038
0.394344806671
0.410999059677
0.255962133408
0.264569044113
0.340219020844
0.335647106171
0.291710853577
0.337157964706
0.516844034195
0.267512083054
0.212677001953
0.332014083862
0.375712156296
0.330616950989
0.325474977493
0.298581123352
0.304784059525
0.281085968018
0.353524208069
0.294531106949
0.294788122177
0.309939861298
0.304445981979
0.300492048264
0.282907962799
0.266910076141
0.250189065933
0.226125001907
0.239542007446
0.213392019272
0.189178943634
0.252763986588
0.22168803215
0.235934019089
0.298802137375
0.246928930283
0.24621796608
0.315295934677
0.273278951645
0.31566619873
0.210601091385
0.280688047409
0.263543128967
0.213940858841
0.316841840744
0.295614004135
0.251451015472
0.298554897308
0.240885019302
0.244496107101
0.247054100037
0.229572057724
0.301347017288
0.305703163147
0.316339015961
0.257055997849
0.187119960785
0.270289182663
0.286330938339
0.202582836151
0.315100908279
0.36779499054
0.359430074692
0.310832023621
0.356209039688
0.329123020172
0.283344984055
0.273606061935
0.289942026138
0.257160902023
0.333620071411
0.333672046661
0.222731113434
0.25251698494
0.288362026215
0.307814121246
0.243134021759
0.219650030136
0.27853012085
0.233711957932
0.265018939972
0.276494026184
0.305648088455
0.29399895668
0.238074064255
0.299061059952
0.261758089066
0.273612976074
0.296363115311
0.270617961884
0.32448387146
0.296666145325
0.267668008804
0.263426065445
0.357459068298
0.305315971375
0.246163845062
0.278384923935
0.257528781891
0.300788164139
0.297780990601
0.327373027802
0.245018959045
0.249238014221
0.289184093475
0.243986129761
0.290586948395
0.307271003723
0.27880191803
0.282655954361
0.30660200119
0.297644138336
0.221384048462
0.217185020447
0.300570964813
0.273433923721
0.326524019241
0.20464015007
0.28489613533
0.291345119476
0.273171901703
0.239364862442
0.197180986404
0.267242193222
0.232189178467
0.253690958023
0.29918384552
0.259072065353
0.314689874649
0.316200017929
0.235805988312
0.288328886032
0.276979923248
0.296278953552
0.253927230835
0.229447126389
0.237483978271
0.348804950714
0.281794071198
0.259400844574
0.268916130066
0.313041210175
0.377225160599
0.267384052277
0.362895965576
0.214692115784
0.288758993149
0.309775829315
0.26376414299
0.297968864441
0.286852121353
0.27273607254
0.295675992966
0.173019886017
0.271440029144
0.261389017105
0.308377981186
0.194952011108
0.361101150513
0.334834098816
0.297550916672
0.294530153275
0.299795150757
0.281464099884
0.26115489006
0.288894891739
0.334594011307
0.247233867645
0.327119112015
0.363080978394
0.314779996872
0.264347076416
0.283792972565
0.318183898926
0.309580087662
0.348355054855
0.279308080673
0.33713889122
0.351427078247
0.287776947021
0.374001026154
0.287276029587
0.233098983765
0.296832084656
0.297107934952
0.313765048981
0.303855895996
0.307423830032
0.321222066879
0.317080974579
0.25898194313
0.232080936432
0.281450033188
0.229243040085
0.284904003143
0.242530107498
0.278581857681
0.330873966217
0.309293031693
0.276243925095
0.329280853271
0.382853984833
0.300585031509
0.343666791916
0.32173705101
0.307811021805
0.338698863983
0.277876138687
0.3096139431
0.284399032593
0.328863859177
0.240256071091
0.346004962921
0.27650809288
0.285726070404
0.307873010635
0.238134860992
0.242630004883
0.276810884476
0.238298892975
0.318488121033
0.227167129517
0.301093101501
0.299936056137
0.182548999786
0.266067028046
0.288199186325
0.245546102524
0.255213975906
0.263683080673
0.209891080856
0.260010957718
0.308552980423
0.211981058121
0.304093837738
0.255745172501
0.284057855606
0.243999958038
0.289283037186
0.192142009735
0.280555963516
0.314514875412
0.26233792305
0.247596979141
0.339637041092
0.372223854065
0.28299498558
0.329006195068
0.329651832581
0.386048078537
0.214548110962
0.249403953552
0.2394490242
0.291940927505
0.315108060837
0.289716005325
0.281955003738
0.389601945877
0.266792058945
0.308510065079
0.326081991196
0.320085048676
0.299805164337
0.375888109207
0.357645988464
0.337397098541
0.322942018509
0.309904098511
0.383155107498
0.379051923752
0.28274679184
0.343200922012
0.318005084991
0.268064975739
0.303961992264
0.337605953217
0.317226171494
0.304470062256
0.277070045471
0.342204093933
0.211168050766
0.252408981323
0.240417957306
0.295407056808
0.314292907715
0.304141044617
0.3371758461
0.312043190002
0.289358854294
0.319770812988
0.264930963516
0.306674957275
0.287737131119
0.304067850113
0.281981945038
0.314068078995
0.287453889847
0.256854057312
0.28892993927
0.27810382843
0.378125905991
0.289535999298
0.290697097778
0.20827794075
0.263100862503
0.35147190094
0.310824155807
0.254580974579
0.291339159012
0.314031839371
0.284913063049
0.297175168991
0.311934947968
0.34244799614
