0.337749004364
0.34978890419
0.264599084854
0.310692071915
0.27591085434
0.24018907547
0.247949123383
0.323439121246
0.318324804306
0.228807926178
0.385007858276
0.425674915314
0.273512840271
0.313710927963
0.344619989395
0.300668954849
0.420341968536
0.313436031342
0.382081985474
0.352602005005
0.368162870407
0.449595928192
0.338895082474
0.309010028839
0.322864055634
0.28776884079
0.268341064453
0.30095410347
0.33625292778
0.341595888138
0.293797969818
0.292745113373
0.292749881744
0.29994392395
0.390577077866
0.30510020256
0.362591981888
0.269455909729
0.280838012695
0.537591934204
0.409794092178
0.369007110596
0.411153078079
0.411319971085
0.448781013489
0.446485996246
0.452177047729
0.337447881699
0.47375202179
0.496965885162
0.400900840759
0.508327960968
0.488478899002
0.469836950302
0.540626049042
0.356432914734
0.403727054596
0.48906493187
0.383875131607
0.354389190674
0.350105047226
0.338679790497
0.348860025406
0.416416883469
0.515201091766
0.457722902298
0.405081987381
0.459951162338
0.51567196846
0.646128892899
0.46723484993
0.459774971008
0.494879007339
0.520729064941
0.542309999466
0.524652957916
0.65189409256
0.451217889786
0.545981168747
0.513050079346
0.519682884216
0.550316095352
0.578022956848
0.611898899078
0.577558994293
0.630573034286
0.560331106186
0.479684114456
0.526494026184
0.389451980591
0.466860055923
0.264647960663
0.388602972031
0.46932888031
0.338454008102
0.299352169037
0.518217086792
0.651485919952
0.528783082962
0.493578910828
0.46406006813
0.570441007614
0.480046033859
0.401534795761
0.507956027985
0.481548070908
0.395395994186
0.430946826935
0.360535144806
0.305477142334
0.367913961411
0.424067020416
0.588310956955
0.30376791954
0.46980381012
0.508229017258
0.481221914291
0.614132881165
0.465993881226
0.562336921692
0.413953781128
0.503118038177
0.349060058594
0.362910032272
0.589550018311
0.324235916138
0.538079023361
0.376177072525
0.532433986664
0.395536899567
0.512200832367
0.639418840408
0.48521399498
0.437790155411
0.374094009399
0.451256990433
0.638202905655
0.537002801895
0.559115886688
0.379809856415
0.444245100021
0.457328081131
0.46092414856
0.501743078232
0.361626148224
0.41511297226
0.553371906281
0.43975186348
0.428626060486
0.425395965576
0.399604082108
0.410816907883
0.402374982834
0.408135890961
0.344116926193
0.400578022003
0.482870817184
0.363354921341
0.319753885269
0.381968021393
0.316529035568
0.514929056168
0.570362091064
0.433197975159
0.280590057373
0.423026800156
0.341094970703
0.269393920898
0.362422943115
0.39369392395
0.28306388855
0.322580099106
0.310031175613
0.305248975754
0.315537929535
0.318078041077
0.423886060715
0.399421930313
0.417178869247
0.464251041412
0.334407091141
0.346185922623
0.468466043472
0.402174949646
0.392436027527
0.462507963181
0.383270025253
0.394814014435
0.293765068054
0.384801149368
0.320517063141
0.263159990311
0.342295885086
0.336693048477
0.298433065414
0.376549005508
0.336420059204
0.299381017685
0.335238218307
0.31285405159
0.276294946671
0.324561834335
0.296235084534
0.295317173004
0.260789871216
0.272555112839
0.264008045197
0.322036027908
0.25667309761
0.305031061172
0.256978034973
0.25643992424
0.246456861496
0.302879810333
0.254981994629
0.310909986496
0.349066972733
0.396066904068
0.322816848755
0.399125099182
0.360353946686
0.380232095718
0.368735074997
0.265977859497
0.288063049316
0.309074878693
0.372678041458
0.349618911743
0.430855035782
0.495401144028
0.311923027039
0.351403951645
0.379714012146
0.293850898743
0.363779067993
0.380042076111
0.304609060287
0.339408874512
0.381124019623
0.325986862183
0.330744981766
0.341608047485
0.355976104736
0.337490081787
0.381695985794
0.305969953537
0.299171209335
0.393091201782
0.453551054001
0.318728923798
0.374350786209
0.300845861435
0.30238199234
0.29878115654
0.335194826126
0.271998882294
0.317776918411
0.278361082077
0.311698913574
0.34757900238
0.290061950684
0.223756790161
0.271518945694
0.341299057007
0.3490858078
0.297221899033
0.320717096329
0.3357629776
0.288189172745
0.2975730896
0.304250001907
0.352650165558
0.290480136871
0.338033914566
0.377616882324
0.242731809616
0.528908014297
0.329260826111
0.332413911819
0.302386045456
0.353770017624
0.221330881119
0.310343980789
0.295615911484
