0.380200147629
0.328410148621
0.361830949783
0.249983072281
0.308147192001
0.229593038559
0.369746923447
0.364212036133
0.266435146332
0.298274993896
0.242476940155
0.312952041626
0.355452060699
0.333588123322
0.288456201553
0.264133930206
0.303333997726
0.272519111633
0.292947053909
0.302727937698
0.312378883362
0.295772075653
0.345995903015
0.288024187088
0.295209884644
0.280085086823
0.325760126114
0.243078947067
0.306048870087
0.292042970657
0.278851985931
0.269777059555
0.326298952103
0.282108068466
0.328886032104
0.297608137131
0.321034908295
0.320295095444
0.314045906067
0.2393450737
0.348231077194
0.317337036133
0.258589982986
0.28727388382
0.338547945023
0.258822202682
0.290367126465
0.263844966888
0.257629156113
0.311297893524
0.287693023682
0.288821935654
0.251819849014
0.229269981384
0.270232200623
0.356846094131
0.262465000153
0.283248901367
0.259016036987
0.315127134323
0.313882112503
0.319998979568
0.265160083771
0.255456924438
0.324131965637
0.277010917664
0.285830020905
0.280175924301
0.297932863235
0.295305967331
0.295945882797
0.260542869568
0.314946889877
0.279982089996
0.30854511261
0.272459030151
0.2723300457
0.31995010376
0.282658100128
0.267874002457
0.362562179565
0.234652042389
0.283929109573
0.250591993332
0.236666917801
0.264081001282
0.253398895264
0.212181091309
0.251273870468
0.24961400032
0.223420858383
0.262841939926
0.276164054871
0.261638879776
0.29686999321
0.24972319603
0.219780921936
0.214998960495
0.256819963455
0.253875017166
0.283411026001
0.266288995743
0.323035001755
0.29740691185
0.288539886475
0.351553916931
0.30028295517
0.319494009018
0.341484069824
0.297616004944
0.335485219955
0.37629199028
0.348713159561
0.279752969742
0.280755996704
0.304665088654
0.211423873901
0.270611047745
0.320079803467
0.255260944366
0.260976076126
0.214783906937
0.252479076385
0.241908073425
0.263190031052
0.263902902603
0.205486059189
0.206086158752
0.288290977478
0.281152963638
0.283514022827
0.30966091156
0.251673936844
0.37201499939
0.292751073837
0.257053136826
0.280961036682
0.265041828156
0.394289016724
0.300273895264
0.392101049423
0.347425937653
0.399572849274
0.40075302124
0.291702985764
0.432158946991
0.376254796982
0.42941403389
0.281706094742
0.335075139999
0.380219936371
0.439380168915
0.347621917725
0.328707933426
0.286403894424
0.341198921204
0.343997001648
0.375946044922
0.491498947144
0.30057311058
0.28333902359
0.435682058334
0.323544979095
0.239456892014
0.293184041977
0.353895902634
0.225363969803
0.255456209183
0.34343290329
0.277674913406
0.313972234726
0.26916384697
0.234368085861
0.285898208618
0.249503850937
0.305881023407
0.365655183792
0.35053896904
0.326375007629
0.283215999603
0.393819093704
0.268625974655
0.345218896866
0.280691146851
0.231057882309
0.290218830109
0.272560834885
0.34684586525
0.220266103745
0.269810914993
0.336561918259
0.272084951401
0.269698858261
0.246739149094
0.329250097275
0.159106969833
0.294959068298
0.327333927155
0.383985996246
0.338204860687
0.319923877716
0.302149057388
0.329354047775
0.347002983093
0.257401943207
0.294414043427
0.259987831116
0.333415985107
0.344415903091
0.25292301178
0.306340932846
0.23020195961
0.258105993271
0.266690969467
0.30669593811
0.332427978516
0.302539825439
0.25858092308
0.252887964249
0.30259180069
0.26812505722
0.246343851089
0.322438955307
0.312654018402
0.297698974609
0.318513870239
0.346506118774
0.294104099274
0.28434586525
0.27220082283
0.194844961166
0.191546916962
0.241044998169
0.214090824127
0.210865020752
0.318644046783
0.253106117249
0.257673978806
0.332137823105
0.272094964981
0.279008150101
0.380779981613
0.343935012817
0.228869199753
0.300774812698
0.325860023499
0.368387937546
0.333690166473
0.317995071411
0.262979984283
0.285016059875
0.321234941483
0.328084945679
0.334953069687
0.284852027893
0.345606088638
0.214872837067
0.282511949539
0.235443115234
0.341267824173
0.289502859116
0.317353963852
0.260555028915
0.299014091492
0.290493965149
0.292129039764
0.233554840088
0.291860103607
0.310827970505
0.335636854172
0.290208101273
0.232342004776
0.217146873474
0.26485490799
0.265548944473
0.293883085251
0.290724039078
0.271151065826
0.332324028015
0.215898990631
0.207259893417
0.318495035172
0.330178022385
0.293043136597
0.312519788742
0.325922012329
0.369353055954
0.298483848572
0.350503206253
0.335571050644
0.24776506424
0.292608976364
0.331385135651
0.281261920929
0.292984008789
0.251736164093
0.319369077682
0.256820201874
0.346010923386
0.312129020691
0.341788053513
0.315346002579
0.363378047943
0.304683923721
0.432129144669
0.304141044617
0.328393936157
0.315556049347
0.322621822357
0.279603004456
0.317427158356
0.326693058014
0.31788110733
0.241230964661
0.282475948334
0.262121915817
0.259717941284
0.328984022141
0.334577083588
0.334546089172
0.263849020004
0.260541915894
0.263391971588
0.28510093689
0.200639009476
0.310378074646
0.23198890686
0.282743930817
0.232753992081
0.277495861053
0.301024198532
0.277590990067
0.259696006775
0.298740148544
0.290740013123
0.29986000061
0.358821153641
0.250428915024
0.29172706604
0.272808074951
0.283335924149
0.22429895401
0.368633985519
0.282736063004
0.279402017593
0.315797805786
0.221700906754
0.272574901581
0.399075031281
0.309224843979
0.284851074219
0.402890920639
