15.9877949544 15.2851171794 -1.00722403374 
15.8398076856 15.170663398 0.387798198164 
15.8397997656 15.1706437359 0.387900642366 
15.8398927898 15.1715752224 0.379388760561 
15.8419303597 15.1706150959 0.409236684985 
15.8398059757 15.1706441383 0.387755175279 
15.8400887513 15.1709917823 0.386668689265 
15.8397681118 15.1706137548 0.387696963616 
15.8397208565 15.1706047545 0.387002490661 
15.8398071007 15.1706032048 0.387805683206 
15.8397965842 15.1706121753 0.387777733992 
15.8398028688 15.1706069226 0.387760380383 
15.8397931569 15.1706149245 0.387787606149 
15.8398000785 15.1706161613 0.387695820707 
15.8400519491 15.1709580685 0.386706303973 
15.8400603646 15.1709543655 0.386799436997 
15.8400645816 15.1709594766 0.386791783234 
15.8397923076 15.1706105287 0.387740786108 
15.8398114481 15.1705986227 0.387652474247 
15.8397860565 15.1705940629 0.387532500268 
15.8398125136 15.1706203262 0.387628472137 
15.8398121336 15.1706250424 0.387681320575 
15.840057362 15.17094465 0.386489808596 
15.8400716634 15.1709740798 0.386790270921 
15.8400713765 15.1709536279 0.386679211544 
15.8400491179 15.1709495897 0.386421240606 
15.8398247288 15.1706203783 0.387667178589 
15.8400830702 15.1709820146 0.386188517701 
15.840032816 15.1709697286 0.386268271286 
15.839746155 15.1705351959 0.387568461565 
15.8400529997 15.1709528903 0.386677625683 
15.8398763501 15.1699888448 0.381729944818 
15.8397113123 15.1706288646 0.387036046749 
15.839846708 15.1717395152 0.378020962306 
15.8401464858 15.1709064955 0.392252472817 
15.8397616931 15.1705593953 0.392972796421 
15.8397746795 15.1705638955 0.393454958819 
15.8399934136 15.1707292909 0.391712271926 
15.8397260384 15.1705377812 0.386286170878 
15.8397030273 15.1706363673 0.387039846194 
15.8397081682 15.1706371347 0.386773861289 
15.8397186325 15.1706288497 0.386903951762 
15.8397214637 15.1706435795 0.386873079621 
15.8396571727 15.1698324124 0.38028135834 
15.8399714382 15.1707872863 0.384601650942 
15.8397280463 15.1706151331 0.387175609537 
15.8395803609 15.1697658638 0.379360992099 
15.8397432381 15.1706272254 0.387141346689 
15.8399901428 15.1709840263 0.385853653275 
15.8505895027 15.1732466857 0.376268594753 
15.890978651 15.1863925273 0.350829656156 
15.911664039 15.2005422043 0.218880538416 
15.9161868413 15.2153021584 -0.0129493138384 
15.9520592579 15.2142426542 -0.0804370124708 
16.0106369966 15.2049374248 -0.0724835035075 
16.091447469 15.1925104971 -0.0767846798138 
16.2119628751 15.1748476143 -0.0727750534061 
16.3521771395 15.1547928641 -0.0877877032708 
16.5107778871 15.1291960368 -0.0729409141492 
16.6636220181 15.1054237301 -0.0657173300334 
16.7911370957 15.0858247692 -0.073402362764 
16.9725545609 15.057493564 -0.0729656283002 
17.1205980742 15.0354443307 -0.073781469578 
17.2725297176 15.0117623324 -0.0782424067694 
17.4281014168 14.9889294768 -0.0896635187991 
17.5933833086 14.9637543524 -0.0834337168073 
17.7743781769 14.9355437423 -0.0685941444507 
17.9248261416 14.9114631976 -0.0772413742384 
18.0915121996 14.8861507441 -0.079353625136 
18.2358400786 14.8609462346 -0.264552346813 
18.3939132654 14.7956644858 -0.611083777607 
18.5150585138 14.6882243122 -0.933789992986 
18.5920879805 14.55431157 -1.18666561858 
18.636097666 14.4102785552 -1.21628327983 
18.6854484045 14.2532641853 -1.24824683039 
18.721622225 14.1075212921 -1.47570627805 
18.7203581297 13.9547251428 4.647599653 
18.6979660952 13.7955474819 4.63270615721 
18.6968305075 13.7869856323 4.62705429442 
18.6418726408 13.5539460147 4.23170873957 
18.6025338137 13.477897879 4.09625590721 
18.5200743639 13.3314963544 2.77452388214 
18.4860749209 13.2871360744 2.7474389188 
18.1848761999 13.2165583337 3.2171985489 
18.0688276255 13.2157288755 3.16646555484 
17.8330092394 13.228069898 3.16463061711 
17.7257902586 13.2348014081 3.17469562795 
17.5314005577 13.2430328096 3.16503345092 
17.4032070601 13.2495534385 3.16405579009 
17.2748329603 13.2561769451 3.16353584226 
17.1556669438 13.2647662128 3.16594807676 
16.9763810598 13.2796908582 3.1890653246 
16.9188911879 13.2828433479 3.16580784224 
16.6486125552 13.2947659458 3.384396873 
16.5095798933 13.2749725545 3.50328466007 
16.3618764841 13.2338958944 3.40587990106 
16.2607993149 13.2109562124 3.24091061114 
16.1273060852 13.2104152406 3.01717655342 
15.9925987461 13.2401055063 3.00607810544 
15.8895221815 13.2665680612 3.1582746377 
15.8047157862 13.2773523296 3.39190275056 
15.7290169114 13.2658758129 3.44242652644 
15.6042027139 13.2376266683 3.43438679637 
15.462216165 13.206718799 3.43799933407 
15.333835479 13.1768737997 3.40032366661 
15.1662534439 13.147958156 3.15981111697 
15.0050145948 13.16045272 2.81343323184 
14.8629132473 13.2209578718 2.5265966705 
14.815631386 13.2550216878 2.44335765177 
14.815631386 13.2550216878 2.44335765177 
14.6252226793 13.6062695945 1.80774342207 
14.6252226793 13.6062695945 1.80774342207 
14.5807008707 13.8618254627 1.78488213969 
14.5717301333 13.918667909 1.74395039669 
14.5717301333 13.918667909 1.74395039669 
14.5141980612 14.3705754841 1.48669943092 
14.5340770447 14.4882739151 1.27085292388 
14.5941169226 14.6240780319 1.09216607644 
14.6727083885 14.7535644735 0.768467423384 
14.7809879744 14.8501228953 0.556454190173 
14.9175971114 14.9128334487 0.36480954329 
15.0741429889 14.95625731 0.382037327592 
15.213941034 14.9955190981 0.372980995129 
15.3504450881 15.0356144721 0.334943112076 
15.4991738164 15.0730790759 0.348643658531 
15.6661302113 15.1195450837 0.355595628122 
15.8127635905 15.1595442335 0.329746267868 
15.9599608072 15.2024404372 0.340184583453 
16.109181922 15.242741152 0.328922588104 
16.2354690992 15.2773944626 0.335826669329 
16.3831630313 15.3196294496 0.155107240017 
16.4950098955 15.3283528278 0.027121389833 
16.6567853653 15.3246272171 0.0504658528987 
16.8169136607 15.322259743 0.0534701399689 
16.9656708204 15.3193789239 0.0523864061529 
17.1190741026 15.3171738426 0.0616771193451 
17.2744127476 15.3126969973 0.0530304859418 
17.4235839808 15.3106960917 0.0397255145763 
17.5755628311 15.3076738531 0.0383035969285 
17.7960884535 15.3038573603 0.0505373147044 
17.9801764452 15.3019245605 0.0371005076281 
18.1283647978 15.2973815205 -0.141667460243 
18.2897930109 15.2572057138 -0.476468972575 
18.4478211367 15.1485190059 -0.866461429138 
18.5477747881 15.0038152749 -1.20271058213 
18.5868999922 14.8437672819 -1.36452227172 
18.6056582892 14.7060462798 -1.37760346327 
18.6244986021 14.5392779077 -1.3723792732 
18.6482894384 14.3649134601 -1.45417126665 
18.653937813 14.2086098159 4.64705165666 
18.6326472723 14.0726928676 4.63160472336 
18.6062390768 13.9150663579 4.60765321614 
18.5817792379 13.7623794044 4.46238854199 
18.5370624029 13.6224386657 4.18327610791 
18.493184086 13.5492389167 4.03623307209 
18.3435134852 13.4076410497 3.60643447042 
18.1790654623 13.3505049909 3.35609744194 
18.0256795847 13.3307889665 3.28939090711 
17.8772547209 13.3193060125 3.31147247254 
17.7259609663 13.3078113759 3.29880738252 
17.571220752 13.293563124 3.30493800873 
17.4210931027 13.2807420457 3.30281982184 
17.2511496508 13.2664380039 3.3014882358 
17.1106253826 13.256532904 3.29316638361 
16.9507520163 13.2502422298 3.31086936466 
16.7960423791 13.2365943159 3.33400558408 
16.6342121923 13.2241560186 3.34690541014 
16.491265949 13.2137120927 3.29894321923 
16.3466790878 13.1958860124 3.28757675616 
16.1845988595 13.1837860311 3.29682448739 
16.032022711 13.1714140142 3.2829478913 
15.9021439013 13.1617771352 3.29605148709 
15.7193968856 13.1480184759 3.29680990047 
15.5739153885 13.1370979513 3.29473043739 
15.4154461288 13.1234792436 3.20356606004 
15.2628669703 13.1218970979 2.94489952374 
15.1166278088 13.1636797155 2.63290919473 
14.9863710367 13.2527717317 2.32958990237 
14.9834307396 13.255783316 2.31710633731 
14.8109235727 13.5122982229 1.86904184753 
14.7769018376 13.6622226203 1.56814583838 
14.7855089867 13.7831542457 1.44596024468 
14.8234019243 13.9462621177 1.49233547615 
14.8450529539 14.0602718557 1.6290394636 
14.8472953999 14.1642477478 1.6211231476 
14.856223222 14.3061779703 1.59323242963 
14.8659489119 14.4635337556 1.65190535533 
14.8725825512 14.6194847787 1.62787830587 
14.8791046106 14.7366664971 1.60362465393 
14.8856393063 14.9128641451 1.51587449956 
14.9251711332 15.0898640568 1.09871901717 
15.0039779508 15.2135135683 0.843817723995 
15.1155047977 15.3181073035 0.51626559317 
15.2546110117 15.3812173272 0.237116283017 
15.4049523437 15.4060821945 0.114281080517 
15.5529823565 15.4155233915 0.143543486074 
15.7035343015 15.4255209381 0.141845385826 
15.861288488 15.4367149735 0.163313255459 
16.0201077723 15.4467909897 0.150710286903 
16.1724604332 15.4563708271 0.129580681035 
16.3277063334 15.4662853147 0.165365187354 
16.4898526036 15.4762543554 0.152958301907 
16.6352944934 15.4851886893 0.154501984562 
16.7871932947 15.4960371817 0.136182316936 
16.9363563025 15.5049149061 0.15099275705 
17.0790978634 15.5140754844 0.155339342259 
17.2420147621 15.524105307 0.123152292042 
17.418238517 15.5336491133 0.13223308621 
17.5636910164 15.5431880916 0.135405894807 
17.7650847399 15.5556609596 0.126780201229 
17.9278447592 15.5633467997 0.142667995025 
18.097753998 15.5727249647 0.134631208432 
18.2496976816 15.5808609391 0.136655595006 
18.3903720343 15.5888081456 0.138635169416 
18.6259515249 15.6002504791 0.131004553969 
18.8306329214 15.6093259717 0.130252152085 
18.853934046 15.6093426312 0.121837150565 
18.853934046 15.6093426312 0.121837150565 
19.2459304297 15.6749755705 0.673870146831 
19.3383877241 15.733442005 0.878136415808 
19.3383877241 15.733442005 0.878136415808 
19.3383877241 15.733442005 0.878136415808 
19.3383877241 15.733442005 0.878136415808 
19.3383877241 15.733442005 0.878136415808 
19.3383877241 15.733442005 0.878136415808 
19.3383877241 15.733442005 0.878136415808 
19.0098192656 16.6232802833 3.37890612231 
18.8423926794 16.5905026163 3.68245748508 
18.707101103 16.5186185802 3.76180930125 
18.6084394419 16.4589325155 3.76713074164 
18.4507808649 16.3633336986 3.76678158508 
18.3214790785 16.2854841913 3.76569576409 
18.1903490984 16.2050953473 3.76327819155 
18.063048836 16.1266302432 3.7454480321 
17.9290575945 16.0487288202 3.76134442973 
17.7923825943 15.9653157557 3.77459071439 
17.6609073841 15.8868399228 3.75084480332 
17.5227538311 15.8030560578 3.74670841744 
17.3917951548 15.7260822023 3.75829187071 
17.2803964579 15.6582837368 3.75775641444 
17.1692995989 15.5919761921 3.75848532759 
16.9928485119 15.4868249858 3.77026987823 
16.8804860079 15.4200058992 3.7524485391 
16.7352035606 15.3335543985 3.75004287147 
16.5914041364 15.2460923356 3.6375401066 
16.4762859904 15.1891133862 3.47650122829 
16.3161043489 15.1468538458 3.46516575897 
16.1563400888 15.10619339 3.45879441141 
16.0029051119 15.0680436904 3.45524543006 
15.858130131 15.0338725115 3.43502444108 
15.7141065263 14.9976999576 3.46134735267 
15.5288011694 14.9537692035 3.46798033139 
15.3745109999 14.9152535761 3.47917750983 
15.2609534824 14.8868981863 3.46051705232 
15.0650093519 14.8377041186 3.65877854911 
14.9443734848 14.7850717569 3.89015907096 
14.8061501944 14.664831456 4.24914276548 
14.7442785465 14.561762389 4.50363219608 
14.6984971726 14.3738393749 -1.42104459076 
14.7117596829 14.241724428 -1.24204527471 
14.7557800972 14.0796889032 -1.22913298567 
14.8079665863 13.9125739301 -1.21288247241 
14.8464606964 13.7679972614 -1.26481361026 
14.8733870947 13.6845971311 -1.15273939216 
14.8733870947 13.6845971311 -1.15273939216 
14.991050061 13.4457830156 -0.630758014776 
15.15808725 13.3304519618 1.27960665682 
15.356668111 13.2372094358 -0.300277133969 
15.4961169028 13.181377765 -0.283828069677 
15.6370495522 13.1267098154 -0.103255804027 
15.7691394353 13.1034301485 0.000776950665522 
15.9277435691 13.0898104871 -0.00491297000003 
16.0983266198 13.0737594331 0.0530242603638 
16.2614918613 13.0723191465 0.295312147535 
16.3864153885 13.102834102 0.447040208913 
16.5490931832 13.1639867986 0.394447828636 
16.6996871197 13.2200430597 0.355862784182 
16.8472456896 13.2671101058 0.216532455751 
16.9954725468 13.2806155647 0.16612492344 
17.1485233271 13.287056681 0.134399928614 
17.3069606983 13.2970267499 0.141527548688 
17.4379531109 13.3066189254 0.140825567829 
17.6215637886 13.3177220787 0.140202386593 
17.7609385216 13.3263921703 0.138954995603 
17.920773741 13.3372662033 0.139480566411 
18.0750524962 13.3465008701 0.158053050803 
18.2267785036 13.3572274412 0.329376120382 
18.3699712717 13.3957272733 0.626896856693 
18.4915854895 13.4756346906 0.927202392756 
18.5996832811 13.6022548641 1.2213663468 
18.6519317591 13.7215567792 1.51805119753 
18.6667480433 13.8954553569 1.7537472381 
18.6569118464 13.98124766 1.74745091239 
18.6441574061 14.1011630262 1.75694865655 
18.62865543 14.2279500926 1.7565904943 
18.6073930227 14.4206016029 1.76797184102 
18.5873396361 14.5966221655 1.93344544381 
18.5324881041 14.7555628086 2.26075807134 
18.4184753859 14.9089297021 2.38359697571 
18.3126010859 15.0295643921 2.39365359987 
18.1947984659 15.1599199886 2.56123903643 
18.0853412115 15.2455030105 2.65604954099 
17.9465780222 15.3331863175 2.64284083699 
17.8119561636 15.4174040074 2.76545358804 
17.6652623379 15.486380961 3.0503111088 
17.5196989739 15.5064798261 3.32044752531 
17.4030288422 15.4948363865 3.38362421776 
17.3235858643 15.4823706562 3.34409322314 
17.2619909012 15.4734560812 3.34119330259 
17.1856566631 15.4625610078 3.34874762856 
17.072727915 15.447297659 3.38087650378 
16.9595620596 15.4302240873 3.355063366 
16.7709736192 15.4029339666 3.36790673861 
16.5913597309 15.3766103054 3.35972289261 
16.4517352545 15.3544714491 3.36167472551 
16.3157361114 15.3326226364 3.38082656162 
16.1826440358 15.3152545954 3.3486928234 
15.9925630951 15.2888368929 3.33418671029 
15.8464855851 15.2703081372 3.4539767941 
15.7078480535 15.2381332647 3.84862241239 
15.6474395805 15.2034087519 4.17820947252 
15.6097848379 15.1783968734 4.48200113813 
15.5825298094 15.1727132464 -1.42317676936 
15.5580696725 15.1657479594 -1.02705612786 
15.5342149102 15.1510504673 -0.611447539102 
15.5201461875 15.1308409909 -0.250592663177 
15.5164220595 15.1081254745 0.0963797642539 
15.5380226934 15.0995991642 0.246030129939 
15.5949476325 15.1077950115 0.288984950535 
15.6548960024 15.1221423934 0.284906034108 
15.7476993614 15.1419909636 0.278259765625 
15.856782023 15.1657828728 0.280771920224 
15.9417202772 15.189978149 0.16707140057 
15.9859424346 15.2106922998 -0.193897953241 
15.993598763 15.2254583968 -0.459388268761 
15.986427609 15.26168637 -0.798177284383 
15.9889915847 15.2878540831 -1.01547890898 
15.9884775096 15.2865114028 -1.01470312767 
15.9877383822 15.2849206629 -1.00721122821 
15.9878031575 15.2848516817 -1.00900724685 
15.9881628269 15.2856513637 -1.00996391329 
15.9876620882 15.2851082536 -1.00615145764 
15.9877482915 15.2852422523 -1.00701310678 
15.9877783769 15.2851212511 -1.00746868728 
15.9877416753 15.2852234172 -1.00920018276 
15.9877965265 15.2851065474 -1.00751099387 
15.9882013911 15.2858299615 -1.00995632278 
15.9877669328 15.2851023453 -1.0073843293 
15.9876449146 15.2853426042 -1.00588775156 
15.9876307585 15.285329819 -1.00579229266 
15.9876892531 15.2852690222 -1.00612222911 
15.9876272046 15.2853240485 -1.00580141529 
15.9877916017 15.285112683 -1.00745908715 
15.9877677971 15.2851126718 -1.00709603277 
15.9878820666 15.2852872911 -1.00803388634 
15.9878946358 15.2852875928 -1.0080631289 
15.9876493403 15.2853001731 -1.00562364693 
15.9877096751 15.2852623093 -1.00635504341 
15.9878068158 15.2850953231 -1.00749696554 
15.9876174071 15.2853034365 -1.00594749141 
15.9880667591 15.286079556 -1.00809444073 
15.9879016617 15.2852954308 -1.00799438251 
