15.8400464655 15.170985874 0.386675954901 
15.8398096972 15.1706415753 0.387697824947 
15.8397922033 15.1706348697 0.387847907847 
15.8400468604 15.1709674338 0.386966975681 
15.8400620447 15.1709662641 0.386711749642 
15.8400507347 15.1709884594 0.386589614223 
15.8397967481 15.1706310774 0.387743088152 
15.8404866086 15.1709655637 0.390855231248 
15.8400457503 15.1709621663 0.386934804364 
15.8397881874 15.1706150661 0.387701439035 
15.8398160638 15.1706086809 0.387679715396 
15.8400546947 15.1709672923 0.386756060078 
15.8397955598 15.1706197749 0.387541632543 
15.8397945539 15.1706136505 0.387473533385 
15.8398041428 15.1706101338 0.387634400517 
15.8400674687 15.1709582845 0.386655373685 
15.8414745146 15.170586888 0.404628304661 
15.8400575259 15.170961764 0.386779279961 
15.8398053498 15.1705953444 0.387611810633 
15.8400517405 15.1709384585 0.386672618933 
15.840068862 15.1709514523 0.386614193279 
15.8398197704 15.1706087927 0.387626675917 
15.839815002 15.1706134568 0.387584371816 
15.8398191334 15.1706031824 0.387712133044 
15.8400833124 15.1709401498 0.38645459042 
15.8400778138 15.1709657575 0.3865169366 
15.8398369924 15.1706102158 0.387280357943 
15.8399216161 15.170726348 0.387106030022 
15.8398189732 15.1706216971 0.387124642747 
15.8400450872 15.1709638427 0.386369973701 
15.8400323243 15.1709497164 0.386404480995 
15.8399721497 15.170948569 0.385905848392 
15.8399522529 15.1710240434 0.385893635581 
15.8406418526 15.171681423 0.380937402521 
15.8397623935 15.1705448444 0.39299785339 
15.8397675046 15.1705592761 0.392976087064 
15.8397994639 15.1705775152 0.393170149868 
15.8396001273 15.1698056723 0.379155545015 
15.8399382682 15.1709489862 0.386151702382 
15.8399531544 15.1709442178 0.385763567384 
15.8397141063 15.1706264506 0.386985090108 
15.8397192397 15.1706296767 0.38690879798 
15.8399152533 15.1700505952 0.382100253124 
15.8398985193 15.1700657422 0.382300255132 
15.8397240528 15.1706137399 0.387119165343 
15.8395668195 15.1697263683 0.379533572368 
15.8396791109 15.1698265562 0.380198642724 
15.839991633 15.1709865446 0.385752049357 
15.8471389489 15.1732241626 0.38126911958 
15.8830011032 15.1810588616 0.344215050314 
15.910977943 15.1990939083 0.234896431803 
15.9135554434 15.214393344 -0.0171360153466 
15.9482167551 15.2150218322 -0.0771711228378 
15.9970458784 15.2067600938 -0.0737395442899 
16.0722705835 15.1961786079 -0.0725842642998 
16.1980022454 15.1767426769 -0.068549788941 
16.3347981834 15.1558620001 -0.0717109657026 
16.472361263 15.1353784094 -0.0750824598638 
16.6553125941 15.1067244525 -0.0874531425618 
16.8124993407 15.082756188 -0.0742373459611 
16.9517333471 15.0608364309 -0.0727286489005 
17.0738092625 15.0424880947 -0.0736737057721 
17.2948880159 15.0098118449 -0.0837694428418 
17.4237693512 14.9893096502 -0.0911799534605 
17.5852012598 14.9652238155 -0.0808026711186 
17.757563945 14.937319305 -0.0843608898766 
17.9169585669 14.9125619198 -0.0793745084891 
18.0622138941 14.890220132 -0.0640165066543 
18.2149634325 14.8664437498 -0.23527717173 
18.3211641276 14.8339351083 -0.454736745802 
18.4686348402 14.7384429539 -0.811472062607 
18.5528295004 14.6346631611 -1.05492609753 
18.6073620283 14.508634683 -1.19898290181 
18.6476921999 14.3723353709 -1.19784803985 
18.6879987681 14.2449945177 -1.25843347119 
18.7263274157 14.0350322689 4.70636838683 
18.7141308748 13.9076049293 4.63967052236 
18.6968305075 13.7869856323 4.62705429442 
18.6968305075 13.7869856323 4.62705429442 
18.6025338137 13.477897879 4.09625590721 
18.6025338137 13.477897879 4.09625590721 
18.4860749209 13.2871360744 2.7474389188 
18.4860749209 13.2871360744 2.7474389188 
18.0688276255 13.2157288755 3.16646555484 
17.9480750525 13.2216190065 3.1680932659 
17.8286125624 13.2280918325 3.17138473542 
17.6423928702 13.2384835447 3.17101535596 
17.5229537451 13.2434395517 3.1647547412 
17.4032070601 13.2495534385 3.16405579009 
17.1556669438 13.2647662128 3.16594807676 
17.0376031363 13.2723946537 3.16905240319 
16.9763810598 13.2796908582 3.1890653246 
16.7018130386 13.293714639 3.28913430898 
16.5995847547 13.2905462945 3.44008030952 
16.4378141725 13.2537989582 3.43556789458 
16.3380214834 13.2276025976 3.37199460673 
16.1867291295 13.2039338315 3.07363088465 
16.0736491346 13.2204724515 2.99795938374 
15.962211948 13.248003837 3.0339868931 
15.8550726586 13.2741233076 3.26152200103 
15.7749785298 13.2742024625 3.42548101423 
15.6677692347 13.2518186534 3.43560384744 
15.5325650239 13.2218602861 3.43452668256 
15.4248942101 13.198203441 3.43354174829 
15.2621719205 13.1613954271 3.32654940989 
15.0725499355 13.1487320627 2.97108045258 
14.9641275966 13.1730545724 2.75582890049 
14.815631386 13.2550216878 2.44335765177 
14.815631386 13.2550216878 2.44335765177 
14.815631386 13.2550216878 2.44335765177 
14.6252226793 13.6062695945 1.80774342207 
14.6252226793 13.6062695945 1.80774342207 
14.5717301333 13.918667909 1.74395039669 
14.5717301333 13.918667909 1.74395039669 
14.5165964329 14.2667819227 1.64550608365 
14.5247962439 14.4434475864 1.40070912263 
14.5782524311 14.5922985638 1.18425612977 
14.646751877 14.7188557352 0.881392719077 
14.7054957115 14.7897646988 0.688455486514 
14.8524473869 14.8873062099 0.435063377486 
15.0033339226 14.9386480714 0.340692620837 
15.1372452342 14.9756671751 0.352493085249 
15.2956556642 15.0192356522 0.296265833666 
15.442050364 15.0574147815 0.347069230357 
15.5395612084 15.0841976816 0.349454657911 
15.7243649625 15.1355592946 0.348780058017 
15.862417318 15.1748370121 0.357327949014 
16.0601504111 15.2305584748 0.321977897176 
16.1945028269 15.2657353564 0.338855517217 
16.3275389933 15.3059393729 0.238482467741 
16.4652093613 15.3274226899 0.0585778176209 
16.6221172177 15.3257230783 0.0600364217002 
16.7843321526 15.3228599394 0.0730665253212 
16.9586005175 15.3195742408 0.0352940038273 
17.127980467 15.3161691169 0.0377639726703 
17.2626156771 15.3126393373 0.064763380003 
17.4443329537 15.3100706602 0.0455204156278 
17.5666755402 15.30807874 0.0455433867461 
17.7158440315 15.3055089603 0.0741521649115 
17.8989779913 15.3035662586 0.0501035166754 
18.0228414499 15.3029611001 -0.0035128185076 
18.1699743235 15.2926958094 -0.22337062578 
18.3361000979 15.2341234002 -0.578184262674 
18.4356698954 15.1603253225 -0.832949257759 
18.5421056711 15.0154696966 -1.17878725322 
18.5847649538 14.865071025 -1.37172435624 
18.594932791 14.7868420447 -1.36941545329 
18.6231794321 14.5693364109 -1.39183941372 
18.6359455549 14.454332527 -1.37720790971 
18.6567339861 14.2620771492 4.69536070429 
18.6464908087 14.149121877 4.61968384384 
18.6232876742 14.013342377 4.62470898538 
18.5925841295 13.8329617942 4.51299793151 
18.5550868475 13.6674551929 4.27946239281 
18.493184086 13.5492389167 4.03623307209 
18.3952054941 13.4426660503 3.73195625858 
18.2094070875 13.3557710613 3.37969045684 
18.0764992201 13.33564901 3.30629881554 
17.8859901392 13.3200613225 3.31714108982 
17.7751587593 13.3106454576 3.30151024297 
17.6414654219 13.2998675073 3.30781545703 
17.4123368227 13.2799866165 3.30221967691 
17.2808790171 13.2683874334 3.29881739262 
17.1608205998 13.2588713134 3.29758696353 
16.9592738115 13.2492989267 3.33842054921 
16.7960423791 13.2365943159 3.33400558408 
16.6138386094 13.2216778959 3.28007969961 
16.4746771419 13.2108865942 3.2972128576 
16.3767667675 13.2038348878 3.3486055695 
16.1845988595 13.1837860311 3.29682448739 
16.032022711 13.1714140142 3.2829478913 
15.8937509899 13.1611291135 3.2965406228 
15.7193968856 13.1480184759 3.29680990047 
15.5781687462 13.1375149454 3.29478040389 
15.4442391657 13.1262448991 3.23782218911 
15.2539811098 13.122671243 2.92295193881 
15.1646609866 13.1444267 2.75956989939 
14.9932929241 13.2464121545 2.36462608445 
14.9834307396 13.255783316 2.31710633731 
14.9834307396 13.255783316 2.31710633731 
14.7788430416 13.6366243328 1.63717696625 
14.7855089867 13.7831542457 1.44596024468 
14.812884804 13.9113374914 1.46847196723 
14.8440026009 14.0284624065 1.612740295 
14.8477426731 14.1255235637 1.63166562773 
14.8513740265 14.2494721378 1.63315866246 
14.8612139189 14.4197407926 1.65707292658 
14.8708549702 14.5598288144 1.6448869076 
14.8779379093 14.709218439 1.6047057373 
14.8856393063 14.9128641451 1.51587449956 
14.8856393063 14.9128641451 1.51587449956 
14.9466887676 15.1337502266 1.00460298274 
15.0780739152 15.2909219081 0.612405794996 
15.1763606631 15.3512522245 0.395970512096 
15.3555473649 15.4019674028 0.138017868596 
15.4746730888 15.4102138246 0.133671500093 
15.6735085511 15.4229626025 0.140087107616 
15.8279454821 15.4352113868 0.157685726917 
15.9454289527 15.4425419087 0.141694274913 
16.1127788984 15.4532044495 0.127218523584 
16.2457698845 15.4615966643 0.127120330491 
16.4192233049 15.4713781143 0.153292905384 
16.5461515748 15.4797106946 0.138141184997 
16.677860316 15.4882034923 0.148986205309 
16.8596016132 15.499721166 0.152571375143 
17.0408230984 15.5124710167 0.149711728912 
17.2420147621 15.524105307 0.123152292042 
17.4073767626 15.5331034924 0.138012722861 
17.5863653385 15.5437334145 0.131082958795 
17.7357113325 15.5528744424 0.150354365701 
17.9194252455 15.5631190802 0.139645259247 
18.0672099554 15.57101452 0.139472602347 
18.2416379416 15.5805859829 0.131601501312 
18.4117529356 15.5901259745 0.131023957326 
18.5648775065 15.5970280434 0.123487989493 
18.7067043745 15.6036857332 0.128342555428 
18.8512053454 15.6104584599 0.131593373441 
18.853934046 15.6093426312 0.121837150565 
19.2128429377 15.6616221035 0.62535321567 
19.3324124777 15.729200002 0.869555020742 
19.3383877241 15.733442005 0.878136415808 
19.3383877241 15.733442005 0.878136415808 
19.3383877241 15.733442005 0.878136415808 
19.3383877241 15.733442005 0.878136415808 
19.3383877241 15.733442005 0.878136415808 
19.3383877241 15.733442005 0.878136415808 
19.3383877241 15.733442005 0.878136415808 
19.0731222593 16.6242749656 3.26856091569 
18.8711252176 16.6009603704 3.64173219017 
18.7212903463 16.5275908674 3.76615495149 
18.6084394419 16.4589325155 3.76713074164 
18.4507808649 16.3633336986 3.76678158508 
18.3827767336 16.3221005167 3.76204533986 
18.2346157992 16.2326439584 3.76388437667 
18.0707232916 16.1299412812 3.73289368491 
17.9118006193 16.0369086827 3.75069557867 
17.8107688391 15.9762795533 3.75489012977 
17.6723440849 15.8929397429 3.75548075643 
17.5227538311 15.8030560578 3.74670841744 
17.4367260897 15.7508553828 3.75813173489 
17.2548900807 15.6435541178 3.75773932736 
17.1259306633 15.5658308233 3.75360466883 
16.9928485119 15.4868249858 3.77026987823 
16.8804860079 15.4200058992 3.7524485391 
16.7682365739 15.3528818975 3.75014239151 
16.5914041364 15.2460923356 3.6375401066 
16.4539295399 15.182658978 3.48233462715 
16.3691767418 15.1592686439 3.45805580847 
16.1804053747 15.1120743419 3.46135690385 
16.0029051119 15.0680436904 3.45524543006 
15.858130131 15.0338725115 3.43502444108 
15.7354339325 15.0029939229 3.45621655424 
15.5865605735 14.9669872786 3.46157061089 
15.4485925102 14.9345226551 3.44666949579 
15.2609534824 14.8868981863 3.46051705232 
15.1182215178 14.852751937 3.57956305122 
14.9868511521 14.8073000277 3.81342440141 
14.9188045227 14.7685377265 3.95845618634 
14.7504982912 14.5783256854 4.44394429395 
14.7076183521 14.4506604041 4.699226922 
14.7051951849 14.263842162 -1.31654260295 
14.7235492432 14.1846909488 -1.23981453409 
14.7755491697 14.0103207792 -1.25629992259 
14.8268778288 13.8464767898 -1.20835253164 
14.8733870947 13.6845971311 -1.15273939216 
14.8733870947 13.6845971311 -1.15273939216 
14.8733870947 13.6845971311 -1.15273939216 
14.991050061 13.4457830156 -0.630758014776 
15.290384885 13.2619686092 -0.291607837321 
15.4319197499 13.2073506082 -0.298993862168 
15.5433376395 13.1615799631 -0.246041371359 
15.7096375638 13.1110032762 -0.0314976187382 
15.8188340404 13.1004313196 -0.011141601004 
16.0083268919 13.0842565263 -0.0130312334098 
16.186888721 13.0675398077 0.178185540196 
16.3668811285 13.093497392 0.499811522865 
16.4330177867 13.1196147169 0.421968526036 
16.6168556773 13.1874445642 0.408830554765 
16.7269788944 13.2299536432 0.336331746178 
16.9084997141 13.2723913158 0.149537828352 
17.0454875195 13.2840869392 0.16984647227 
17.2261331045 13.2913053001 0.144641857116 
17.4080630505 13.3043808902 0.139136433025 
17.4982899391 13.3102407421 0.141333715156 
17.7100946867 13.3232761587 0.140227434827 
17.8111879789 13.3298594917 0.139894826325 
18.0017359221 13.3424938882 0.137678395989 
18.1564378702 13.3507819141 0.223399743914 
18.2920827829 13.3691217864 0.464128098426 
18.4165725672 13.4205270971 0.747164906884 
18.5551319086 13.5366963113 1.08291977998 
18.6432983839 13.6937249864 1.45613299401 
18.6673433745 13.8731266225 1.73626515761 
18.6603927576 13.9557768072 1.7581056214 
18.6502969229 14.0501502717 1.75802093169 
18.6311294996 14.2076140607 1.75635132336 
18.6103472674 14.3904927338 1.75638782354 
18.5961649382 14.533561405 1.83866314381 
18.5590126478 14.7025338376 2.17262981174 
18.4387321436 14.8856118287 2.37883823889 
18.3179249727 15.02290855 2.3910643698 
18.2579100096 15.0910495038 2.43979809345 
18.1204583609 15.221360272 2.64286201517 
17.9662930929 15.3180061618 2.64943302882 
17.8808963263 15.3748906816 2.68342494982 
17.7122007572 15.4681442494 2.95018814326 
17.5427995884 15.5065349008 3.28644321823 
17.4415563309 15.4999554122 3.3830911033 
17.3609329426 15.4872423972 3.37991382189 
17.2949767077 15.4796818907 3.36267449239 
17.2203350031 15.4684802408 3.35792633775 
17.0888848269 15.4487020339 3.36589367235 
16.9868380987 15.4342477883 3.35204266369 
16.8009809219 15.4079972173 3.36494538396 
16.6129972303 15.3788426335 3.3551785568 
16.4517352545 15.3544714491 3.36167472551 
16.3362143898 15.337240618 3.35871927065 
16.1621200108 15.3125515992 3.35492441482 
15.9633365163 15.2831133197 3.38937724314 
15.7856755146 15.258582257 3.59726674769 
15.7078480535 15.2381332647 3.84862241239 
15.6180498862 15.183837984 4.39567859534 
15.5945274496 15.1689088459 4.67578303404 
15.57370561 15.1714716668 -1.28741597786 
15.5580696725 15.1657479594 -1.02705612786 
15.5385619664 15.1542035157 -0.70655915432 
15.5230490529 15.1373197476 -0.36815182056 
15.5180549585 15.1230139549 -0.127634407448 
15.5246929788 15.1014120097 0.191424121929 
15.5641484224 15.1014046187 0.293161939902 
15.6221266055 15.1136242116 0.291042065867 
15.7142611855 15.1349649022 0.293836486818 
15.8168019318 15.1573314259 0.291502232041 
15.9181285297 15.1812182183 0.236537025905 
15.9604290539 15.1966829191 0.0751525066124 
15.9832394683 15.2083034834 -0.144611853812 
15.993598763 15.2254583968 -0.459388268761 
15.9896967971 15.2443781945 -0.662977176582 
15.9884573334 15.2879807281 -0.999431688343 
15.9902726525 15.2868303398 -1.01854286049 
15.9878212401 15.2849472875 -1.00761868363 
15.9878391513 15.2848507839 -1.00952993072 
15.9881447443 15.2856263707 -1.00998964961 
15.987863537 15.2851154583 -1.00819585623 
15.9877689519 15.284958266 -1.0074132378 
15.9877832868 15.2851014997 -1.00747939064 
15.987764109 15.2851373854 -1.0073217322 
15.9876441025 15.2853517982 -1.00670409924 
15.9877562412 15.2851608696 -1.00682584134 
15.9876389765 15.2853250208 -1.005862197 
15.9877669328 15.2851023453 -1.0073843293 
15.9876554051 15.2852935719 -1.00627502212 
15.9876643234 15.2853131893 -1.00591024512 
15.9876425081 15.2853309291 -1.0057733306 
15.9876671174 15.2853118035 -1.00611672982 
15.9876786211 15.2852765585 -1.0061113789 
15.9877784291 15.2851109619 -1.0073020586 
15.9876703733 15.2853128018 -1.00605496925 
15.9878032618 15.2850920225 -1.0074287488 
15.9876495638 15.2852860543 -1.00596364694 
15.9877972418 15.2851342561 -1.0072326743 
15.9889245295 15.2853657568 -0.995513952726 
15.9876278379 15.2853324453 -1.00568512623 
15.9877734521 15.2850880663 -1.00759666448 
15.9876535946 15.2853125485 -1.00598556298 
15.9877949544 15.2851171794 -1.00722403374 
15.9877949544 15.2851171794 -1.00722403374 
