15.8400397898 15.170991231 0.386698246347 
15.8400638552 15.1709905381 0.386676344569 
15.8397836686 15.1706371198 0.387759517415 
15.8400468604 15.1709674338 0.386966975681 
15.8400603906 15.1709835345 0.386782356632 
15.8398112991 15.1706315617 0.38771538165 
15.8400676475 15.1709716658 0.386794111065 
15.8398113252 15.1706291998 0.387694309656 
15.8397904673 15.170614023 0.387686547805 
15.8397881874 15.1706150661 0.387701439035 
15.8400630952 15.170962442 0.386909671932 
15.8400719986 15.1709577332 0.386643325592 
15.8400617019 15.1709479282 0.386741917475 
15.8400593178 15.170974646 0.386849562326 
15.8400575967 15.1709499548 0.386982760029 
15.8400718869 15.170955878 0.386555368993 
15.8400618919 15.1709465201 0.386811647772 
15.8400754557 15.1709582473 0.386839229694 
15.8400525266 15.1709631572 0.38669319886 
15.8400452697 15.1709350387 0.38676039675 
15.8398017735 15.1706278066 0.387875343447 
15.839810595 15.1706017295 0.387647770416 
15.8398215474 15.17061485 0.387530623384 
15.84006219 15.1709555651 0.386631973548 
15.8398216517 15.1706125552 0.387563367837 
15.8398323321 15.1706069077 0.387469377524 
15.8400924691 15.1709708984 0.386527767173 
15.8400762529 15.1709779764 0.386042598225 
15.8400633522 15.1709679703 0.386493474805 
15.8400560507 15.1709778721 0.385871091738 
15.8397919313 15.1706003363 0.387507706644 
15.8399371804 15.1709689836 0.386246864613 
15.8399267533 15.1709885711 0.385804163371 
15.8395383769 15.1710946004 0.382835222065 
15.8397623935 15.1705448444 0.39299785339 
15.8397675232 15.1705530326 0.392779742124 
15.8397861348 15.170574751 0.393231915438 
15.8395706714 15.1698689053 0.379129874743 
15.8399382682 15.1709489862 0.386151702382 
15.8396996559 15.1706138218 0.386750322514 
15.8397141063 15.1706264506 0.386985090108 
15.8397192397 15.1706296767 0.38690879798 
15.8396621273 15.1705072711 0.387245565426 
15.8396646009 15.1698346774 0.380154378047 
15.8399371245 15.1701944138 0.383523556412 
15.8395668195 15.1697263683 0.379533572368 
15.8399874271 15.1709653998 0.385989988194 
15.8397530132 15.1706321056 0.386607001766 
15.8417639361 15.1715019459 0.387977969666 
15.8597715424 15.1768403801 0.378817773703 
15.8965139898 15.1884941051 0.339494964045 
15.9119772409 15.2049953828 0.124038354389 
15.9233094939 15.2174164692 -0.0475834922101 
15.9520592579 15.2142426542 -0.0804370124708 
16.0373970383 15.2006734389 -0.0785725030492 
16.1581663453 15.1821594501 -0.0912223643811 
16.2737319135 15.1642743463 -0.069834826225 
16.4028234446 15.1464468206 -0.0833704799031 
16.5917419755 15.1171220655 -0.0832296554316 
16.6846543514 15.1026671345 -0.0612252303749 
16.9014896118 15.0686163569 -0.0762514359021 
17.0315061771 15.0487926568 -0.0742193363214 
17.1549034083 15.0308496917 -0.0645926314942 
17.316213485 15.006360587 -0.0997795948757 
17.512442466 14.9753926064 -0.0890724190089 
17.6842449867 14.9491950239 -0.078708347487 
17.7657924854 14.9362342621 -0.0717517120694 
17.9526836836 14.9065717424 -0.0606608893426 
18.0823893511 14.8885981704 -0.0942698674029 
18.3135101759 14.8363580967 -0.44993551642 
18.435914036 14.7664919759 -0.723099921506 
18.534258362 14.6637809242 -0.998063969519 
18.6024842226 14.5284032191 -1.18453493918 
18.6333470308 14.4236634339 -1.2035672599 
18.6854484045 14.2532641853 -1.24824683039 
18.7242665255 14.0867831672 -1.50760989994 
18.7203581297 13.9547251428 4.647599653 
18.6990373098 13.8040449584 4.63413149705 
18.6968305075 13.7869856323 4.62705429442 
18.6968305075 13.7869856323 4.62705429442 
18.6025338137 13.477897879 4.09625590721 
18.5200743639 13.3314963544 2.77452388214 
18.4860749209 13.2871360744 2.7474389188 
18.1848761999 13.2165583337 3.2171985489 
18.0688276255 13.2157288755 3.16646555484 
17.8286125624 13.2280918325 3.17138473542 
17.7257902586 13.2348014081 3.17469562795 
17.6423928702 13.2384835447 3.17101535596 
17.4032070601 13.2495534385 3.16405579009 
17.2748329603 13.2561769451 3.16353584226 
17.1556669438 13.2647662128 3.16594807676 
16.9763810598 13.2796908582 3.1890653246 
16.9188911879 13.2828433479 3.16580784224 
16.6531937682 13.2972885335 3.35074787909 
16.4892688357 13.2692414487 3.4459185441 
16.4085257017 13.2467025484 3.41181454678 
16.2407311165 13.2068411077 3.17986930331 
16.1159372145 13.2122455801 3.01025524118 
15.9998004475 13.2376970018 2.99828043721 
15.8847079083 13.2678790058 3.17240441849 
15.8181383797 13.2785848344 3.36929925234 
15.7152866238 13.2627706493 3.44046191981 
15.6042027139 13.2376266683 3.43438679637 
15.462216165 13.206718799 3.43799933407 
15.2960512602 13.1686359609 3.36655027328 
15.1955880487 13.1508372987 3.21665425551 
15.0050145948 13.16045272 2.81343323184 
14.8554302418 13.2255824769 2.50889650367 
14.815631386 13.2550216878 2.44335765177 
14.815631386 13.2550216878 2.44335765177 
14.6252226793 13.6062695945 1.80774342207 
14.6252226793 13.6062695945 1.80774342207 
14.5717301333 13.918667909 1.74395039669 
14.5717301333 13.918667909 1.74395039669 
14.520994302 14.2343794073 1.69683084258 
14.5141980612 14.3705754841 1.48669943092 
14.5494421684 14.5196846093 1.3075481169 
14.624546405 14.6858500207 0.969028024255 
14.6793962681 14.7605321671 0.763965465619 
14.8092972004 14.8680132891 0.484382035523 
14.9379460179 14.9199037815 0.354876116695 
15.0741429889 14.95625731 0.382037327592 
15.3048983776 15.0235216881 0.337222473743 
15.4711779618 15.0660291279 0.358260295953 
15.5478192532 15.0868088866 0.35513423914 
15.732691344 15.138302211 0.355723921337 
15.903134849 15.1867480318 0.340425928104 
16.0601504111 15.2305584748 0.321977897176 
16.1457583272 15.2526458886 0.329695723 
16.3185706102 15.3028821538 0.25514788556 
16.4798138105 15.3272654007 0.0665236219341 
16.6314468944 15.3254610787 0.0474474410646 
16.7963210308 15.3225733305 0.0570695820692 
16.9271229469 15.3201309408 0.0511731610954 
17.1190741026 15.3171738426 0.0616771193451 
17.2466365063 15.313432161 0.0458883540384 
17.3739960157 15.3114345411 0.057995080336 
17.5666755402 15.30807874 0.0455433867461 
17.7360879147 15.3050364892 0.0512190182846 
17.8600914442 15.3037483732 0.0530083477772 
18.0228414499 15.3029611001 -0.0035128185076 
18.2038545572 15.2864701266 -0.297512066233 
18.3428022825 15.229914753 -0.603205101729 
18.4694373572 15.1248673911 -0.912476791363 
18.5506348574 14.9958953823 -1.2128816874 
18.5802602732 14.8859482671 -1.36530839778 
18.6056582892 14.7060462798 -1.37760346327 
18.6212487185 14.5858583415 -1.38960003291 
18.6359455549 14.454332527 -1.37720790971 
18.6550507509 14.2216964925 4.65649781245 
18.6464908087 14.149121877 4.61968384384 
18.6111595595 13.9443063701 4.61294760403 
18.5909969771 13.8254114355 4.52729570906 
18.566252228 13.7005276645 4.35547705773 
18.493184086 13.5492389167 4.03623307209 
18.3952054941 13.4426660503 3.73195625858 
18.2134938204 13.3567775453 3.38442441832 
18.0390293562 13.3329763378 3.29775169102 
17.894446131 13.3207625116 3.31258821617 
17.7177407705 13.3058692182 3.30379909848 
17.6046997273 13.2967387403 3.31023400451 
17.4561011755 13.2833133901 3.3033691206 
17.2726051771 13.2678961719 3.29983021681 
17.1316831076 13.2564823593 3.29703403008 
16.9592738115 13.2492989267 3.33842054921 
16.8352031076 13.2369631494 3.30406654849 
16.7287498676 13.230369922 3.29087518349 
16.5127990806 13.215444919 3.29315628337 
16.3864962422 13.2039562429 3.28616685862 
16.2227223479 13.1871050561 3.29783402783 
16.070641216 13.1741555894 3.28532325523 
15.9313727991 13.1638272966 3.29559529943 
15.7706883067 13.1515930856 3.29610731911 
15.5996916556 13.1393827165 3.29546125515 
15.4660920763 13.1273308958 3.2458075432 
15.2758202517 13.1210166181 2.97743717729 
15.157068547 13.1471246446 2.74749922101 
15.0150373542 13.2254461015 2.42204295313 
14.9834307396 13.255783316 2.31710633731 
14.9834307396 13.255783316 2.31710633731 
14.7859929764 13.5858319963 1.80317295955 
14.7836840117 13.7714716161 1.44347239127 
14.7940243446 13.8398909534 1.39968902474 
14.832817074 13.9963805641 1.54209191729 
14.8474376165 14.1401256288 1.61632850638 
14.8547028267 14.3099847401 1.6133262543 
14.8684239351 14.5085339511 1.65837172271 
14.8700098955 14.5735267366 1.59407022167 
14.8807812893 14.8315870429 1.57316745361 
14.8856393063 14.9128641451 1.51587449956 
14.9466887676 15.1337502266 1.00460298274 
15.0527375304 15.2684220339 0.683480084508 
15.1763606631 15.3512522245 0.395970512096 
15.3555473649 15.4019674028 0.138017868596 
15.490666058 15.4113281483 0.144177465105 
15.6421078407 15.4214175756 0.150313388146 
15.8279454821 15.4352113868 0.157685726917 
15.9976139778 15.4453090692 0.160395817098 
16.0901796335 15.4517146314 0.14647591579 
16.2543489301 15.4621646071 0.127153005773 
16.4088873827 15.4703102524 0.155504570301 
16.5848991239 15.4821948225 0.135972493899 
16.7871932947 15.4960371817 0.136182316936 
16.8464512193 15.4988412524 0.154685667866 
17.0698401892 15.5135435427 0.159806779484 
17.2031164133 15.5214828814 0.154123016387 
17.3845168316 15.5321271981 0.131560848471 
17.5636910164 15.5431880916 0.135405894807 
17.7650847399 15.5556609596 0.126780201229 
17.936553713 15.5639961923 0.140661810369 
18.1319622957 15.5745630825 0.132965335602 
18.3016197645 15.584016111 0.131357521322 
18.5000619852 15.5935156907 0.137656790788 
18.6259515249 15.6002504791 0.131004553969 
18.7963530981 15.6084182228 0.129057369161 
18.853934046 15.6093426312 0.121837150565 
18.853934046 15.6093426312 0.121837150565 
19.2459304297 15.6749755705 0.673870146831 
19.3324124777 15.729200002 0.869555020742 
19.3383877241 15.733442005 0.878136415808 
19.3383877241 15.733442005 0.878136415808 
19.3383877241 15.733442005 0.878136415808 
19.3383877241 15.733442005 0.878136415808 
19.3383877241 15.733442005 0.878136415808 
19.3383877241 15.733442005 0.878136415808 
19.3383877241 15.733442005 0.878136415808 
18.9926564657 16.6227679218 3.41280145358 
18.8020980322 16.5732054676 3.72665605036 
18.5084881746 16.3985472883 3.76966961282 
18.3466253245 16.3002375329 3.76444785073 
18.2012135946 16.2119922007 3.7636489802 
18.0371231997 16.1106872524 3.74554343963 
17.8860642874 16.0224925245 3.76031947857 
17.7228738033 15.9231605495 3.75443008033 
17.5477380716 15.8181041444 3.75160174871 
17.4367260897 15.7508553828 3.75813173489 
17.2984700167 15.6689006353 3.75173165865 
17.1329976284 15.5702281857 3.75509644594 
17.0113254749 15.4977300728 3.76648806002 
16.8804860079 15.4200058992 3.7524485391 
16.7352035606 15.3335543985 3.75004287147 
16.6095490419 15.2569457388 3.66304899447 
16.4652507269 15.1853325854 3.47579964588 
16.3573724591 15.1571281145 3.45540340668 
16.2090870702 15.1189015026 3.4567499795 
16.0644718372 15.0833602513 3.46329813509 
15.9354392999 15.0528667385 3.46191232353 
15.7648337 15.0103560055 3.45976596874 
15.5784042441 14.9649777676 3.46164995517 
15.4783825242 14.9415543641 3.45661864627 
15.2774758899 14.8915944363 3.46840709652 
15.1769021713 14.8660973574 3.48912867657 
15.0154767596 14.820570674 3.7703653953 
14.8473424875 14.7081121767 4.14220867049 
14.7722399199 14.614460882 4.37953590175 
14.7008804047 14.4022834862 -1.46289810531 
14.6982277596 14.3571394647 -1.39056864281 
14.7405853235 14.1291646923 -1.22275792125 
14.7684922182 14.0396428073 -1.23004851012 
14.8268778288 13.8464767898 -1.20835253164 
14.8464606964 13.7679972614 -1.26481361026 
14.8733870947 13.6845971311 -1.15273939216 
14.8733870947 13.6845971311 -1.15273939216 
14.991050061 13.4457830156 -0.630758014776 
15.3452622854 13.2416526044 -0.297842034592 
15.4399042391 13.2041779722 -0.29934253064 
15.6095093453 13.1360369886 -0.153134903882 
15.8272135594 13.1000019277 -0.014188175427 
15.9709388354 13.0873898233 -0.012860071813 
16.1104760283 13.0727885927 0.0619727925764 
16.300106492 13.076878425 0.376067415041 
16.4635438287 13.1286116804 0.463664237386 
16.5698897206 13.1705085004 0.406550275029 
16.7758789026 13.2460645402 0.304571865405 
16.9293631279 13.2768433059 0.158104530774 
17.0581206047 13.2841449941 0.158988776057 
17.2261331045 13.2913053001 0.144641857116 
17.4294115269 13.3060414756 0.139741105387 
17.6297651493 13.318301555 0.13863791224 
17.7817813122 13.3279011215 0.139403127338 
17.9123389685 13.3367098535 0.139433278597 
18.0750524962 13.3465008701 0.158053050803 
18.1646470987 13.3515729869 0.229353296618 
18.3491470778 13.388573047 0.569981999975 
18.4811067545 13.4639238084 0.901549275211 
18.5680758917 13.5534323419 1.11804659533 
18.6405672991 13.6857775415 1.43994766746 
18.6678197348 13.8569508756 1.72036447355 
18.6642177069 13.9320199455 1.76719395415 
18.6527588331 14.0297080244 1.75996839932 
18.6277425253 14.2363674606 1.75604280393 
18.604521271 14.451318797 1.78668335622 
18.590472933 14.5756314958 1.89584218943 
18.5292189085 14.7628524269 2.27232597076 
18.3976299727 14.9332514668 2.39322997137 
18.3179249727 15.02290855 2.3910643698 
18.1947984659 15.1599199886 2.56123903643 
18.0492434466 15.2677549983 2.65551192303 
17.917106148 15.350437891 2.67516788944 
17.7756767237 15.4391048069 2.82902220383 
17.6156318152 15.4993438686 3.15721319817 
17.4479250872 15.5009655918 3.38067076012 
17.3460252249 15.4843310828 3.36097647569 
17.2949767077 15.4796818907 3.36267449239 
17.2203350031 15.4684802408 3.35792633775 
17.1203892195 15.4534106667 3.36259856036 
17.0158163273 15.4376368488 3.36499533062 
16.8710175717 15.4178023751 3.36831882286 
16.6751164162 15.388157856 3.35739960298 
16.5746028387 15.3735841776 3.3519816261 
16.3288079464 15.3347986827 3.36866704267 
16.1826440358 15.3152545954 3.3486928234 
16.0225217902 15.2929927299 3.34411604258 
15.8660988753 15.2726567465 3.4658014593 
15.777594302 15.2562170348 3.59827996407 
15.6804281437 15.2235566818 3.96943829894 
15.6142179036 15.1799014586 4.4405495698 
15.5925648176 15.1687598268 4.70295375999 
15.576762613 15.1725623573 -1.33177196936 
15.5662542843 15.169406798 -1.16190644059 
15.5373995268 15.1531054194 -0.682513938694 
15.5267656111 15.1425418372 -0.464343691646 
15.5169901514 15.1145558546 -0.0131340560122 
15.5275799894 15.1003607626 0.212044189638 
15.5860633814 15.106081825 0.286996247574 
15.6639307254 15.1241096074 0.286957172471 
15.8111298272 15.1567239578 0.27468259151 
15.8866944347 15.1709682609 0.271425739923 
15.9561357462 15.1955578516 0.0981416086122 
15.9898997509 15.2144402957 -0.264813936797 
15.9936294669 15.2292517119 -0.495677546752 
15.9853897729 15.2702760885 -0.843602674864 
15.9880896547 15.2878529842 -0.993880119405 
15.9884775096 15.2865114028 -1.01470312767 
15.9877385312 15.2849327887 -1.00737633532 
15.9882105329 15.2856173294 -1.01135202878 
15.9881628269 15.2856513637 -1.00996391329 
15.98774701 15.2849254797 -1.00744262072 
15.9877468609 15.2852696108 -1.00923064255 
15.9877194726 15.2852517555 -1.00899756797 
15.9876427763 15.2853436398 -1.00662697433 
15.9876178169 15.2854255552 -1.00774680031 
15.9877994322 15.2851297858 -1.00802856123 
15.9877755531 15.2851148064 -1.00728308512 
15.9876476267 15.2853237393 -1.00589171229 
15.9876264149 15.2853326427 -1.00577352195 
15.9876671174 15.2853118035 -1.00611672982 
15.9876786211 15.2852765585 -1.0061113789 
15.9877256491 15.2851616668 -1.00691390036 
15.9881146887 15.2860541123 -1.00803408188 
15.9876635038 15.285262611 -1.00622454817 
15.9880790004 15.2860712933 -1.00808530311 
15.9876782634 15.2853105071 -1.00600577408 
15.9876295888 15.2853356639 -1.00578801093 
15.9876691588 15.2853290106 -1.00579701953 
15.9884565809 15.2864685098 -1.00696016275 
15.9880667591 15.286079556 -1.00809444073 
15.987785291 15.2851141433 -1.00735878566 
15.9877949544 15.2851171794 -1.00722403374 
