15.8398076856 15.170663398 0.387798198164 
15.8400423081 15.170997482 0.386752361159 
15.8404571266 15.1710002388 0.390694872149 
15.8400619962 15.1709769855 0.386900836417 
15.8398059757 15.1706441383 0.387755175279 
15.8398194649 15.1706179718 0.387614371809 
15.8397899197 15.1706230978 0.387886566742 
15.8414632716 15.1708337257 0.402188675001 
15.8400532977 15.170967404 0.386896311826 
15.8400810027 15.17096952 0.386795743142 
15.840058785 15.1709601025 0.386741626096 
15.840066325 15.1709296967 0.386587280571 
15.8397955598 15.1706197749 0.387541632543 
15.8397945539 15.1706136505 0.387473533385 
15.8400497959 15.1709454695 0.386658109367 
15.8398094551 15.170612585 0.38780586669 
15.8398609684 15.1706050302 0.388337122154 
15.8398087659 15.1706020723 0.387563226164 
15.8398073466 15.1705917085 0.387571242398 
15.8398032339 15.1706201176 0.387653787764 
15.840072807 15.170962807 0.386682547624 
15.840062067 15.1709586347 0.386647319848 
15.8398219832 15.1706233064 0.387628255612 
15.8398209253 15.1706243942 0.38745071839 
15.8398173825 15.1706053282 0.387470083052 
15.8398323321 15.1706069077 0.387469377524 
15.8400929832 15.1709620173 0.386275072358 
15.8399289065 15.1707316826 0.387323336767 
15.8400706315 15.1709532926 0.386307183444 
15.8397962787 15.1706152449 0.387532060637 
15.8398015426 15.1705996583 0.38796520064 
15.8396839314 15.1706413517 0.387048587553 
15.839846708 15.1717395152 0.378020962306 
15.8400279434 15.1710682104 0.390347735993 
15.8397604489 15.1705630685 0.39313926047 
15.8397706487 15.1705637614 0.39301395535 
15.8402080053 15.1709507743 0.392379401319 
15.8396553883 15.1704890544 0.385631738334 
15.8399382682 15.1709489862 0.386151702382 
15.8399349378 15.1709926243 0.386119350119 
15.839716334 15.1706447268 0.386934672132 
15.8397361265 15.1706291551 0.386945561791 
15.8398968914 15.1700414682 0.382232448409 
15.8397219741 15.1706260706 0.387230509636 
15.8397240528 15.1706137399 0.387119165343 
15.8395803609 15.1697658638 0.379360992099 
15.8399874271 15.1709653998 0.385989988194 
15.8399894723 15.1709759797 0.385646001108 
15.8417639361 15.1715019459 0.387977969666 
15.8792682049 15.1814576613 0.374212216323 
15.911664039 15.2005422043 0.218880538416 
15.9102171009 15.2093924659 0.0751569961375 
15.9423972891 15.2165449767 -0.0873157898367 
15.9934091085 15.2080917435 -0.0789312922377 
16.0722705835 15.1961786079 -0.0725842642998 
16.189417299 15.1775604526 -0.0998608294639 
16.3136838936 15.15894321 -0.0719272898794 
16.4936698043 15.132621702 -0.0859300740144 
16.6422108376 15.1079612339 -0.070611198527 
16.8506411874 15.0767440612 -0.0751996060239 
16.9808460438 15.0562240745 -0.0726543884176 
17.1718023979 15.0279221649 -0.0692669786859 
17.3245922291 15.0050997699 -0.0992591952208 
17.4760482275 14.9821129406 -0.0829457608694 
17.6631797516 14.951863196 -0.0942057703049 
17.7435697281 14.9394329751 -0.0683722990523 
17.9455587828 14.9081298972 -0.0752203816746 
18.0523848497 14.8905811871 -0.070158504211 
18.2640237772 14.8543503548 -0.343082625164 
18.3866090738 14.7999246682 -0.59590579483 
18.4902691805 14.7169514264 -0.855331670838 
18.571970936 14.6007463301 -1.1152819162 
18.6242682898 14.4531694616 -1.20658845858 
18.6563408339 14.3438163365 -1.20108714923 
18.7169182264 14.1366620029 -1.41512965987 
18.7263274157 14.0350322689 4.70636838683 
18.7040615046 13.8383827175 4.63407040293 
18.6968305075 13.7869856323 4.62705429442 
18.6968305075 13.7869856323 4.62705429442 
18.6025338137 13.477897879 4.09625590721 
18.6025338137 13.477897879 4.09625590721 
18.4860749209 13.2871360744 2.7474389188 
18.1976978743 13.2177866662 3.23366671717 
18.0688276255 13.2157288755 3.16646555484 
17.9480750525 13.2216190065 3.1680932659 
17.8286125624 13.2280918325 3.17138473542 
17.5314005577 13.2430328096 3.16503345092 
17.4032070601 13.2495534385 3.16405579009 
17.2748329603 13.2561769451 3.16353584226 
17.1556669438 13.2647662128 3.16594807676 
17.0376031363 13.2723946537 3.16905240319 
16.9188911879 13.2828433479 3.16580784224 
16.6870280468 13.2948949302 3.28319126151 
16.5510550701 13.2826136316 3.47001592575 
16.3829067313 13.2402142251 3.43137630614 
16.2548305654 13.2096897329 3.22370957505 
16.1973186993 13.203480121 3.08852805237 
16.0240255409 13.2316638196 2.9902413995 
15.907452278 13.2619284357 3.11138778524 
15.8140882218 13.2783622707 3.37668944609 
15.7480381095 13.2699971164 3.43974990797 
15.5935372376 13.2353957857 3.43512177087 
15.5043065512 13.2156542505 3.43404456422 
15.3672946655 13.1851123537 3.42326257326 
15.1955880487 13.1508372987 3.21665425551 
15.0439874494 13.1530245508 2.91032663097 
14.815631386 13.2550216878 2.44335765177 
14.815631386 13.2550216878 2.44335765177 
14.815631386 13.2550216878 2.44335765177 
14.6252226793 13.6062695945 1.80774342207 
14.6252226793 13.6062695945 1.80774342207 
14.5807008707 13.8618254627 1.78488213969 
14.5717301333 13.918667909 1.74395039669 
14.5717301333 13.918667909 1.74395039669 
14.5169602596 14.359065708 1.47848251753 
14.5494421684 14.5196846093 1.3075481169 
14.6010726654 14.6426711048 1.04932249614 
14.6599552595 14.7366870607 0.834402536548 
14.8092972004 14.8680132891 0.484382035523 
14.9602598512 14.9275017644 0.290763907533 
15.1047285163 14.9663676883 0.344041068143 
15.213941034 14.9955190981 0.372980995129 
15.3973890507 15.0491823817 0.328649162125 
15.5395612084 15.0841976816 0.349454657911 
15.6746059471 15.1215097422 0.351581826304 
15.862417318 15.1748370121 0.357327949014 
16.0030635112 15.2136309671 0.321875883603 
16.1581424439 15.2559141277 0.335115855207 
16.2861278319 15.2932400259 0.285289815838 
16.4056280219 15.3236694152 0.115049852738 
16.4950098955 15.3283528278 0.027121389833 
16.6964639389 15.3242132405 0.0789489727625 
16.8631572687 15.3214611823 0.049876534048 
17.009080168 15.3186898867 0.0484548882717 
17.1585164034 15.3153936828 0.0394139039028 
17.3141785824 15.3122915889 0.0513154609817 
17.495111581 15.309191678 0.0446128765415 
17.6578899586 15.3063493485 0.057621547036 
17.8295552694 15.3036372552 0.0638538363544 
17.9801764452 15.3019245605 0.0371005076281 
18.1532235109 15.2948329041 -0.192897469853 
18.2974717581 15.253932046 -0.495621805126 
18.4421982729 15.1540727879 -0.851213586375 
18.5336773359 15.0310144092 -1.14193196516 
18.5780394041 14.8944653834 -1.35745389229 
18.6037783587 14.7151058281 -1.37204319174 
18.6315612757 14.4892514909 -1.37251055406 
18.6515283548 14.3345383371 -1.48496336984 
18.6493804419 14.1694911684 4.62817200583 
18.628039118 14.0430349077 4.62819012544 
18.6094398462 13.9365303482 4.61872749488 
18.5802543127 13.7542015279 4.44683477796 
18.5218257868 13.5939910377 4.15945677733 
18.4279110396 13.4737887348 3.82632378283 
18.3330404722 13.4023088182 3.58836419084 
18.185013529 13.3509645427 3.35998665814 
18.0764992201 13.33564901 3.30629881554 
17.8339794838 13.3155351842 3.30560973597 
17.6757087671 13.3022990192 3.30748943856 
17.5154653751 13.2883727516 3.30234084486 
17.4386788571 13.2819478477 3.30246571702 
17.2122737133 13.2630225385 3.29953406058 
17.0690342152 13.2540969814 3.29854810067 
16.9077197277 13.2457004751 3.28810847681 
16.7287498676 13.230369922 3.29087518349 
16.5535893404 13.2182859148 3.33502680239 
16.4454495275 13.208384868 3.27328421692 
16.2057522201 13.1857260431 3.29775648269 
16.0817767495 13.1759203638 3.24970000236 
15.9021439013 13.1617771352 3.29605148709 
15.7324194723 13.1489440168 3.29687815172 
15.5257293248 13.1326426233 3.27488522444 
15.3630066478 13.120312568 3.12447921133 
15.157068547 13.1471246446 2.74749922101 
15.0453422629 13.2031825746 2.49606943005 
14.9834307396 13.255783316 2.31710633731 
14.9834307396 13.255783316 2.31710633731 
14.7779374086 13.6438925231 1.60826156002 
14.7855089867 13.7831542457 1.44596024468 
14.7940243446 13.8398909534 1.39968902474 
14.832817074 13.9963805641 1.54209191729 
14.8434157335 14.08253276 1.6075990898 
14.8578845226 14.2763030494 1.6331122132 
14.8653186524 14.4620408381 1.63708902977 
14.8716990912 14.5677901472 1.63333273029 
14.8734657728 14.6702746714 1.6057723308 
14.8856393063 14.9128641451 1.51587449956 
14.9275431001 15.0960034842 1.07888495122 
14.9868134224 15.192895409 0.88811412731 
15.0901017153 15.2999337206 0.578030891569 
15.2241991126 15.3718083019 0.300327475035 
15.3349047267 15.3995656485 0.148959494561 
15.490666058 15.4113281483 0.144177465105 
15.6957658046 15.4247316087 0.143845960379 
15.8573318684 15.4370714987 0.139478488548 
15.9454289527 15.4425419087 0.141694274913 
16.1283910089 15.4539942558 0.144902457335 
16.3142164015 15.4657000864 0.130358122862 
16.4564167821 15.4738613928 0.155519448438 
16.553730067 15.4804068173 0.129659936336 
16.7583880388 15.4936433698 0.152009524432 
16.928279277 15.5047220851 0.145127697661 
17.0698401892 15.5135435427 0.159806779484 
17.2031164133 15.5214828814 0.154123016387 
17.3450270855 15.5295144881 0.144782999162 
17.5077819788 15.5389651025 0.140329405358 
17.6695040428 15.5497187043 0.117559730984 
17.816575762 15.5578052069 0.139774719261 
17.9578957522 15.5653196538 0.137910018565 
18.1192357504 15.5737783278 0.138692868509 
18.3016197645 15.584016111 0.131357521322 
18.4590594732 15.5928896333 0.127624486157 
18.5778295958 15.5978027547 0.120739105596 
18.7665169203 15.6067543889 0.122671548859 
18.853934046 15.6093426312 0.121837150565 
18.853934046 15.6093426312 0.121837150565 
19.159845587 15.643374976 0.494218462603 
19.3028547728 15.7089969183 0.742846450303 
19.3383877241 15.733442005 0.878136415808 
19.3383877241 15.733442005 0.878136415808 
19.3383877241 15.733442005 0.878136415808 
19.3383877241 15.733442005 0.878136415808 
19.3383877241 15.733442005 0.878136415808 
19.3383877241 15.733442005 0.878136415808 
19.3383877241 15.733442005 0.878136415808 
19.0610556566 16.6223882402 3.28082382864 
18.8628098929 16.5980141128 3.65449556455 
18.7282576525 16.531938311 3.76721537034 
18.5516595804 16.4231206144 3.74782560509 
18.4688563311 16.3743399347 3.76825769684 
18.3287880385 16.2895482744 3.76463897269 
18.1903490984 16.2050953473 3.76327819155 
18.063048836 16.1266302432 3.7454480321 
17.9290575945 16.0487288202 3.76134442973 
17.7415745222 15.9339733685 3.76512121965 
17.6401489937 15.8736510838 3.76107951902 
17.5416831934 15.8134342397 3.75960215367 
17.402924534 15.7318996752 3.76056433254 
17.221647259 15.6235220397 3.75624342132 
17.1511108839 15.581110325 3.75612424942 
16.9560915196 15.4648960645 3.76595606472 
16.8188043797 15.3835919614 3.75156936262 
16.6913390123 15.3070172856 3.74589360954 
16.584302839 15.2417851987 3.62453942664 
16.4431839549 15.1788881386 3.48079668002 
16.2372087204 15.1255289058 3.45887211356 
16.0940062666 15.0900185073 3.45926288059 
15.9449315296 15.054406252 3.4599036001 
15.8645687868 15.0352844412 3.4544620909 
15.6286695563 14.9769782985 3.47016272285 
15.5363284313 14.9542303647 3.46625820846 
15.354588505 14.9102217222 3.47900339823 
15.2609534824 14.8868981863 3.46051705232 
15.1182215178 14.852751937 3.57956305122 
14.9188045227 14.7685377265 3.95845618634 
14.8351912462 14.6960284675 4.17883980151 
14.7390233242 14.5499625767 4.52943344657 
14.6994014942 14.3436084951 -1.35418060519 
14.7178049051 14.2051277126 -1.24595299742 
14.7557800972 14.0796889032 -1.22913298567 
14.8042365276 13.9252568449 -1.20940722106 
14.8464606964 13.7679972614 -1.26481361026 
14.8733870947 13.6845971311 -1.15273939216 
14.8733870947 13.6845971311 -1.15273939216 
14.991050061 13.4457830156 -0.630758014776 
14.991050061 13.4457830156 -0.630758014776 
15.3259896004 13.2489492858 -0.295830022143 
15.4600260818 13.1961492265 -0.297278722664 
15.5703631603 13.1507984365 -0.215359640022 
15.7897479871 13.1016186441 -0.00116222298709 
15.9189975784 13.0906680788 -0.00535576641017 
16.0983266198 13.0737594331 0.0530242603638 
16.2399223113 13.0691782201 0.280984104681 
16.3969107234 13.1045521463 0.453984628628 
16.5409156048 13.1612495149 0.392137227369 
16.6240728461 13.1909533704 0.398076655442 
16.8161427343 13.2612482275 0.221520593483 
16.967169162 13.2790671552 0.149621353636 
17.1277841293 13.285798427 0.133775570124 
17.3194084131 13.2977784837 0.142886314392 
17.4592677319 13.3078663314 0.141094860955 
17.5802525246 13.3146089281 0.140379277232 
17.7143664324 13.3235617841 0.139812367477 
17.9123389685 13.3367098535 0.139433278597 
18.0619244539 13.346075889 0.153905308758 
18.2146141493 13.3559895719 0.306409922566 
18.3209583723 13.3775355781 0.521753828388 
18.5104110205 13.4931530918 0.981073723929 
18.5891029799 13.5839744771 1.20585434384 
18.6569638216 13.7421817745 1.5583257161 
18.6671452486 13.8794710601 1.74047537208 
18.6569118464 13.98124766 1.74745091239 
18.646584984 14.0786076749 1.75434230126 
18.6277425253 14.2363674606 1.75604280393 
18.6118063891 14.3779767121 1.75367049156 
18.5994720423 14.5036365355 1.80601953886 
18.5806777441 14.6343793834 2.02348519223 
18.4894313776 14.8218473459 2.34391102579 
18.3372859919 15.0003905261 2.38836551728 
18.2144718134 15.1386872421 2.50312360942 
18.0853412115 15.2455030105 2.65604954099 
17.9937896692 15.3030732537 2.63085889285 
17.7700529062 15.4415355588 2.82321198153 
17.6156318152 15.4993438686 3.15721319817 
17.4675408566 15.5039721991 3.37950355421 
17.356920954 15.4861698414 3.373663885 
17.30081689 15.4801881577 3.37794232687 
17.2245919668 15.4687814082 3.35780926438 
17.1266045534 15.4541333879 3.35916854256 
16.9595620596 15.4302240873 3.355063366 
16.7921773755 15.4059581126 3.3570974981 
16.6249674523 15.3805486674 3.35578184548 
16.3739226126 15.3419077958 3.3798490742 
16.2085559928 15.318368722 3.35919652159 
16.0520556682 15.296824761 3.33219258315 
15.9158431851 15.2779602411 3.36918979602 
15.7856755146 15.258582257 3.59726674769 
15.6804281437 15.2235566818 3.96943829894 
15.6411665195 15.1970490555 4.18681843675 
15.5945274496 15.1689088459 4.67578303404 
15.5709252321 15.1709258745 -1.24223597826 
15.5503928923 15.1612215976 -0.897244139278 
15.5329302215 15.1505768637 -0.599955114117 
15.5191222989 15.1291424299 -0.227955609399 
15.5164220595 15.1081254745 0.0963797642539 
15.5776598417 15.1042784418 0.287813056607 
15.639534887 15.1181221942 0.290018094997 
15.697406184 15.1315355788 0.276860753828 
15.8111298272 15.1567239578 0.27468259151 
15.8945788779 15.1730728487 0.253810062047 
15.9474513197 15.1921061652 0.141692855639 
15.9891527855 15.2136727518 -0.250023990074 
15.9922399634 15.2359831445 -0.572439778096 
15.9849169442 15.2684458813 -0.830436261209 
15.9878008329 15.2876462417 -0.987509862782 
15.9887883404 15.2873312088 -1.02586162667 
15.9881860578 15.285633594 -1.00990518045 
15.9882061669 15.2855910922 -1.0113466209 
15.9877364078 15.2849218997 -1.0073642651 
15.9877472409 15.2849369908 -1.00738136123 
15.9877559954 15.2849277782 -1.00731590784 
15.9876550847 15.2853308211 -1.00586957987 
15.98770969 15.2852482351 -1.0090026145 
15.9878056609 15.2851022857 -1.00725363541 
15.9877758288 15.2851100753 -1.00724548402 
15.9877380842 15.2851463521 -1.00697152808 
15.9877796659 15.2850910092 -1.00731381416 
15.9877404832 15.2851907874 -1.0094010209 
15.9876643234 15.2853131893 -1.00591024512 
15.9876540193 15.2853168997 -1.00596798858 
15.9876304903 15.2853400747 -1.00584964352 
15.9876331725 15.2852959151 -1.00585953344 
15.9877424726 15.2851683686 -1.00686128214 
15.987650823 15.2853293831 -1.00580861017 
15.9878008106 15.2851009446 -1.00744510655 
15.9878314325 15.285086971 -1.00743522877 
15.9878094011 15.2851471866 -1.00710315256 
15.9877776914 15.2851112189 -1.00736095282 
15.9876174071 15.2853034365 -1.00594749141 
15.9878088647 15.2850753742 -1.00749499793 
15.9877949544 15.2851171794 -1.00722403374 
15.9877949544 15.2851171794 -1.00722403374 
