15.9877949544 15.2851171794 -1.00722403374 
15.8400680908 15.1709952096 0.386976349948 
15.8405479343 15.1709974299 0.391526390191 
15.8400478252 15.1709846372 0.386992458044 
15.8397901618 15.1706111024 0.387713082431 
15.8397941888 15.1706391315 0.387869132979 
15.8400541657 15.1709967817 0.3865927542 
15.8398062513 15.1706167574 0.38758021643 
15.8400601448 15.1709676797 0.386832894658 
15.8400488981 15.1709835047 0.386739630061 
15.8400497736 15.1709646771 0.386880664006 
15.8397824318 15.170605507 0.387755013552 
15.8397955598 15.1706197749 0.387541632543 
15.8400709034 15.1709821934 0.386784272376 
15.8398054765 15.1706106255 0.387709304973 
15.839792289 15.1706041435 0.387817283711 
15.8397994341 15.1705962459 0.387637421964 
15.8400575259 15.170961764 0.386779279961 
15.8397870326 15.1706071163 0.387601536576 
15.8398148232 15.1706296841 0.387591273141 
15.8398100251 15.1706155951 0.387554212164 
15.8400748224 15.1709792579 0.386744047491 
15.8398175315 15.1706239099 0.387875033591 
15.839818217 15.1706247444 0.387483235701 
15.8398216666 15.1705971474 0.387370818276 
15.8398174235 15.1706149692 0.387598778949 
15.8400871941 15.1709568168 0.38611052511 
15.8398189732 15.1706216971 0.387124642747 
15.8400579878 15.1709767545 0.385902394974 
15.8397914619 15.1706120113 0.387477222733 
15.839908898 15.1700415353 0.382482324347 
15.8399267533 15.1709885711 0.385804163371 
15.839044165 15.1701588074 0.404997115297 
15.8397500591 15.1705401654 0.393006881681 
15.8397635632 15.1705758686 0.393080959078 
15.8397889064 15.1705665256 0.393097246105 
15.8396001273 15.1698056723 0.379155545015 
15.8399453984 15.1709878633 0.386215714162 
15.8399444633 15.1709242428 0.385917104053 
15.8397238293 15.1706469248 0.387019218911 
15.8399683164 15.1709924678 0.385899918624 
15.8397012056 15.1707520078 0.385812649227 
15.8399017641 15.1700703467 0.382219784233 
15.8397165911 15.1706210564 0.38717214657 
15.8399966174 15.1709331612 0.385992760224 
15.8396543675 15.1698390509 0.380125632963 
15.8397490979 15.1706266368 0.386852475908 
15.8401443214 15.1709278787 0.383128043045 
15.867003441 15.1789208877 0.382217445956 
15.9011610375 15.19108516 0.329438662614 
15.9115957526 15.2054645273 0.107000750605 
15.9270081819 15.2173332146 -0.0526773373785 
15.9757122734 15.2107472702 -0.0806395389525 
16.049433332 15.198689312 -0.0741784385617 
16.1581663453 15.1821594501 -0.0912223643811 
16.2855611109 15.1627741719 -0.0702533231011 
16.4235037529 15.1435049812 -0.0884743517671 
16.5829496944 15.1180042143 -0.0741293686974 
16.7426224911 15.093645137 -0.0868828126115 
16.8803163731 15.0720255787 -0.0767454654924 
17.1035354101 15.0378015603 -0.0732815137674 
17.251276251 15.0152846987 -0.0779074946776 
17.4171043598 14.9911552484 -0.0809486826009 
17.5432639086 14.9715464378 -0.0793116677707 
17.7346929276 14.9407812024 -0.0847519236299 
17.8960235083 14.9157664145 -0.0743324045646 
18.0823893511 14.8885981704 -0.0942698674029 
18.2640237772 14.8543503548 -0.343082625164 
18.3939132654 14.7956644858 -0.611083777607 
18.5226323568 14.6782523359 -0.95928968646 
18.5990827047 14.5354042614 -1.1967832656 
18.6411406958 14.3941077555 -1.21226151526 
18.6919541323 14.2326128448 -1.26850490262 
18.7242665255 14.0867831672 -1.50760989994 
18.7180521452 13.9349071945 4.63994055747 
18.6968305075 13.7869856323 4.62705429442 
18.6968305075 13.7869856323 4.62705429442 
18.6217806303 13.511827823 4.13039392241 
18.6025338137 13.477897879 4.09625590721 
18.4860749209 13.2871360744 2.7474389188 
18.4860749209 13.2871360744 2.7474389188 
18.1848761999 13.2165583337 3.2171985489 
17.9522948229 13.2214935983 3.1680143707 
17.8286125624 13.2280918325 3.17138473542 
17.7257902586 13.2348014081 3.17469562795 
17.5229537451 13.2434395517 3.1647547412 
17.4032070601 13.2495534385 3.16405579009 
17.1768692696 13.2620501483 3.16415957916 
17.0376031363 13.2723946537 3.16905240319 
16.9763810598 13.2796908582 3.1890653246 
16.7353822553 13.293282863 3.24578476059 
16.6067899429 13.2907371486 3.42381417324 
16.460737642 13.2604247297 3.41412787579 
16.3448373937 13.2291547025 3.38020077568 
16.2202041411 13.2040795053 3.12698105206 
16.1007592046 13.2149442399 3.00416929452 
15.962211948 13.248003837 3.0339868931 
15.8670634498 13.2717735733 3.2239273575 
15.7798880675 13.2749063934 3.42003904633 
15.6838259065 13.2550380195 3.43294762813 
15.5518656039 13.2264145578 3.43631819075 
15.4043835961 13.1938286985 3.431629358 
15.2533420288 13.1596652235 3.31390738727 
15.1026063525 13.1459785665 3.01997647906 
14.9444230163 13.1803139413 2.70951600934 
14.8366984093 13.238093015 2.45704980487 
14.815631386 13.2550216878 2.44335765177 
14.815631386 13.2550216878 2.44335765177 
14.6252226793 13.6062695945 1.80774342207 
14.6252226793 13.6062695945 1.80774342207 
14.5717301333 13.918667909 1.74395039669 
14.5717301333 13.918667909 1.74395039669 
14.5165964329 14.2667819227 1.64550608365 
14.5194611513 14.4143336977 1.37964568549 
14.5574948752 14.5460686053 1.23237123191 
14.620793935 14.6779034699 0.977256655192 
14.6992776358 14.784169432 0.723639070524 
14.8092972004 14.8680132891 0.484382035523 
14.9663872683 14.9283221627 0.349361383212 
15.112039026 14.96858665 0.358681945632 
15.2613922917 15.0092648382 0.391270931368 
15.3948710525 15.0451920296 0.371761482482 
15.5684349799 15.0922963286 0.350981384612 
15.7121852749 15.132803459 0.355317316498 
15.862417318 15.1748370121 0.357327949014 
15.989506472 15.2101434416 0.338890668565 
16.1665747726 15.2582179422 0.329861547542 
16.3113943898 15.3009130324 0.261294655462 
16.4315582478 15.3258696462 0.0942123188825 
16.5737512672 15.3254896666 0.0717858374758 
16.7340279781 15.3238590474 0.0738619924907 
16.8769753539 15.3212442959 0.0720652175795 
17.0460230076 15.3179737742 0.0668063198773 
17.2329214775 15.3133754695 0.0686282485995 
17.4517637455 15.3099894191 0.0505809848563 
17.6180167162 15.3073301728 0.044475384577 
17.7960884535 15.3038573603 0.0505373147044 
18.0019600355 15.3031258176 0.010343631527 
18.1532235109 15.2948329041 -0.192897469853 
18.2974717581 15.253932046 -0.495621805126 
18.3962674105 15.1936049054 -0.733629275387 
18.5235402548 15.0494026656 -1.10084538186 
18.5847649538 14.865071025 -1.37172435624 
18.6063048803 14.6840230192 -1.35388477462 
18.6248059237 14.5305020774 -1.36527915237 
18.6493985617 14.3563246692 -1.46413639852 
18.653568741 14.2042622531 4.64402463173 
18.628039118 14.0430349077 4.62819012544 
18.6062390768 13.9150663579 4.60765321614 
18.5768885576 13.7344759668 4.40220493664 
18.5218257868 13.5939910377 4.15945677733 
18.493184086 13.5492389167 4.03623307209 
18.3066391909 13.3889346088 3.53112640369 
18.1618971789 13.346443888 3.33597706551 
18.008646723 13.3294519151 3.28901494037 
17.8556647265 13.3172754014 3.3082170037 
17.7051176989 13.3048382963 3.30500308401 
17.5455572569 13.2911244596 3.30315222301 
17.3860729897 13.2776552404 3.30228323663 
17.2295745575 13.2645889486 3.29998419213 
17.1106253826 13.256532904 3.29316638361 
16.9293695652 13.247757789 3.32984283422 
16.7743138039 13.2348548139 3.3415258209 
16.6138386094 13.2216778959 3.28007969961 
16.4833243453 13.2115017141 3.28502394486 
16.3466790878 13.1958860124 3.28757675616 
16.1633769536 13.181767341 3.29375018035 
16.0026935526 13.1691883768 3.29251619873 
15.8513137029 13.1579645837 3.29545785324 
15.702168774 13.1466897691 3.29637377459 
15.5480945968 13.134802934 3.29269542018 
15.3943048977 13.1217967237 3.18296875805 
15.2539811098 13.122671243 2.92295193881 
15.0901995265 13.1768575872 2.60218606823 
14.9834307396 13.255783316 2.31710633731 
14.9834307396 13.255783316 2.31710633731 
14.801146146 13.5320475067 1.85669049647 
14.7769018376 13.6622226203 1.56814583838 
14.7855089867 13.7831542457 1.44596024468 
14.8253585064 13.957470652 1.48274650933 
14.8447067701 14.0360839332 1.62306450993 
14.8498806917 14.1754652227 1.65567994496 
14.8596382105 14.366108116 1.64457878627 
14.8673846686 14.5239685739 1.58781716748 
14.8734657728 14.6702746714 1.6057723308 
14.8803639376 14.8492717112 1.54503851357 
14.8856393063 14.9128641451 1.51587449956 
14.967002269 15.164436307 0.935382673866 
15.0780739152 15.2909219081 0.612405794996 
15.2160662377 15.3688611949 0.314997846714 
15.3958542907 15.4054580147 0.128728672113 
15.5529823565 15.4155233915 0.143543486074 
15.7035343015 15.4255209381 0.141845385826 
15.8788559382 15.4376928026 0.156890873835 
16.0387171769 15.4485644812 0.143353106396 
16.2028257513 15.4588045294 0.131009189158 
16.3584188187 15.468023252 0.148700471101 
16.5053741896 15.4772545511 0.152278379478 
16.6558946335 15.486862045 0.122478915222 
16.8086731398 15.4976483549 0.120578579478 
16.9570798838 15.5063435698 0.153768174274 
17.0990998709 15.5151008333 0.128453052509 
17.270732876 15.5257573987 0.160779079069 
17.4466235602 15.5364351238 0.114211236679 
17.5949764216 15.5439969862 0.133061969422 
17.7650847399 15.5556609596 0.126780201229 
17.9578957522 15.5653196538 0.137910018565 
18.1192357504 15.5737783278 0.138692868509 
18.3316392862 15.5858393575 0.131903347895 
18.5340013468 15.5953626896 0.132860118824 
18.7189381086 15.6048023666 0.132068203663 
18.853934046 15.6093426312 0.121837150565 
18.853934046 15.6093426312 0.121837150565 
19.1887657606 15.6508049036 0.553498611864 
19.3383877241 15.733442005 0.878136415808 
19.3383877241 15.733442005 0.878136415808 
19.3383877241 15.733442005 0.878136415808 
19.3383877241 15.733442005 0.878136415808 
19.3383877241 15.733442005 0.878136415808 
19.3383877241 15.733442005 0.878136415808 
19.3383877241 15.733442005 0.878136415808 
19.0797328913 16.6318399871 3.17400903122 
18.9125354254 16.612366196 3.57507912384 
18.7749781572 16.5586137737 3.74988753881 
18.6490614378 16.4837506975 3.76494446682 
18.5084881746 16.3985472883 3.76966961282 
18.3827767336 16.3221005167 3.76204533986 
18.245942589 16.2394649948 3.76379888815 
18.1394350493 16.1733558143 3.76058362875 
17.9810125792 16.0782307948 3.75943393194 
17.8546534741 16.0026883448 3.75174051772 
17.7228738033 15.9231605495 3.75443008033 
17.5914678537 15.8447114194 3.7589953698 
17.4367260897 15.7508553828 3.75813173489 
17.2803964579 15.6582837368 3.75775641444 
17.1002192461 15.5506840015 3.75344866839 
16.9928485119 15.4868249858 3.77026987823 
16.8613095247 15.4102167154 3.75612555171 
16.6462210977 15.2800370308 3.70831238875 
16.4857357704 15.1923394578 3.49019934728 
16.3292535209 15.1504793207 3.46815888439 
16.1804053747 15.1120743419 3.46135690385 
16.0147487932 15.0706660117 3.458722595 
15.858130131 15.0338725115 3.43502444108 
15.6973680073 14.9938499893 3.45979250761 
15.5200606548 14.9516058529 3.46388014423 
15.4223661983 14.9264705742 3.47250461215 
15.2609534824 14.8868981863 3.46051705232 
15.1182215178 14.852751937 3.57956305122 
14.961789366 14.7943597103 3.85654428572 
14.8210364544 14.6802641119 4.22248827932 
14.7477703058 14.5693229998 4.48632610997 
14.700894829 14.4150483573 -1.50023534808 
14.7178049051 14.2051277126 -1.24595299742 
14.7706608736 14.0316133464 -1.24022567228 
14.8124915325 13.896080252 -1.21049483969 
14.8464606964 13.7679972614 -1.26481361026 
14.8733870947 13.6845971311 -1.15273939216 
14.8733870947 13.6845971311 -1.15273939216 
14.991050061 13.4457830156 -0.630758014776 
15.2619727814 13.2727096046 -0.291746030334 
15.3995399439 13.2205885614 -0.299535929258 
15.5433376395 13.1615799631 -0.246041371359 
15.6964754277 13.1132186616 -0.0402007293794 
15.8272135594 13.1000019277 -0.014188175427 
15.999710966 13.0851520265 -0.0158159634823 
16.1385973209 13.0709010328 0.0873059311704 
16.2915418112 13.076319095 0.350746659324 
16.4457874262 13.122921821 0.432050029684 
16.5849471056 13.1764734949 0.399107367968 
16.7201779449 13.2269548143 0.346833741638 
16.8854197228 13.2744929756 0.176826177081 
17.0366982185 13.2831046546 0.156908147169 
17.1895236933 13.2890663112 0.138118666342 
17.3568210566 13.3005361522 0.143178094212 
17.5071765148 13.3107194866 0.140817684243 
17.658480283 13.3201540674 0.137172023598 
17.8111879789 13.3298594917 0.139894826325 
17.9422140085 13.3387210334 0.139213482408 
18.1265282595 13.3495537008 0.190704369427 
18.2717096769 13.3654109205 0.406499696581 
18.4165725672 13.4205270971 0.747164906884 
18.5232570135 13.5033345188 0.997852165595 
18.6279954874 13.6542835201 1.37360062372 
18.6678986513 13.8408485616 1.70684156493 
18.6642177069 13.9320199455 1.76719395415 
18.6511948073 14.0440924133 1.75906829017 
18.6311294996 14.2076140607 1.75635132336 
18.6136481726 14.3613945211 1.75304311078 
18.5946450197 14.5464248026 1.85453602304 
18.5590126478 14.7025338376 2.17262981174 
18.4443476164 14.8787414099 2.37607278748 
18.3372859919 15.0003905261 2.38836551728 
18.2295591795 15.1231305862 2.48753363913 
18.1204583609 15.221360272 2.64286201517 
17.9937896692 15.3030732537 2.63085889285 
17.8621610367 15.3870225812 2.69307679556 
17.7287050449 15.4620898629 2.92064693674 
17.5861980879 15.503971752 3.22270103791 
17.461373564 15.5034238363 3.38032325324 
17.3175065481 15.4807882125 3.36412549692 
17.2570133173 15.4728904928 3.35456305844 
17.1775728428 15.4623183871 3.35003429922 
17.0656682217 15.4455235417 3.3590043008 
16.9222874605 15.4256180341 3.36005260145 
16.7504560315 15.39919078 3.35939501264 
16.5838866794 15.3747854496 3.35245539255 
16.3962613308 15.3446272577 3.36418289801 
16.2501677239 15.3247002552 3.35617266213 
16.1117137336 15.3063403482 3.3497224213 
15.9792824724 15.2884030121 3.33274992755 
15.8345889078 15.2683621293 3.4986798833 
15.7269881928 15.2427698725 3.79117406527 
15.6320124232 15.1951846185 4.26588790713 
15.6022630894 15.1734259392 4.56606671739 
15.5811261201 15.1726623292 -1.40623410795 
15.5651274287 15.1693055446 -1.14144071527 
15.543921169 15.1593195836 -0.812218116313 
15.527511146 15.1443127582 -0.485233365535 
15.5183363223 15.1252452622 -0.170253177306 
15.5212773049 15.1034855808 0.167272013742 
15.5512159133 15.1002107228 0.287860685646 
15.6158318781 15.1124073679 0.291280764457 
15.697406184 15.1315355788 0.276860753828 
15.806278404 15.1561168025 0.241030449856 
15.8866944347 15.1709682609 0.271425739923 
15.9561357462 15.1955578516 0.0981416086122 
15.9859424346 15.2106922998 -0.193897953241 
15.9934298285 15.2337538267 -0.556668834853 
15.9849169442 15.2684458813 -0.830436261209 
15.9884573334 15.2879807281 -0.999431688343 
15.9895509594 15.2878700348 -1.01231382487 
15.9877383822 15.2849206629 -1.00721122821 
15.987816427 15.2848383526 -1.00929365749 
15.9877345153 15.2849274802 -1.00732397256 
15.9877732584 15.2849326434 -1.00743756773 
15.9876858779 15.2851486432 -1.00635996965 
15.9878254497 15.2850830855 -1.00752863834 
15.9876427763 15.2853436398 -1.00662697433 
15.9877914229 15.2851049679 -1.00733016643 
15.9876184502 15.2853426489 -1.0057830735 
15.9877947384 15.2851059551 -1.00754116429 
15.9876181447 15.2853305081 -1.00585399782 
15.9876870551 15.2852769049 -1.0061510506 
15.9877918475 15.2850955131 -1.00745349643 
15.9876589962 15.2853183041 -1.00607209283 
15.9877026716 15.285261296 -1.00625520847 
15.9876437375 15.285300039 -1.00599509054 
15.9878061676 15.2851059737 -1.0074851965 
15.9877622091 15.2851459796 -1.0070092126 
15.9878053033 15.2850965525 -1.00736798673 
15.9878314325 15.285086971 -1.00743522877 
15.9883131498 15.2861553656 -1.00352914059 
15.9876691588 15.2853290106 -1.00579701953 
15.9880474099 15.2851723547 -1.00317565302 
15.9876483941 15.2852925959 -1.00612634965 
15.9877949544 15.2851171794 -1.00722403374 
