15.8400397898 15.170991231 0.386698246347 
15.8397379146 15.1706361289 0.387156522793 
15.8398927898 15.1715752224 0.379388760561 
15.8400641346 15.1709916557 0.386902196757 
15.8400509172 15.1709765459 0.38682030171 
15.8400616498 15.1709954257 0.386620060435 
15.8397962899 15.1706248934 0.387840672042 
15.8418712021 15.1706377606 0.4082208733 
15.8398032786 15.1706180165 0.387908519286 
15.8400654012 15.1709773059 0.386807444193 
15.839805253 15.1706123839 0.387570312112 
15.8400650882 15.1709544475 0.386866078888 
15.8400536292 15.1709708462 0.386789140564 
15.8397944869 15.1706033165 0.387647323985 
15.8398105727 15.1706061626 0.387660566634 
15.8400718869 15.170955878 0.386555368993 
15.8400503994 15.1709401126 0.386648430825 
15.8398095408 15.1706089939 0.387726957422 
15.8400694692 15.1709596778 0.386729040464 
15.8400553541 15.1709520856 0.386589126138 
15.8398100251 15.1706155951 0.387554212164 
15.8400604167 15.1709516312 0.386732419613 
15.8400689663 15.1709399785 0.386706797611 
15.8398206682 15.1706122572 0.38752319747 
15.8400693164 15.1709533895 0.386619871438 
15.8400871122 15.1709668303 0.386598456279 
15.84007914 15.1709549243 0.386304858706 
15.8399366067 15.1707394833 0.387247331974 
15.8397549019 15.1705489645 0.387610819193 
15.8398110123 15.1706133077 0.387436667969 
15.840575371 15.1709545518 0.390177106236 
15.8396769353 15.1706383193 0.387306832967 
15.8399522529 15.1710240434 0.385893635581 
15.8398459257 15.1706275682 0.392881546863 
15.8397443109 15.1705495159 0.393108917377 
15.8397663013 15.1705447028 0.393639712286 
15.8401324787 15.171425056 0.385901680529 
15.8395713941 15.1698537881 0.378989818375 
15.8397030161 15.1706509257 0.387062771635 
15.8397088313 15.1706513504 0.387074628032 
15.8399532923 15.1709929819 0.386070895602 
15.8399804012 15.1709596107 0.385750098293 
15.8396571727 15.1698324124 0.38028135834 
15.839994874 15.1709475184 0.386374728123 
15.8399841973 15.1709663833 0.385938539675 
15.8395803609 15.1697658638 0.379360992099 
15.8399989681 15.1709517057 0.385798327 
15.8397448213 15.1706167946 0.386783711715 
15.8505895027 15.1732466857 0.376268594753 
15.87594728 15.1805331672 0.373378545935 
15.9050329431 15.1932809095 0.309227705163 
15.9111056441 15.2126764006 0.0300910475837 
15.9371861668 15.2170725523 -0.0762404695678 
15.9934091085 15.2080917435 -0.0789312922377 
16.0857103729 15.1934225711 -0.0763889849237 
16.1516555512 15.1833377744 -0.0920836825992 
16.3015305662 15.1605911891 -0.0719431633109 
16.4810978138 15.134287257 -0.0804117192694 
16.6252337062 15.1108548606 -0.0740336516186 
16.7911370957 15.0858247692 -0.073402362764 
16.960041877 15.0595008249 -0.0729714798493 
17.0738092625 15.0424880947 -0.0736737057721 
17.2643352711 15.0133945609 -0.0835673918594 
17.4281014168 14.9889294768 -0.0896635187991 
17.5767736399 14.966559049 -0.0806604493013 
17.7743781769 14.9355437423 -0.0685941444507 
17.9169585669 14.9125619198 -0.0793745084891 
18.0398840868 14.8931980396 -0.05910608794 
18.2358400786 14.8609462346 -0.264552346813 
18.3939132654 14.7956644858 -0.611083777607 
18.4960930311 14.7107710207 -0.871755923043 
18.5759296381 14.5932300056 -1.12623566372 
18.6306874716 14.4318272437 -1.20621160117 
18.6476921999 14.3723353709 -1.19784803985 
18.7151813471 14.1449590887 -1.39842289958 
18.7258942091 14.0136958326 4.68232878046 
18.7098016703 13.8780381645 4.63410894858 
18.6968305075 13.7869856323 4.62705429442 
18.6968305075 13.7869856323 4.62705429442 
18.6025338137 13.477897879 4.09625590721 
18.5200743639 13.3314963544 2.77452388214 
18.4860749209 13.2871360744 2.7474389188 
18.4860749209 13.2871360744 2.7474389188 
18.1801414454 13.2165094579 3.21808367552 
17.9480750525 13.2216190065 3.1680932659 
17.8286125624 13.2280918325 3.17138473542 
17.6423928702 13.2384835447 3.17101535596 
17.5229537451 13.2434395517 3.1647547412 
17.2748329603 13.2561769451 3.16353584226 
17.1556669438 13.2647662128 3.16594807676 
17.0376031363 13.2723946537 3.16905240319 
16.9763810598 13.2796908582 3.1890653246 
16.6949234569 13.293852445 3.28695698598 
16.5787718856 13.2867897714 3.44342185157 
16.4128279054 13.2486300434 3.4237476499 
16.2980669403 13.2186700071 3.31792887245 
16.1720794999 13.2047520841 3.05640251772 
16.0427903348 13.2271462644 2.9929051884 
15.9411522971 13.2536704505 3.05711961637 
15.8504238055 13.2748608554 3.27650801728 
15.7561747992 13.2715855802 3.43681523013 
15.6444419437 13.2468365396 3.43816960911 
15.5043065512 13.2156542505 3.43404456422 
15.3838278019 13.1891540254 3.42878542413 
15.2329155767 13.1561063493 3.2834769512 
15.0845910871 13.1470881666 2.97547260237 
14.8873578274 13.2061554159 2.60063070403 
14.815631386 13.2550216878 2.44335765177 
14.815631386 13.2550216878 2.44335765177 
14.6343785488 13.5570380653 1.82419316302 
14.6252226793 13.6062695945 1.80774342207 
14.5842122995 13.8413928712 1.83710119038 
14.5717301333 13.918667909 1.74395039669 
14.5717301333 13.918667909 1.74395039669 
14.5137628281 14.318100747 1.55996660191 
14.5247962439 14.4434475864 1.40070912263 
14.5574948752 14.5460686053 1.23237123191 
14.6295720303 14.6927376355 0.942322583796 
14.7264516317 14.8072122003 0.654493254993 
14.8775125706 14.8969453836 0.308917623122 
14.9859389627 14.9332322443 0.348509114027 
15.1503478849 14.9790244366 0.351314724233 
15.3048983776 15.0235216881 0.337222473743 
15.4640451634 15.0648184086 0.368434484601 
15.6050930881 15.101884302 0.351796760078 
15.6953164005 15.1278028677 0.348496291537 
15.8831310963 15.1805009584 0.352528968322 
16.0601504111 15.2305584748 0.321977897176 
16.1755695903 15.2603160965 0.319634639871 
16.3343643212 15.307612058 0.222858274802 
16.4588673675 15.3273461426 0.0504792547019 
16.6073870027 15.3253466527 0.0727883509335 
16.7752762997 15.3231975252 0.0496391535818 
16.914434191 15.3203623036 0.0585376619502 
17.1190741026 15.3171738426 0.0616771193451 
17.2466365063 15.313432161 0.0458883540384 
17.4155216181 15.3108457665 0.0326944843293 
17.5755628311 15.3076738531 0.0383035969285 
17.7876870596 15.3050684969 0.0459215476224 
17.950022217 15.3020164708 0.0517144752979 
18.1283647978 15.2973815205 -0.141667460243 
18.2534086668 15.2715977954 -0.401322714779 
18.4356698954 15.1603253225 -0.832949257759 
18.5477747881 15.0038152749 -1.20271058213 
18.5828666651 14.8728827799 -1.37105555537 
18.6056582892 14.7060462798 -1.37760346327 
18.6244986021 14.5392779077 -1.3723792732 
18.6414778196 14.4156104887 -1.40070484156 
18.6567339861 14.2620771492 4.69536070429 
18.6427688562 14.1292680467 4.62159069422 
18.6094398462 13.9365303482 4.61872749488 
18.5895502531 13.8124662603 4.5305669582 
18.5509235823 13.6552000011 4.25720270472 
18.493184086 13.5492389167 4.03623307209 
18.3952054941 13.4426660503 3.73195625858 
18.1980407202 13.3526550497 3.35978996339 
18.0764992201 13.33564901 3.30629881554 
17.9364168608 13.3242081369 3.30303726818 
17.7833222115 13.3114207948 3.30595604301 
17.6757087671 13.3022990192 3.30748943856 
17.4731733763 13.2847268547 3.30291737197 
17.293638941 13.2691965068 3.29686011956 
17.1908236706 13.2611936296 3.29694021105 
17.0406037533 13.250868317 3.29502553353 
16.8709001505 13.2445689405 3.31935120966 
16.7165284717 13.2300988401 3.33383611841 
16.5254901611 13.2161110605 3.30860420357 
16.3949700558 13.2042492593 3.28370938775 
16.2355337107 13.1879328454 3.29776414436 
16.1129455232 13.1775418485 3.29195661533 
15.943754349 13.164826032 3.29512024396 
15.7622081601 13.1510013307 3.29644279683 
15.650627684 13.1428581441 3.29527905934 
15.4535887205 13.1262742246 3.23704758769 
15.2832385265 13.1204527582 2.99247538799 
15.1359569394 13.1550086702 2.69563511036 
14.9863710367 13.2527717317 2.32958990237 
14.9834307396 13.255783316 2.31710633731 
14.9834307396 13.255783316 2.31710633731 
14.7779374086 13.6438925231 1.60826156002 
14.7855089867 13.7831542457 1.44596024468 
14.7940243446 13.8398909534 1.39968902474 
14.8488261664 14.0522370304 1.60614512907 
14.8474376165 14.1401256288 1.61632850638 
14.8562481367 14.2661545242 1.63200563112 
14.8614989483 14.4059945906 1.63712956745 
14.8725720608 14.595838126 1.60504817778 
14.874209162 14.626289543 1.60975638766 
14.8856393063 14.9128641451 1.51587449956 
14.8856393063 14.9128641451 1.51587449956 
14.9466887676 15.1337502266 1.00460298274 
15.0830072128 15.2951852682 0.577811858833 
15.1841903293 15.3550582493 0.377455524607 
15.3130953872 15.396512937 0.194689908531 
15.4824039602 15.4103083427 0.135870262528 
15.6421078407 15.4214175756 0.150313388146 
15.7995153033 15.4315703327 0.163936478726 
15.9606826418 15.4425353522 0.155557865766 
16.0990801417 15.4527250643 0.13603269359 
16.2118087077 15.4598151113 0.117525787452 
16.4192233049 15.4713781143 0.153292905384 
16.567274388 15.481044289 0.13893865074 
16.7069665157 15.4908616508 0.119460469428 
16.8679373824 15.5003404582 0.15479849134 
17.0290933811 15.5109538699 0.148951547644 
17.2118325197 15.5227616693 0.149774344293 
17.418238517 15.5336491133 0.13223308621 
17.5567823612 15.5426507557 0.1376066454 
17.7407199108 15.5531119371 0.156129501159 
17.9278447592 15.5633467997 0.142667995025 
18.097753998 15.5727249647 0.134631208432 
18.2291870081 15.5796261097 0.133644193447 
18.381854769 15.5881142879 0.13349335501 
18.6045398676 15.5991157855 0.125323250677 
18.809237715 15.6091543401 0.127733181425 
18.853934046 15.6093426312 0.121837150565 
18.853934046 15.6093426312 0.121837150565 
19.2177555525 15.6639925505 0.592460677035 
19.3383877241 15.733442005 0.878136415808 
19.3383877241 15.733442005 0.878136415808 
19.3383877241 15.733442005 0.878136415808 
19.3383877241 15.733442005 0.878136415808 
19.3383877241 15.733442005 0.878136415808 
19.3383877241 15.733442005 0.878136415808 
19.3383877241 15.733442005 0.878136415808 
19.0527663195 16.6228525604 3.29815758227 
18.8919384443 16.6069251264 3.6105844175 
18.7599558794 16.5510901178 3.76312186066 
18.6490614378 16.4837506975 3.76494446682 
18.4760069811 16.3787170614 3.76989838998 
18.3897137606 16.3267167772 3.76615880647 
18.2607347929 16.2486494745 3.76395728541 
18.1060593092 16.1533726419 3.7448251368 
17.9290575945 16.0487288202 3.76134442973 
17.8259885275 15.9849415387 3.76328653189 
17.7055826151 15.9116901124 3.75474840204 
17.5227538311 15.8030560578 3.74670841744 
17.4367260897 15.7508553828 3.75813173489 
17.3167303764 15.6795842017 3.75592327556 
17.1803482735 15.5985591377 3.75410456368 
17.0257054531 15.5063599313 3.76678164984 
16.9132099115 15.4392067457 3.75125298789 
16.7682365739 15.3528818975 3.75014239151 
16.6289249026 15.2685218791 3.71445985106 
16.4920788371 15.1953435878 3.49493094993 
16.3857244217 15.1633145849 3.45335592564 
16.2291379833 15.1235481913 3.45690007431 
16.0147487932 15.0706660117 3.458722595 
15.858130131 15.0338725115 3.43502444108 
15.7354339325 15.0029939229 3.45621655424 
15.5288011694 14.9537692035 3.46798033139 
15.4036064708 14.9225833977 3.47697019006 
15.3060625159 14.8984842564 3.46926492507 
15.0848889315 14.8442637588 3.61957533215 
14.9950877392 14.8111806775 3.80047934325 
14.8617202007 14.7227781976 4.10838297125 
14.7442785465 14.561762389 4.50363219608 
14.6993777716 14.3860354985 -1.43384985642 
14.7033137047 14.2833841408 -1.30474120587 
14.7341784203 14.149367925 -1.21641183511 
14.8079665863 13.9125739301 -1.21288247241 
14.8464606964 13.7679972614 -1.26481361026 
14.8733870947 13.6845971311 -1.15273939216 
14.8733870947 13.6845971311 -1.15273939216 
14.991050061 13.4457830156 -0.630758014776 
14.991050061 13.4457830156 -0.630758014776 
15.3181796038 13.2517476047 -0.29451803845 
15.4197795057 13.212283727 -0.299287925146 
15.6252927446 13.130608436 -0.124502433327 
15.7480940038 13.1056121553 -0.00795832877202 
15.9189975784 13.0906680788 -0.00535576641017 
16.0898646229 13.0745006765 0.0436760552501 
16.2271957957 13.0683561529 0.256520472659 
16.3227132225 13.0825074876 0.384012828321 
16.5264192187 13.1545387472 0.403147057325 
16.6520462 13.2017086709 0.383813023985 
16.7966554129 13.2550706829 0.232332926383 
16.9464129173 13.2781228984 0.152727571247 
17.1111767256 13.2846603359 0.131401465542 
17.2858979666 13.2958025897 0.140509714903 
17.4080630505 13.3043808902 0.139136433025 
17.541916486 13.3125035728 0.141002279296 
17.7441434824 13.3253413404 0.13922548726 
17.8826999628 13.3346677984 0.139285288862 
18.0229241812 13.3441115583 0.141612926885 
18.1351273024 13.3498096431 0.199662583771 
18.3129487002 13.3748676742 0.506721115945 
18.4416449034 13.4349260295 0.748900820104 
18.5715861284 13.5610796178 1.11328301287 
18.645921942 13.7012202705 1.47626010827 
18.6670434439 13.8858977521 1.74634827237 
18.6584861242 13.9686148132 1.75209640168 
18.6502969229 14.0501502717 1.75802093169 
18.6320788824 14.199663874 1.75637816679 
18.6094276869 14.3989600504 1.75825735225 
18.5873396361 14.5966221655 1.93344544381 
18.5324881041 14.7555628086 2.26075807134 
18.4329807722 14.8924161459 2.37874387308 
18.3245739901 15.014559027 2.40485994182 
18.1947984659 15.1599199886 2.56123903643 
18.1091473066 15.2284187966 2.63437931252 
17.9747703039 15.3135775889 2.65377713011 
17.8443194592 15.3983056212 2.71243917328 
17.6652623379 15.486380961 3.0503111088 
17.5250003302 15.5063591863 3.30639291115 
17.4030288422 15.4948363865 3.38362421776 
17.3357006275 15.4834289516 3.36590698798 
17.2863516771 15.4771326596 3.3505091279 
17.1856566631 15.4625610078 3.34874762856 
17.1203892195 15.4534106667 3.36259856036 
16.9595620596 15.4302240873 3.355063366 
16.7709736192 15.4029339666 3.36790673861 
16.6129972303 15.3788426335 3.3551785568 
16.4517352545 15.3544714491 3.36167472551 
16.3469002509 15.3375698889 3.35681588601 
16.2085559928 15.318368722 3.35919652159 
16.0012496227 15.2895306686 3.33287368925 
15.8729972729 15.2743181402 3.44415396991 
15.7155031377 15.2384391027 3.82846859991 
15.6483222061 15.2060194577 4.13781799203 
15.6122149789 15.1796316507 4.45900144017 
15.5857008957 15.1699167977 -1.46381106837 
15.5596602523 15.1671616475 -1.04095545784 
15.5342149102 15.1510504673 -0.611447539102 
15.5201774501 15.1317289958 -0.270598424599 
15.5170902276 15.1158720891 -0.0214072869848 
15.5380226934 15.0995991642 0.246030129939 
15.5895934069 15.1067516918 0.286938630324 
15.64457066 15.1194276477 0.286284396937 
15.7476993614 15.1419909636 0.278259765625 
15.856782023 15.1657828728 0.280771920224 
15.9327011855 15.1860431174 0.205919785538 
15.9832394683 15.2083034834 -0.144611853812 
15.9932519236 15.2238558002 -0.43521370008 
15.9867032358 15.258811096 -0.780167939452 
15.9880896547 15.2878529842 -0.993880119405 
15.9892405235 15.2872992458 -1.00390493087 
15.9878372439 15.2848309653 -1.00774156457 
15.987800371 15.28483611 -1.0090156176 
15.9881304764 15.2856404076 -1.00978820035 
15.9877659493 15.2849323789 -1.00739872902 
15.9880142921 15.2849068756 -1.00711174813 
15.9877783769 15.2851212511 -1.00746868728 
15.9877416753 15.2852234172 -1.00920018276 
15.9877965265 15.2851065474 -1.00751099387 
15.9882013911 15.2858299615 -1.00995632278 
15.9877669328 15.2851023453 -1.0073843293 
15.987755675 15.2851705405 -1.00702685768 
15.9876263105 15.2853943559 -1.00801087444 
15.9876540193 15.2853168997 -1.00596798858 
15.9877502361 15.2851646917 -1.00733541496 
15.9876668715 15.2852881553 -1.00598175264 
15.9877424726 15.2851683686 -1.00686128214 
15.9877475687 15.2851640771 -1.00705231002 
15.9876635038 15.285262611 -1.00622454817 
15.987729583 15.2851746122 -1.0069507786 
15.9877096751 15.2852623093 -1.00635504341 
15.987786878 15.2851324978 -1.00729467274 
15.9884592929 15.285918359 -1.0080550263 
15.9884565809 15.2864685098 -1.00696016275 
15.9881064334 15.2861136461 -1.00763206585 
15.9877949544 15.2851171794 -1.00722403374 
