15.9877949544 15.2851171794 -1.00722403374 
15.8398076856 15.170663398 0.387798198164 
15.8397997656 15.1706437359 0.387900642366 
15.8398652786 15.1706402863 0.388386308242 
15.8400641346 15.1709916557 0.386902196757 
15.8400599138 15.1709914247 0.386732847588 
15.8400616498 15.1709954257 0.386620060435 
15.8397899197 15.1706230978 0.387886566742 
15.8414632716 15.1708337257 0.402188675001 
15.8400532977 15.170967404 0.386896311826 
15.8400810027 15.17096952 0.386795743142 
15.8400592582 15.1709597821 0.386897586739 
15.8397824318 15.170605507 0.387755013552 
15.8400469535 15.1709371994 0.386721887511 
15.8397979439 15.1706173609 0.387744974347 
15.8400695847 15.1709588284 0.386719081379 
15.8400674687 15.1709582845 0.386655373685 
15.840029955 15.170950901 0.386489650121 
15.8400516139 15.1709503944 0.386794264099 
15.8400648126 15.1709580163 0.386685565009 
15.8398148232 15.1706296841 0.387591273141 
15.8398100251 15.1706155951 0.387554212164 
15.8398197704 15.1706087927 0.387626675917 
15.839815002 15.1706134568 0.387584371816 
15.8400726282 15.1709683577 0.38659464269 
15.8400693164 15.1709533895 0.386619871438 
15.8400761933 15.1709794963 0.386634490056 
15.8398369924 15.1706102158 0.387280357943 
15.8399289065 15.1707316826 0.387323336767 
15.8400572614 15.170971256 0.386314671597 
15.8400450872 15.1709638427 0.386369973701 
15.8400585094 15.1706238801 0.387220850779 
15.8399371804 15.1709689836 0.386246864613 
15.8399522529 15.1710240434 0.385893635581 
15.8395383769 15.1710946004 0.382835222065 
15.839769926 15.1705635677 0.393215799492 
15.839761749 15.1705704818 0.393665847675 
15.8398090975 15.1705791319 0.393104440304 
15.8395713941 15.1698537881 0.378989818375 
15.8399382682 15.1709489862 0.386151702382 
15.8396996559 15.1706138218 0.386750322514 
15.8397141063 15.1706264506 0.386985090108 
15.8397192397 15.1706296767 0.38690879798 
15.8399251887 15.1700506474 0.382078373522 
15.8396646009 15.1698346774 0.380154378047 
15.8397173249 15.1706290732 0.387137611256 
15.8395668195 15.1697263683 0.379533572368 
15.8399048113 15.170071047 0.382041361859 
15.8399894723 15.1709759797 0.385646001108 
15.8405450137 15.1712202246 0.381704110071 
15.8713987247 15.1794147941 0.396055961687 
15.9023217141 15.1920500661 0.319226888625 
15.9114122224 15.2086852586 0.0657293327695 
15.92878389 15.2180056556 -0.0567407994639 
15.980971899 15.209717816 -0.0828267333704 
16.0542533362 15.1976328867 -0.0720685002297 
16.1581663453 15.1821594501 -0.0912223643811 
16.2855611109 15.1627741719 -0.0702533231011 
16.4311825001 15.1424222926 -0.0832793760252 
16.5829496944 15.1180042143 -0.0741293686974 
16.7828875148 15.0869893248 -0.0721547676585 
16.9307596647 15.0641562159 -0.0772776118949 
17.0908793175 15.0397810454 -0.0740705523203 
17.251276251 15.0152846987 -0.0779074946776 
17.4031954968 14.9927457387 -0.0884706756203 
17.5639284813 14.968391713 -0.0824740606356 
17.7141959631 14.9445887173 -0.0765739567866 
17.8527419531 14.9218692447 -0.0733675534683 
18.0313229525 14.8938276435 -0.0632757888711 
18.1853020155 14.871528473 -0.195703180971 
18.3413186037 14.8240666951 -0.51338393095 
18.4745743239 14.7326607073 -0.822241026752 
18.5672993624 14.6078408922 -1.11665388386 
18.6177985632 14.4732883538 -1.20219178493 
18.6626749003 14.3234780396 -1.20659315877 
18.7102723086 14.1658089126 -1.36289129723 
18.7262494528 14.0265916551 4.69712861937 
18.7080159151 13.8649400438 4.63279828055 
18.6968305075 13.7869856323 4.62705429442 
18.6968305075 13.7869856323 4.62705429442 
18.6025338137 13.477897879 4.09625590721 
18.6025338137 13.477897879 4.09625590721 
18.4860749209 13.2871360744 2.7474389188 
18.4860749209 13.2871360744 2.7474389188 
18.0688276255 13.2157288755 3.16646555484 
17.9313652479 13.2226332391 3.16465718388 
17.7257902586 13.2348014081 3.17469562795 
17.6423928702 13.2384835447 3.17101535596 
17.4032070601 13.2495534385 3.16405579009 
17.2748329603 13.2561769451 3.16353584226 
17.1556669438 13.2647662128 3.16594807676 
16.9763810598 13.2796908582 3.1890653246 
16.9188911879 13.2828433479 3.16580784224 
16.6531937682 13.2972885335 3.35074787909 
16.5032650792 13.2703002656 3.46389472282 
16.3618764841 13.2338958944 3.40587990106 
16.246550765 13.2078815664 3.19768686518 
16.1159372145 13.2122455801 3.01025524118 
15.9870738276 13.2414389814 3.0101730736 
15.8847079083 13.2678790058 3.17240441849 
15.8047157862 13.2773523296 3.39190275056 
15.7152866238 13.2627706493 3.44046191981 
15.6042027139 13.2376266683 3.43438679637 
15.4538001084 13.2048798765 3.43761683865 
15.3039182984 13.1699444021 3.36216279028 
15.1580740773 13.1472164358 3.14250168213 
15.0050145948 13.16045272 2.81343323184 
14.8629132473 13.2209578718 2.5265966705 
14.815631386 13.2550216878 2.44335765177 
14.815631386 13.2550216878 2.44335765177 
14.6252226793 13.6062695945 1.80774342207 
14.6252226793 13.6062695945 1.80774342207 
14.5717301333 13.918667909 1.74395039669 
14.5717301333 13.918667909 1.74395039669 
14.5185962879 14.3037370409 1.56419186144 
14.5274544918 14.4515066112 1.40447272575 
14.5788062775 14.5996862615 1.12566827068 
14.6530897581 14.729718324 0.877104040191 
14.7634119951 14.8364556695 0.579213615352 
14.8711669409 14.8970059122 0.381984951146 
15.0454757177 14.9487554992 0.318168057503 
15.1903440916 14.9909556175 0.355175368725 
15.3364946806 15.0284620191 0.358802989118 
15.4711779618 15.0660291279 0.358260295953 
15.6294674539 15.1089369024 0.341195283997 
15.7909737119 15.1549311394 0.358118168703 
15.9190855232 15.1904585885 0.338725430005 
16.0893981272 15.2368173208 0.315571887245 
16.207493689 15.2695124543 0.335634824484 
16.3885545694 15.3209899704 0.129795633327 
16.5065747463 15.3270680944 0.0395121735051 
16.6742303931 15.3244838084 0.0498130415401 
16.825432893 15.3220021466 0.0513547629849 
16.9876228535 15.3198164592 0.0432381481193 
17.1422216856 15.3158696632 0.0561999106729 
17.2923852169 15.3122479061 0.0704293692225 
17.4657280409 15.309731331 0.041479768238 
17.6064530575 15.3075025121 0.061487170939 
17.7791702711 15.3046535219 0.0449231592516 
17.9287373983 15.3021736706 0.0542971885674 
18.0613880121 15.3016458193 -0.0375989411924 
18.2328705752 15.2782577167 -0.357898548424 
18.3719565832 15.2111256572 -0.671001411545 
18.4826104605 15.1085041429 -0.963403911105 
18.5535881483 14.9877660538 -1.22572407795 
18.5901150667 14.8237028981 -1.37302207641 
18.6108014547 14.6644425357 -1.37971654916 
18.6309525931 14.4982484544 -1.3798885763 
18.6505668127 14.3430184687 -1.47418021063 
18.6507182085 14.1783368553 4.62634496424 
18.6291956865 14.0514105524 4.63012317493 
18.604588505 13.9021940196 4.60547013565 
18.5768885576 13.7344759668 4.40220493664 
18.5218257868 13.5939910377 4.15945677733 
18.493184086 13.5492389167 4.03623307209 
18.2851808035 13.3803360427 3.50105667378 
18.1422305071 13.3491492237 3.33972414337 
17.9870727026 13.327923056 3.29590587759 
17.8339794838 13.3155351842 3.30560973597 
17.6966534817 13.304270264 3.30515849337 
17.5455572569 13.2911244596 3.30315222301 
17.3732429707 13.2764068807 3.30310502155 
17.2208557093 13.2638044322 3.29887809223 
17.0690342152 13.2540969814 3.29854810067 
16.92074072 13.2466479505 3.335405585 
16.7673440539 13.2348226274 3.30169968325 
16.6057255828 13.2211650575 3.28291095495 
16.4538992011 13.2100414003 3.29297029863 
16.3149675691 13.1943575109 3.29916593208 
16.1549783909 13.1810282434 3.29311529726 
16.0026935526 13.1691883768 3.29251619873 
15.8513137029 13.1579645837 3.29545785324 
15.702168774 13.1466897691 3.29637377459 
15.5480945968 13.134802934 3.29269542018 
15.4058799708 13.1230128969 3.18845932474 
15.2453703844 13.1238065923 2.90249378418 
15.0815507137 13.1809037889 2.56647451364 
14.9834307396 13.255783316 2.31710633731 
14.9834307396 13.255783316 2.31710633731 
14.7926056349 13.5707679952 1.76207793479 
14.7751017773 13.7144533361 1.56908691864 
14.7940243446 13.8398909534 1.39968902474 
14.8254154884 13.9678820337 1.48734479582 
14.8452253306 14.0960817302 1.62565440385 
14.8542439901 14.2255814041 1.65674939106 
14.8594586813 14.3775525654 1.66439425212 
14.8674404585 14.5159048999 1.60291100284 
14.8734657728 14.6702746714 1.6057723308 
14.8809919321 14.8404645289 1.56698282203 
14.8856393063 14.9128641451 1.51587449956 
14.967002269 15.164436307 0.935382673866 
15.0673541987 15.2819162721 0.628852669995 
15.1959229076 15.3608616332 0.356095782931 
15.3555473649 15.4019674028 0.138017868596 
15.5113021993 15.4119714464 0.136875547299 
15.6735085511 15.4229626025 0.140087107616 
15.8180919924 15.4337190355 0.155872029633 
15.980377745 15.4441088552 0.162013468157 
16.1413263046 15.4545170034 0.141257848888 
16.2932368779 15.4644127453 0.124046069576 
16.4398910963 15.4728141988 0.157048827266 
16.5848991239 15.4821948225 0.135972493899 
16.7583880388 15.4936433698 0.152009524432 
16.8958941662 15.5024000669 0.14009504642 
17.0408230984 15.5124710167 0.149711728912 
17.2031164133 15.5214828814 0.154123016387 
17.3751466238 15.5309959913 0.144373334264 
17.535105344 15.541203704 0.109203132559 
17.6949468815 15.5504885579 0.137370488517 
17.8466931545 15.5592586959 0.142176082436 
18.008091923 15.5679668153 0.134810348277 
18.1703894102 15.5765598978 0.138282008229 
18.3231754267 15.5854558314 0.131814944692 
18.4915194475 15.5931617881 0.137945641891 
18.6685836279 15.6021422709 0.125709842271 
18.8381223642 15.6099792684 0.127068477126 
18.853934046 15.6093426312 0.121837150565 
18.853934046 15.6093426312 0.121837150565 
19.2542347872 15.6790140832 0.692825277598 
19.3383877241 15.733442005 0.878136415808 
19.3383877241 15.733442005 0.878136415808 
19.3383877241 15.733442005 0.878136415808 
19.3383877241 15.733442005 0.878136415808 
19.3383877241 15.733442005 0.878136415808 
19.3383877241 15.733442005 0.878136415808 
19.3383877241 15.733442005 0.878136415808 
19.0312824213 16.6228270496 3.33905392618 
18.7942264044 16.5696908201 3.73591180171 
18.6677670443 16.4953081573 3.76428587171 
18.5375976526 16.4155884946 3.76451635825 
18.4256644213 16.3482025827 3.76396683205 
18.2717707121 16.2553787197 3.76482593394 
18.1394350493 16.1733558143 3.76058362875 
18.0190308058 16.0998538698 3.74518613865 
17.8793547117 16.0179766382 3.75614927482 
17.7604559624 15.9451237286 3.76037259907 
17.6180443728 15.860110339 3.75383496321 
17.4724006617 15.77280527 3.74702384172 
17.3423951828 15.6946862901 3.75886978535 
17.221647259 15.6235220397 3.75624342132 
17.0701030457 15.5330331887 3.75700366619 
16.941960212 15.4564110602 3.75359611893 
16.8188043797 15.3835919614 3.75156936262 
16.6716891491 15.2955184805 3.71926184278 
16.540734049 15.2167998052 3.54888014758 
16.3933672869 15.1661192293 3.4570539861 
16.2491823697 15.1285821984 3.45946184256 
16.0805735254 15.087639686 3.4657383054 
15.9227318132 15.0484554286 3.46284178428 
15.7648337 15.0103560055 3.45976596874 
15.5985288286 14.9698696698 3.45921942544 
15.4410969579 14.9333611096 3.44800123301 
15.2895439231 14.8948915864 3.47715001599 
15.1112918222 14.8508309091 3.57717163532 
14.9443734848 14.7850717569 3.89015907096 
14.8118926251 14.6712110008 4.23434363201 
14.7291533911 14.5300028885 4.53723635929 
14.6993777716 14.3860354985 -1.43384985642 
14.7178049051 14.2051277126 -1.24595299742 
14.7684922182 14.0396428073 -1.23004851012 
14.8159817421 13.8843992914 -1.20695065204 
14.8464606964 13.7679972614 -1.26481361026 
14.8733870947 13.6845971311 -1.15273939216 
14.8733870947 13.6845971311 -1.15273939216 
14.991050061 13.4457830156 -0.630758014776 
15.15808725 13.3304519618 1.27960665682 
15.3452622854 13.2416526044 -0.297842034592 
15.5433376395 13.1615799631 -0.246041371359 
15.7096375638 13.1110032762 -0.0314976187382 
15.8783749697 13.0957370962 -0.017636570784 
16.0170255863 13.0832992757 -0.00961268593474 
16.186888721 13.0675398077 0.178185540196 
16.3440492415 13.0883470739 0.398652097243 
16.4528685176 13.1270469392 0.444861685432 
16.6240728461 13.1909533704 0.398076655442 
16.767948445 13.245208856 0.278282378708 
16.9084997141 13.2723913158 0.149537828352 
17.0756324494 13.2859443391 0.125374892963 
17.2179063522 13.2907559837 0.144322616002 
17.3780615294 13.3021804059 0.140564565171 
17.541916486 13.3125035728 0.141002279296 
17.6927270853 13.3221689428 0.140918029624 
17.8322107756 13.3313285078 0.140445250839 
17.993226763 13.3420519794 0.138528415333 
18.1564378702 13.3507819141 0.223399743914 
18.3129487002 13.3748676742 0.506721115945 
18.4528477156 13.4458025659 0.867121051509 
18.5715861284 13.5610796178 1.11328301287 
18.6519317591 13.7215567792 1.51805119753 
18.6678638422 13.8339118923 1.70046472027 
18.6634213888 13.9374681676 1.76582558998 
18.6511948073 14.0440924133 1.75906829017 
18.6352331602 14.1724348033 1.75481040452 
18.6136481726 14.3613945211 1.75304311078 
18.5985610449 14.5121826495 1.81432329494 
18.5590126478 14.7025338376 2.17262981174 
18.4766831362 14.8383893932 2.35695363631 
18.3506836855 14.9850283528 2.39172687598 
18.2484955752 15.0999180491 2.44153192916 
18.1452679598 15.2033988799 2.64465486642 
18.023570534 15.2814584861 2.64056129633 
17.9064869845 15.3576116155 2.66584213903 
17.7756767237 15.4391048069 2.82902220383 
17.594687339 15.5029254521 3.20347299969 
17.4273875916 15.498451438 3.3846500929 
17.3357006275 15.4834289516 3.36590698798 
17.2779117787 15.4754742647 3.34842951711 
17.2082231009 15.4665059114 3.35144995915 
17.0962208473 15.450234201 3.36713542376 
16.9595620596 15.4302240873 3.355063366 
16.7709736192 15.4029339666 3.36790673861 
16.6041609013 15.3775432969 3.34998812473 
16.4656399452 15.3577275837 3.3673697665 
16.2649234795 15.3267101089 3.37165835191 
16.0734397137 15.2995251122 3.33955544922 
15.898522488 15.2768874022 3.3956870248 
15.7434128785 15.2483021759 3.7241434147 
15.6744138562 15.2206447127 3.99478792417 
15.6191922986 15.1848586092 4.38054380432 
15.5925648176 15.1687598268 4.70295375999 
15.57370561 15.1714716668 -1.28741597786 
15.5580696725 15.1657479594 -1.02705612786 
15.5363552534 15.1521285439 -0.664278775694 
15.5218483471 15.136222441 -0.343008469534 
15.5172532761 15.1174834485 -0.0517790331867 
15.5259977543 15.1010147298 0.204332445073 
15.5668778681 15.1018771345 0.292279897866 
15.6266855859 15.1146543736 0.291203509385 
15.697406184 15.1315355788 0.276860753828 
15.7956567594 15.1532082448 0.294907443473 
15.878344969 15.1701677556 0.281643590875 
15.9474513197 15.1921061652 0.141692855639 
15.9797626623 15.2062415111 -0.0937845655272 
15.9933014997 15.226883813 -0.475083194027 
15.986427609 15.26168637 -0.798177284383 
15.9878008329 15.2876462417 -0.987509862782 
15.9894758278 15.287828319 -1.01002917936 
15.9877862969 15.2849061976 -1.00787665506 
15.9883384147 15.2857664565 -1.01184672428 
15.9877345153 15.2849274802 -1.00732397256 
15.987669889 15.2850880849 -1.00618731073 
15.9881317207 15.2856383401 -1.00971343389 
15.9877343216 15.2851547042 -1.0070179111 
15.9877722749 15.2851242202 -1.00752104153 
15.9877416753 15.2852234172 -1.00920018276 
15.9877562412 15.2851608696 -1.00682584134 
15.9879099169 15.2853108237 -1.00798985551 
15.9877897986 15.2850862073 -1.00738279006 
15.9876476267 15.2853237393 -1.00589171229 
15.9877608084 15.285161786 -1.00697923539 
15.9877720216 15.2851489449 -1.00723109914 
15.9877824822 15.2851385551 -1.00729846382 
15.9876275995 15.2853453907 -1.00563210225 
15.9876536393 15.2853047627 -1.00604330442 
15.9881146887 15.2860541123 -1.00803408188 
15.9881805294 15.2858340221 -1.00967053912 
15.9880790004 15.2860712933 -1.00808530311 
15.9876782634 15.2853105071 -1.00600577408 
15.9877113813 15.2852706353 -1.00644202723 
15.988505941 15.2859682443 -1.0063503507 
15.9876174071 15.2853034365 -1.00594749141 
15.9877709263 15.2851084548 -1.00719207019 
15.9877552205 15.2850995327 -1.00698483925 
