15.8398059682 15.1706566329 0.387694089224 
15.8398076856 15.170663398 0.387798198164 
15.8397912347 15.1706414709 0.387885109236 
15.8397949339 15.1706212054 0.387704892972 
15.8398085536 15.1706247295 0.387713659422 
15.8400599138 15.1709914247 0.386732847588 
15.8398204112 15.1706496964 0.387525613651 
15.8401937747 15.1710710863 0.387120318888 
15.8397965768 15.1706185455 0.387914419116 
15.8400488981 15.1709835047 0.386739630061 
15.8400550486 15.1709634403 0.386904540903 
15.8400650882 15.1709544475 0.386866078888 
15.8400511184 15.1709473694 0.386703022711 
15.840061661 15.1709755326 0.386714427063 
15.8400649914 15.1709612946 0.386923398002 
15.8400523403 15.1709450598 0.386722840551 
15.8398070746 15.1705964322 0.387606687022 
15.8398060353 15.1706357265 0.387763483625 
15.8400670589 15.1709659065 0.386826104656 
15.8400538639 15.1709524209 0.386668642273 
15.8398125136 15.1706203262 0.387628472137 
15.8398108558 15.1706013049 0.387569027307 
15.8398219832 15.1706233064 0.387628255612 
15.8398262897 15.1706251095 0.387677024248 
15.839818217 15.1706247444 0.387483235701 
15.8398216666 15.1705971474 0.387370818276 
15.8400914335 15.170950454 0.386627294213 
15.8400871941 15.1709568168 0.38611052511 
15.8400648945 15.170929272 0.38642881877 
15.8398199343 15.1706514249 0.387251968463 
15.8400472515 15.1709514374 0.386619982297 
15.839603007 15.1697997118 0.38069744828 
15.8399566488 15.1709846223 0.38571156354 
15.84032451 15.1722925271 0.374363662116 
15.8401488365 15.1709238256 0.392231033145 
15.8397675046 15.1705592761 0.392976087064 
15.8397799396 15.1705558489 0.393241009381 
15.8396161237 15.1700044165 0.381247790227 
15.8397080937 15.1706635172 0.387037246289 
15.8399409206 15.1709497536 0.385878177375 
15.8397057393 15.1706472079 0.386990253891 
15.8399761916 15.1709816048 0.385811218313 
15.8396621273 15.1705072711 0.387245565426 
15.8399182932 15.1700662191 0.382207589548 
15.839972485 15.170971487 0.386097729264 
15.8399784454 15.1709436069 0.386178360155 
15.8388188035 15.1697209219 0.375917459055 
15.8399775961 15.1709786693 0.385970817533 
15.8397620433 15.1706442351 0.386745787997 
15.8597715424 15.1768403801 0.378817773703 
15.9011610375 15.19108516 0.329438662614 
15.9119772409 15.2049953828 0.124038354389 
15.9233094939 15.2174164692 -0.0475834922101 
15.9650674575 15.2123348529 -0.0892822023942 
16.0373970383 15.2006734389 -0.0785725030492 
16.1263921821 15.1877448375 -0.0840099241399 
16.2553608083 15.1676436851 -0.0852741054379 
16.4028234446 15.1464468206 -0.0833704799031 
16.5533519947 15.1225664879 -0.0726640877774 
16.692841109 15.1016130264 -0.062825904026 
16.8506411874 15.0767440612 -0.0751996060239 
17.0102046692 15.0518984909 -0.0737590526155 
17.1926469767 15.0245927388 -0.0714511876407 
17.3534960711 15.0009076113 -0.0860154038198 
17.495660659 14.9781496788 -0.0895578323983 
17.6842449867 14.9491950239 -0.078708347487 
17.8527419531 14.9218692447 -0.0733675534683 
18.0230121576 14.8954675461 -0.0581634822706 
18.1853020155 14.871528473 -0.195703180971 
18.3329694235 14.8282768393 -0.481418663734 
18.4686348402 14.7384429539 -0.811472062607 
18.5619544947 14.6197053159 -1.08480009131 
18.6160805189 14.4817331995 -1.20564819848 
18.6600615942 14.331467923 -1.20263915934 
18.7049188578 14.1868981088 -1.32951759457 
18.7263274157 14.0350322689 4.70636838683 
18.7098016703 13.8780381645 4.63410894858 
18.6968305075 13.7869856323 4.62705429442 
18.6968305075 13.7869856323 4.62705429442 
18.6025338137 13.477897879 4.09625590721 
18.6025338137 13.477897879 4.09625590721 
18.4860749209 13.2871360744 2.7474389188 
18.4860749209 13.2871360744 2.7474389188 
18.0688276255 13.2157288755 3.16646555484 
17.9480750525 13.2216190065 3.1680932659 
17.8286125624 13.2280918325 3.17138473542 
17.6423928702 13.2384835447 3.17101535596 
17.5229537451 13.2434395517 3.1647547412 
17.27915537 13.2559169496 3.16411032826 
17.1556669438 13.2647662128 3.16594807676 
17.0376031363 13.2723946537 3.16905240319 
16.9763810598 13.2796908582 3.1890653246 
16.6949234569 13.293852445 3.28695698598 
16.5661931598 13.2863084043 3.4675834906 
16.4378141725 13.2537989582 3.43556789458 
16.2916860842 13.2173148359 3.307283677 
16.1794216299 13.2042747701 3.06416270729 
16.0427903348 13.2271462644 2.9929051884 
15.9297736735 13.2564583982 3.07300616023 
15.8345466369 13.2771247591 3.3305803108 
15.7561747992 13.2715855802 3.43681523013 
15.6511517876 13.2483751739 3.43745083718 
15.5122884774 13.2175372804 3.43656357332 
15.3672946655 13.1851123537 3.42326257326 
15.2167880499 13.1537495817 3.25297498396 
15.0725499355 13.1487320627 2.97108045258 
14.9076482617 13.1963034833 2.62939751645 
14.815631386 13.2550216878 2.44335765177 
14.815631386 13.2550216878 2.44335765177 
14.6343785488 13.5570380653 1.82419316302 
14.6252226793 13.6062695945 1.80774342207 
14.5842122995 13.8413928712 1.83710119038 
14.5717301333 13.918667909 1.74395039669 
14.5717301333 13.918667909 1.74395039669 
14.5161652529 14.2955231036 1.60253039415 
14.5249907934 14.4578487838 1.31008041599 
14.571033951 14.5786977375 1.17059587597 
14.6417149269 14.7112837399 0.897911807734 
14.7339677775 14.8131998743 0.627592965598 
14.8711669409 14.8970059122 0.381984951146 
15.0106988513 14.941687193 0.343328150342 
15.1660356485 14.9841423298 0.342176144267 
15.3048983776 15.0235216881 0.337222473743 
15.4640451634 15.0648184086 0.368434484601 
15.6050930881 15.101884302 0.351796760078 
15.7449769491 15.1414451341 0.349109411566 
15.8831310963 15.1805009584 0.352528968322 
16.0315443092 15.2227344106 0.316774843632 
16.1755695903 15.2603160965 0.319634639871 
16.3275389933 15.3059393729 0.238482467741 
16.4480974638 15.3266789506 0.0742241356086 
16.6073870027 15.3253466527 0.0727883509335 
16.7752762997 15.3231975252 0.0496391535818 
16.9656708204 15.3193789239 0.0523864061529 
17.1190741026 15.3171738426 0.0616771193451 
17.2923852169 15.3122479061 0.0704293692225 
17.436371442 15.3102674971 0.0403960530983 
17.5978984797 15.3073495964 0.0538427557899 
17.7360879147 15.3050364892 0.0512190182846 
17.9201896155 15.3022390048 0.0554413354105 
18.102807995 15.2989435794 -0.0907553992043 
18.2697668039 15.2656175292 -0.435843387897 
18.3962674105 15.1936049054 -0.733629275387 
18.5077879393 15.0743048156 -1.03967803347 
18.5718154871 14.9247729147 -1.33417693594 
18.5964002573 14.7743700112 -1.37263073289 
18.6158745253 14.6231849159 -1.38974126316 
18.6340599024 14.4674530591 -1.37113903691 
18.6532976591 14.3174936737 -1.50866166955 
18.6464908087 14.149121877 4.61968384384 
18.6211667025 14.0008672441 4.62483704798 
18.5953068697 13.8510179485 4.56427372709 
18.568518635 13.7081520523 4.36472656276 
18.5001668894 13.5592302049 4.05475445286 
18.3982646429 13.4430568183 3.71762670796 
18.2554604971 13.3685805763 3.43985680263 
18.1169300043 13.341417786 3.32217541829 
17.9660041296 13.3263016904 3.30073648431 
17.7961509192 13.3120710815 3.30208154221 
17.6457978451 13.3002114261 3.30963205349 
17.5029352867 13.2872796024 3.30181399701 
17.3314317429 13.2720047201 3.29472534954 
17.1780555212 13.2601833309 3.29656318089 
17.0406037533 13.250868317 3.29502553353 
16.8758742773 13.2430778707 3.35756882608 
16.7165284717 13.2300988401 3.33383611841 
16.5639372432 13.2180241312 3.28613074055 
16.402289387 13.2056232656 3.34718896466 
16.2524331176 13.1892138685 3.29790174385 
16.1047014558 13.1769217218 3.29242336328 
15.9521276021 13.1655188764 3.29435889826 
15.8003309333 13.1536956991 3.29530144317 
15.6381150746 13.1419941152 3.29502716926 
15.4876944387 13.1301976408 3.25046967535 
15.3341609799 13.1195956434 3.080786005 
15.1755644047 13.1406921113 2.76763583606 
15.0310847723 13.2129572595 2.46456234007 
14.9834307396 13.255783316 2.31710633731 
14.9834307396 13.255783316 2.31710633731 
14.781237241 13.5950283969 1.81992200716 
14.7802566254 13.7514153684 1.45680524561 
14.7940243446 13.8398909534 1.39968902474 
14.832817074 13.9963805641 1.54209191729 
14.8452253306 14.0960817302 1.62565440385 
14.8546748125 14.2183668579 1.64544067832 
14.8594586813 14.3775525654 1.66439425212 
14.8685747349 14.5314011539 1.59310277122 
14.8734657728 14.6702746714 1.6057723308 
14.8809919321 14.8404645289 1.56698282203 
14.8856393063 14.9128641451 1.51587449956 
14.9620267117 15.1577072258 0.949300480878 
15.0527375304 15.2684220339 0.683480084508 
15.1763606631 15.3512522245 0.395970512096 
15.3264860475 15.3977276648 0.1570700633 
15.4746730888 15.4102138246 0.133671500093 
15.6210076177 15.4199679906 0.143425824589 
15.7778327578 15.4302892948 0.163893717234 
15.9370094688 15.4423736597 0.153484023289 
16.1029532069 15.4525323326 0.143918220734 
16.2630053126 15.4628949876 0.126244862157 
16.4192233049 15.4713781143 0.153292905384 
16.553730067 15.4804068173 0.129659936336 
16.7263355219 15.4915500844 0.145259859702 
16.8763018214 15.5008115436 0.156228099344 
17.0573207104 15.5127567614 0.161283125049 
17.2031164133 15.5214828814 0.154123016387 
17.3845168316 15.5321271981 0.131560848471 
17.5949764216 15.5439969862 0.133061969422 
17.7951267922 15.5566429163 0.141096626308 
17.9578957522 15.5653196538 0.137910018565 
18.1103625261 15.5731118287 0.139548843266 
18.2711572611 15.582325008 0.13184772362 
18.4707698786 15.592529055 0.131898210506 
18.6563951933 15.6011100675 0.129625459539 
18.8306329214 15.6093259717 0.130252152085 
18.853934046 15.6093426312 0.121837150565 
18.853934046 15.6093426312 0.121837150565 
19.2237293684 15.6685137416 0.60584706157 
19.3383877241 15.733442005 0.878136415808 
19.3383877241 15.733442005 0.878136415808 
19.3383877241 15.733442005 0.878136415808 
19.3383877241 15.733442005 0.878136415808 
19.3383877241 15.733442005 0.878136415808 
19.3383877241 15.733442005 0.878136415808 
19.3383877241 15.733442005 0.878136415808 
19.0527663195 16.6228525604 3.29815758227 
18.834137913 16.5872241224 3.69144896366 
18.6563377344 16.4875640834 3.75119026505 
18.5193452799 16.4049758876 3.76817568311 
18.3897137606 16.3267167772 3.76615880647 
18.2346157992 16.2326439584 3.76388437667 
18.0992953741 16.1484501923 3.74196262821 
17.9659247362 16.0701127017 3.76155731893 
17.843685385 15.9962124194 3.75645461635 
17.6864677631 15.9013886417 3.74935549245 
17.5777947867 15.8354916538 3.76163106236 
17.4293475115 15.746546861 3.76162110457 
17.2803964579 15.6582837368 3.75775641444 
17.1511108839 15.581110325 3.75612424942 
17.0003943407 15.4910287524 3.76690338866 
16.8613095247 15.4102167154 3.75612555171 
16.7352035606 15.3335543985 3.75004287147 
16.6020814144 15.253193686 3.66804349705 
16.4652507269 15.1853325854 3.47579964588 
16.3292535209 15.1504793207 3.46815888439 
16.1684000754 15.1093173886 3.46065325127 
16.0029051119 15.0680436904 3.45524543006 
15.8458544762 15.0311094935 3.43414525805 
15.6766378098 14.9888069744 3.46125496545 
15.4695728981 14.9389744664 3.45364766907 
15.3060625159 14.8984842564 3.46926492507 
15.133920964 14.8564109767 3.56218922308 
14.961789366 14.7943597103 3.85654428572 
14.84091663 14.7020763124 4.16030357696 
14.7504982912 14.5783256854 4.44394429395 
14.7038085425 14.4345200623 -1.54371771631 
14.7062177622 14.2554641927 -1.2872317958 
14.7630439961 14.0525445903 -1.18979742428 
14.8102309668 13.9043312038 -1.21145620844 
14.8464606964 13.7679972614 -1.26481361026 
14.8733870947 13.6845971311 -1.15273939216 
14.8733870947 13.6845971311 -1.15273939216 
14.991050061 13.4457830156 -0.630758014776 
15.2984486782 13.2589864696 -0.292175672225 
15.4479728901 13.2009357179 -0.299042531526 
15.5898024106 13.1431761945 -0.186363447854 
15.7397438103 13.106577989 -0.013065788807 
15.898434112 13.0926240648 -0.0113122856356 
16.0600317829 13.077988025 0.0161036399559 
16.2077563965 13.067590114 0.226237639815 
16.3668811285 13.093497392 0.499811522865 
16.5021228158 13.145691749 0.410202690936 
16.6520462 13.2017086709 0.383813023985 
16.7966554129 13.2550706829 0.232332926383 
16.9464129173 13.2781228984 0.152727571247 
17.1111767256 13.2846603359 0.131401465542 
17.2560552322 13.293611523 0.141607704949 
17.4080630505 13.3043808902 0.139136433025 
17.563319441 13.31348395 0.140604110949 
17.7012777292 13.3227196897 0.142131299385 
17.8701040709 13.33377504 0.139762213879 
18.0229241812 13.3441115583 0.141612926885 
18.176413294 13.352307793 0.247546228632 
18.3209583723 13.3775355781 0.521753828388 
18.4528477156 13.4458025659 0.867121051509 
18.5680758917 13.5534323419 1.11804659533 
18.6432983839 13.6937249864 1.45613299401 
18.6677467787 13.8240705694 1.69273075699 
18.6634213888 13.9374681676 1.76582558998 
18.6511948073 14.0440924133 1.75906829017 
18.6394436323 14.1389172042 1.75685067711 
18.6169455015 14.3319311107 1.75428433318 
18.6053497755 14.4424937333 1.7795419483 
18.578443762 14.6420893634 2.03804501714 
18.4894313776 14.8218473459 2.34391102579 
18.356152054 14.9788575734 2.39252758984 
18.2579100096 15.0910495038 2.43979809345 
18.1347322428 15.211498501 2.63043564039 
18.023570534 15.2814584861 2.64056129633 
17.8808963263 15.3748906816 2.68342494982 
17.7287050449 15.4620898629 2.92064693674 
17.5744458401 15.5055711831 3.22586956491 
17.4415563309 15.4999554122 3.3830911033 
17.3499088251 15.4852984811 3.37889240818 
17.291095134 15.4782987351 3.36010269402 
17.2203350031 15.4684802408 3.35792633775 
17.1266045534 15.4541333879 3.35916854256 
17.0158163273 15.4376368488 3.36499533062 
16.8502373063 15.415203389 3.35993848298 
16.6341189706 15.3814479376 3.34687278743 
16.5030165279 15.3629211898 3.34909623931 
16.3362143898 15.337240618 3.35871927065 
16.1826440358 15.3152545954 3.3486928234 
15.931134537 15.279974554 3.36670774927 
15.8028609493 15.2610903441 3.54170645035 
15.7034510785 15.2348167056 3.87878976842 
15.6320124232 15.1951846185 4.26588790713 
15.6022630894 15.1734259392 4.56606671739 
15.5779437387 15.1729106049 -1.34919798269 
15.5596602523 15.1671616475 -1.04095545784 
15.5363552534 15.1521285439 -0.664278775694 
15.5218483471 15.136222441 -0.343008469534 
15.5164826476 15.1121759678 0.0339036749355 
15.5360861981 15.0994267131 0.235107843778 
15.5826103651 15.1053831691 0.286961106515 
15.6296627783 15.1157832781 0.296700059274 
15.7401633525 15.1399743224 0.27544962418 
15.8451379054 15.1639336015 0.301834799515 
15.9213268199 15.1811044442 0.247812372061 
15.9665257895 15.1996457728 0.0337607323724 
15.9898997509 15.2144402957 -0.264813936797 
15.9934298285 15.2337538267 -0.556668834853 
15.9853897729 15.2702760885 -0.843602674864 
15.9884573334 15.2879807281 -0.999431688343 
15.989401687 15.2875972281 -1.00737985149 
15.9881860578 15.285633594 -1.00990518045 
15.9878332653 15.2848491075 -1.00935505297 
15.9877687507 15.2849269661 -1.00743929911 
15.9877487385 15.2849396656 -1.00743822307 
15.9880142921 15.2849068756 -1.00711174813 
15.9878058248 15.2851125787 -1.00705907048 
15.9875918367 15.2854106652 -1.00798331973 
15.9876178169 15.2854255552 -1.00774680031 
15.9877758288 15.2851100753 -1.00724548402 
15.9877380842 15.2851463521 -1.00697152808 
15.9878864103 15.2852746735 -1.00805966284 
15.9876490646 15.2852935346 -1.00618647762 
15.987662878 15.2853311228 -1.00585925297 
15.9876892531 15.2852690222 -1.00612222911 
15.987614561 15.2853463034 -1.00575145957 
15.9876437375 15.285300039 -1.00599509054 
15.9876703733 15.2853128018 -1.00605496925 
15.9876998403 15.2852417308 -1.00624383722 
15.9878053033 15.2850965525 -1.00736798673 
15.9877850526 15.2855611148 -1.00660520845 
15.9876667076 15.2853031086 -1.00607115495 
15.9877776914 15.2851112189 -1.00736095282 
15.9880894684 15.2851727384 -1.00437787555 
15.9876480364 15.2852887327 -1.00594507914 
15.9877977708 15.2850984188 -1.00745893043 
