15.8398059682 15.1706566329 0.387694089224 
15.8400604838 15.1710039193 0.386802544019 
15.8397912347 15.1706414709 0.387885109236 
15.8397949339 15.1706212054 0.387704892972 
15.8400641346 15.1709916557 0.386902196757 
15.8397933432 15.1706477145 0.387905357263 
15.8400616498 15.1709954257 0.386620060435 
15.8401937747 15.1710710863 0.387120318888 
15.8397208565 15.1706047545 0.387002490661 
15.8398032786 15.1706180165 0.387908519286 
15.8397965842 15.1706121753 0.387777733992 
15.8400606887 15.1709684769 0.386761133992 
15.8400694319 15.1709506849 0.386656050015 
15.8400599548 15.1709733124 0.386789697231 
15.8400497661 15.1709572638 0.386894004268 
15.840068143 15.170957532 0.386727314598 
15.8400618919 15.1709465201 0.386811647772 
15.8398106584 15.1706086139 0.387734315431 
15.8398053535 15.1705990399 0.387597572573 
15.8398023063 15.1706199388 0.387711124215 
15.8397979477 15.1706187988 0.387683730064 
15.839810595 15.1706017295 0.387647770416 
15.8400784844 15.1709604601 0.386742185973 
15.8398175352 15.1706151778 0.387522249477 
15.8400833422 15.1709724481 0.386655510518 
15.8398323321 15.1706069077 0.387469377524 
15.8398326636 15.170611907 0.38771705906 
15.8398353645 15.1706216673 0.387184219716 
15.8400572614 15.170971256 0.386314671597 
15.8400450872 15.1709638427 0.386369973701 
15.839809809 15.1706060881 0.387212914621 
15.8399721497 15.170948569 0.385905848392 
15.8397299276 15.1706821064 0.386678241939 
15.8390160018 15.1702467317 0.404527612913 
15.839754332 15.170533147 0.392971850864 
15.8397764118 15.1705580617 0.393023726171 
15.8398090975 15.1705791319 0.393104440304 
15.8396553883 15.1704890544 0.385631738334 
15.8397098893 15.1706422011 0.387063258725 
15.8399381788 15.1709777603 0.385775847532 
15.8399532923 15.1709929819 0.386070895602 
15.8397106455 15.1706198866 0.387049537959 
15.8396243342 15.1698196645 0.380255631771 
15.839994874 15.1709475184 0.386374728123 
15.8397280463 15.1706151331 0.387175609537 
15.8395704628 15.169739146 0.379380954924 
15.8397395724 15.1706444735 0.387058085762 
15.8397448213 15.1706167946 0.386783711715 
15.8471389489 15.1732241626 0.38126911958 
15.8792682049 15.1814576613 0.374212216323 
15.9075573665 15.1957788209 0.285806112222 
15.9135554434 15.214393344 -0.0171360153466 
15.9423972891 15.2165449767 -0.0873157898367 
15.9970458784 15.2067600938 -0.0737395442899 
16.0857103729 15.1934225711 -0.0763889849237 
16.1980022454 15.1767426769 -0.068549788941 
16.3432377839 15.1546471233 -0.071463310038 
16.4936698043 15.132621702 -0.0859300740144 
16.6553125941 15.1067244525 -0.0874531425618 
16.7997425162 15.0846467132 -0.0741456065561 
16.9808460438 15.0562240745 -0.0726543884176 
17.1205980742 15.0354443307 -0.073781469578 
17.2428768837 15.016616028 -0.0775325612969 
17.4281014168 14.9889294768 -0.0896635187991 
17.5852012598 14.9652238155 -0.0808026711186 
17.7956436836 14.9314489032 -0.0744412327869 
17.993822571 14.9002380634 -0.0589013260086 
18.1718604529 14.8746373917 -0.175550499487 
18.3413186037 14.8240666951 -0.51338393095 
18.4745743239 14.7326607073 -0.822241026752 
18.5920879805 14.55431157 -1.18666561858 
18.6386499369 14.4020066823 -1.21269945948 
18.6854484045 14.2532641853 -1.24824683039 
18.7192263567 14.1242221559 -1.43719980362 
18.7203581297 13.9547251428 4.647599653 
18.6968305075 13.7869856323 4.62705429442 
18.6968305075 13.7869856323 4.62705429442 
18.6217806303 13.511827823 4.13039392241 
18.6025338137 13.477897879 4.09625590721 
18.5200743639 13.3314963544 2.77452388214 
18.4860749209 13.2871360744 2.7474389188 
18.1848761999 13.2165583337 3.2171985489 
17.9649763071 13.2210482324 3.16749018879 
17.8286125624 13.2280918325 3.17138473542 
17.7209116184 13.2342485155 3.16395799248 
17.5229537451 13.2434395517 3.1647547412 
17.4032070601 13.2495534385 3.16405579009 
17.2748329603 13.2561769451 3.16353584226 
17.0376031363 13.2723946537 3.16905240319 
16.9763810598 13.2796908582 3.1890653246 
16.7287295425 13.2925633157 3.24501844402 
16.6067899429 13.2907371486 3.42381417324 
16.460737642 13.2604247297 3.41412787579 
16.3312941455 13.2258721555 3.36206746983 
16.2107195818 13.2034379209 3.10998591484 
16.0736491346 13.2204724515 2.99795938374 
15.9499743321 13.2513370479 3.04706220825 
15.8670634498 13.2717735733 3.2239273575 
15.7868251168 13.2757644618 3.41242266514 
15.6957853847 13.2578175033 3.4329393903 
15.5596249365 13.2281805242 3.43704230084 
15.4043835961 13.1938286985 3.431629358 
15.2247746551 13.154914018 3.26870382506 
15.0725499355 13.1487320627 2.97108045258 
14.9368570411 13.1833540166 2.6885123096 
14.815631386 13.2550216878 2.44335765177 
14.815631386 13.2550216878 2.44335765177 
14.6282967293 13.5800255502 1.84617676755 
14.6252226793 13.6062695945 1.80774342207 
14.5717301333 13.918667909 1.74395039669 
14.5717301333 13.918667909 1.74395039669 
14.5176782572 14.299971875 1.570827637 
14.5274544918 14.4515066112 1.40447272575 
14.5782524311 14.5922985638 1.18425612977 
14.6530897581 14.729718324 0.877104040191 
14.7633808815 14.8386546041 0.616961982729 
14.8893729412 14.9029252792 0.37985492915 
15.0523468816 14.9516383077 0.344730132149 
15.2062815392 14.9960098828 0.3468546365 
15.3637408578 15.0378186817 0.366532098581 
15.5193228984 15.0786241556 0.35108485453 
15.7449769491 15.1414451341 0.349109411566 
15.9114113861 15.1886800716 0.33301319884 
16.0692954325 15.2320447064 0.312707239091 
16.207493689 15.2695124543 0.335634824484 
16.3430182302 15.3106680254 0.203061746313 
16.4881369435 15.3271551246 0.0593964618672 
16.6314468944 15.3254610787 0.0474474410646 
16.7843321526 15.3228599394 0.0730665253212 
16.9656708204 15.3193789239 0.0523864061529 
17.1119894945 15.3159756924 0.0688858154161 
17.2744127476 15.3126969973 0.0530304859418 
17.4443329537 15.3100706602 0.0455204156278 
17.6277077162 15.307068419 0.054937698151 
17.8176097834 15.3047860304 0.0467591048399 
17.9931788408 15.3030607517 0.0196361543776 
18.1326005423 15.2970163191 -0.150544060328 
18.3286097014 15.2383099164 -0.56264210195 
18.4356698954 15.1603253225 -0.832949257759 
18.5421056711 15.0154696966 -1.17878725322 
18.5855119192 14.856109109 -1.36876853156 
18.6056582892 14.7060462798 -1.37760346327 
18.6235425436 14.5561435188 -1.37689607958 
18.6444601976 14.3944752778 -1.41993663971 
18.6562075579 14.2396513189 4.67149940344 
18.6378123724 14.1010689701 4.62598225865 
18.6111595595 13.9443063701 4.61294760403 
18.5839204752 13.774662372 4.48484599361 
18.531694647 13.6112067665 4.16393652152 
18.493184086 13.5492389167 4.03623307209 
18.3165879213 13.3938598598 3.55259746269 
18.1516184771 13.3491413558 3.35295568999 
17.9570465052 13.325829264 3.29820664507 
17.7751587593 13.3106454576 3.30151024297 
17.6414654219 13.2998675073 3.30781545703 
17.4731733763 13.2847268547 3.30291737197 
17.3230295145 13.2714010442 3.29490670556 
17.1608205998 13.2588713134 3.29758696353 
17.0189019405 13.2516219581 3.30409090057 
16.8509257996 13.2419360841 3.35463337147 
16.6940342748 13.2282139028 3.2862203079 
16.5535893404 13.2182859148 3.33502680239 
16.3949700558 13.2042492593 3.28370938775 
16.2355337107 13.1879328454 3.29776414436 
16.0817767495 13.1759203638 3.24970000236 
15.9313727991 13.1638272966 3.29559529943 
15.7918765732 13.1531060899 3.29558391874 
15.6294691527 13.1415387357 3.29519552413 
15.4660920763 13.1273308958 3.2458075432 
15.3223881089 13.1195350851 3.06721480967 
15.1755644047 13.1406921113 2.76763583606 
15.0548407399 13.195508119 2.51239448548 
14.9834307396 13.255783316 2.31710633731 
14.9834307396 13.255783316 2.31710633731 
14.781237241 13.5950283969 1.81992200716 
14.7802566254 13.7514153684 1.45680524561 
14.812884804 13.9113374914 1.46847196723 
14.8440026009 14.0284624065 1.612740295 
14.847042557 14.1157710517 1.62649332557 
14.8513740265 14.2494721378 1.63315866246 
14.8612139189 14.4197407926 1.65707292658 
14.8725825512 14.6194847787 1.62787830587 
14.8781894409 14.8043060864 1.62430598993 
14.9191275203 15.0733126367 1.15954459379 
14.977024492 15.1793943013 0.923820127988 
15.132909652 15.3275129388 0.499961889404 
15.2661923134 15.3846139873 0.23737971764 
15.4327939117 15.4077269102 0.130571776464 
15.5830958747 15.4173010702 0.143323255627 
15.7778327578 15.4302892948 0.163893717234 
15.9370094688 15.4423736597 0.153484023289 
16.1209547335 15.453566801 0.130619901842 
16.2630053126 15.4628949876 0.126244862157 
16.4192233049 15.4713781143 0.153292905384 
16.5742273295 15.4815804327 0.1287284416 
16.7362971866 15.4926414455 0.138879186301 
16.8679373824 15.5003404582 0.15479849134 
17.0698401892 15.5135435427 0.159806779484 
17.2192132437 15.523153689 0.143298243052 
17.3845168316 15.5321271981 0.131560848471 
17.535105344 15.541203704 0.109203132559 
17.6949468815 15.5504885579 0.137370488517 
17.9278447592 15.5633467997 0.142667995025 
18.0805892908 15.5721726085 0.135018064054 
18.2207279169 15.5790693725 0.13342427483 
18.310875889 15.5847682322 0.126626565679 
18.4590594732 15.5928896333 0.127624486157 
18.6259515249 15.6002504791 0.131004553969 
18.809237715 15.6091543401 0.127733181425 
18.853934046 15.6093426312 0.121837150565 
18.853934046 15.6093426312 0.121837150565 
19.2542347872 15.6790140832 0.692825277598 
19.3383877241 15.733442005 0.878136415808 
19.3383877241 15.733442005 0.878136415808 
19.3383877241 15.733442005 0.878136415808 
19.3383877241 15.733442005 0.878136415808 
19.3383877241 15.733442005 0.878136415808 
19.3383877241 15.733442005 0.878136415808 
19.3383877241 15.733442005 0.878136415808 
19.0483708346 16.6225385631 3.29893950519 
18.8711252176 16.6009603704 3.64173219017 
18.7036161387 16.5170375074 3.76422738658 
18.5375976526 16.4155884946 3.76451635825 
18.3466253245 16.3002375329 3.76444785073 
18.1748506987 16.1964742506 3.77436603498 
18.0079419577 16.0925455655 3.73838185059 
17.8619792425 16.0071166123 3.75510137931 
17.7484887802 15.9388472403 3.74806318349 
17.5914678537 15.8447114194 3.7589953698 
17.4543832504 15.7620819772 3.75254151019 
17.3276945316 15.6860520209 3.75323296954 
17.1834641659 15.6010501648 3.76074459382 
17.0559028351 15.5239729548 3.75079467985 
16.9240719044 15.4457032199 3.75277288083 
16.7863264048 15.363871109 3.75078452014 
16.6646648013 15.291242786 3.72118018974 
16.5403540098 15.2182653269 3.65950074249 
16.3772160077 15.1612244512 3.45110540523 
16.2007728481 15.116765965 3.45656651946 
16.0516778642 15.0803628082 3.46318716701 
15.9143590314 15.0463341291 3.4591010938 
15.7354339325 15.0029939229 3.45621655424 
15.5363284313 14.9542303647 3.46625820846 
15.4036064708 14.9225833977 3.47697019006 
15.2411757075 14.8808313573 3.45835470385 
15.0469310248 14.8329508568 3.67766381714 
14.9188045227 14.7685377265 3.95845618634 
14.7770514452 14.6214851106 4.36530479368 
14.7197999918 14.5014959539 4.6141157673 
14.6991831028 14.3227659429 -1.32534630728 
14.7260200941 14.176708814 -1.2298758445 
14.7738869154 14.0223902429 -1.22518716837 
14.8268778288 13.8464767898 -1.20835253164 
14.8733870947 13.6845971311 -1.15273939216 
14.8733870947 13.6845971311 -1.15273939216 
14.8733870947 13.6845971311 -1.15273939216 
14.991050061 13.4457830156 -0.630758014776 
15.310236808 13.2547252143 -0.29294435887 
15.4841070139 13.1864711011 -0.290124055343 
15.6964754277 13.1132186616 -0.0402007293794 
15.8272135594 13.1000019277 -0.014188175427 
15.999710966 13.0851520265 -0.0158159634823 
16.159417566 13.0693691934 0.118138912984 
16.300106492 13.076878425 0.376067415041 
16.4528685176 13.1270469392 0.444861685432 
16.6323178374 13.194297191 0.396443951596 
16.7843969428 13.251264211 0.267899809333 
16.9791871273 13.2800458635 0.162664085679 
17.1485233271 13.287056681 0.134399928614 
17.3069606983 13.2970267499 0.141527548688 
17.4379531109 13.3066189254 0.140825567829 
17.5927003586 13.3153939212 0.141212177067 
17.7525514328 13.3258765901 0.139148149298 
17.9422140085 13.3387210334 0.139213482408 
18.1094329321 13.3486714328 0.182019508243 
18.2635083162 13.3634328807 0.394104217119 
18.4039823973 13.4144895042 0.706340833126 
18.5232570135 13.5033345188 0.997852165595 
18.6169533693 13.631588694 1.3099119237 
18.6587331259 13.7503594125 1.57436258893 
18.6677534544 13.8636254037 1.72683414549 
18.6554815733 13.9936286176 1.7459049376 
18.6441574061 14.1011630262 1.75694865655 
18.6311294996 14.2076140607 1.75635132336 
18.6136481726 14.3613945211 1.75304311078 
18.5891671145 14.5839885438 1.90926967551 
18.5292189085 14.7628524269 2.27232597076 
18.3781812155 14.953893658 2.39333685053 
18.2426135504 15.1083142574 2.47228896424 
18.1091473066 15.2284187966 2.63437931252 
17.9662930929 15.3180061618 2.64943302882 
17.8443194592 15.3983056212 2.71243917328 
17.6719475948 15.4844741041 3.033799645 
17.5427995884 15.5065349008 3.28644321823 
17.3659884894 15.4879745806 3.37874676201 
17.291095134 15.4782987351 3.36010269402 
17.2203350031 15.4684802408 3.35792633775 
17.1203892195 15.4534106667 3.36259856036 
17.005246278 15.436975878 3.35970158047 
16.8622596228 15.4165185655 3.36886596885 
16.6427796447 15.3826125974 3.34679206832 
16.4732733929 15.3581058348 3.34917520389 
16.2501677239 15.3247002552 3.35617266213 
16.0520556682 15.296824761 3.33219258315 
15.9237589874 15.2790236326 3.36908358331 
15.8028609493 15.2610903441 3.54170645035 
15.7034510785 15.2348167056 3.87878976842 
15.6427560413 15.2014832425 4.17861387948 
15.6097848379 15.1783968734 4.48200113813 
15.5779437387 15.1729106049 -1.34919798269 
15.5580696725 15.1657479594 -1.02705612786 
15.5291047656 15.1461001227 -0.51949674233 
15.5181637668 15.12415218 -0.153442868662 
15.5185562932 15.1053646172 0.144904159697 
15.5490342044 15.1007215793 0.263964470308 
15.6158318781 15.1124073679 0.291280764457 
15.6798049622 15.1276976953 0.291393068505 
15.779859882 15.1491650308 0.289234545808 
15.878344969 15.1701677556 0.281643590875 
15.9497211167 15.1932155343 0.129358695155 
15.9891527855 15.2136727518 -0.250023990074 
15.9923667276 15.2309152486 -0.512036323075 
15.9850560614 15.2733841392 -0.86716297517 
15.9880896547 15.2878529842 -0.993880119405 
15.9895509594 15.2878700348 -1.01231382487 
15.9878212401 15.2849472875 -1.00761868363 
15.9883384147 15.2857664565 -1.01184672428 
15.9876634964 15.2850784364 -1.00615370705 
15.9877397233 15.2849385182 -1.0075152163 
15.9880142921 15.2849068756 -1.00711174813 
15.9877194726 15.2852517555 -1.00899756797 
15.9877751881 15.2851266565 -1.00735716134 
15.9877914229 15.2851049679 -1.00733016643 
15.9882013911 15.2858299615 -1.00995632278 
15.9877843821 15.2851102653 -1.00758268401 
15.9876554051 15.2852935719 -1.00627502212 
15.9876936265 15.2852705049 -1.00620151919 
15.9877720216 15.2851489449 -1.00723109914 
15.9877248668 15.2852428297 -1.00914798483 
15.9876275995 15.2853453907 -1.00563210225 
15.9877706655 15.2851146387 -1.00731731443 
15.9878159949 15.2850947233 -1.00747703169 
15.9876752534 15.2853098961 -1.0064073327 
15.9877537006 15.2850914972 -1.00695562787 
15.9877972418 15.2851342561 -1.0072326743 
15.9876295888 15.2853356639 -1.00578801093 
15.9876278379 15.2853324453 -1.00568512623 
15.9880338499 15.285179809 -1.00290138567 
15.9881064334 15.2861136461 -1.00763206585 
15.9877949544 15.2851171794 -1.00722403374 
