15.8398104982 15.1706454421 0.387849334387 
15.8397912347 15.1706414709 0.387885109236 
15.8397836686 15.1706371198 0.387759517415 
15.8400468604 15.1709674338 0.386966975681 
15.8397923337 15.1706420595 0.387759644548 
15.8400616498 15.1709954257 0.386620060435 
15.8401937747 15.1710710863 0.387120318888 
15.8400537745 15.1709756891 0.386939354789 
15.8400479333 15.1709667484 0.386834546165 
15.8397881874 15.1706150661 0.387701439035 
15.8400606887 15.1709684769 0.386761133992 
15.8398027384 15.1706136356 0.387785184598 
15.8400599548 15.1709733124 0.386789697231 
15.8400649914 15.1709612946 0.386923398002 
15.840068143 15.170957532 0.386727314598 
15.8397944906 15.1706040467 0.387661867757 
15.8400684894 15.1709662194 0.38676580147 
15.8398114481 15.1705986227 0.387652474247 
15.8398008571 15.1706137846 0.387630107685 
15.8400657886 15.1709343905 0.38659986393 
15.8400635348 15.1709825883 0.386692417307 
15.8400784844 15.1709604601 0.386742185973 
15.8398262897 15.1706251095 0.387677024248 
15.8400858008 15.1709580089 0.386512247279 
15.8400620409 15.1709512437 0.386426329515 
15.8400914335 15.170950454 0.386627294213 
15.8398408593 15.1706224869 0.387254027504 
15.8400572614 15.170971256 0.386314671597 
15.8400658296 15.1709895025 0.385839311616 
15.839809809 15.1706060881 0.387212914621 
15.8396685497 15.1706577952 0.387129675294 
15.8399365583 15.1709945391 0.385847359861 
15.839044165 15.1701588074 0.404997115297 
15.8397500591 15.1705401654 0.393006881681 
15.8397764118 15.1705580617 0.393023726171 
15.8397861348 15.170574751 0.393231915438 
15.8396161237 15.1700044165 0.381247790227 
15.8397098893 15.1706422011 0.387063258725 
15.8399531544 15.1709442178 0.385763567384 
15.8397141063 15.1706264506 0.386985090108 
15.8399587722 15.1709496642 0.385728764807 
15.8399251887 15.1700506474 0.382078373522 
15.839994874 15.1709475184 0.386374728123 
15.8397224211 15.1706204156 0.387136339411 
15.8395668195 15.1697263683 0.379533572368 
15.8399874271 15.1709653998 0.385989988194 
15.8399965988 15.1709732155 0.385701945697 
15.8471389489 15.1732241626 0.38126911958 
15.8728669697 15.1797513033 0.377542058156 
15.9050329431 15.1932809095 0.309227705163 
15.9115649463 15.2072657014 0.0875577121348 
15.9338410833 15.2168812177 -0.0700895944312 
15.9844923728 15.2090228873 -0.0765773570614 
16.049433332 15.198689312 -0.0741784385617 
16.1426372194 15.1845955255 -0.0921526502533 
16.3015305662 15.1605911891 -0.0719431633109 
16.4438484871 15.1401492546 -0.0821830474351 
16.5744196736 15.1192418079 -0.0721300793877 
16.7911370957 15.0858247692 -0.073402362764 
16.9808460438 15.0562240745 -0.0726543884176 
17.0611028635 15.0444674159 -0.0744533409185 
17.2344785893 15.0179431255 -0.0775962618714 
17.4171043598 14.9911552484 -0.0809486826009 
17.5558208191 14.9696125651 -0.0810976735951 
17.7956436836 14.9314489032 -0.0744412327869 
17.9662136995 14.9045643474 -0.0648878358697 
18.1553926432 14.8772817219 -0.171427151135 
18.3329694235 14.8282768393 -0.481418663734 
18.4745743239 14.7326607073 -0.822241026752 
18.5849122965 14.5741828645 -1.15069691631 
18.6346490347 14.419414636 -1.19424310723 
18.6789965593 14.2742431129 -1.23360503378 
18.7102723086 14.1658089126 -1.36289129723 
18.7263460123 14.043569919 -1.56596978369 
18.6979660952 13.7955474819 4.63270615721 
18.6968305075 13.7869856323 4.62705429442 
18.6418726408 13.5539460147 4.23170873957 
18.6025338137 13.477897879 4.09625590721 
18.5200743639 13.3314963544 2.77452388214 
18.4860749209 13.2871360744 2.7474389188 
18.1848761999 13.2165583337 3.2171985489 
18.0688276255 13.2157288755 3.16646555484 
17.9313652479 13.2226332391 3.16465718388 
17.7257902586 13.2348014081 3.17469562795 
17.6423928702 13.2384835447 3.17101535596 
17.4032070601 13.2495534385 3.16405579009 
17.2748329603 13.2561769451 3.16353584226 
17.1556669438 13.2647662128 3.16594807676 
16.9763810598 13.2796908582 3.1890653246 
16.9188911879 13.2828433479 3.16580784224 
16.6386620366 13.2941344942 3.3963060538 
16.5095798933 13.2749725545 3.50328466007 
16.3864977324 13.2424977983 3.44711790193 
16.2351260745 13.2059820856 3.16219133503 
16.1347226464 13.2092567647 3.022338993 
15.9998004475 13.2376970018 2.99828043721 
15.8769359478 13.2697560752 3.19381468929 
15.7868251168 13.2757644618 3.41242266514 
15.7041085624 13.2599774564 3.43621917604 
15.578756895 13.2323468889 3.43587847743 
15.4538001084 13.2048798765 3.43761683865 
15.2960512602 13.1686359609 3.36655027328 
15.0946579539 13.146949407 3.01814432374 
14.9368570411 13.1833540166 2.6885123096 
14.815631386 13.2550216878 2.44335765177 
14.815631386 13.2550216878 2.44335765177 
14.6311540568 13.5732666219 1.82079941118 
14.6252226793 13.6062695945 1.80774342207 
14.5717301333 13.918667909 1.74395039669 
14.5717301333 13.918667909 1.74395039669 
14.5149496758 14.2787734235 1.61793638811 
14.5274544918 14.4515066112 1.40447272575 
14.5782524311 14.5922985638 1.18425612977 
14.6295720303 14.6927376355 0.942322583796 
14.7255902254 14.80526289 0.64923101836 
14.8711669409 14.8970059122 0.381984951146 
15.0523468816 14.9516383077 0.344730132149 
15.1903440916 14.9909556175 0.355175368725 
15.3637408578 15.0378186817 0.366532098581 
15.5072757268 15.0757477249 0.357868957508 
15.7449769491 15.1414451341 0.349109411566 
15.903134849 15.1867480318 0.340425928104 
16.0692954325 15.2320447064 0.312707239091 
16.207493689 15.2695124543 0.335634824484 
16.3275389933 15.3059393729 0.238482467741 
16.4588673675 15.3273461426 0.0504792547019 
16.6108946764 15.3256604935 0.0581903319472 
16.7752762997 15.3231975252 0.0496391535818 
16.9441508019 15.3197734396 0.0529807809765 
17.0886177981 15.3168261389 0.0644397954854 
17.2744127476 15.3126969973 0.0530304859418 
17.4028933012 15.3111001591 0.0362377916793 
17.5978984797 15.3073495964 0.0538427557899 
17.8176097834 15.3047860304 0.0467591048399 
17.9931788408 15.3030607517 0.0196361543776 
18.1326005423 15.2970163191 -0.150544060328 
18.309581753 15.248123429 -0.517570717823 
18.4356698954 15.1603253225 -0.832949257759 
18.5129640066 15.0671556259 -1.06088032215 
18.5780467951 14.9039757217 -1.33775520537 
18.6056582892 14.7060462798 -1.37760346327 
18.6118102038 14.656366166 -1.37916851769 
18.6359455549 14.454332527 -1.37720790971 
18.6532976591 14.3174936737 -1.50866166955 
18.6427688562 14.1292680467 4.62159069422 
18.6111595595 13.9443063701 4.61294760403 
18.5909969771 13.8254114355 4.52729570906 
18.540574547 13.6301109756 4.20136042586 
18.493184086 13.5492389167 4.03623307209 
18.3247337305 13.3989888395 3.57344762404 
18.1516184771 13.3491413558 3.35295568999 
17.9570465052 13.325829264 3.29820664507 
17.7833222115 13.3114207948 3.30595604301 
17.6457978451 13.3002114261 3.30963205349 
17.5154653751 13.2883727516 3.30234084486 
17.3397555315 13.2728154624 3.29608175309 
17.1780555212 13.2601833309 3.29656318089 
17.0366646015 13.2503247226 3.29464367671 
16.9077197277 13.2457004751 3.28810847681 
16.7743138039 13.2348548139 3.3415258209 
16.5639372432 13.2180241312 3.28613074055 
16.4538992011 13.2100414003 3.29297029863 
16.2653991842 13.1900566781 3.29757524724 
16.1330696606 13.1790653432 3.28679990508 
16.0231317097 13.1708272661 3.27766571159 
15.8513137029 13.1579645837 3.29545785324 
15.6805369073 13.1450551713 3.29584589712 
15.4876944387 13.1301976408 3.25046967535 
15.3422607743 13.1196120943 3.09325474845 
15.204165157 13.1330038274 2.82957014217 
15.0625787937 13.1912490095 2.51805153948 
14.9834307396 13.255783316 2.31710633731 
14.9834307396 13.255783316 2.31710633731 
14.781237241 13.5950283969 1.81992200716 
14.7802566254 13.7514153684 1.45680524561 
14.7940243446 13.8398909534 1.39968902474 
14.8418729269 14.0244668687 1.61412845978 
14.8434841597 14.0730982984 1.61092680276 
14.8513740265 14.2494721378 1.63315866246 
14.8614989483 14.4059945906 1.63712956745 
14.8722574675 14.606257614 1.59316616016 
14.879684087 14.7682013179 1.584961963 
14.8856393063 14.9128641451 1.51587449956 
14.9687484467 15.1669159497 0.932501896323 
15.1155047977 15.3181073035 0.51626559317 
15.2452411615 15.378739428 0.267740093867 
15.3472483122 15.400542822 0.14364164952 
15.5529823565 15.4155233915 0.143543486074 
15.7687888705 15.4296254183 0.175939790431 
15.9168323615 15.4402007724 0.151943438356 
16.0990801417 15.4527250643 0.13603269359 
16.231926527 15.4605864103 0.140622911912 
16.3584188187 15.468023252 0.148700471101 
16.553730067 15.4804068173 0.129659936336 
16.7069665157 15.4908616508 0.119460469428 
16.8596016132 15.499721166 0.152571375143 
17.0698401892 15.5135435427 0.159806779484 
17.2031164133 15.5214828814 0.154123016387 
17.3845168316 15.5321271981 0.131560848471 
17.5226236546 15.5406708086 0.122948406773 
17.6860785448 15.5498150254 0.141143614005 
17.9066188299 15.562326696 0.142275249424 
18.0501143896 15.5699434246 0.141208155249 
18.2001140082 15.5781376029 0.133255627635 
18.310875889 15.5847682322 0.126626565679 
18.4417200052 15.5917370285 0.131052747462 
18.5949768984 15.5987991358 0.121535475219 
18.7879457438 15.6080105568 0.12663303109 
18.853934046 15.6093426312 0.121837150565 
18.853934046 15.6093426312 0.121837150565 
19.2542347872 15.6790140832 0.692825277598 
19.3383877241 15.733442005 0.878136415808 
19.3383877241 15.733442005 0.878136415808 
19.3383877241 15.733442005 0.878136415808 
19.3383877241 15.733442005 0.878136415808 
19.3383877241 15.733442005 0.878136415808 
19.3383877241 15.733442005 0.878136415808 
19.3383877241 15.733442005 0.878136415808 
19.0610556566 16.6223882402 3.28082382864 
18.9416575396 16.6174783672 3.51162477824 
18.707101103 16.5186185802 3.76180930125 
18.5447778666 16.4197859729 3.76310061105 
18.3716690504 16.3156396116 3.76432589131 
18.2195324862 16.2233669127 3.76341125738 
18.0264186823 16.1041460598 3.74488652945 
17.9216883146 16.0443792308 3.76337731274 
17.7484887802 15.9388472403 3.74806318349 
17.6100231373 15.8562108243 3.75260870122 
17.4543832504 15.7620819772 3.75254151019 
17.3842049801 15.7217298413 3.75467086114 
17.2473076546 15.6392409171 3.75743754039 
17.1002192461 15.5506840015 3.75344866839 
16.9487756455 15.4606750722 3.76409954026 
16.8361019456 15.3950122262 3.75466612708 
16.6716891491 15.2955184805 3.71926184278 
16.5509871804 15.2234691728 3.57935829635 
16.3857244217 15.1633145849 3.45335592564 
16.2007728481 15.116765965 3.45656651946 
16.135330137 15.1009976084 3.46437363205 
15.9143590314 15.0463341291 3.4591010938 
15.7354339325 15.0029939229 3.45621655424 
15.5491889381 14.9580444361 3.46435928254 
15.4223661983 14.9264705742 3.47250461215 
15.2411757075 14.8808313573 3.45835470385 
15.0494081342 14.8323845829 3.65653900905 
14.9188045227 14.7685377265 3.95845618634 
14.7770514452 14.6214851106 4.36530479368 
14.7247002089 14.5136443938 4.598790284 
14.6994014942 14.3436084951 -1.35418060519 
14.7260200941 14.176708814 -1.2298758445 
14.7738869154 14.0223902429 -1.22518716837 
14.8218997681 13.8628399337 -1.20835024756 
14.8464606964 13.7679972614 -1.26481361026 
14.8733870947 13.6845971311 -1.15273939216 
14.8733870947 13.6845971311 -1.15273939216 
14.991050061 13.4457830156 -0.630758014776 
15.290384885 13.2619686092 -0.291607837321 
15.4801070654 13.1881061758 -0.291328737617 
15.657378208 13.1209973062 -0.0747950107359 
15.8188340404 13.1004313196 -0.011141601004 
15.9709388354 13.0873898233 -0.012860071813 
16.159417566 13.0693691934 0.118138912984 
16.2769500577 13.0734263624 0.340006361693 
16.4076628649 13.10911214 0.418540140775 
16.6240728461 13.1909533704 0.398076655442 
16.7269788944 13.2299536432 0.336331746178 
16.8777025306 13.2707931961 0.199769194146 
17.1194131338 13.2852412427 0.133856644333 
17.2858979666 13.2958025897 0.140509714903 
17.4080630505 13.3043808902 0.139136433025 
17.5718175137 13.314019915 0.140890260089 
17.7314687931 13.3245594467 0.139783390333 
17.920773741 13.3372662033 0.139480566411 
18.0967318976 13.3476341928 0.172080278963 
18.2071213686 13.3568056787 0.277957338084 
18.3129487002 13.3748676742 0.506721115945 
18.5104110205 13.4931530918 0.981073723929 
18.5891029799 13.5839744771 1.20585434384 
18.6587331259 13.7503594125 1.57436258893 
18.6678197348 13.8569508756 1.72036447355 
18.6584861242 13.9686148132 1.75209640168 
18.6455759966 14.0881738628 1.75519738578 
18.6311294996 14.2076140607 1.75635132336 
18.616286751 14.3408034409 1.74532275986 
18.5891671145 14.5839885438 1.90926967551 
18.5324881041 14.7555628086 2.26075807134 
18.3895122969 14.9411684538 2.39160987134 
18.2484955752 15.0999180491 2.44153192916 
18.1091473066 15.2284187966 2.63437931252 
17.9662930929 15.3180061618 2.64943302882 
17.8696533405 15.3818841542 2.68971218044 
17.680960294 15.4816089387 3.02886327969 
17.5427995884 15.5065349008 3.28644321823 
17.3773223126 15.4900084997 3.3724185233 
17.291095134 15.4782987351 3.36010269402 
17.2203350031 15.4684802408 3.35792633775 
17.1547989809 15.4582640494 3.36590694455 
17.005246278 15.436975878 3.35970158047 
16.87987661 15.4191901202 3.36159915144 
16.654494282 15.3857441957 3.36525330196 
16.4811329805 15.3599188516 3.366559712 
16.2825097704 15.3315850238 3.35295362132 
16.0607550257 15.2972573156 3.33136081225 
15.9633365163 15.2831133197 3.38937724314 
15.8086970189 15.2628329604 3.5492143468 
15.7078480535 15.2381332647 3.84862241239 
15.6463835054 15.2045086215 4.16199688527 
15.6142179036 15.1799014586 4.4405495698 
15.5825298094 15.1727132464 -1.42317676936 
15.5582516157 15.166299958 -1.02754294835 
15.5304055178 15.1457175131 -0.535192157617 
15.5188150966 15.126782086 -0.189496237965 
15.5169117117 15.1077751333 0.109320692004 
15.5380226934 15.0995991642 0.246030129939 
15.6074256861 15.1104758943 0.291891099416 
15.6593484544 15.1230328495 0.283542801124 
15.7401633525 15.1399743224 0.27544962418 
15.8743609154 15.1687222237 0.28774686715 
15.9417202772 15.189978149 0.16707140057 
15.9891527855 15.2136727518 -0.250023990074 
15.9933014997 15.226883813 -0.475083194027 
15.9853897729 15.2702760885 -0.843602674864 
15.9880896547 15.2878529842 -0.993880119405 
15.9888841623 15.2879920343 -1.01572420114 
15.9878334888 15.2848919074 -1.00804529929 
15.9877134451 15.2850173751 -1.00782143965 
15.9882864618 15.2857510115 -1.0112404264 
15.9877397233 15.2849385182 -1.0075152163 
15.9877511227 15.2849239113 -1.00741185194 
15.9877671787 15.2851573194 -1.00711238543 
15.9876392448 15.2853535826 -1.00613725306 
15.9877914229 15.2851049679 -1.00733016643 
15.9877448716 15.2852040606 -1.00940610136 
15.9877559656 15.2851413118 -1.0071274653 
15.987660233 15.2852669212 -1.00615694875 
15.9877539166 15.2851785089 -1.00700730748 
15.9876425081 15.2853309291 -1.0057733306 
15.9876421952 15.2853096428 -1.00594858428 
15.9876275995 15.2853453907 -1.00563210225 
15.9876536393 15.2853047627 -1.00604330442 
15.9876609408 15.2852949801 -1.006105005 
15.9878032618 15.2850920225 -1.0074287488 
15.9876855054 15.2852645221 -1.00614839902 
15.9876544067 15.2853236797 -1.0057802875 
15.9876295888 15.2853356639 -1.00578801093 
15.988505941 15.2859682443 -1.0063503507 
15.9880338499 15.285179809 -1.00290138567 
15.9876480364 15.2852887327 -1.00594507914 
15.987785291 15.2851141433 -1.00735878566 
15.9877949544 15.2851171794 -1.00722403374 
