15.8400680908 15.1709952096 0.386976349948 
15.8405479343 15.1709974299 0.391526390191 
15.840063803 15.17097253 0.386886018222 
15.8399587684 15.1710124204 0.385865487596 
15.8400599138 15.1709914247 0.386732847588 
15.8398204112 15.1706496964 0.387525613651 
15.8397796081 15.1706158335 0.387685269612 
15.8400601448 15.1709676797 0.386832894658 
15.8400394955 15.1709600131 0.386932405769 
15.8397965842 15.1706121753 0.387777733992 
15.8400719986 15.1709577332 0.386643325592 
15.8397994266 15.1706167127 0.387736649797 
15.8398031258 15.1706155504 0.387702522771 
15.8398054765 15.1706106255 0.387709304973 
15.839792289 15.1706041435 0.387817283711 
15.8398027756 15.1706032718 0.387655830675 
15.8400754557 15.1709582473 0.386839229694 
15.8398018257 15.1705926026 0.38738083058 
15.8398022318 15.1706079582 0.387683498598 
15.8398100251 15.1706155951 0.387554212164 
15.8400748224 15.1709792579 0.386744047491 
15.8400683404 15.1709494407 0.3867326247 
15.8398191148 15.1706133077 0.387569508993 
15.8398216666 15.1705971474 0.387370818276 
15.8398247288 15.1706203783 0.387667178589 
15.8400808723 15.1709575991 0.386207347048 
15.8398189732 15.1706216971 0.387124642747 
15.8400501833 15.1709924231 0.385991062467 
15.8397914619 15.1706120113 0.387477222733 
15.8398763501 15.1699888448 0.381729944818 
15.8399333694 15.1709588508 0.385873705485 
15.8397229762 15.1707351322 0.386745116709 
15.8398459257 15.1706275682 0.392881546863 
15.8397675046 15.1705592761 0.392976087064 
15.8397746795 15.1705638955 0.393454958819 
15.8396161237 15.1700044165 0.381247790227 
15.8399754205 15.1710597689 0.38582344269 
15.839699898 15.1706333647 0.38686368716 
15.8399372102 15.1710083375 0.385927695275 
15.8399471195 15.1710152517 0.385991257459 
15.8399806024 15.1709443072 0.385925330482 
15.839656748 15.1698310415 0.380344688593 
15.8399788589 15.1709797497 0.386079472151 
15.8397513592 15.170619231 0.38715251271 
15.8396543675 15.1698390509 0.380125632963 
15.8399775961 15.1709786693 0.385970817533 
15.8401111403 15.1710360909 0.38455569579 
15.8597715424 15.1768403801 0.378817773703 
15.8990322315 15.1883178803 0.354047342216 
15.9117452149 15.201546252 0.199610035783 
15.9270081819 15.2173332146 -0.0526773373785 
15.9572298342 15.2122996471 -0.0626092640601 
16.0373970383 15.2006734389 -0.0785725030492 
16.1263921821 15.1877448375 -0.0840099241399 
16.2553608083 15.1676436851 -0.0852741054379 
16.3521771395 15.1547928641 -0.0877877032708 
16.5107778871 15.1291960368 -0.0729409141492 
16.7212008202 15.096740451 -0.0743132754686 
16.8719359004 15.0732802267 -0.0769411514114 
17.0908793175 15.0397810454 -0.0740705523203 
17.2428768837 15.016616028 -0.0775325612969 
17.3534960711 15.0009076113 -0.0860154038198 
17.5432639086 14.9715464378 -0.0793116677707 
17.7141959631 14.9445887173 -0.0765739567866 
17.8960235083 14.9157664145 -0.0743324045646 
18.0823893511 14.8885981704 -0.0942698674029 
18.2520165407 14.8575141097 -0.325613686735 
18.3939132654 14.7956644858 -0.611083777607 
18.5150585138 14.6882243122 -0.933789992986 
18.5958459341 14.547571894 -1.17267674121 
18.6386499369 14.4020066823 -1.21269945948 
18.6720893347 14.2948766316 -1.21827436392 
18.721622225 14.1075212921 -1.47570627805 
18.7215583288 13.9630688394 4.64831047229 
18.6990373098 13.8040449584 4.63413149705 
18.6968305075 13.7869856323 4.62705429442 
18.6968305075 13.7869856323 4.62705429442 
18.6025338137 13.477897879 4.09625590721 
18.6025338137 13.477897879 4.09625590721 
18.4860749209 13.2871360744 2.7474389188 
18.1848761999 13.2165583337 3.2171985489 
18.0688276255 13.2157288755 3.16646555484 
17.9313652479 13.2226332391 3.16465718388 
17.8286125624 13.2280918325 3.17138473542 
17.6423928702 13.2384835447 3.17101535596 
17.4119125568 13.249005195 3.16460653594 
17.2748329603 13.2561769451 3.16353584226 
17.1556669438 13.2647662128 3.16594807676 
17.0376031363 13.2723946537 3.16905240319 
16.9188911879 13.2828433479 3.16580784224 
16.6531937682 13.2972885335 3.35074787909 
16.5510550701 13.2826136316 3.47001592575 
16.3864977324 13.2424977983 3.44711790193 
16.2916860842 13.2173148359 3.307283677 
16.1347226464 13.2092567647 3.022338993 
15.9870738276 13.2414389814 3.0101730736 
15.907452278 13.2619284357 3.11138778524 
15.8345466369 13.2771247591 3.3305803108 
15.7426164859 13.268829223 3.44100740744 
15.5935372376 13.2353957857 3.43512177087 
15.462216165 13.206718799 3.43799933407 
15.3128160202 13.1722179616 3.38223336703 
15.2039293611 13.1519712175 3.23125534392 
15.0137138927 13.1587351526 2.83798278872 
14.8944509589 13.2023032869 2.61739574863 
14.815631386 13.2550216878 2.44335765177 
14.815631386 13.2550216878 2.44335765177 
14.6311540568 13.5732666219 1.82079941118 
14.6252226793 13.6062695945 1.80774342207 
14.5717301333 13.918667909 1.74395039669 
14.5717301333 13.918667909 1.74395039669 
14.5717301333 13.918667909 1.74395039669 
14.5185962879 14.3037370409 1.56419186144 
14.5249907934 14.4578487838 1.31008041599 
14.5941169226 14.6240780319 1.09216607644 
14.6853795015 14.7699428464 0.78547504498 
14.7999458277 14.8614605928 0.477358718158 
14.9663872683 14.9283221627 0.349361383212 
15.0601604545 14.9532217945 0.366747375253 
15.213941034 14.9955190981 0.372980995129 
15.3461950981 15.0341062064 0.335582015267 
15.5193228984 15.0786241556 0.35108485453 
15.6455643737 15.1137392933 0.357443733624 
15.7613752448 15.1462807844 0.357215958314 
15.969057303 15.2037259529 0.332192391078 
16.1171818339 15.2450361305 0.331366510581 
16.262078222 15.2847073043 0.314755957396 
16.3885545694 15.3209899704 0.129795633327 
16.5161935055 15.3266812677 0.0610267933417 
16.6662535035 15.3253526727 0.0427215642938 
16.8769753539 15.3212442959 0.0720652175795 
17.0460230076 15.3179737742 0.0668063198773 
17.2242459023 15.3143139372 0.0558015223811 
17.4517637455 15.3099894191 0.0505809848563 
17.6064530575 15.3075025121 0.061487170939 
17.7791702711 15.3046535219 0.0449231592516 
17.9801764452 15.3019245605 0.0371005076281 
18.1326005423 15.2970163191 -0.150544060328 
18.2615935766 15.2686831134 -0.418881257988 
18.3962674105 15.1936049054 -0.733629275387 
18.5235402548 15.0494026656 -1.10084538186 
18.5802602732 14.8859482671 -1.36530839778 
18.6063048803 14.6840230192 -1.35388477462 
18.6248059237 14.5305020774 -1.36527915237 
18.6359455549 14.454332527 -1.37720790971 
18.6567339861 14.2620771492 4.69536070429 
18.6365110838 14.093021747 4.62706854142 
18.6094398462 13.9365303482 4.61872749488 
18.5817792379 13.7623794044 4.46238854199 
18.5550868475 13.6674551929 4.27946239281 
18.493184086 13.5492389167 4.03623307209 
18.3435134852 13.4076410497 3.60643447042 
18.2396655047 13.3639512027 3.41770645103 
18.0764992201 13.33564901 3.30629881554 
17.894446131 13.3207625116 3.31258821617 
17.7961509192 13.3120710815 3.30208154221 
17.6539875233 13.3007011379 3.3072689593 
17.4561011755 13.2833133901 3.3033691206 
17.293638941 13.2691965068 3.29686011956 
17.1908236706 13.2611936296 3.29694021105 
17.0327603781 13.2488048042 3.29467210249 
16.8032921517 13.239442941 3.29097951636 
16.6732694471 13.2251640523 3.32256461552 
16.5254901611 13.2161110605 3.30860420357 
16.3767667675 13.2038348878 3.3486055695 
16.2057522201 13.1857260431 3.29775648269 
16.0904466623 13.1767073835 3.25202361762 
15.9106061758 13.1624554361 3.29609224444 
15.7706883067 13.1515930856 3.29610731911 
15.6294691527 13.1415387357 3.29519552413 
15.4660920763 13.1273308958 3.2458075432 
15.2758202517 13.1210166181 2.97743717729 
15.157068547 13.1471246446 2.74749922101 
15.0150373542 13.2254461015 2.42204295313 
14.9834307396 13.255783316 2.31710633731 
14.9834307396 13.255783316 2.31710633731 
14.7808678114 13.6146799291 1.68014605092 
14.7855089867 13.7831542457 1.44596024468 
14.7940243446 13.8398909534 1.39968902474 
14.832817074 13.9963805641 1.54209191729 
14.8480532133 14.1546322072 1.63377507925 
14.8580855095 14.3507158125 1.61850425412 
14.8652617895 14.4811924065 1.59215346279 
14.8700098955 14.5735267366 1.59407022167 
14.8809919321 14.8404645289 1.56698282203 
14.8856393063 14.9128641451 1.51587449956 
14.9528788888 15.1437608341 0.977094657148 
15.0780739152 15.2909219081 0.612405794996 
15.2043378913 15.3653011287 0.339731080416 
15.3762676084 15.4037996496 0.123208934327 
15.5113021993 15.4119714464 0.136875547299 
15.6421078407 15.4214175756 0.150313388146 
15.8573318684 15.4370714987 0.139478488548 
16.0387171769 15.4485644812 0.143353106396 
16.1584478581 15.4560949172 0.1448586129 
16.345289793 15.4670599664 0.153731306986 
16.4467048013 15.4732677455 0.153384917644 
16.5938627088 15.4830287809 0.134156898562 
16.7583880388 15.4936433698 0.152009524432 
16.9196149075 15.5037252868 0.15138405892 
17.0874972307 15.5146176482 0.147369119235 
17.2118325197 15.5227616693 0.149774344293 
17.3974243366 15.5326402749 0.140416930168 
17.5153696501 15.5397489036 0.133002551094 
17.7650847399 15.5556609596 0.126780201229 
17.936553713 15.5639961923 0.140661810369 
18.1103625261 15.5731118287 0.139548843266 
18.3316392862 15.5858393575 0.131903347895 
18.5340013468 15.5953626896 0.132860118824 
18.7067043745 15.6036857332 0.128342555428 
18.853934046 15.6093426312 0.121837150565 
18.853934046 15.6093426312 0.121837150565 
19.1887657606 15.6508049036 0.553498611864 
19.3383877241 15.733442005 0.878136415808 
19.3383877241 15.733442005 0.878136415808 
19.3383877241 15.733442005 0.878136415808 
19.3383877241 15.733442005 0.878136415808 
19.3383877241 15.733442005 0.878136415808 
19.3383877241 15.733442005 0.878136415808 
19.3383877241 15.733442005 0.878136415808 
19.3383877241 15.733442005 0.878136415808 
19.0312824213 16.6228270496 3.33905392618 
18.8140106165 16.5786845649 3.71578516402 
18.7036161387 16.5170375074 3.76422738658 
18.5375976526 16.4155884946 3.76451635825 
18.4507808649 16.3633336986 3.76678158508 
18.3398010695 16.2956006492 3.76031528255 
18.1748506987 16.1964742506 3.77436603498 
18.0371231997 16.1106872524 3.74554343963 
17.8860642874 16.0224925245 3.76031947857 
17.7669521534 15.9498954977 3.75159213658 
17.6609073841 15.8868399228 3.75084480332 
17.4644079172 15.7686129774 3.75108742826 
17.2984700167 15.6689006353 3.75173165865 
17.1177343094 15.5614756609 3.76139242416 
16.9928485119 15.4868249858 3.77026987823 
16.8724657261 15.4162231351 3.75399339046 
16.65343773 15.2843954342 3.71280216407 
16.5049183333 15.2012681516 3.51521650064 
16.3292535209 15.1504793207 3.46815888439 
16.1884582305 15.1139746199 3.45989004651 
16.0311837905 15.0749306644 3.45524797775 
15.858130131 15.0338725115 3.43502444108 
15.7066746318 14.9963721151 3.45158966442 
15.5200606548 14.9516058529 3.46388014423 
15.4304618501 14.9291731978 3.48002660065 
15.2692049706 14.8896320725 3.4733796476 
15.1374787652 14.8575998808 3.55806449246 
14.961789366 14.7943597103 3.85654428572 
14.8351912462 14.6960284675 4.17883980151 
14.7722399199 14.614460882 4.37953590175 
14.7038085425 14.4345200623 -1.54371771631 
14.703012582 14.2933901514 -1.30870793376 
14.7630439961 14.0525445903 -1.18979742428 
14.8079665863 13.9125739301 -1.21288247241 
14.8464606964 13.7679972614 -1.26481361026 
14.8733870947 13.6845971311 -1.15273939216 
14.8733870947 13.6845971311 -1.15273939216 
14.991050061 13.4457830156 -0.630758014776 
14.991050061 13.4457830156 -0.630758014776 
15.3642828428 13.2343045438 -0.301301969764 
15.4680647218 13.1929441656 -0.295435492887 
15.6370495522 13.1267098154 -0.103255804027 
15.7981373483 13.101263162 -0.00306467486832 
15.9189975784 13.0906680788 -0.00535576641017 
16.0600317829 13.077988025 0.0161036399559 
16.2399223113 13.0691782201 0.280984104681 
16.3604547643 13.0930029119 0.423704860847 
16.5222535693 13.1530786718 0.408300578254 
16.7201779449 13.2269548143 0.346833741638 
16.8545760476 13.2669873203 0.214698631093 
16.9791871273 13.2800458635 0.162664085679 
17.1485233271 13.287056681 0.134399928614 
17.2985041105 13.2965599264 0.141194022592 
17.4506790602 13.3073321546 0.139939466248 
17.6297651493 13.318301555 0.13863791224 
17.8026136124 13.3293824161 0.141509323693 
17.9422140085 13.3387210334 0.139213482408 
18.0619244539 13.346075889 0.153905308758 
18.2267785036 13.3572274412 0.329376120382 
18.3209583723 13.3775355781 0.521753828388 
18.5201981032 13.4986290897 0.975188662473 
18.5891029799 13.5839744771 1.20585434384 
18.6678638422 13.8339118923 1.70046472027 
18.6655712092 13.9174584115 1.76651159012 
18.6563026869 13.9862265552 1.74685408385 
18.6320788824 14.199663874 1.75637816679 
18.616286751 14.3408034409 1.74532275986 
18.5946450197 14.5464248026 1.85453602304 
18.5590126478 14.7025338376 2.17262981174 
18.4443476164 14.8787414099 2.37607278748 
18.3753170931 14.9570259417 2.39180398711 
18.2426135504 15.1083142574 2.47228896424 
18.153072592 15.198640425 2.63361960042 
18.023570534 15.2814584861 2.64056129633 
17.9247038328 15.3460766713 2.6657249254 
17.740693804 15.4559481258 2.90650608175 
17.594687339 15.5029254521 3.20347299969 
17.461373564 15.5034238363 3.38032325324 
17.3235858643 15.4823706562 3.34409322314 
17.2808440888 15.4762200678 3.35520436132 
17.1856566631 15.4625610078 3.34874762856 
17.0962208473 15.450234201 3.36713542376 
16.9304152691 15.4259994293 3.35691433043 
16.7504560315 15.39919078 3.35939501264 
16.5913597309 15.3766103054 3.35972289261 
16.4037368261 15.3461053486 3.37942886444 
16.2728455329 15.3280833403 3.37038511756 
16.1117137336 15.3063403482 3.3497224213 
15.9792824724 15.2884030121 3.33274992755 
15.8729972729 15.2743181402 3.44415396991 
15.777594302 15.2562170348 3.59827996407 
15.651784029 15.208962031 4.13820243089 
15.6058760249 15.1756868998 4.50853871796 
15.5900267923 15.1694933141 -1.53679818563 
15.5651274287 15.1693055446 -1.14144071527 
15.5565050804 15.1645172949 -1.0095683022 
15.5295415187 15.1439443568 -0.497680618771 
15.5211131835 15.1338437463 -0.308896188773 
15.5201358759 15.1044393147 0.162308172681 
15.5490342044 15.1007215793 0.263964470308 
15.5776598417 15.1042784418 0.287813056607 
15.697406184 15.1315355788 0.276860753828 
15.7476993614 15.1419909636 0.278259765625 
15.8866944347 15.1709682609 0.271425739923 
15.9535228872 15.193500221 0.123647811333 
15.9841337764 15.2088907047 -0.163884696851 
15.9928827399 15.2303826895 -0.518973522363 
15.9849169442 15.2684458813 -0.830436261209 
15.9880896547 15.2878529842 -0.993880119405 
15.9888841623 15.2879920343 -1.01572420114 
15.9878212401 15.2849472875 -1.00761868363 
15.9877134451 15.2850173751 -1.00782143965 
15.9877564275 15.2849441546 -1.00734843695 
15.9876341411 15.2851243841 -1.00578826463 
15.9876858779 15.2851486432 -1.00635996965 
15.9877041393 15.285282355 -1.00664116664 
15.9877655768 15.2851629632 -1.00701214594 
15.9876178169 15.2854255552 -1.00774680031 
15.9876934626 15.2852638739 -1.00631873924 
15.9877380842 15.2851463521 -1.00697152808 
15.9877469504 15.2851319949 -1.00699351229 
15.9877917581 15.2851166765 -1.00732855004 
15.987662878 15.2853311228 -1.00585925297 
15.9876217955 15.2853206138 -1.00579508127 
15.987614561 15.2853463034 -1.00575145957 
15.9876956755 15.2852680723 -1.00638722147 
15.9876647481 15.2853185984 -1.00598899235 
15.987650823 15.2853293831 -1.00580861017 
15.9876456299 15.2853406931 -1.00575849193 
15.9878314325 15.285086971 -1.00743522877 
15.9877977037 15.2851043309 -1.00732143562 
15.9878068158 15.2850953231 -1.00749696554 
15.9889050313 15.2853840666 -0.995722006337 
15.9880667591 15.286079556 -1.00809444073 
15.9879016617 15.2852954308 -1.00799438251 
15.9877949544 15.2851171794 -1.00722403374 
