15.8397957795 15.1706566329 0.387888982514 
15.8397997656 15.1706437359 0.387900642366 
15.8414666728 15.1706179048 0.404702837999 
15.8400468604 15.1709674338 0.386966975681 
15.8397968189 15.1706411282 0.387799599202 
15.8400507347 15.1709884594 0.386589614223 
15.8397899197 15.1706230978 0.387886566742 
15.8418712021 15.1706377606 0.4082208733 
15.8397904673 15.170614023 0.387686547805 
15.8397881874 15.1706150661 0.387701439035 
15.8400630952 15.170962442 0.386909671932 
15.8397824318 15.170605507 0.387755013552 
15.8400617019 15.1709479282 0.386741917475 
15.8400678599 15.1709786172 0.386721550326 
15.8398041428 15.1706101338 0.387634400517 
15.8400615492 15.1709632168 0.386675149961 
15.840029955 15.170950901 0.386489650121 
15.8400568032 15.170962509 0.386964375081 
15.8398018257 15.1705926026 0.38738083058 
15.8398032339 15.1706201176 0.387653787764 
15.840068862 15.1709514523 0.386614193279 
15.8398197704 15.1706087927 0.387626675917 
15.8400920891 15.1709658841 0.386678099311 
15.8400726282 15.1709683577 0.38659464269 
15.8400481419 15.1709352697 0.386357841995 
15.8398195432 15.1706199835 0.387612679944 
15.8414882646 15.1705983768 0.403915259821 
15.8399289065 15.1707316826 0.387323336767 
15.839746155 15.1705351959 0.387568461565 
15.8397914619 15.1706120113 0.387477222733 
15.8395818734 15.1697420294 0.379932993131 
15.8399537244 15.1709480176 0.385951179893 
15.8397229762 15.1707351322 0.386745116709 
15.8401343488 15.1709276552 0.39206633845 
15.8397489377 15.1705603192 0.393328171501 
15.8397645244 15.1705415065 0.393550082524 
15.8399934136 15.1707292909 0.391712271926 
15.839717921 15.1706592033 0.387035700092 
15.8399457262 15.1709504391 0.385975008383 
15.8397081682 15.1706371347 0.386773861289 
15.8399519474 15.1709890629 0.386107868512 
15.8399587722 15.1709496642 0.385728764807 
15.8396392689 15.1698279495 0.380427957812 
15.8399714382 15.1707872863 0.384601650942 
15.8399724105 15.1709559823 0.386070518435 
15.8395704628 15.169739146 0.379380954924 
15.8399064691 15.1700469146 0.381870496301 
15.839991633 15.1709865446 0.385752049357 
15.8505895027 15.1732466857 0.376268594753 
15.8830011032 15.1810588616 0.344215050314 
15.9117452149 15.201546252 0.199610035783 
15.9106301927 15.2122362799 0.0406112615476 
15.9482167551 15.2150218322 -0.0771711228378 
16.006668728 15.2054024304 -0.0703086299606 
16.0618007445 15.1966757367 -0.0744754099894 
16.189417299 15.1775604526 -0.0998608294639 
16.3015305662 15.1605911891 -0.0719431633109 
16.472361263 15.1353784094 -0.0750824598638 
16.6422108376 15.1079612339 -0.070611198527 
16.7997425162 15.0846467132 -0.0741456065561 
16.9934332335 15.0542814697 -0.0742868100137 
17.1120947563 15.0365960712 -0.0733275991911 
17.251276251 15.0152846987 -0.0779074946776 
17.4281014168 14.9889294768 -0.0896635187991 
17.512442466 14.9753926064 -0.0890724190089 
17.6926832163 14.9477226997 -0.0793886888458 
17.8657151425 14.919881549 -0.07459975091 
17.9834301436 14.9026132787 -0.0678306693118 
18.1118302309 14.8827888633 -0.0969213988354 
18.2845668757 14.8474583293 -0.378373864364 
18.4960930311 14.7107710207 -0.871755923043 
18.581448313 14.581962582 -1.14141369123 
18.6217634642 14.4613674844 -1.20583955734 
18.6563408339 14.3438163365 -1.20108714923 
18.7102723086 14.1658089126 -1.36289129723 
18.7240283453 13.9840913976 4.65306086402 
18.7040615046 13.8383827175 4.63407040293 
18.6968305075 13.7869856323 4.62705429442 
18.6968305075 13.7869856323 4.62705429442 
18.6217806303 13.511827823 4.13039392241 
18.6025338137 13.477897879 4.09625590721 
18.4860749209 13.2871360744 2.7474389188 
18.2068147623 13.2186766828 3.24379492128 
18.0857701265 13.2155982221 3.17411021368 
17.9480750525 13.2216190065 3.1680932659 
17.8286125624 13.2280918325 3.17138473542 
17.6423928702 13.2384835447 3.17101535596 
17.4119125568 13.249005195 3.16460653594 
17.2748329603 13.2561769451 3.16353584226 
17.1556669438 13.2647662128 3.16594807676 
17.0376031363 13.2723946537 3.16905240319 
16.9188911879 13.2828433479 3.16580784224 
16.7353822553 13.293282863 3.24578476059 
16.5510550701 13.2826136316 3.47001592575 
16.3864977324 13.2424977983 3.44711790193 
16.2756935918 13.214136001 3.27755398088 
16.0891170764 13.217329141 3.00239213741 
15.9713915848 13.2456866468 3.02441441813 
15.8847079083 13.2678790058 3.17240441849 
15.7951515132 13.2765418256 3.40281144372 
15.7098307275 13.2614170278 3.43848787647 
15.5674341881 13.2298804487 3.43730431078 
15.4330862426 13.2000230516 3.4338793784 
15.3255718314 13.1749244894 3.39440941635 
15.1580740773 13.1472164358 3.14250168213 
15.0137138927 13.1587351526 2.83798278872 
14.8944509589 13.2023032869 2.61739574863 
14.815631386 13.2550216878 2.44335765177 
14.815631386 13.2550216878 2.44335765177 
14.6280285084 13.5886197055 1.82324733392 
14.6252226793 13.6062695945 1.80774342207 
14.5842122995 13.8413928712 1.83710119038 
14.5717301333 13.918667909 1.74395039669 
14.5717301333 13.918667909 1.74395039669 
14.5129653179 14.3372209633 1.57645723944 
14.5461885893 14.5066933001 1.34211255934 
14.6048481428 14.6495259965 1.03835001584 
14.6599552595 14.7366870607 0.834402536548 
14.7634119951 14.8364556695 0.579213615352 
14.9476250374 14.9210794235 0.365669550383 
15.0454757177 14.9487554992 0.318168057503 
15.1903440916 14.9909556175 0.355175368725 
15.3461950981 15.0341062064 0.335582015267 
15.5478192532 15.0868088866 0.35513423914 
15.6826728993 15.1238886158 0.348472645367 
15.8415787445 15.168400083 0.329121159907 
15.9813192302 15.2088929715 0.341220129038 
16.1253197306 15.2469157113 0.328913997661 
16.2519085073 15.2810344214 0.350389041592 
16.3831630313 15.3196294496 0.155107240017 
16.5065747463 15.3270680944 0.0395121735051 
16.6964639389 15.3242132405 0.0789489727625 
16.8843759262 15.3209541405 0.0496937848065 
17.0460230076 15.3179737742 0.0668063198773 
17.1936212742 15.3142859305 0.0711554840303 
17.3141785824 15.3122915889 0.0513154609817 
17.5037404263 15.3089091147 0.0421133674313 
17.6180167162 15.3073301728 0.044475384577 
17.8295552694 15.3036372552 0.0638538363544 
17.9631779158 15.3022358606 0.0423512743367 
18.111368891 15.2986554916 -0.112472521284 
18.28186154 15.2606012879 -0.459641329532 
18.3608860933 15.2184630542 -0.648067687302 
18.5007979834 15.0845354314 -1.01150155681 
18.5609233343 14.9674489165 -1.26548536532 
18.5982208216 14.7571830417 -1.3702313171 
18.6197798216 14.5985219444 -1.3905408882 
18.6248059237 14.5305020774 -1.36527915237 
18.6532976591 14.3174936737 -1.50866166955 
18.6507182085 14.1783368553 4.62634496424 
18.6211667025 14.0008672441 4.62483704798 
18.6062390768 13.9150663579 4.60765321614 
18.5730731451 13.7220492328 4.38492295507 
18.5048272574 13.5656489099 4.07211829603 
18.493184086 13.5492389167 4.03623307209 
18.3066391909 13.3889346088 3.53112640369 
18.1618971789 13.346443888 3.33597706551 
17.9954876864 13.3295540775 3.29855294007 
17.812646147 13.3137288059 3.30526554696 
17.6539875233 13.3007011379 3.3072689593 
17.4858195746 13.2857540811 3.30234318215 
17.3314317429 13.2720047201 3.29472534954 
17.1649574005 13.2593462432 3.30045403089 
17.0690342152 13.2540969814 3.29854810067 
16.92074072 13.2466479505 3.335405585 
16.7743138039 13.2348548139 3.3415258209 
16.540354129 13.2173391546 3.3469702263 
16.3864962422 13.2039562429 3.28616685862 
16.2653991842 13.1900566781 3.29757524724 
16.1047014558 13.1769217218 3.29242336328 
15.9521276021 13.1655188764 3.29435889826 
15.7918765732 13.1531060899 3.29558391874 
15.650627684 13.1428581441 3.29527905934 
15.4789524042 13.128665563 3.25167308891 
15.3422607743 13.1196120943 3.09325474845 
15.1957171523 13.1350940431 2.80927277175 
15.1091158354 13.1671117509 2.63339524264 
14.9834307396 13.255783316 2.31710633731 
14.9834307396 13.255783316 2.31710633731 
14.781237241 13.5950283969 1.81992200716 
14.7802566254 13.7514153684 1.45680524561 
14.8253585064 13.957470652 1.48274650933 
14.8450529539 14.0602718557 1.6290394636 
14.8474376165 14.1401256288 1.61632850638 
14.8562481367 14.2661545242 1.63200563112 
14.861338731 14.3873223628 1.6736201984 
14.8713539803 14.588459369 1.60688900323 
14.8765026295 14.6929171051 1.60609348619 
14.880975362 14.8619923557 1.52602729509 
14.8856393063 14.9128641451 1.51587449956 
14.9814024531 15.1847642476 0.917017112995 
15.0342178309 15.2509165763 0.762498356459 
15.1630994641 15.3455093841 0.383238920781 
15.3472483122 15.400542822 0.14364164952 
15.5028423929 15.4110794927 0.131815156548 
15.6735085511 15.4229626025 0.140087107616 
15.7856014484 15.4305206055 0.173278695818 
15.9370094688 15.4423736597 0.153484023289 
16.1209547335 15.453566801 0.130619901842 
16.2844919228 15.4638618792 0.129427796689 
16.4564167821 15.4738613928 0.155519448438 
16.5461515748 15.4797106946 0.138141184997 
16.7666430437 15.4941113854 0.152147089321 
16.8763018214 15.5008115436 0.156228099344 
17.1081417763 15.5162253941 0.139516300218 
17.2420147621 15.524105307 0.123152292042 
17.4213780129 15.5344339872 0.121034418592 
17.6059405768 15.5449849928 0.133529763274 
17.7357113325 15.5528744424 0.150354365701 
17.987134453 15.5666449631 0.139615418693 
18.1319622957 15.5745630825 0.132965335602 
18.2711572611 15.582325008 0.13184772362 
18.5000619852 15.5935156907 0.137656790788 
18.6563951933 15.6011100675 0.129625459539 
18.8381223642 15.6099792684 0.127068477126 
18.853934046 15.6093426312 0.121837150565 
19.2801709139 15.6950946713 0.75889727877 
19.3383877241 15.733442005 0.878136415808 
19.3383877241 15.733442005 0.878136415808 
19.3383877241 15.733442005 0.878136415808 
19.3383877241 15.733442005 0.878136415808 
19.3383877241 15.733442005 0.878136415808 
19.3383877241 15.733442005 0.878136415808 
19.3383877241 15.733442005 0.878136415808 
19.3383877241 15.733442005 0.878136415808 
18.92086887 16.6142272914 3.56118171047 
18.7749781572 16.5586137737 3.74988753881 
18.6084394419 16.4589325155 3.76713074164 
18.4578731024 16.3677184547 3.76695654672 
18.3716690504 16.3156396116 3.76432589131 
18.2195324862 16.2233669127 3.76341125738 
18.051856991 16.1193209852 3.74250610085 
17.9474079573 16.0595471824 3.76212628173 
17.7604559624 15.9451237286 3.76037259907 
17.6401489937 15.8736510838 3.76107951902 
17.4724006617 15.77280527 3.74702384172 
17.3777660095 15.7171972061 3.75478414502 
17.2659879887 15.6498310233 3.75634945353 
17.1329976284 15.5702281857 3.75509644594 
17.0257054531 15.5063599313 3.76678164984 
16.8188043797 15.3835919614 3.75156936262 
16.7244062388 15.3269964124 3.74891253749 
16.558907088 15.2277166166 3.58780558198 
16.4337929451 15.1759620386 3.4645598118 
16.3292535209 15.1504793207 3.46815888439 
16.1804053747 15.1120743419 3.46135690385 
15.9739912638 15.0612439478 3.45500409149 
15.872900542 15.0366587306 3.45680963374 
15.7141065263 14.9976999576 3.46134735267 
15.5363284313 14.9542303647 3.46625820846 
15.4223661983 14.9264705742 3.47250461215 
15.2282407248 14.8782317008 3.46161777746 
15.0919132197 14.8452841307 3.62332516775 
14.9443734848 14.7850717569 3.89015907096 
14.8546560967 14.7161547507 4.12494172697 
14.7477703058 14.5693229998 4.48632610997 
14.7038085425 14.4345200623 -1.54371771631 
14.7041814291 14.2725433076 -1.31514396718 
14.7489156687 14.0992789234 -1.23218564519 
14.7787214481 14.0032768215 -1.24163023975 
14.8464606964 13.7679972614 -1.26481361026 
14.8733870947 13.6845971311 -1.15273939216 
14.8733870947 13.6845971311 -1.15273939216 
14.991050061 13.4457830156 -0.630758014776 
14.991050061 13.4457830156 -0.630758014776 
15.3642828428 13.2343045438 -0.301301969764 
15.5159395301 13.172850963 -0.270398653563 
15.6370495522 13.1267098154 -0.103255804027 
15.8272135594 13.1000019277 -0.014188175427 
15.9709388354 13.0873898233 -0.012860071813 
16.0814375841 13.0753713811 0.0348106938293 
16.2614918613 13.0723191465 0.295312147535 
16.4262610042 13.1155599321 0.422255931092 
16.5490931832 13.1639867986 0.394447828636 
16.691870507 13.2171250547 0.355416171544 
16.7758789026 13.2460645402 0.304571865405 
16.9084997141 13.2723913158 0.149537828352 
17.0979635679 13.2856072153 0.170861258175 
17.2773174011 13.2951979602 0.140565240701 
17.3994122707 13.3037239278 0.13979805757 
17.5289618933 13.3118759359 0.139848956485 
17.6297651493 13.318301555 0.13863791224 
17.8406619989 13.3319036926 0.139975707903 
17.9846637213 13.3415372337 0.13868500564 
18.176413294 13.352307793 0.247546228632 
18.3491470778 13.388573047 0.569981999975 
18.5232570135 13.5033345188 0.997852165595 
18.6279954874 13.6542835201 1.37360062372 
18.6638689005 13.7791300977 1.62707047268 
18.6665880644 13.9016945327 1.75758052889 
18.6522750818 14.03529894 1.76060495919 
18.6334612333 14.187806722 1.75633057434 
18.6183199846 14.3191906179 1.75442362537 
18.6073930227 14.4206016029 1.76797184102 
18.5806777441 14.6343793834 2.02348519223 
18.5221657717 14.7735721136 2.30276386864 
18.4527354204 14.8684974874 2.37189230768 
18.356152054 14.9788575734 2.39252758984 
18.2144718134 15.1386872421 2.50312360942 
18.1091473066 15.2284187966 2.63437931252 
17.9937896692 15.3030732537 2.63085889285 
17.740693804 15.4559481258 2.90650608175 
17.5604308807 15.5064600075 3.25669897642 
17.4134942257 15.4964825178 3.38442027552 
17.3331779205 15.482664373 3.35457685834 
17.2570133173 15.4728904928 3.35456305844 
17.1203892195 15.4534106667 3.36259856036 
16.9981185162 15.435663488 3.35449545543 
16.8294525706 15.4121403212 3.36320827184 
16.6427796447 15.3826125974 3.34679206832 
16.437823888 15.3512945885 3.36857121826 
16.3362143898 15.337240618 3.35871927065 
16.1326727235 15.3089045773 3.35609863147 
15.9925630951 15.2888368929 3.33418671029 
15.8729972729 15.2743181402 3.44415396991 
15.7476977223 15.2488464576 3.69514120585 
15.6804281437 15.2235566818 3.96943829894 
15.6427560413 15.2014832425 4.17861387948 
15.6037968361 15.1740824992 4.54503751683 
15.5811261201 15.1726623292 -1.40623410795 
15.5691385233 15.1699650476 -1.20306317335 
15.5508619511 15.1614015142 -0.90593609245 
15.5342149102 15.1510504673 -0.611447539102 
15.5218483471 15.136222441 -0.343008469534 
15.5246929788 15.1014120097 0.191424121929 
15.5512159133 15.1002107228 0.287860685646 
15.6336846614 15.1165535564 0.293982465812 
15.7194329613 15.1356276388 0.288015342057 
15.8313378209 15.1606230328 0.287486862456 
15.9081075193 15.1785573962 0.260578443801 
15.9706740492 15.2005544866 0.011871127588 
15.9898997509 15.2144402957 -0.264813936797 
15.9892443457 15.2463214344 -0.679506219647 
15.9851306641 15.2847783084 -0.964606493393 
15.9903027677 15.2868688109 -1.02015447535 
15.9877759555 15.2848927418 -1.00788301562 
15.9878684172 15.2848317588 -1.0092528945 
15.9876634964 15.2850784364 -1.00615370705 
15.9877397233 15.2849385182 -1.0075152163 
15.9878177309 15.2850388552 -1.0070316541 
15.9877671787 15.2851573194 -1.00711238543 
15.9876385817 15.2853797602 -1.00655527489 
15.9877616056 15.2851714047 -1.00705770467 
15.9876166397 15.2853741164 -1.00821811973 
15.987771649 15.2850996817 -1.00738484082 
15.9876476267 15.2853237393 -1.00589171229 
15.9877962508 15.2851067188 -1.0073524108 
15.9876264149 15.2853326427 -1.00577352195 
15.9877824822 15.2851385551 -1.00729846382 
15.9876786211 15.2852765585 -1.0061113789 
15.9877586478 15.285136726 -1.0072591998 
15.987794269 15.2850945483 -1.00729238015 
15.987702381 15.2852592545 -1.00632312189 
15.9876495638 15.2852860543 -1.00596364694 
15.9876591453 15.2852825003 -1.00606283084 
15.9878149518 15.2850971783 -1.00748393442 
15.9875744694 15.2852806116 -1.00576454594 
15.9877171108 15.2852725203 -1.00646275777 
15.9877552205 15.2850995327 -1.00698483925 
15.9877949544 15.2851171794 -1.00722403374 
