15.8400620186 15.1710149164 0.38687994349 
15.8398076856 15.170663398 0.387798198164 
15.8397912347 15.1706414709 0.387885109236 
15.839761071 15.1706460605 0.387397448145 
15.8400641346 15.1709916557 0.386902196757 
15.8400599138 15.1709914247 0.386732847588 
15.8400616498 15.1709954257 0.386620060435 
15.8401937747 15.1710710863 0.387120318888 
15.8397675754 15.1706341321 0.387487653033 
15.8400532977 15.170967404 0.386896311826 
15.8400713318 15.1709655563 0.386882257164 
15.8400526942 15.1709598343 0.386824264735 
15.8400519193 15.1709539259 0.386580396613 
15.8400536292 15.1709708462 0.386789140564 
15.8400519491 15.1709580685 0.386706303973 
15.8400513978 15.1709471534 0.386738145338 
15.8400615492 15.1709632168 0.386675149961 
15.8400624098 15.1709496121 0.386615315057 
15.8400568032 15.170962509 0.386964375081 
15.8400648126 15.1709580163 0.386685565009 
15.8400515207 15.1709520335 0.386722720995 
15.840072807 15.170962807 0.386682547624 
15.840057362 15.17094465 0.386489808596 
15.8400716634 15.1709740798 0.386790270921 
15.8398191148 15.1706133077 0.387569508993 
15.8400491179 15.1709495897 0.386421240606 
15.8400914335 15.170950454 0.386627294213 
15.8400871941 15.1709568168 0.38611052511 
15.8400536963 15.1709462369 0.386242159321 
15.8400658296 15.1709895025 0.385839311616 
15.8397919313 15.1706003363 0.387507706644 
15.839908898 15.1700415353 0.382482324347 
15.8399267533 15.1709885711 0.385804163371 
15.839044165 15.1701588074 0.404997115297 
15.8397457973 15.1705393831 0.393053112165 
15.8397635632 15.1705758686 0.393080959078 
15.8397889064 15.1705665256 0.393097246105 
15.8395977319 15.1698199178 0.37922322604 
15.8399453984 15.1709878633 0.386215714162 
15.8399351129 15.1709482933 0.385903343468 
15.8397057393 15.1706472079 0.386990253891 
15.8399804012 15.1709596107 0.385750098293 
15.8396622577 15.1705014522 0.387364172871 
15.8399017641 15.1700703467 0.382219784233 
15.839972485 15.170971487 0.386097729264 
15.8399213889 15.1701642911 0.383493623775 
15.8396791109 15.1698265562 0.380198642724 
15.8397483603 15.170631882 0.3868859648 
15.8399976828 15.1709779243 0.38531791073 
15.8597715424 15.1768403801 0.378817773703 
15.8990322315 15.1883178803 0.354047342216 
15.9117450734 15.2045835967 0.156573603996 
15.9200169203 15.2161424907 -0.031279172305 
15.9572298342 15.2122996471 -0.0626092640601 
16.025755521 15.2022605727 -0.0742249859868 
16.120311197 15.1882572996 -0.0838380127541 
16.2290357613 15.1712510476 -0.0771974728311 
16.3819330001 15.1499680991 -0.0828089221795 
16.5319156015 15.126137797 -0.0735869087486 
16.692841109 15.1016130264 -0.062825904026 
16.8420565092 15.0781312401 -0.074725841942 
17.0018153154 15.0530798698 -0.0742294512443 
17.1633915865 15.0292368347 -0.0692169192903 
17.316213485 15.006360587 -0.0997795948757 
17.4760482275 14.9821129406 -0.0829457608694 
17.6265892946 14.958510604 -0.0796866255712 
17.7657924854 14.9362342621 -0.0717517120694 
17.9169585669 14.9125619198 -0.0793745084891 
18.0622138941 14.890220132 -0.0640165066543 
18.2358400786 14.8609462346 -0.264552346813 
18.3751120531 14.8070220912 -0.577375024397 
18.480974909 14.7257726158 -0.836549047048 
18.5759296381 14.5932300056 -1.12623566372 
18.6242682898 14.4531694616 -1.20658845858 
18.6720893347 14.2948766316 -1.21827436392 
18.7169182264 14.1366620029 -1.41512965987 
18.7232553923 13.9757711853 4.65016383341 
18.7021074259 13.8254251445 4.63593676311 
18.6968305075 13.7869856323 4.62705429442 
18.6968305075 13.7869856323 4.62705429442 
18.6025338137 13.477897879 4.09625590721 
18.5200743639 13.3314963544 2.77452388214 
18.4860749209 13.2871360744 2.7474389188 
18.1848761999 13.2165583337 3.2171985489 
18.0688276255 13.2157288755 3.16646555484 
17.9480750525 13.2216190065 3.1680932659 
17.7257902586 13.2348014081 3.17469562795 
17.6423928702 13.2384835447 3.17101535596 
17.4032070601 13.2495534385 3.16405579009 
17.2748329603 13.2561769451 3.16353584226 
17.1556669438 13.2647662128 3.16594807676 
16.9763810598 13.2796908582 3.1890653246 
16.9188911879 13.2828433479 3.16580784224 
16.6615325176 13.298241731 3.33267333787 
16.5370340907 13.2779092754 3.44765815344 
16.3829067313 13.2402142251 3.43137630614 
16.2607993149 13.2109562124 3.24091061114 
16.1459915602 13.2076495851 3.031118916 
16.009756636 13.2350665296 2.99323566802 
15.9023918175 13.2631751264 3.12393372042 
15.8140882218 13.2783622707 3.37668944609 
15.7290169114 13.2658758129 3.44242652644 
15.6277306342 13.2429591382 3.4361549951 
15.4835270607 13.2112740243 3.43558993435 
15.3464736306 13.1798926557 3.41179473265 
15.1829727852 13.1495071615 3.19437535451 
15.0359873139 13.1542988981 2.89821865203 
14.8873578274 13.2061554159 2.60063070403 
14.815631386 13.2550216878 2.44335765177 
14.815631386 13.2550216878 2.44335765177 
14.6311540568 13.5732666219 1.82079941118 
14.6252226793 13.6062695945 1.80774342207 
14.5807008707 13.8618254627 1.78488213969 
14.5717301333 13.918667909 1.74395039669 
14.5717301333 13.918667909 1.74395039669 
14.5163809025 14.3494425381 1.49412444602 
14.5249907934 14.4578487838 1.31008041599 
14.5782524311 14.5922985638 1.18425612977 
14.6530897581 14.729718324 0.877104040191 
14.7633808815 14.8386546041 0.616961982729 
14.9020130002 14.9092482294 0.367609247533 
15.0312080943 14.9447542096 0.362339431829 
15.1903440916 14.9909556175 0.355175368725 
15.3364946806 15.0284620191 0.358802989118 
15.4792410695 15.0679450447 0.353054436272 
15.6294674539 15.1089369024 0.341195283997 
15.7613752448 15.1462807844 0.357215958314 
15.9314704464 15.1949758458 0.341427931682 
16.0765267425 15.2345937227 0.327885455181 
16.2163839006 15.2716347652 0.318679632846 
16.3504953348 15.3120718191 0.195444715853 
16.4881369435 15.3271551246 0.0593964618672 
16.6314468944 15.3254610787 0.0474474410646 
16.7843321526 15.3228599394 0.0730665253212 
16.9356586897 15.3200220952 0.0514861971645 
17.0990209543 15.3165668661 0.038449026221 
17.2554355824 15.3130918781 0.044543142295 
17.4028933012 15.3111001591 0.0362377916793 
17.5543673002 15.3082228119 0.0398588147946 
17.7158440315 15.3055089603 0.0741521649115 
17.8469475472 15.3039181496 0.0572336670119 
18.0228414499 15.3029611001 -0.0035128185076 
18.182615515 15.2905955764 -0.25315354434 
18.3167824709 15.2447372361 -0.539070898604 
18.4478211367 15.1485190059 -0.866461429138 
18.5380010569 15.0234830792 -1.15354348466 
18.5847649538 14.865071025 -1.37172435624 
18.6056582892 14.7060462798 -1.37760346327 
18.6235425436 14.5561435188 -1.37689607958 
18.6426989996 14.4071354235 -1.40792318483 
18.6562075579 14.2396513189 4.67149940344 
18.6365110838 14.093021747 4.62706854142 
18.6111595595 13.9443063701 4.61294760403 
18.5864992106 13.7916414703 4.51221598829 
18.5487234556 13.6508954729 4.23448658434 
18.493184086 13.5492389167 4.03623307209 
18.3952054941 13.4426660503 3.73195625858 
18.2094070875 13.3557710613 3.37969045684 
18.0557098353 13.3331744636 3.29184536924 
17.894446131 13.3207625116 3.31258821617 
17.7467375958 13.3084075416 3.30772323545 
17.5964037144 13.2959552968 3.30658500028 
17.4430153334 13.2822849716 3.30258344 
17.2808790171 13.2683874334 3.29881739262 
17.1482428276 13.2577989067 3.29838300939 
17.0016002619 13.2511792148 3.28649033667 
16.8276939356 13.239781257 3.30393698121 
16.6732694471 13.2251640523 3.32256461552 
16.5254901611 13.2161110605 3.30860420357 
16.3949700558 13.2042492593 3.28370938775 
16.2227223479 13.1871050561 3.29783402783 
16.0749535375 13.1747158731 3.28951708241 
15.9230699019 13.1633552278 3.29586368504 
15.7791578361 13.1522306169 3.2958197777 
15.6082210207 13.1400700773 3.29554979895 
15.4789524042 13.128665563 3.25167308891 
15.3223881089 13.1195350851 3.06721480967 
15.1287209952 13.1585315431 2.67451066398 
15.0150373542 13.2254461015 2.42204295313 
14.9834307396 13.255783316 2.31710633731 
14.9834307396 13.255783316 2.31710633731 
14.7808678114 13.6146799291 1.68014605092 
14.7855089867 13.7831542457 1.44596024468 
14.7940243446 13.8398909534 1.39968902474 
14.837849375 14.0105419124 1.58317505007 
14.8469312155 14.1096267665 1.61023466444 
14.8513611519 14.2530568803 1.62990590168 
14.8614989483 14.4059945906 1.63712956745 
14.8698602879 14.5461425746 1.63365551453 
14.8779379093 14.709218439 1.6047057373 
14.8820455038 14.8666670288 1.53145345664 
14.8856393063 14.9128641451 1.51587449956 
14.9560316169 15.1485497395 0.967347034955 
15.0609257781 15.2771371531 0.641899157732 
15.1841903293 15.3550582493 0.377455524607 
15.3349047267 15.3995656485 0.148959494561 
15.4824039602 15.4103083427 0.135870262528 
15.6343191826 15.420661133 0.132343954935 
15.7687888705 15.4296254183 0.175939790431 
15.9370094688 15.4423736597 0.153484023289 
16.0901796335 15.4517146314 0.14647591579 
16.2630053126 15.4628949876 0.126244862157 
16.4192233049 15.4713781143 0.153292905384 
16.567274388 15.481044289 0.13893865074 
16.7263355219 15.4915500844 0.145259859702 
16.8763018214 15.5008115436 0.156228099344 
17.0290933811 15.5109538699 0.148951547644 
17.1807709896 15.5198852087 0.144514460966 
17.3315972054 15.5285628105 0.145939037001 
17.473256346 15.5375455881 0.131981936622 
17.6222034657 15.5463519062 0.124893644228 
17.7951267922 15.5566429163 0.141096626308 
17.9578957522 15.5653196538 0.137910018565 
18.1192357504 15.5737783278 0.138692868509 
18.2711572611 15.582325008 0.13184772362 
18.4203073942 15.5907337035 0.129887770101 
18.5949768984 15.5987991358 0.121535475219 
18.7278237307 15.604992416 0.134527089419 
18.853934046 15.6093426312 0.121837150565 
18.853934046 15.6093426312 0.121837150565 
19.2237293684 15.6685137416 0.60584706157 
19.3383877241 15.733442005 0.878136415808 
19.3383877241 15.733442005 0.878136415808 
19.3383877241 15.733442005 0.878136415808 
19.3383877241 15.733442005 0.878136415808 
19.3383877241 15.733442005 0.878136415808 
19.3383877241 15.733442005 0.878136415808 
19.3383877241 15.733442005 0.878136415808 
19.3383877241 15.733442005 0.878136415808 
18.92086887 16.6142272914 3.56118171047 
18.7749781572 16.5586137737 3.74988753881 
18.6490614378 16.4837506975 3.76494446682 
18.5193452799 16.4049758876 3.76817568311 
18.4150440657 16.3417321409 3.76521135386 
18.245942589 16.2394649948 3.76379888815 
18.0812470877 16.1364690031 3.72956121307 
17.9659247362 16.0701127017 3.76155731893 
17.7923825943 15.9653157557 3.77459071439 
17.6609073841 15.8868399228 3.75084480332 
17.5336464607 15.8094249333 3.75416646945 
17.3842049801 15.7217298413 3.75467086114 
17.2733287775 15.654013362 3.75460419292 
17.1329976284 15.5702281857 3.75509644594 
16.9928485119 15.4868249858 3.77026987823 
16.8724657261 15.4162231351 3.75399339046 
16.7244062388 15.3269964124 3.74891253749 
16.5914041364 15.2460923356 3.6375401066 
16.4762859904 15.1891133862 3.47650122829 
16.2986140215 15.1421062166 3.46058962887 
16.1684000754 15.1093173886 3.46065325127 
15.9942325094 15.06623989 3.46018076657 
15.8645687868 15.0352844412 3.4544620909 
15.7436164432 15.0050933773 3.4566444624 
15.4591543042 14.9363494779 3.46986831869 
15.3270114624 14.9034810925 3.48481284118 
15.1580472552 14.8624802197 3.5372074348 
15.0154767596 14.820570674 3.7703653953 
14.9188045227 14.7685377265 3.95845618634 
14.7770514452 14.6214851106 4.36530479368 
14.7038085425 14.4345200623 -1.54371771631 
14.7062177622 14.2554641927 -1.2872317958 
14.7463220322 14.1071623529 -1.21892747018 
14.7867850029 13.9735959733 -1.25280431829 
14.8464606964 13.7679972614 -1.26481361026 
14.8733870947 13.6845971311 -1.15273939216 
14.8733870947 13.6845971311 -1.15273939216 
14.991050061 13.4457830156 -0.630758014776 
15.15808725 13.3304519618 1.27960665682 
15.3642828428 13.2343045438 -0.301301969764 
15.5237730109 13.1695760454 -0.265178518225 
15.6659435594 13.1189681257 -0.066041682652 
15.8272135594 13.1000019277 -0.014188175427 
15.9873689526 13.0862444604 -0.0154783120188 
16.1312312448 13.0711356367 0.0884205101491 
16.2915418112 13.076319095 0.350746659324 
16.4184771144 13.1133655275 0.419814120085 
16.5698897206 13.1705085004 0.406550275029 
16.7228713595 13.2269350255 0.371060878492 
16.8777025306 13.2707931961 0.199769194146 
17.0239092075 13.2822887863 0.170095194802 
17.1770226919 13.2887818778 0.135909400359 
17.3278008663 13.2982883419 0.142226377777 
17.4896596634 13.3097903694 0.141232086759 
17.6419273579 13.3190453018 0.137939370285 
17.7817813122 13.3279011215 0.139403127338 
17.9507508242 13.3392655815 0.13940836271 
18.1051175558 13.3481669391 0.175716024435 
18.2548465693 13.3619474138 0.380020322189 
18.3886711561 13.406268474 0.67937539587 
18.5201981032 13.4986290897 0.975188662473 
18.6150970423 13.6276892389 1.30264563352 
18.6625390017 13.7709045375 1.61192885312 
18.6670434439 13.8858977521 1.74634827237 
18.6550235712 13.9987171854 1.74626251165 
18.6431059801 14.1110781396 1.7575297437 
18.626307007 14.2491004432 1.75608559549 
18.6103472674 14.3904927338 1.75638782354 
18.590472933 14.5756314958 1.89584218943 
18.5292189085 14.7628524269 2.27232597076 
18.4101109469 14.919091847 2.38435856972 
18.2977182829 15.046421286 2.39974747842 
18.1947984659 15.1599199886 2.56123903643 
18.0605025255 15.2622819974 2.65374943547 
17.917106148 15.350437891 2.67516788944 
17.7943370306 15.4283132369 2.7991525129 
17.6438831055 15.4931415583 3.10039922618 
17.5073391163 15.5064436162 3.32675355797 
17.3943755591 15.4933874572 3.39108465017 
17.3101731503 15.480362531 3.35166466774 
17.2500177586 15.4724803085 3.37820562119 
17.1640685761 15.4600979502 3.35468620873 
17.0587921106 15.4444068337 3.36841701885 
16.8710175717 15.4178023751 3.36831882286 
16.6751164162 15.388157856 3.35739960298 
16.5237826073 15.3671236301 3.37141381735 
16.3539632523 15.3387007604 3.38540904341 
16.1748003327 15.3142573426 3.35476627204 
16.0012496227 15.2895306686 3.33287368925 
15.8401489184 15.2695626693 3.50395954072 
15.7351723724 15.246049437 3.75739178831 
15.6701783204 15.214930732 4.01226337128 
15.6091429555 15.1779342482 4.49245253745 
15.5838495755 15.1720138604 -1.44868683348 
15.5662542843 15.169406798 -1.16190644059 
15.5429815316 15.159451429 -0.793880430395 
15.5267656111 15.1425418372 -0.464343691646 
15.5181637668 15.12415218 -0.153442868662 
15.5169117117 15.1077751333 0.109320692004 
15.5548763835 15.1002885217 0.289751659977 
15.6190705561 15.1131333078 0.293315984766 
15.6798049622 15.1276976953 0.291393068505 
15.779859882 15.1491650308 0.289234545808 
15.878344969 15.1701677556 0.281643590875 
15.9392098264 15.1889723318 0.178218824218 
15.9821456411 15.2079407463 -0.130878371513 
15.9936294669 15.2292517119 -0.495677546752 
15.986427609 15.26168637 -0.798177284383 
15.9860233852 15.2866663786 -0.99709898546 
15.9887883404 15.2873312088 -1.02586162667 
15.9879097306 15.284855597 -1.00786584693 
15.9883384147 15.2857664565 -1.01184672428 
15.9877364078 15.2849218997 -1.0073642651 
15.9877732584 15.2849326434 -1.00743756773 
15.9877511227 15.2849239113 -1.00741185194 
15.9877702707 15.2851009558 -1.00738322492 
15.98770969 15.2852482351 -1.0090026145 
15.9877564796 15.2851999144 -1.00766524802 
15.9876580277 15.2853291819 -1.00598700204 
15.9879099169 15.2853108237 -1.00798985551 
15.9877897986 15.2850862073 -1.00738279006 
15.9877917581 15.2851166765 -1.00732855004 
15.9877608084 15.285161786 -1.00697923539 
15.9877588042 15.2851478832 -1.00690420947 
15.9877502361 15.2851646917 -1.00733541496 
15.9876786211 15.2852765585 -1.0061113789 
15.9876536393 15.2853047627 -1.00604330442 
15.9881146887 15.2860541123 -1.00803408188 
15.9877842107 15.2851348745 -1.0070734365 
15.9882863426 15.2861374209 -1.01084527991 
15.9877972418 15.2851342561 -1.0072326743 
15.9877113813 15.2852706353 -1.00644202723 
15.9882410654 15.2859011444 -1.00995443771 
15.9877688327 15.2851026135 -1.0070686108 
15.9876417034 15.2853118482 -1.00582326267 
15.9877949544 15.2851171794 -1.00722403374 
