15.9877949544 15.2851171794 -1.00722403374 
15.8398076856 15.170663398 0.387798198164 
15.8398096972 15.1706415753 0.387697824947 
15.839761071 15.1706460605 0.387397448145 
15.8400641346 15.1709916557 0.386902196757 
15.8400603906 15.1709835345 0.386782356632 
15.8400616498 15.1709954257 0.386620060435 
15.8414625787 15.1706159006 0.404582997059 
15.8418712021 15.1706377606 0.4082208733 
15.8400532977 15.170967404 0.386896311826 
15.8397881874 15.1706150661 0.387701439035 
15.839805253 15.1706123839 0.387570312112 
15.8400694319 15.1709506849 0.386656050015 
15.8400527501 15.1709481517 0.386797452979 
15.8397979439 15.1706173609 0.387744974347 
15.8398105727 15.1706061626 0.387660566634 
15.8398015239 15.170619231 0.387670280281 
15.8400503994 15.1709401126 0.386648430825 
15.8398087659 15.1706020723 0.387563226164 
15.8397870326 15.1706071163 0.387601536576 
15.8398148232 15.1706296841 0.387591273141 
15.8400671222 15.1709731261 0.386640427848 
15.8400757984 15.1709529648 0.386728379677 
15.8400689663 15.1709399785 0.386706797611 
15.8400685528 15.1709594096 0.386727429166 
15.8400693164 15.1709533895 0.386619871438 
15.8400761933 15.1709794963 0.386634490056 
15.8398369924 15.1706102158 0.387280357943 
15.8399289065 15.1707316826 0.387323336767 
15.8398289086 15.1706217716 0.387088865461 
15.8400602901 15.1709507296 0.386523387875 
15.841351539 15.1705101321 0.403488589144 
15.8396769353 15.1706383193 0.387306832967 
15.8399522529 15.1710240434 0.385893635581 
15.8401730509 15.1709140877 0.392136937742 
15.8397489377 15.1705603192 0.393328171501 
15.8397708723 15.1705547834 0.393397204789 
15.8397994639 15.1705775152 0.393170149868 
15.8395706714 15.1698689053 0.379129874743 
15.8399503269 15.170946982 0.385925228433 
15.8399381788 15.1709777603 0.385775847532 
15.8399532923 15.1709929819 0.386070895602 
15.8399879673 15.1709334964 0.385942615441 
15.8399251887 15.1700506474 0.382078373522 
15.839994874 15.1709475184 0.386374728123 
15.8399724105 15.1709559823 0.386070518435 
15.8396847845 15.1705112571 0.38746558807 
15.8397395724 15.1706444735 0.387058085762 
15.8399965988 15.1709732155 0.385701945697 
15.8471389489 15.1732241626 0.38126911958 
15.8792682049 15.1814576613 0.374212216323 
15.9065473751 15.1945346745 0.295235506119 
15.9111056441 15.2126764006 0.0300910475837 
15.9395379239 15.2170976794 -0.0791046665015 
15.9934091085 15.2080917435 -0.0789312922377 
16.0618007445 15.1966757367 -0.0744754099894 
16.1829557681 15.1782765018 -0.100803200524 
16.3219315076 15.1579470898 -0.0742153331245 
16.472361263 15.1353784094 -0.0750824598638 
16.6422108376 15.1079612339 -0.070611198527 
16.7911370957 15.0858247692 -0.073402362764 
16.9517333471 15.0608364309 -0.0727286489005 
17.0908793175 15.0397810454 -0.0740705523203 
17.2643352711 15.0133945609 -0.0835673918594 
17.4031954968 14.9927457387 -0.0884706756203 
17.5639284813 14.968391713 -0.0824740606356 
17.7141959631 14.9445887173 -0.0765739567866 
17.8527419531 14.9218692447 -0.0733675534683 
18.0019669497 14.8982979024 -0.0592510775195 
18.1635193789 14.87606838 -0.176605455892 
18.3211641276 14.8339351083 -0.454736745802 
18.4525177443 14.7526489163 -0.767380202404 
18.5459363424 14.6457604135 -1.03339507594 
18.614620682 14.4900821413 -1.21386322167 
18.6539401972 14.3520058955 -1.19672547804 
18.7026333773 14.1952257122 -1.31794065721 
18.7263460123 14.043569919 -1.56596978369 
18.7131383383 13.8993771041 4.63991868689 
18.6968305075 13.7869856323 4.62705429442 
18.6968305075 13.7869856323 4.62705429442 
18.6217806303 13.511827823 4.13039392241 
18.6025338137 13.477897879 4.09625590721 
18.4860749209 13.2871360744 2.7474389188 
18.4860749209 13.2871360744 2.7474389188 
18.0771529638 13.215784427 3.17349867349 
17.9480750525 13.2216190065 3.1680932659 
17.8286125624 13.2280918325 3.17138473542 
17.6423928702 13.2384835447 3.17101535596 
17.5229537451 13.2434395517 3.1647547412 
17.4032070601 13.2495534385 3.16405579009 
17.1556669438 13.2647662128 3.16594807676 
17.0376031363 13.2723946537 3.16905240319 
16.9763810598 13.2796908582 3.1890653246 
16.7109940612 13.2936822141 3.26949532535 
16.5872401559 13.2875626052 3.43833540298 
16.460737642 13.2604247297 3.41412787579 
16.3131685817 13.2227743829 3.3160093047 
16.2041049564 13.2033494676 3.09852373076 
16.0619941467 13.2229627336 2.9960568052 
15.9499743321 13.2513370479 3.04706220825 
15.8599281294 13.2732802595 3.24668427004 
15.7749785298 13.2742024625 3.42548101423 
15.6898148471 13.2564140523 3.43224597503 
15.5518656039 13.2264145578 3.43631819075 
15.3919187152 13.1911371912 3.42928877059 
15.2329155767 13.1561063493 3.2834769512 
15.0845910871 13.1470881666 2.97547260237 
14.9368570411 13.1833540166 2.6885123096 
14.815631386 13.2550216878 2.44335765177 
14.815631386 13.2550216878 2.44335765177 
14.6386654341 13.5375735725 1.83255414913 
14.6252226793 13.6062695945 1.80774342207 
14.5874128306 13.8351633514 1.82289739414 
14.5717301333 13.918667909 1.74395039669 
14.5717301333 13.918667909 1.74395039669 
14.5153638088 14.2749412025 1.62646783284 
14.5274544918 14.4515066112 1.40447272575 
14.5647197926 14.5646311606 1.18454925793 
14.620793935 14.6779034699 0.977256655192 
14.7264516317 14.8072122003 0.654493254993 
14.8524473869 14.8873062099 0.435063377486 
14.9969223106 14.936002549 0.293342552017 
15.1372452342 14.9756671751 0.352493085249 
15.2890928948 15.0172118808 0.341924625669 
15.4218428695 15.0541010464 0.342823018862 
15.5766183698 15.0942189957 0.35141944265 
15.732691344 15.138302211 0.355723921337 
15.8831310963 15.1805009584 0.352528968322 
16.0315443092 15.2227344106 0.316774843632 
16.1872158908 15.2637949197 0.332232239792 
16.3033687436 15.2989383789 0.259963586586 
16.4382733667 15.3264869864 0.0695159715763 
16.5853274428 15.3257492746 0.0514577711893 
16.7340279781 15.3238590474 0.0738619924907 
16.8769753539 15.3212442959 0.0720652175795 
17.0418153965 15.3179849053 0.0650254104828 
17.1802370512 15.3150455097 0.035157874778 
17.3342978918 15.3119167204 0.0444109141513 
17.4858980143 15.3093190009 0.0507843847209 
17.6578899586 15.3063493485 0.057621547036 
17.8295552694 15.3036372552 0.0638538363544 
18.0313703978 15.3028960268 -0.0112509895894 
18.1909944975 15.2890209744 -0.268662360475 
18.3428022825 15.229914753 -0.603205101729 
18.4575600588 15.1381539072 -0.886794701162 
18.5506348574 14.9958953823 -1.2128816874 
18.5868999922 14.8437672819 -1.36452227172 
18.6057190859 14.6926910842 -1.35891255214 
18.6234021151 14.5473781193 -1.37218207708 
18.6426989996 14.4071354235 -1.40792318483 
18.6562075579 14.2396513189 4.67149940344 
18.6341228449 14.0809617008 4.6309831245 
18.6094398462 13.9365303482 4.61872749488 
18.5852589571 13.7832208837 4.49888126155 
18.5439090693 13.6381444896 4.2159906084 
18.493184086 13.5492389167 4.03623307209 
18.3435134852 13.4076410497 3.60643447042 
18.2094070875 13.3557710613 3.37969045684 
18.0557098353 13.3331744636 3.29184536924 
17.9075887167 13.3220404352 3.31187902357 
17.7467375958 13.3084075416 3.30772323545 
17.5881305897 13.2952305044 3.30684887593 
17.4386788571 13.2819478477 3.30246571702 
17.2808790171 13.2683874334 3.29881739262 
17.1316831076 13.2564823593 3.29703403008 
16.9803111517 13.2510406936 3.33529089002 
16.8276939356 13.239781257 3.30393698121 
16.6566281879 13.2237731184 3.26313516921 
16.504507538 13.2137206758 3.28841782806 
16.3466790878 13.1958860124 3.28757675616 
16.1845988595 13.1837860311 3.29682448739 
16.0231317097 13.1708272661 3.27766571159 
15.8810976056 13.160085317 3.2959181298 
15.7193968856 13.1480184759 3.29680990047 
15.5781687462 13.1375149454 3.29478040389 
15.4058799708 13.1230128969 3.18845932474 
15.2453703844 13.1238065923 2.90249378418 
15.1166278088 13.1636797155 2.63290919473 
14.9834307396 13.255783316 2.31710633731 
14.9834307396 13.255783316 2.31710633731 
14.7957453692 13.5548628534 1.78017823925 
14.7751017773 13.7144533361 1.56908691864 
14.7940243446 13.8398909534 1.39968902474 
14.8254154884 13.9678820337 1.48734479582 
14.84398162 14.0663218463 1.63416248502 
14.8498806917 14.1754652227 1.65567994496 
14.859465357 14.3288105095 1.61360998566 
14.8649830782 14.4705643619 1.61038440886 
14.874209162 14.626289543 1.60975638766 
14.8781894409 14.8043060864 1.62430598993 
14.8856393063 14.9128641451 1.51587449956 
14.9275431001 15.0960034842 1.07888495122 
15.0039779508 15.2135135683 0.843817723995 
15.132909652 15.3275129388 0.499961889404 
15.2842268908 15.3899369801 0.197683625763 
15.4268406295 15.4077133949 0.149851379405 
15.5699806177 15.4166750426 0.146710788199 
15.7177293712 15.425986957 0.165710090877 
15.8874598035 15.4381520266 0.154215715406 
16.0387171769 15.4485644812 0.143353106396 
16.1934303605 15.4583092595 0.136659993908 
16.3584188187 15.468023252 0.148700471101 
16.5053741896 15.4772545511 0.152278379478 
16.6352944934 15.4851886893 0.154501984562 
16.8086731398 15.4976483549 0.120578579478 
16.9570798838 15.5063435698 0.153768174274 
17.1081417763 15.5162253941 0.139516300218 
17.263806101 15.5251087213 0.14603698288 
17.418238517 15.5336491133 0.13223308621 
17.5778537953 15.5435658658 0.133625937598 
17.7357113325 15.5528744424 0.150354365701 
17.9278447592 15.5633467997 0.142667995025 
18.0672099554 15.57101452 0.139472602347 
18.2291870081 15.5796261097 0.133644193447 
18.4117529356 15.5901259745 0.131023957326 
18.5687267744 15.5970210994 0.131241335414 
18.7963530981 15.6084182228 0.129057369161 
18.853934046 15.6093426312 0.121837150565 
18.853934046 15.6093426312 0.121837150565 
19.2237293684 15.6685137416 0.60584706157 
19.3383877241 15.733442005 0.878136415808 
19.3383877241 15.733442005 0.878136415808 
19.3383877241 15.733442005 0.878136415808 
19.3383877241 15.733442005 0.878136415808 
19.3383877241 15.733442005 0.878136415808 
19.3383877241 15.733442005 0.878136415808 
19.3383877241 15.733442005 0.878136415808 
19.3383877241 15.733442005 0.878136415808 
18.9500923121 16.6196063722 3.50396065056 
18.8140106165 16.5786845649 3.71578516402 
18.6823482477 16.5042469467 3.76361277451 
18.5447778666 16.4197859729 3.76310061105 
18.4150440657 16.3417321409 3.76521135386 
18.2968435251 16.2705274785 3.76404435345 
18.1468014681 16.1780474747 3.76016770226 
18.0371231997 16.1106872524 3.74554343963 
17.8932108843 16.0267795886 3.75991108985 
17.7604559624 15.9451237286 3.76037259907 
17.6297383272 15.8685302103 3.75801654274 
17.4910130465 15.7832893098 3.75844524574 
17.3777660095 15.7171972061 3.75478414502 
17.2291110718 15.627916273 3.75521036313 
17.0888938868 15.5440310801 3.75596096024 
16.9745860064 15.4760680611 3.76665899104 
16.8289898598 15.3906184102 3.75642366424 
16.6986930334 15.3114965449 3.748430089 
16.5659445488 15.2316840266 3.6009496369 
16.4136283958 15.1704501475 3.45556851907 
16.2702057623 15.1347388516 3.45421300023 
16.135330137 15.1009976084 3.46437363205 
15.9654390105 15.0594620521 3.46203711112 
15.8162974903 15.0228095467 3.47890505903 
15.6642072761 14.9857841695 3.4589864943 
15.5118510687 14.9489631916 3.4774032324 
15.3680805528 14.9134973551 3.48881389501 
15.2120895946 14.8745824958 3.48090627071 
15.0650093519 14.8377041186 3.65877854911 
14.9345468247 14.7788398827 3.91727074264 
14.8016266787 14.6569575633 4.2771893281 
14.7341477835 14.5425612892 4.52560048165 
14.6984971726 14.3738393749 -1.42104459076 
14.714746114 14.2252429689 -1.23264007108 
14.7587444746 14.0718111957 -1.21817978666 
14.8124915325 13.896080252 -1.21049483969 
14.8464606964 13.7679972614 -1.26481361026 
14.8733870947 13.6845971311 -1.15273939216 
14.8733870947 13.6845971311 -1.15273939216 
14.991050061 13.4457830156 -0.630758014776 
15.15808725 13.3304519618 1.27960665682 
15.3835639917 13.2269219125 -0.300997749712 
15.5627333486 13.1538873876 -0.225026903667 
15.7096375638 13.1110032762 -0.0314976187382 
15.8566914463 13.0978430475 -0.0194733266417 
16.0083268919 13.0842565263 -0.0130312334098 
16.1661594176 13.0683342184 0.136283976783 
16.3668811285 13.093497392 0.499811522865 
16.5490931832 13.1639867986 0.394447828636 
16.7083390319 13.2225018705 0.359797325107 
16.9084997141 13.2723913158 0.149537828352 
17.0454875195 13.2840869392 0.16984647227 
17.2261331045 13.2913053001 0.144641857116 
17.3823262417 13.302512523 0.13998838552 
17.550506469 13.312832352 0.140180457637 
17.7100946867 13.3232761587 0.140227434827 
17.8531787359 13.3327937091 0.138360473084 
18.0144920313 13.343417045 0.139989430065 
18.1646470987 13.3515729869 0.229353296618 
18.3046469652 13.3724653686 0.489416001519 
18.4528477156 13.4458025659 0.867121051509 
18.5680758917 13.5534323419 1.11804659533 
18.6405672991 13.6857775415 1.43994766746 
18.6678638422 13.8339118923 1.70046472027 
18.6625122988 13.9430075849 1.76454604748 
18.6522750818 14.03529894 1.76060495919 
18.6366772616 14.1610275472 1.75495949598 
18.6202564203 14.3017929758 1.75486460548 
18.6012973749 14.4816456402 1.79993276914 
18.578443762 14.6420893634 2.03804501714 
18.5102188551 14.7913656498 2.32813145917 
18.4249489271 14.9024718071 2.3870351812 
18.3245739901 15.014559027 2.40485994182 
18.2092981302 15.1451316963 2.52970322564 
18.0918960535 15.240731058 2.64664082885 
17.9662930929 15.3180061618 2.64943302882 
17.8304345572 15.4072288538 2.72902529212 
17.7122007572 15.4681442494 2.95018814326 
17.548903104 15.5067455436 3.26604296036 
17.4328836166 15.4990188445 3.38357311965 
17.3410001957 15.4835860247 3.35733210399 
17.2857851946 15.4767624254 3.34909224654 
17.2101697886 15.4671308214 3.35935845992 
17.1181589329 15.4525868709 3.34749481758 
16.9903472626 15.434731182 3.35784902903 
16.8294525706 15.4121403212 3.36320827184 
16.7044730746 15.3923813368 3.35811291904 
16.5412871205 15.3685409094 3.36895598317 
16.381560322 15.3433737794 3.35404042083 
16.2126573586 15.318996262 3.35776072221 
16.0607550257 15.2972573156 3.33136081225 
15.9158431851 15.2779602411 3.36918979602 
15.7990220525 15.261417147 3.55932835385 
15.6947365814 15.2298735047 3.90593475875 
15.6427560413 15.2014832425 4.17861387948 
15.6058760249 15.1756868998 4.50853871796 
15.5848906302 15.1696792583 -1.45308820209 
15.5672104323 15.1698716174 -1.17513042395 
15.5505847299 15.1628948415 -0.91000183737 
15.5291047656 15.1461001227 -0.51949674233 
15.5188150966 15.126782086 -0.189496237965 
15.5177081787 15.1056956465 0.129902022528 
15.5425996446 15.0990077967 0.269395524213 
15.603921082 15.1098459179 0.293678317463 
15.6639307254 15.1241096074 0.286957172471 
15.7476993614 15.1419909636 0.278259765625 
15.8610265964 15.1669325645 0.277762436928 
15.9213268199 15.1811044442 0.247812372061 
15.9706740492 15.2005544866 0.011871127588 
15.9910876268 15.215616964 -0.302229706234 
15.9916173556 15.2394113481 -0.622460628314 
15.9837870413 15.2760698127 -0.883653900059 
15.9889915847 15.2878540831 -1.01547890898 
15.9892405235 15.2872992458 -1.00390493087 
15.9878212401 15.2849472875 -1.00761868363 
15.987816427 15.2848383526 -1.00929365749 
15.9878745564 15.2851150038 -1.00798377924 
15.9877397233 15.2849385182 -1.0075152163 
15.9880142921 15.2849068756 -1.00711174813 
15.9877702707 15.2851009558 -1.00738322492 
15.9876392448 15.2853535826 -1.00613725306 
15.9877907002 15.2851221452 -1.00794268068 
15.987785902 15.2851204167 -1.00738984895 
15.9878031724 15.2851032766 -1.00746087365 
15.9877891951 15.2850992123 -1.00729169727 
15.9877404832 15.2851907874 -1.0094010209 
15.9876737633 15.285272565 -1.00606431001 
15.9876540193 15.2853168997 -1.00596798858 
15.9877569118 15.2851580458 -1.00704410352 
15.9876786211 15.2852765585 -1.0061113789 
15.9877424726 15.2851683686 -1.00686128214 
15.9876982608 15.2852934601 -1.00600884966 
15.9876635038 15.285262611 -1.00622454817 
15.9876855054 15.2852645221 -1.00614839902 
15.9876516202 15.2853249314 -1.00581202082 
15.9876471573 15.2852742674 -1.00606247546 
15.9881016948 15.2852284277 -1.00419631952 
15.9877174461 15.2851086336 -1.00690531834 
15.9876699113 15.2852902452 -1.0062582631 
15.9877949544 15.2851171794 -1.00722403374 
