15.8398059682 15.1706566329 0.387694089224 
15.8398076856 15.170663398 0.387798198164 
15.8397997656 15.1706437359 0.387900642366 
15.8397949339 15.1706212054 0.387704892972 
15.8400641346 15.1709916557 0.386902196757 
15.8400599138 15.1709914247 0.386732847588 
15.8400507347 15.1709884594 0.386589614223 
15.8414625787 15.1706159006 0.404582997059 
15.8418712021 15.1706377606 0.4082208733 
15.8400479333 15.1709667484 0.386834546165 
15.8400713318 15.1709655563 0.386882257164 
15.8400606887 15.1709684769 0.386761133992 
15.8400694319 15.1709506849 0.386656050015 
15.8400469535 15.1709371994 0.386721887511 
15.8397944869 15.1706033165 0.387647323985 
15.8398105727 15.1706061626 0.387660566634 
15.8398020045 15.1706227104 0.387653178054 
15.840029955 15.170950901 0.386489650121 
15.8398087659 15.1706020723 0.387563226164 
15.8398018257 15.1705926026 0.38738083058 
15.8398048469 15.1706092248 0.387592821352 
15.8398064562 15.170624655 0.387713352257 
15.8400757984 15.1709529648 0.386728379677 
15.8400683404 15.1709494407 0.3867326247 
15.8400720881 15.1709624718 0.386644108892 
15.8400833124 15.1709401498 0.38645459042 
15.8398108372 15.1706106926 0.387540858292 
15.8398136758 15.1705988238 0.38736618142 
15.8399289065 15.1707316826 0.387323336767 
15.8398204782 15.1706168617 0.387341624486 
15.8398196624 15.170628954 0.387082161938 
15.8398015426 15.1705996583 0.38796520064 
15.8399721497 15.170948569 0.385905848392 
15.8399522529 15.1710240434 0.385893635581 
15.8390160018 15.1702467317 0.404527612913 
15.8397565113 15.1705592314 0.393211768216 
15.8397764118 15.1705580617 0.393023726171 
15.8397927323 15.1705734397 0.393226759844 
15.8395775334 15.1698668713 0.379241387689 
15.8399457262 15.1709504391 0.385975008383 
15.8399349378 15.1709926243 0.386119350119 
15.8399519474 15.1709890629 0.386107868512 
15.8399879673 15.1709334964 0.385942615441 
15.8398916946 15.1700367222 0.382190381953 
15.8398985193 15.1700657422 0.382300255132 
15.8399724105 15.1709559823 0.386070518435 
15.8396847845 15.1705112571 0.38746558807 
15.8397404329 15.1706506724 0.387102691918 
15.8399965988 15.1709732155 0.385701945697 
15.8417639361 15.1715019459 0.387977969666 
15.8728669697 15.1797513033 0.377542058156 
15.9065473751 15.1945346745 0.295235506119 
15.9102844616 15.2104851755 0.0615205390277 
15.92878389 15.2180056556 -0.0567407994639 
15.9757122734 15.2107472702 -0.0806395389525 
16.0618007445 15.1966757367 -0.0744754099894 
16.1758611464 15.1793391744 -0.0982528399382 
16.3015305662 15.1605911891 -0.0719431633109 
16.4438484871 15.1401492546 -0.0821830474351 
16.5917419755 15.1171220655 -0.0832296554316 
16.7539949977 15.0914487059 -0.0752354250025 
16.9014896118 15.0686163569 -0.0762514359021 
17.0611028635 15.0444674159 -0.0744533409185 
17.2135658228 15.0213579799 -0.0749599837174 
17.3670542204 14.9989278878 -0.0811426278188 
17.5266498291 14.9740842844 -0.0796442087641 
17.6842449867 14.9491950239 -0.078708347487 
17.8527419531 14.9218692447 -0.0733675534683 
18.0019669497 14.8982979024 -0.0592510775195 
18.1553926432 14.8772817219 -0.171427151135 
18.3135101759 14.8363580967 -0.44993551642 
18.435914036 14.7664919759 -0.723099921506 
18.5528295004 14.6346631611 -1.05492609753 
18.6098575556 14.501061138 -1.20103913328 
18.6563408339 14.3438163365 -1.20108714923 
18.7026333773 14.1952257122 -1.31794065721 
18.7263460123 14.043569919 -1.56596978369 
18.7110693419 13.8867375816 4.63488746015 
18.6968305075 13.7869856323 4.62705429442 
18.6968305075 13.7869856323 4.62705429442 
18.6025338137 13.477897879 4.09625590721 
18.6025338137 13.477897879 4.09625590721 
18.4860749209 13.2871360744 2.7474389188 
18.4860749209 13.2871360744 2.7474389188 
18.0771529638 13.215784427 3.17349867349 
17.9480750525 13.2216190065 3.1680932659 
17.8286125624 13.2280918325 3.17138473542 
17.6423928702 13.2384835447 3.17101535596 
17.5229537451 13.2434395517 3.1647547412 
17.4032070601 13.2495534385 3.16405579009 
17.1556669438 13.2647662128 3.16594807676 
17.0376031363 13.2723946537 3.16905240319 
16.9763810598 13.2796908582 3.1890653246 
16.7109940612 13.2936822141 3.26949532535 
16.5872401559 13.2875626052 3.43833540298 
16.4538855517 13.2573249305 3.4041655657 
16.3131685817 13.2227743829 3.3160093047 
16.1973186993 13.203480121 3.08852805237 
16.0619941467 13.2229627336 2.9960568052 
15.9411522971 13.2536704505 3.05711961637 
15.8504238055 13.2748608554 3.27650801728 
15.7749785298 13.2742024625 3.42548101423 
15.6743661874 13.2531055177 3.4342475788 
15.5402679705 13.2237325872 3.43559455509 
15.4043835961 13.1938286985 3.431629358 
15.2447761261 13.1579593385 3.300699989 
15.0946579539 13.146949407 3.01814432374 
14.9444230163 13.1803139413 2.70951600934 
14.815631386 13.2550216878 2.44335765177 
14.815631386 13.2550216878 2.44335765177 
14.815631386 13.2550216878 2.44335765177 
14.6252226793 13.6062695945 1.80774342207 
14.6252226793 13.6062695945 1.80774342207 
14.5717301333 13.918667909 1.74395039669 
14.5717301333 13.918667909 1.74395039669 
14.5153638088 14.2749412025 1.62646783284 
14.5225305521 14.4307728375 1.37865796524 
14.5517530405 14.5386840666 1.19929806726 
14.624546405 14.6858500207 0.969028024255 
14.7264516317 14.8072122003 0.654493254993 
14.8524473869 14.8873062099 0.435063377486 
14.9969223106 14.936002549 0.293342552017 
15.1503478849 14.9790244366 0.351314724233 
15.3048983776 15.0235216881 0.337222473743 
15.4792410695 15.0679450447 0.353054436272 
15.6253741943 15.1073126758 0.349968602222 
15.7813494765 15.1530131439 0.363175722392 
15.9314704464 15.1949758458 0.341427931682 
16.0765267425 15.2345937227 0.327885455181 
16.2163839006 15.2716347652 0.318679632846 
16.3430182302 15.3106680254 0.203061746313 
16.4881369435 15.3271551246 0.0593964618672 
16.6446476543 15.3261701206 0.0362249494868 
16.7963210308 15.3225733305 0.0570695820692 
16.9356586897 15.3200220952 0.0514861971645 
17.1190741026 15.3171738426 0.0616771193451 
17.2845907175 15.3124840001 0.0702789947467 
17.436371442 15.3102674971 0.0403960530983 
17.5836055243 15.3077302838 0.0485674797237 
17.7360879147 15.3050364892 0.0512190182846 
17.8691757881 15.3038020174 0.0522808117264 
18.044303652 15.3028489018 -0.0266550036255 
18.2038545572 15.2864701266 -0.297512066233 
18.3608860933 15.2184630542 -0.648067687302 
18.4773671591 15.1152874122 -0.944637293809 
18.558719393 14.975501057 -1.24753644172 
18.5916235411 14.8165178562 -1.38886114765 
18.6108014547 14.6644425357 -1.37971654916 
18.6248059237 14.5305020774 -1.36527915237 
18.6493985617 14.3563246692 -1.46413639852 
18.6550507509 14.2216964925 4.65649781245 
18.6260697806 14.0301605428 4.62661924264 
18.6019723379 13.8844786848 4.59359680086 
18.5768885576 13.7344759668 4.40220493664 
18.5272197687 13.6025730337 4.14027840583 
18.493184086 13.5492389167 4.03623307209 
18.292473551 13.3827743495 3.50635125006 
18.1618971789 13.346443888 3.33597706551 
17.9870727026 13.327923056 3.29590587759 
17.8339794838 13.3155351842 3.30560973597 
17.6757087671 13.3022990192 3.30748943856 
17.5240761006 13.2892034019 3.30313817491 
17.3860729897 13.2776552404 3.30228323663 
17.2208557093 13.2638044322 3.29887809223 
17.0690342152 13.2540969814 3.29854810067 
16.92074072 13.2466479505 3.335405585 
16.7673440539 13.2348226274 3.30169968325 
16.6057255828 13.2211650575 3.28291095495 
16.4538992011 13.2100414003 3.29297029863 
16.3149675691 13.1943575109 3.29916593208 
16.1549783909 13.1810282434 3.29311529726 
15.9977872857 13.1685088838 3.28373396359 
15.8428379149 13.1572276319 3.29528229472 
15.6891731584 13.1457322801 3.29646871107 
15.5257293248 13.1326426233 3.27488522444 
15.3716131413 13.1206008161 3.13708382376 
15.225287255 13.1283909048 2.8695270347 
15.0815507137 13.1809037889 2.56647451364 
14.9834307396 13.255783316 2.31710633731 
14.9834307396 13.255783316 2.31710633731 
14.801146146 13.5320475067 1.85669049647 
14.7773379051 13.6861603225 1.5267393453 
14.7855089867 13.7831542457 1.44596024468 
14.8257837259 13.963430282 1.49588989183 
14.8488261664 14.0522370304 1.60614512907 
14.8472953999 14.1642477478 1.6211231476 
14.8547028267 14.3099847401 1.6133262543 
14.8684239351 14.5085339511 1.65837172271 
14.8734657728 14.6702746714 1.6057723308 
14.8809919321 14.8404645289 1.56698282203 
14.8856393063 14.9128641451 1.51587449956 
14.9466887676 15.1337502266 1.00460298274 
15.0527375304 15.2684220339 0.683480084508 
15.1841903293 15.3550582493 0.377455524607 
15.3638263309 15.4023229743 0.128621872543 
15.490666058 15.4113281483 0.144177465105 
15.6636016631 15.4221720363 0.153581053048 
15.8279454821 15.4352113868 0.157685726917 
15.9976139778 15.4453090692 0.160395817098 
16.1584478581 15.4560949172 0.1448586129 
16.3142164015 15.4657000864 0.130358122862 
16.4564167821 15.4738613928 0.155519448438 
16.6254925692 15.485350203 0.1355086025 
16.7871932947 15.4960371817 0.136182316936 
16.9363563025 15.5049149061 0.15099275705 
17.0874972307 15.5146176482 0.147369119235 
17.2192132437 15.523153689 0.143298243052 
17.4073767626 15.5331034924 0.138012722861 
17.5778537953 15.5435658658 0.133625937598 
17.786110636 15.5560092295 0.143845496549 
17.9493143522 15.5648476149 0.137832670738 
18.1405179464 15.5749568606 0.133704755601 
18.310875889 15.5847682322 0.126626565679 
18.5128979647 15.5945235158 0.129313864391 
18.6563951933 15.6011100675 0.129625459539 
18.8306329214 15.6093259717 0.130252152085 
18.853934046 15.6093426312 0.121837150565 
18.853934046 15.6093426312 0.121837150565 
19.2542347872 15.6790140832 0.692825277598 
19.3383877241 15.733442005 0.878136415808 
19.3383877241 15.733442005 0.878136415808 
19.3383877241 15.733442005 0.878136415808 
19.3383877241 15.733442005 0.878136415808 
19.3383877241 15.733442005 0.878136415808 
19.3383877241 15.733442005 0.878136415808 
19.3383877241 15.733442005 0.878136415808 
19.3383877241 15.733442005 0.878136415808 
18.9796915018 16.6223208869 3.43200977168 
18.7599558794 16.5510901178 3.76312186066 
18.4940388167 16.3897501195 3.77070461208 
18.3287880385 16.2895482744 3.76463897269 
18.1748506987 16.1964742506 3.77436603498 
18.0371231997 16.1106872524 3.74554343963 
17.8860642874 16.0224925245 3.76031947857 
17.7055826151 15.9116901124 3.75474840204 
17.5477380716 15.8181041444 3.75160174871 
17.402924534 15.7318996752 3.76056433254 
17.2733287775 15.654013362 3.75460419292 
17.1259306633 15.5658308233 3.75360466883 
16.9865478241 15.48252989 3.75413590054 
16.8541351521 15.4057602848 3.75705535781 
16.7244062388 15.3269964124 3.74891253749 
16.5914041364 15.2460923356 3.6375401066 
16.4539295399 15.182658978 3.48233462715 
16.3088279032 15.1443839411 3.45470703725 
16.1684000754 15.1093173886 3.46065325127 
16.0029051119 15.0680436904 3.45524543006 
15.858130131 15.0338725115 3.43502444108 
15.7141065263 14.9976999576 3.46134735267 
15.5784042441 14.9649777676 3.46164995517 
15.4591543042 14.9363494779 3.46986831869 
15.2692049706 14.8896320725 3.4733796476 
15.0848889315 14.8442637588 3.61957533215 
14.9443734848 14.7850717569 3.89015907096 
14.8118926251 14.6712110008 4.23434363201 
14.7390233242 14.5499625767 4.52943344657 
14.6983842814 14.3949139083 -1.48393537353 
14.7062177622 14.2554641927 -1.2872317958 
14.7489156687 14.0992789234 -1.23218564519 
14.7927374804 13.9540430273 -1.25421554581 
14.8388715946 13.8019585575 -1.23027647257 
14.8733870947 13.6845971311 -1.15273939216 
14.8733870947 13.6845971311 -1.15273939216 
14.991050061 13.4457830156 -0.630758014776 
14.991050061 13.4457830156 -0.630758014776 
15.356668111 13.2372094358 -0.300277133969 
15.4801070654 13.1881061758 -0.291328737617 
15.6252927446 13.130608436 -0.124502433327 
15.8356773109 13.0993970598 -0.0171076435493 
15.9873689526 13.0862444604 -0.0154783120188 
16.1312312448 13.0711356367 0.0884205101491 
16.3227132225 13.0825074876 0.384012828321 
16.4821020329 13.1384578908 0.40920409273 
16.6323178374 13.194297191 0.396443951596 
16.7843969428 13.251264211 0.267899809333 
16.9464129173 13.2781228984 0.152727571247 
17.1111767256 13.2846603359 0.131401465542 
17.2560552322 13.293611523 0.141607704949 
17.4379531109 13.3066189254 0.140825567829 
17.6502076351 13.3196043933 0.138187726962 
17.8026136124 13.3293824161 0.141509323693 
17.9507508242 13.3392655815 0.13940836271 
18.1051175558 13.3481669391 0.175716024435 
18.2635083162 13.3634328807 0.394104217119 
18.4039823973 13.4144895042 0.706340833126 
18.5232570135 13.5033345188 0.997852165595 
18.6203894579 13.6395752395 1.32035670871 
18.6638689005 13.7791300977 1.62707047268 
18.6665880644 13.9016945327 1.75758052889 
18.6550235712 13.9987171854 1.74626251165 
18.6441574061 14.1011630262 1.75694865655 
18.6253926718 14.2577977146 1.75591474633 
18.6035683119 14.4609290923 1.78016075821 
18.5842812025 14.6130480135 1.96433856733 
18.5174012148 14.781094637 2.32192028149 
18.3895122969 14.9411684538 2.39160987134 
18.3179249727 15.02290855 2.3910643698 
18.1891648733 15.1655426214 2.57456217312 
18.0492434466 15.2677549983 2.65551192303 
17.892642256 15.367230233 2.68300375939 
17.7756767237 15.4391048069 2.82902220383 
17.6156318152 15.4993438686 3.15721319817 
17.4415563309 15.4999554122 3.3830911033 
17.3460252249 15.4843310828 3.36097647569 
17.2808440888 15.4762200678 3.35520436132 
17.2203350031 15.4684802408 3.35792633775 
17.1052061283 15.4512056077 3.36713571828 
16.9868380987 15.4342477883 3.35204266369 
16.8502373063 15.415203389 3.35993848298 
16.6627144181 15.3863702233 3.36020739749 
16.5113627278 15.3639014179 3.35033366477 
16.3157361114 15.3326226364 3.38082656162 
16.1748003327 15.3142573426 3.35476627204 
16.0012496227 15.2895306686 3.33287368925 
15.8660988753 15.2726567465 3.4658014593 
15.768741388 15.2548010482 3.62807538703 
15.671501916 15.2164573132 4.01346753164 
15.6142179036 15.1799014586 4.4405495698 
15.5911500418 15.1693208332 -1.5611080906 
15.5725518429 15.1711963306 -1.26966954818 
15.5565050804 15.1645172949 -1.0095683022 
15.5354685151 15.1519983301 -0.639497491677 
15.5211131835 15.1338437463 -0.308896188773 
15.5169901514 15.1145558546 -0.0131340560122 
15.5311449432 15.0995294119 0.23210060404 
15.5895934069 15.1067516918 0.286938630324 
15.6753093266 15.1264047439 0.289131169972 
15.8259871566 15.1618630255 0.263616139775 
15.8945788779 15.1730728487 0.253810062047 
15.9627106005 15.197414432 0.0646134874204 
15.9898997509 15.2144402957 -0.264813936797 
15.9922399634 15.2359831445 -0.572439778096 
15.9850560614 15.2733841392 -0.86716297517 
15.9894223922 15.2878127883 -1.01107308691 
15.9877904245 15.2851365062 -1.00931123068 
15.9877748304 15.284942169 -1.00759665184 
15.9878249132 15.2848506535 -1.00867246703 
15.9877488204 15.2849291565 -1.00755834393 
15.9877556303 15.284943756 -1.00727539415 
15.9877407068 15.2850993949 -1.00770743944 
15.9877783769 15.2851212511 -1.00746868728 
15.9877697193 15.2851178276 -1.00756299139 
15.9877965265 15.2851065474 -1.00751099387 
15.9876100087 15.2853426228 -1.00566308427 
15.9877796659 15.2850910092 -1.00731381416 
15.9876870551 15.2852769049 -1.0061510506 
15.9876549655 15.285332043 -1.00585660437 
15.9876208046 15.2853325459 -1.00597006738 
15.9876786211 15.2852765585 -1.0061113789 
15.9877706655 15.2851146387 -1.00731731443 
15.9876144418 15.2853171232 -1.00576819424 
15.9876635038 15.285262611 -1.00622454817 
15.9876855054 15.2852645221 -1.00614839902 
15.9877977037 15.2851043309 -1.00732143562 
15.9878149518 15.2850971783 -1.00748393442 
15.9879848623 15.28536227 -1.00129513891 
15.987764422 15.2851116809 -1.00712835199 
15.9876699113 15.2852902452 -1.0062582631 
15.9877949544 15.2851171794 -1.00722403374 
