15.8398022951 15.1706528033 0.387775666253 
15.8400423081 15.170997482 0.386752361159 
15.8400120327 15.1709741245 0.386443546791 
15.8398784177 15.1715840811 0.379342918321 
15.8397923337 15.1706420595 0.387759644548 
15.8400524968 15.1709773282 0.386771132469 
15.8400708252 15.1709635595 0.38676485167 
15.8400613033 15.1709672178 0.386877002718 
15.8398078271 15.1706046576 0.387696472461 
15.840070855 15.1709626208 0.38668981539 
15.8400630952 15.170962442 0.386909671932 
15.8397961744 15.1706082637 0.387604504051 
15.8397955598 15.1706197749 0.387541632543 
15.8397971207 15.1706045086 0.387766710718 
15.8398054765 15.1706106255 0.387709304973 
15.8398020045 15.1706227104 0.387653178054 
15.8398609684 15.1706050302 0.388337122154 
15.8400516139 15.1709503944 0.386794264099 
15.8400525266 15.1709631572 0.38669319886 
15.8398008571 15.1706137846 0.387630107685 
15.8398064562 15.170624655 0.387713352257 
15.839810595 15.1706017295 0.387647770416 
15.8400689663 15.1709399785 0.386706797611 
15.8398206682 15.1706122572 0.38752319747 
15.8400833422 15.1709724481 0.386655510518 
15.8398233541 15.1706003735 0.387478945656 
15.8400929832 15.1709620173 0.386275072358 
15.8399305792 15.1707031841 0.387592044689 
15.8398204782 15.1706168617 0.387341624486 
15.8397962787 15.1706152449 0.387532060637 
15.840575371 15.1709545518 0.390177106236 
15.8399721497 15.170948569 0.385905848392 
15.8397229762 15.1707351322 0.386745116709 
15.8398402968 15.1706233362 0.393147032115 
15.8397604489 15.1705630685 0.39313926047 
15.8397663013 15.1705447028 0.393639712286 
15.8402080053 15.1709507743 0.392379401319 
15.8397020028 15.1706509183 0.38732105699 
15.8397098893 15.1706422011 0.387063258725 
15.8399531544 15.1709442178 0.385763567384 
15.8399652505 15.1709592755 0.385889815355 
15.8399879673 15.1709334964 0.385942615441 
15.8396243342 15.1698196645 0.380255631771 
15.8398985193 15.1700657422 0.382300255132 
15.8397280463 15.1706151331 0.387175609537 
15.8395798505 15.1697527657 0.379537860206 
15.8400035315 15.1709525252 0.38567389819 
15.839991633 15.1709865446 0.385752049357 
15.8471389489 15.1732241626 0.38126911958 
15.8792682049 15.1814576613 0.374212216323 
15.9050329431 15.1932809095 0.309227705163 
15.9102171009 15.2093924659 0.0751569961375 
15.9395379239 15.2170976794 -0.0791046665015 
15.9879220613 15.2085991113 -0.0744602082996 
16.0542533362 15.1976328867 -0.0720685002297 
16.1758611464 15.1793391744 -0.0982528399382 
16.3015305662 15.1605911891 -0.0719431633109 
16.4311825001 15.1424222926 -0.0832793760252 
16.5917419755 15.1171220655 -0.0832296554316 
16.7622355187 15.0901965911 -0.0767857755672 
16.8929791414 15.07002854 -0.0759376357424 
17.0611028635 15.0444674159 -0.0744533409185 
17.2725297176 15.0117623324 -0.0782424067694 
17.3753330671 14.9974564279 -0.0817741932785 
17.5432639086 14.9715464378 -0.0793116677707 
17.705396887 14.9455152119 -0.0842174319535 
17.8750127518 14.9197037483 -0.0802657770112 
18.0101618731 14.8969227935 -0.0611161999253 
18.1635193789 14.87606838 -0.176605455892 
18.3135101759 14.8363580967 -0.44993551642 
18.4116270506 14.7846718992 -0.663557935847 
18.5459363424 14.6457604135 -1.03339507594 
18.6098575556 14.501061138 -1.20103913328 
18.6563408339 14.3438163365 -1.20108714923 
18.6854484045 14.2532641853 -1.24824683039 
18.7259371245 14.0653768743 -1.53798942596 
18.7180521452 13.9349071945 4.63994055747 
18.6968305075 13.7869856323 4.62705429442 
18.6968305075 13.7869856323 4.62705429442 
18.6217806303 13.511827823 4.13039392241 
18.6025338137 13.477897879 4.09625590721 
18.4860749209 13.2871360744 2.7474389188 
18.4860749209 13.2871360744 2.7474389188 
18.0771529638 13.215784427 3.17349867349 
17.9480750525 13.2216190065 3.1680932659 
17.8286125624 13.2280918325 3.17138473542 
17.6423928702 13.2384835447 3.17101535596 
17.5229537451 13.2434395517 3.1647547412 
17.27915537 13.2559169496 3.16411032826 
17.1556669438 13.2647662128 3.16594807676 
17.0376031363 13.2723946537 3.16905240319 
16.9763810598 13.2796908582 3.1890653246 
16.7018130386 13.293714639 3.28913430898 
16.5872401559 13.2875626052 3.43833540298 
16.460737642 13.2604247297 3.41412787579 
16.246550765 13.2078815664 3.19768686518 
16.1571478808 13.2062147821 3.04153108808 
16.0168601536 13.2333306039 2.99033157783 
15.9297736735 13.2564583982 3.07300616023 
15.8279796765 13.2779799665 3.34974681451 
15.7426164859 13.268829223 3.44100740744 
15.6210635566 13.241380092 3.43568434819 
15.4835270607 13.2112740243 3.43558993435 
15.3672946655 13.1851123537 3.42326257326 
15.2167880499 13.1537495817 3.25297498396 
15.0137138927 13.1587351526 2.83798278872 
14.9368570411 13.1833540166 2.6885123096 
14.815631386 13.2550216878 2.44335765177 
14.815631386 13.2550216878 2.44335765177 
14.6343785488 13.5570380653 1.82419316302 
14.6252226793 13.6062695945 1.80774342207 
14.5842122995 13.8413928712 1.83710119038 
14.5717301333 13.918667909 1.74395039669 
14.5717301333 13.918667909 1.74395039669 
14.5165964329 14.2667819227 1.64550608365 
14.5249907934 14.4578487838 1.31008041599 
14.571033951 14.5786977375 1.17059587597 
14.6367231571 14.7040321792 0.917519956467 
14.7264516317 14.8072122003 0.654493254993 
14.8388918602 14.8820008005 0.401601538496 
14.979018923 14.9318285252 0.339976387237 
15.1285453403 14.971948501 0.34704934922 
15.3364946806 15.0284620191 0.358802989118 
15.4218428695 15.0541010464 0.342823018862 
15.5478192532 15.0868088866 0.35513423914 
15.732691344 15.138302211 0.355723921337 
15.8831310963 15.1805009584 0.352528968322 
16.0601504111 15.2305584748 0.321977897176 
16.207493689 15.2695124543 0.335634824484 
16.3113943898 15.3009130324 0.261294655462 
16.4881369435 15.3271551246 0.0593964618672 
16.6108946764 15.3256604935 0.0581903319472 
16.7252140605 15.3241502757 0.0465307412062 
16.8843759262 15.3209541405 0.0496937848065 
17.0766326153 15.3169455717 0.0477361600991 
17.2845907175 15.3124840001 0.0702789947467 
17.4235839808 15.3106960917 0.0397255145763 
17.6483341419 15.3066913972 0.0414500969043 
17.8774553501 15.3035877536 0.0564558331096 
18.044303652 15.3028489018 -0.0266550036255 
18.2328705752 15.2782577167 -0.357898548424 
18.3857560122 15.2014118696 -0.705377552078 
18.4694373572 15.1248673911 -0.912476791363 
18.5645453894 14.9549151326 -1.27692536197 
18.594932791 14.7868420447 -1.36941545329 
18.6155834162 14.6274638141 -1.38373194936 
18.6340599024 14.4674530591 -1.37113903691 
18.6515283548 14.3345383371 -1.48496336984 
18.653568741 14.2042622531 4.64402463173 
18.628039118 14.0430349077 4.62819012544 
18.6111595595 13.9443063701 4.61294760403 
18.5802543127 13.7542015279 4.44683477796 
18.5370624029 13.6224386657 4.18327610791 
18.493184086 13.5492389167 4.03623307209 
18.3435134852 13.4076410497 3.60643447042 
18.185013529 13.3509645427 3.35998665814 
18.0557098353 13.3331744636 3.29184536924 
17.8772547209 13.3193060125 3.31147247254 
17.6966534817 13.304270264 3.30515849337 
17.5455572569 13.2911244596 3.30315222301 
17.4210931027 13.2807420457 3.30281982184 
17.2511496508 13.2664380039 3.3014882358 
17.1106253826 13.256532904 3.29316638361 
16.9635187351 13.2497076953 3.33549107632 
16.7743138039 13.2348548139 3.3415258209 
16.6138386094 13.2216778959 3.28007969961 
16.491265949 13.2137120927 3.29894321923 
16.3466790878 13.1958860124 3.28757675616 
16.171980735 13.1826611722 3.29636468082 
16.0404280388 13.1731337274 3.27233529202 
15.8726353386 13.1594823564 3.29574725515 
15.749488216 13.1500030721 3.29692436548 
15.5352911019 13.1336394514 3.2908601506 
15.4154461288 13.1234792436 3.20356606004 
15.2324358189 13.1262019838 2.87699363805 
15.1126438939 13.1652437414 2.62938168866 
14.9863710367 13.2527717317 2.32958990237 
14.9834307396 13.255783316 2.31710633731 
14.9834307396 13.255783316 2.31710633731 
14.7779374086 13.6438925231 1.60826156002 
14.7855089867 13.7831542457 1.44596024468 
14.7940243446 13.8398909534 1.39968902474 
14.8478203976 14.041670915 1.61278944715 
14.847042557 14.1157710517 1.62649332557 
14.8567377293 14.2846049632 1.65060702209 
14.8674404585 14.5159048999 1.60291100284 
14.8725825512 14.6194847787 1.62787830587 
14.8809919321 14.8404645289 1.56698282203 
14.8856393063 14.9128641451 1.51587449956 
14.9353474342 15.111560371 1.04162468465 
15.1022459232 15.30697668 0.524089357796 
15.1959229076 15.3608616332 0.356095782931 
15.3472483122 15.400542822 0.14364164952 
15.5321267509 15.4140914197 0.139136702962 
15.7035343015 15.4255209381 0.141845385826 
15.8446866275 15.4357369507 0.165328378076 
16.0201077723 15.4467909897 0.150710286903 
16.1724604332 15.4563708271 0.129580681035 
16.3664756679 15.4683773632 0.153179667427 
16.4898526036 15.4762543554 0.152958301907 
16.6036508047 15.4831964041 0.128002978601 
16.7666430437 15.4941113854 0.152147089321 
16.9099701607 15.5033333863 0.124969012891 
17.0990998709 15.5151008333 0.128453052509 
17.314699527 15.5282785262 0.148099687671 
17.473256346 15.5375455881 0.131981936622 
17.6222034657 15.5463519062 0.124893644228 
17.816575762 15.5578052069 0.139774719261 
17.9278447592 15.5633467997 0.142667995025 
18.1618401968 15.5761582519 0.136404610289 
18.3016197645 15.584016111 0.131357521322 
18.4203073942 15.5907337035 0.129887770101 
18.6259515249 15.6002504791 0.131004553969 
18.7879457438 15.6080105568 0.12663303109 
18.853934046 15.6093426312 0.121837150565 
18.853934046 15.6093426312 0.121837150565 
19.2877883875 15.6981049145 0.773106089807 
19.3383877241 15.733442005 0.878136415808 
19.3383877241 15.733442005 0.878136415808 
19.3383877241 15.733442005 0.878136415808 
19.3383877241 15.733442005 0.878136415808 
19.3383877241 15.733442005 0.878136415808 
19.3383877241 15.733442005 0.878136415808 
19.3383877241 15.733442005 0.878136415808 
19.0731222593 16.6242749656 3.26856091569 
18.92086887 16.6142272914 3.56118171047 
18.8219268286 16.5814152921 3.7029798739 
18.5623793566 16.4303835596 3.76416784155 
18.4399480784 16.3568677867 3.76539590648 
18.3466253245 16.3002375329 3.76444785073 
18.1748506987 16.1964742506 3.77436603498 
18.0264186823 16.1041460598 3.74488652945 
17.9118006193 16.0369086827 3.75069557867 
17.7923825943 15.9653157557 3.77459071439 
17.6609073841 15.8868399228 3.75084480332 
17.5477380716 15.8181041444 3.75160174871 
17.3515796625 15.7022929753 3.76048205401 
17.214030143 15.6189159418 3.75331990256 
17.1177343094 15.5614756609 3.76139242416 
16.9314335549 15.4498728628 3.75002835366 
16.8289898598 15.3906184102 3.75642366424 
16.6646648013 15.291242786 3.72118018974 
16.540734049 15.2167998052 3.54888014758 
16.4065253698 15.168632027 3.45861661639 
16.2617236042 15.1321692059 3.4499412534 
16.1439422333 15.1034333373 3.46168106653 
15.9449315296 15.054406252 3.4599036001 
15.8249339276 15.0248237068 3.47793166991 
15.6578706765 14.9838658238 3.47528312431 
15.5288011694 14.9537692035 3.46798033139 
15.3826583588 14.917444166 3.47910025118 
15.2411757075 14.8808313573 3.45835470385 
15.0919132197 14.8452841307 3.62332516775 
14.9443734848 14.7850717569 3.89015907096 
14.8061501944 14.664831456 4.24914276548 
14.7341477835 14.5425612892 4.52560048165 
14.7038085425 14.4345200623 -1.54371771631 
14.7016810143 14.3059592808 -1.31950327278 
14.7405853235 14.1291646923 -1.22275792125 
14.7811424696 13.9950202669 -1.24167278225 
14.8326241934 13.8255897726 -1.20294993394 
14.8621569836 13.7187495197 -1.14229002664 
14.8733870947 13.6845971311 -1.15273939216 
14.8733870947 13.6845971311 -1.15273939216 
14.991050061 13.4457830156 -0.630758014776 
15.3259896004 13.2489492858 -0.295830022143 
15.4801070654 13.1881061758 -0.291328737617 
15.5703631603 13.1507984365 -0.215359640022 
15.7691394353 13.1034301485 0.000776950665522 
15.9873689526 13.0862444604 -0.0154783120188 
16.0600317829 13.077988025 0.0161036399559 
16.2169541978 13.0687972272 0.269155463381 
16.3796737456 13.099337932 0.440786588793 
16.5698897206 13.1705085004 0.406550275029 
16.7083390319 13.2225018705 0.359797325107 
16.8472456896 13.2671101058 0.216532455751 
17.0075095856 13.2793326343 0.144884433169 
17.1111767256 13.2846603359 0.131401465542 
17.2985041105 13.2965599264 0.141194022592 
17.4679266178 13.3084336484 0.140761134011 
17.5802525246 13.3146089281 0.140379277232 
17.773434993 13.3272906507 0.13923021979 
17.920773741 13.3372662033 0.139480566411 
18.0619244539 13.346075889 0.153905308758 
18.2146141493 13.3559895719 0.306409922566 
18.3328824007 13.382305857 0.540570049636 
18.504935261 13.4858190979 0.950760732261 
18.6110272371 13.6193160976 1.29477863702 
18.6638689005 13.7791300977 1.62707047268 
18.6678197348 13.8569508756 1.72036447355 
18.6569118464 13.98124766 1.74745091239 
18.6449000799 14.0946880544 1.75576827343 
18.6253926718 14.2577977146 1.75591474633 
18.6053497755 14.4424937333 1.7795419483 
18.5806777441 14.6343793834 2.02348519223 
18.5324881041 14.7555628086 2.26075807134 
18.4249489271 14.9024718071 2.3870351812 
18.3179249727 15.02290855 2.3910643698 
18.2230536902 15.1293819288 2.48652138346 
18.0853412115 15.2455030105 2.65604954099 
17.9465780222 15.3331863175 2.64284083699 
17.8194179499 15.4129872734 2.75862077585 
17.6719475948 15.4844741041 3.033799645 
17.5861980879 15.503971752 3.22270103791 
17.4213076794 15.4977477456 3.38800465866 
17.3331779205 15.482664373 3.35457685834 
17.2808440888 15.4762200678 3.35520436132 
17.1856566631 15.4625610078 3.34874762856 
17.0414606297 15.44218139 3.35340315408 
16.9304152691 15.4259994293 3.35691433043 
16.7626764142 15.4010237421 3.35710174608 
16.6041609013 15.3775432969 3.34998812473 
16.381560322 15.3433737794 3.35404042083 
16.2211796009 15.3202828358 3.36381588623 
16.0339814239 15.294901904 3.33350625877 
15.8890293458 15.2754915657 3.40393973474 
15.7582560742 15.2519648795 3.66210909973 
15.66130979 15.2128616965 4.0642175145 
15.6122149789 15.1796316507 4.45900144017 
15.5857008957 15.1699167977 -1.46381106837 
15.5691385233 15.1699650476 -1.20306317335 
15.5393480026 15.1549336875 -0.723005652371 
15.5214591586 15.135089312 -0.327316000391 
15.5169901514 15.1145558546 -0.0131340560122 
15.5380226934 15.0995991642 0.246030129939 
15.5986813271 15.1090808178 0.297364996643 
15.6906795168 15.1296290571 0.289641814567 
15.806278404 15.1561168025 0.241030449856 
15.9122791813 15.1796420703 0.243974395975 
15.9527191707 15.1936945433 0.118635130026 
15.9867040553 15.2119164153 -0.211621224266 
15.9928827399 15.2303826895 -0.518973522363 
15.9850560614 15.2733841392 -0.86716297517 
15.9903027677 15.2868688109 -1.02015447535 
15.9878383541 15.2849342229 -1.00743707435 
15.9877748304 15.284942169 -1.00759665184 
15.9878332653 15.2848491075 -1.00935505297 
15.9877472409 15.2849369908 -1.00738136123 
15.9877485448 15.2849316935 -1.00746110522 
15.9877702707 15.2851009558 -1.00738322492 
15.9877637887 15.2851242202 -1.00742735686 
15.9876973295 15.2852757427 -1.00593913868 
15.9876184502 15.2853426489 -1.0057830735 
15.9877947384 15.2851059551 -1.00754116429 
15.9877469504 15.2851319949 -1.00699351229 
15.9876601362 15.2853251735 -1.00569126558 
15.9877918475 15.2850955131 -1.00745349643 
15.9876421952 15.2853096428 -1.00594858428 
15.9876275995 15.2853453907 -1.00563210225 
15.98777603 15.285117876 -1.00725734194 
15.9876998403 15.2852417308 -1.00624383722 
15.9878946358 15.2852875928 -1.0080631289 
15.9878314325 15.285086971 -1.00743522877 
15.9877879881 15.2851137074 -1.00715188993 
15.9876471573 15.2852742674 -1.00606247546 
15.9880894684 15.2851727384 -1.00437787555 
15.9878088647 15.2850753742 -1.00749499793 
15.9878028893 15.2851393635 -1.00729028817 
15.9877949544 15.2851171794 -1.00722403374 
