15.9877949544 15.2851171794 -1.00722403374 
15.8398076856 15.170663398 0.387798198164 
15.8397997656 15.1706437359 0.387900642366 
15.839761071 15.1706460605 0.387397448145 
15.8400641346 15.1709916557 0.386902196757 
15.8400509172 15.1709765459 0.38682030171 
15.8400616498 15.1709954257 0.386620060435 
15.8414625787 15.1706159006 0.404582997059 
15.8418712021 15.1706377606 0.4082208733 
15.8400479333 15.1709667484 0.386834546165 
15.8400810027 15.17096952 0.386795743142 
15.8400606887 15.1709684769 0.386761133992 
15.8397824318 15.170605507 0.387755013552 
15.8397998587 15.1706165562 0.387633616245 
15.8397979439 15.1706173609 0.387744974347 
15.8398105727 15.1706061626 0.387660566634 
15.8398020045 15.1706227104 0.387653178054 
15.840029955 15.170950901 0.386489650121 
15.8398087659 15.1706020723 0.387563226164 
15.8397870326 15.1706071163 0.387601536576 
15.8398032339 15.1706201176 0.387653787764 
15.8398100251 15.1706155951 0.387554212164 
15.8398197704 15.1706087927 0.387626675917 
15.839815002 15.1706134568 0.387584371816 
15.8400726282 15.1709683577 0.38659464269 
15.8400650435 15.170959119 0.38662008557 
15.8400871122 15.1709668303 0.386598456279 
15.84007914 15.1709549243 0.386304858706 
15.8399289065 15.1707316826 0.387323336767 
15.8398294897 15.1706396679 0.387157041516 
15.8400602901 15.1709507296 0.386523387875 
15.841351539 15.1705101321 0.403488589144 
15.8396769353 15.1706383193 0.387306832967 
15.839781657 15.1707552264 0.386551497257 
15.8401730509 15.1709140877 0.392136937742 
15.8397489377 15.1705603192 0.393328171501 
15.8397786432 15.1705567578 0.393277281917 
15.8402080053 15.1709507743 0.392379401319 
15.8396651709 15.1699313263 0.380070233359 
15.8397024163 15.1706222484 0.387082701527 
15.8397088313 15.1706513504 0.387074628032 
15.8399652505 15.1709592755 0.385889815355 
15.8399587722 15.1709496642 0.385728764807 
15.8396243342 15.1698196645 0.380255631771 
15.839994874 15.1709475184 0.386374728123 
15.8397280463 15.1706151331 0.387175609537 
15.8395704628 15.169739146 0.379380954924 
15.8397395724 15.1706444735 0.387058085762 
15.839754332 15.1706297735 0.38660620942 
15.85188685 15.1734057705 0.373843301768 
15.884738986 15.1838238279 0.357889025907 
15.911664039 15.2005422043 0.218880538416 
15.9144046215 15.2156737729 -0.00555455684151 
15.9543904477 15.2138395535 -0.0751811584156 
16.0168988072 15.2036258245 -0.0747159232413 
16.1057017111 15.1901905651 -0.0810757218839 
16.2290357613 15.1712510476 -0.0771974728311 
16.3734575474 15.1511408428 -0.0810892672334 
16.5319156015 15.126137797 -0.0735869087486 
16.6846543514 15.1026671345 -0.0612252303749 
16.8336411678 15.0795962031 -0.0757528416967 
16.9725545609 15.057493564 -0.0729656283002 
17.1205980742 15.0354443307 -0.073781469578 
17.3245922291 15.0050997699 -0.0992591952208 
17.4760482275 14.9821129406 -0.0829457608694 
17.6265892946 14.958510604 -0.0796866255712 
17.7743781769 14.9355437423 -0.0685941444507 
17.9330670797 14.9108883704 -0.0872935462143 
18.0823893511 14.8885981704 -0.0942698674029 
18.2358400786 14.8609462346 -0.264552346813 
18.3866090738 14.7999246682 -0.59590579483 
18.4902691805 14.7169514264 -0.855331670838 
18.5759296381 14.5932300056 -1.12623566372 
18.6306874716 14.4318272437 -1.20621160117 
18.676179167 14.2823877896 -1.22981960903 
18.7169182264 14.1366620029 -1.41512965987 
18.7232553923 13.9757711853 4.65016383341 
18.7040615046 13.8383827175 4.63407040293 
18.6968305075 13.7869856323 4.62705429442 
18.6968305075 13.7869856323 4.62705429442 
18.6025338137 13.477897879 4.09625590721 
18.5200743639 13.3314963544 2.77452388214 
18.4860749209 13.2871360744 2.7474389188 
18.1848761999 13.2165583337 3.2171985489 
18.0688276255 13.2157288755 3.16646555484 
17.9313652479 13.2226332391 3.16465718388 
17.7257902586 13.2348014081 3.17469562795 
17.6423928702 13.2384835447 3.17101535596 
17.4032070601 13.2495534385 3.16405579009 
17.2748329603 13.2561769451 3.16353584226 
17.1556669438 13.2647662128 3.16594807676 
17.0376031363 13.2723946537 3.16905240319 
16.9188911879 13.2828433479 3.16580784224 
16.6870280468 13.2948949302 3.28319126151 
16.5370340907 13.2779092754 3.44765815344 
16.3829067313 13.2402142251 3.43137630614 
16.2607993149 13.2109562124 3.24091061114 
16.1459915602 13.2076495851 3.031118916 
16.009756636 13.2350665296 2.99323566802 
15.9023918175 13.2631751264 3.12393372042 
15.8140882218 13.2783622707 3.37668944609 
15.7290169114 13.2658758129 3.44242652644 
15.6210635566 13.241380092 3.43568434819 
15.4708501362 13.2084935869 3.43711685665 
15.3255718314 13.1749244894 3.39440941635 
15.1746882164 13.1486231054 3.17679617617 
15.0230629408 13.1568347181 2.86745846624 
14.880494591 13.2101229394 2.58047492614 
14.815631386 13.2550216878 2.44335765177 
14.815631386 13.2550216878 2.44335765177 
14.6280285084 13.5886197055 1.82324733392 
14.6252226793 13.6062695945 1.80774342207 
14.5807008707 13.8618254627 1.78488213969 
14.5717301333 13.918667909 1.74395039669 
14.5717301333 13.918667909 1.74395039669 
14.5141980612 14.3705754841 1.48669943092 
14.5461885893 14.5066933001 1.34211255934 
14.5819401705 14.6035410131 1.10981127949 
14.6643440687 14.7450914348 0.835204654562 
14.7633808815 14.8386546041 0.616961982729 
14.9133744204 14.9103746379 0.362060031673 
15.0523468816 14.9516383077 0.344730132149 
15.198616203 14.9933490867 0.345171749101 
15.3504450881 15.0356144721 0.334943112076 
15.4991738164 15.0730790759 0.348643658531 
15.6536924356 15.1156219656 0.349651317005 
15.7909737119 15.1549311394 0.358118168703 
15.9520196171 15.2000295336 0.334914433512 
16.0970869922 15.2389204992 0.326347008645 
16.2430741751 15.2790814752 0.338885632435 
16.3732235992 15.3177060748 0.162642434696 
16.4950098955 15.3283528278 0.027121389833 
16.6567853653 15.3246272171 0.0504658528987 
16.8044041359 15.3224153782 0.0526682313516 
16.9787465298 15.3193349729 0.0517072499883 
17.1422216856 15.3158696632 0.0561999106729 
17.2845907175 15.3124840001 0.0702789947467 
17.4443329537 15.3100706602 0.0455204156278 
17.5978984797 15.3073495964 0.0538427557899 
17.7576161587 15.304613244 0.0558441811684 
17.9110426867 15.3020650114 0.0686406026664 
18.0613880121 15.3016458193 -0.0375989411924 
18.2116932833 15.2838566417 -0.313819962237 
18.3536403143 15.2228131101 -0.633210148319 
18.4773671591 15.1152874122 -0.944637293809 
18.5535881483 14.9877660538 -1.22572407795 
18.5886249506 14.8360079492 -1.37146147341 
18.6057190859 14.6926910842 -1.35891255214 
18.6248059237 14.5305020774 -1.36527915237 
18.6455726587 14.3860128487 -1.42851002308 
18.6556765997 14.2305834259 4.66386516019 
18.6326472723 14.0726928676 4.63160472336 
18.6075618231 13.9235706295 4.61138387345 
18.5839204752 13.774662372 4.48484599361 
18.540574547 13.6301109756 4.20136042586 
18.493184086 13.5492389167 4.03623307209 
18.3330404722 13.4023088182 3.58836419084 
18.185013529 13.3509645427 3.35998665814 
18.0256795847 13.3307889665 3.28939090711 
17.8859901392 13.3200613225 3.31714108982 
17.7259609663 13.3078113759 3.29880738252 
17.5754024946 13.2939587797 3.30595668632 
17.4123368227 13.2799866165 3.30221967691 
17.2511496508 13.2664380039 3.3014882358 
17.0984791481 13.2552995647 3.29566398412 
16.9507520163 13.2502422298 3.31086936466 
16.7673440539 13.2348226274 3.30169968325 
16.6138386094 13.2216778959 3.28007969961 
16.4538992011 13.2100414003 3.29297029863 
16.3466790878 13.1958860124 3.28757675616 
16.1633769536 13.181767341 3.29375018035 
16.0026935526 13.1691883768 3.29251619873 
15.8428379149 13.1572276319 3.29528229472 
15.6891731584 13.1457322801 3.29646871107 
15.5352911019 13.1336394514 3.2908601506 
15.3858542406 13.1214731897 3.17016305883 
15.2324358189 13.1262019838 2.87699363805 
15.0815507137 13.1809037889 2.56647451364 
14.9834307396 13.255783316 2.31710633731 
14.9834307396 13.255783316 2.31710633731 
14.801146146 13.5320475067 1.85669049647 
14.7769018376 13.6622226203 1.56814583838 
14.7940243446 13.8398909534 1.39968902474 
14.8254154884 13.9678820337 1.48734479582 
14.84398162 14.0663218463 1.63416248502 
14.8498806917 14.1754652227 1.65567994496 
14.8547028267 14.3099847401 1.6133262543 
14.8649830782 14.4705643619 1.61038440886 
14.874209162 14.626289543 1.60975638766 
14.8780226671 14.7902733351 1.57766849229 
14.8856393063 14.9128641451 1.51587449956 
14.9251711332 15.0898640568 1.09871901717 
14.9969102704 15.2024698409 0.838497803726 
15.1073573792 15.3114385719 0.532554162797 
15.2546110117 15.3812173272 0.237116283017 
15.385038253 15.4055681939 0.140749186582 
15.5398876631 15.4150446768 0.140797475834 
15.7035343015 15.4255209381 0.141845385826 
15.8653152493 15.4369031454 0.169932233991 
16.0201077723 15.4467909897 0.150710286903 
16.1724604332 15.4563708271 0.129580681035 
16.3277063334 15.4662853147 0.165365187354 
16.4772034251 15.475244459 0.153941944301 
16.6254925692 15.485350203 0.1355086025 
16.7795459592 15.4955232407 0.140052435733 
16.928279277 15.5047220851 0.145127697661 
17.0874972307 15.5146176482 0.147369119235 
17.2510070765 15.5244331623 0.148979733514 
17.418238517 15.5336491133 0.13223308621 
17.5949764216 15.5439969862 0.133061969422 
17.7407199108 15.5531119371 0.156129501159 
17.9194252455 15.5631190802 0.139645259247 
18.0891578161 15.5723239149 0.135238341456 
18.2496976816 15.5808609391 0.136655595006 
18.4117529356 15.5901259745 0.131023957326 
18.5778295958 15.5978027547 0.120739105596 
18.7362139189 15.6057732368 0.13340515729 
18.853934046 15.6093426312 0.121837150565 
18.853934046 15.6093426312 0.121837150565 
19.2237293684 15.6685137416 0.60584706157 
19.3383877241 15.733442005 0.878136415808 
19.3383877241 15.733442005 0.878136415808 
19.3383877241 15.733442005 0.878136415808 
19.3383877241 15.733442005 0.878136415808 
19.3383877241 15.733442005 0.878136415808 
19.3383877241 15.733442005 0.878136415808 
19.3383877241 15.733442005 0.878136415808 
19.3383877241 15.733442005 0.878136415808 
18.9796915018 16.6223208869 3.43200977168 
18.834137913 16.5872241224 3.69144896366 
18.7036161387 16.5170375074 3.76422738658 
18.5623793566 16.4303835596 3.76416784155 
18.4323151075 16.3534840311 3.74848490512 
18.3036925757 16.2749133075 3.76615425677 
18.1651108229 16.189475056 3.7614926581 
18.0371231997 16.1106872524 3.74554343963 
17.9038481676 16.0332230891 3.76124895815 
17.786005851 15.960510012 3.77062207464 
17.6474019253 15.8779019083 3.74565770064 
17.5150309765 15.799085852 3.74968325236 
17.3777660095 15.7171972061 3.75478414502 
17.2473076546 15.6392409171 3.75743754039 
17.1064571106 15.5551997388 3.76814324764 
16.9670528137 15.4717113788 3.76854863798 
16.8361019456 15.3950122262 3.75466612708 
16.7170320713 15.3224853913 3.74769293928 
16.5771611893 15.2374709634 3.61673490593 
16.4337929451 15.1759620386 3.4645598118 
16.2791306638 15.1366070847 3.47752076636 
16.1439422333 15.1034333373 3.46168106653 
16.0029051119 15.0680436904 3.45524543006 
15.8355772794 15.0282570089 3.45636732372 
15.6973680073 14.9938499893 3.45979250761 
15.5288011694 14.9537692035 3.46798033139 
15.3826583588 14.917444166 3.47910025118 
15.2411757075 14.8808313573 3.45835470385 
15.0848889315 14.8442637588 3.61957533215 
14.9443734848 14.7850717569 3.89015907096 
14.8351912462 14.6960284675 4.17883980151 
14.7390233242 14.5499625767 4.52943344657 
14.7008804047 14.4022834862 -1.46289810531 
14.7062177622 14.2554641927 -1.2872317958 
14.7437875235 14.1175105537 -1.20893313894 
14.7867850029 13.9735959733 -1.25280431829 
14.8326241934 13.8255897726 -1.20294993394 
14.8733870947 13.6845971311 -1.15273939216 
14.8733870947 13.6845971311 -1.15273939216 
14.991050061 13.4457830156 -0.630758014776 
14.991050061 13.4457830156 -0.630758014776 
15.310236808 13.2547252143 -0.29294435887 
15.4399042391 13.2041779722 -0.29934253064 
15.5977781081 13.1402341093 -0.173831139526 
15.7480940038 13.1056121553 -0.00795832877202 
15.898434112 13.0926240648 -0.0113122856356 
16.029963907 13.0818723405 -0.00366343316948 
16.2077563965 13.067590114 0.226237639815 
16.3796737456 13.099337932 0.440786588793 
16.5222535693 13.1530786718 0.408300578254 
16.6638666355 13.2065392698 0.379665249784 
16.8041025364 13.2575036252 0.232500675831 
16.967169162 13.2790671552 0.149621353636 
17.1194131338 13.2852412427 0.133856644333 
17.2474926674 13.2929484809 0.142958942555 
17.4080630505 13.3043808902 0.139136433025 
17.5802525246 13.3146089281 0.140379277232 
17.7314687931 13.3245594467 0.139783390333 
17.8826999628 13.3346677984 0.139285288862 
18.0229241812 13.3441115583 0.141612926885 
18.1646470987 13.3515729869 0.229353296618 
18.3328824007 13.382305857 0.540570049636 
18.4613156283 13.4510070051 0.843555910182 
18.5629782641 13.5459372962 1.10489400017 
18.6432983839 13.6937249864 1.45613299401 
18.6673433745 13.8731266225 1.73626515761 
18.6569118464 13.98124766 1.74745091239 
18.646584984 14.0786076749 1.75434230126 
18.6296582186 14.2197775806 1.75656536289 
18.6094276869 14.3989600504 1.75825735225 
18.5946450197 14.5464248026 1.85453602304 
18.5500476324 14.7209870184 2.19672419854 
18.4329807722 14.8924161459 2.37874387308 
18.3126010859 15.0295643921 2.39365359987 
18.2144718134 15.1386872421 2.50312360942 
18.1091473066 15.2284187966 2.63437931252 
17.9662930929 15.3180061618 2.64943302882 
17.8374114 15.4026697541 2.72057809559 
17.7006915772 15.4733052219 2.99262302029 
17.5316975081 15.5064134861 3.29389306293 
17.4213076794 15.4977477456 3.38800465866 
17.3331779205 15.482664373 3.35457685834 
17.2687375509 15.4748657311 3.36865608619 
17.1926346981 15.4648874516 3.37310791586 
17.0888848269 15.4487020339 3.36589367235 
16.9670686686 15.4321297223 3.36126117929 
16.8009809219 15.4079972173 3.36494538396 
16.6041609013 15.3775432969 3.34998812473 
16.4517352545 15.3544714491 3.36167472551 
16.292331841 15.3316974903 3.35317091918 
16.1326727235 15.3089045773 3.35609863147 
15.950634759 15.2843922454 3.34452527915 
15.777594302 15.2562170348 3.59827996407 
15.7034510785 15.2348167056 3.87878976842 
15.6148713493 15.1819807368 4.42507300711 
15.5925648176 15.1687598268 4.70295375999 
15.5709252321 15.1709258745 -1.24223597826 
15.5516592228 15.164844055 -0.944146562325 
15.5342149102 15.1510504673 -0.611447539102 
15.5230490529 15.1373197476 -0.36815182056 
15.5169901514 15.1145558546 -0.0131340560122 
15.5275799894 15.1003607626 0.212044189638 
15.5641484224 15.1014046187 0.293161939902 
15.6336846614 15.1165535564 0.293982465812 
15.7142611855 15.1349649022 0.293836486818 
15.8168019318 15.1573314259 0.291502232041 
15.9181285297 15.1812182183 0.236537025905 
15.9627106005 15.197414432 0.0646134874204 
15.9898997509 15.2144402957 -0.264813936797 
15.9923667276 15.2309152486 -0.512036323075 
15.9850560614 15.2733841392 -0.86716297517 
15.9891174623 15.2879292446 -1.00691965915 
15.9892405235 15.2872992458 -1.00390493087 
15.9877383822 15.2849206629 -1.00721122821 
15.9883384147 15.2857664565 -1.01184672428 
15.9878745564 15.2851150038 -1.00798377924 
15.9877397233 15.2849385182 -1.0075152163 
15.9877859616 15.2849215421 -1.00636137013 
15.9877832868 15.2851014997 -1.00747939064 
15.9876392448 15.2853535826 -1.00613725306 
15.9876973295 15.2852757427 -1.00593913868 
15.9877562412 15.2851608696 -1.00682584134 
15.9877724388 15.2851056683 -1.0072334612 
15.9877891951 15.2850992123 -1.00729169727 
15.9877917581 15.2851166765 -1.00732855004 
15.9878156969 15.2850968803 -1.00745593065 
15.9876217955 15.2853206138 -1.00579508127 
15.9877569118 15.2851580458 -1.00704410352 
15.9876668715 15.2852881553 -1.00598175264 
15.9877586478 15.285136726 -1.0072591998 
15.9876982608 15.2852934601 -1.00600884966 
15.9876635038 15.285262611 -1.00622454817 
15.9883179181 15.2860384437 -1.01055324826 
15.9877977037 15.2851043309 -1.00732143562 
15.9876295888 15.2853356639 -1.00578801093 
15.9881016948 15.2852284277 -1.00419631952 
15.9877171108 15.2852725203 -1.00646275777 
15.9876330682 15.2853214035 -1.00559441878 
15.9877949544 15.2851171794 -1.00722403374 
