15.8398104982 15.1706454421 0.387849334387 
15.8397925348 15.1706433708 0.387788432853 
15.8397922033 15.1706348697 0.387847907847 
15.8419303597 15.1706150959 0.409236684985 
15.8400603906 15.1709835345 0.386782356632 
15.8398194649 15.1706179718 0.387614371809 
15.8397796081 15.1706158335 0.387685269612 
15.8397208565 15.1706047545 0.387002490661 
15.8400640228 15.1709738935 0.38678381945 
15.8400497736 15.1709646771 0.386880664006 
15.8400655837 15.1709696169 0.386649512581 
15.8400694319 15.1709506849 0.386656050015 
15.8398031258 15.1706155504 0.387702522771 
15.8397934289 15.1706393848 0.387415578781 
15.8400489689 15.1709512661 0.386758953852 
15.8400618919 15.1709465201 0.386811647772 
15.8397923076 15.1706105287 0.387740786108 
15.8400576302 15.1709625761 0.38680142646 
15.8398022318 15.1706079582 0.387683498598 
15.8398125136 15.1706203262 0.387628472137 
15.8398129718 15.1706123913 0.387621256907 
15.8398144284 15.1706157813 0.387620094765 
15.8400726282 15.1709683577 0.38659464269 
15.8400833422 15.1709724481 0.386655510518 
15.8400761933 15.1709794963 0.386634490056 
15.8400929832 15.1709620173 0.386275072358 
15.8400762529 15.1709779764 0.386042598225 
15.8398294897 15.1706396679 0.387157041516 
15.8400658296 15.1709895025 0.385839311616 
15.8397919313 15.1706003363 0.387507706644 
15.8398673014 15.1700797717 0.382909267973 
15.8397229762 15.1707351322 0.386745116709 
15.8398443126 15.1706305335 0.392888451505 
15.8397616931 15.1705593953 0.392972796421 
15.8397926876 15.1705716739 0.393119630322 
15.8397227825 15.1707636456 0.388051747375 
15.8397067749 15.1706305111 0.386770134539 
15.8397085705 15.1706497113 0.386935887546 
15.8397161999 15.1706368888 0.386801275849 
15.8399805539 15.170947742 0.385559390115 
15.8396621273 15.1705072711 0.387245565426 
15.8398852871 15.1700427572 0.382108667335 
15.8399657571 15.1709640289 0.386029457534 
15.8395688498 15.1697391311 0.379165067784 
15.8397432381 15.1706272254 0.387141346689 
15.8397448213 15.1706167946 0.386783711715 
15.85188685 15.1734057705 0.373843301768 
15.8928370691 15.1859144906 0.368596037065 
15.9117452149 15.201546252 0.199610035783 
15.9176868555 15.2155582851 -0.0214247531047 
15.9371861668 15.2170725523 -0.0762404695678 
16.0007703343 15.2061132195 -0.0747166613712 
16.0618007445 15.1966757367 -0.0744754099894 
16.2057150864 15.1756428669 -0.0813346908779 
16.3819330001 15.1499680991 -0.0828089221795 
16.5107778871 15.1291960368 -0.0729409141492 
16.692841109 15.1016130264 -0.062825904026 
16.8633763754 15.0747360552 -0.0742152723604 
17.0018153154 15.0530798698 -0.0742294512443 
17.1290739739 15.0341719801 -0.0732442437102 
17.3753330671 14.9974564279 -0.0817741932785 
17.512442466 14.9753926064 -0.0890724190089 
17.7141959631 14.9445887173 -0.0765739567866 
17.9040787184 14.9146014417 -0.074657052706 
18.1118302309 14.8827888633 -0.0969213988354 
18.2720267737 14.8519420291 -0.366661656498 
18.3600311243 14.8152523304 -0.542800290087 
18.5101814234 14.6946174468 -0.918425524008 
18.5958459341 14.547571894 -1.17267674121 
18.6333470308 14.4236634339 -1.2035672599 
18.6879987681 14.2449945177 -1.25843347119 
18.720439192 14.1158505643 -1.45769936106 
18.718789097 13.9431993927 4.64469232021 
18.6990373098 13.8040449584 4.63413149705 
18.6968305075 13.7869856323 4.62705429442 
18.6968305075 13.7869856323 4.62705429442 
18.6025338137 13.477897879 4.09625590721 
18.5200743639 13.3314963544 2.77452388214 
18.4860749209 13.2871360744 2.7474389188 
18.1848761999 13.2165583337 3.2171985489 
18.0688276255 13.2157288755 3.16646555484 
17.9480750525 13.2216190065 3.1680932659 
17.7257902586 13.2348014081 3.17469562795 
17.5441645348 13.2425695623 3.16459928163 
17.424855467 13.2482396329 3.16479601577 
17.2748329603 13.2561769451 3.16353584226 
17.1556669438 13.2647662128 3.16594807676 
16.9763810598 13.2796908582 3.1890653246 
16.9188911879 13.2828433479 3.16580784224 
16.6870280468 13.2948949302 3.28319126151 
16.4892688357 13.2692414487 3.4459185441 
16.3618764841 13.2338958944 3.40587990106 
16.2263759637 13.2047289575 3.13956004891 
16.1571478808 13.2062147821 3.04153108808 
15.9870738276 13.2414389814 3.0101730736 
15.8972026372 13.2644839252 3.13754531069 
15.823881548 13.2783503498 3.35900318649 
15.7152866238 13.2627706493 3.44046191981 
15.6277306342 13.2429591382 3.4361549951 
15.5122884774 13.2175372804 3.43656357332 
15.3464736306 13.1798926557 3.41179473265 
15.1454925501 13.1463805402 3.109218716 
14.9935743773 13.1637102331 2.80319958819 
14.8554302418 13.2255824769 2.50889650367 
14.815631386 13.2550216878 2.44335765177 
14.815631386 13.2550216878 2.44335765177 
14.6280285084 13.5886197055 1.82324733392 
14.6252226793 13.6062695945 1.80774342207 
14.5807008707 13.8618254627 1.78488213969 
14.5717301333 13.918667909 1.74395039669 
14.5717301333 13.918667909 1.74395039669 
14.5141866171 14.3272121514 1.54867129323 
14.5461885893 14.5066933001 1.34211255934 
14.6010726654 14.6426711048 1.04932249614 
14.646751877 14.7188557352 0.881392719077 
14.7999458277 14.8614605928 0.477358718158 
14.9602598512 14.9275017644 0.290763907533 
15.0601604545 14.9532217945 0.366747375253 
15.213941034 14.9955190981 0.372980995129 
15.3637408578 15.0378186817 0.366532098581 
15.5684349799 15.0922963286 0.350981384612 
15.7449769491 15.1414451341 0.349109411566 
15.8254462519 15.1628534014 0.328167751993 
16.0399076008 15.2226441598 0.330481826229 
16.2163839006 15.2716347652 0.318679632846 
16.355894413 15.3137212659 0.178551074042 
16.5195875728 15.3266110683 0.0425426843461 
16.6446476543 15.3261701206 0.0362249494868 
16.8169136607 15.322259743 0.0534701399689 
16.9441508019 15.3197734396 0.0529807809765 
17.2098711693 15.3141590247 0.0451620375369 
17.3940718138 15.3111213485 0.0390114889775 
17.5836055243 15.3077302838 0.0485674797237 
17.7662734949 15.304591168 0.0551266280609 
17.9710171187 15.3023068572 0.0447907849191 
18.102807995 15.2989435794 -0.0907553992043 
18.2974717581 15.253932046 -0.495621805126 
18.3962674105 15.1936049054 -0.733629275387 
18.5235402548 15.0494026656 -1.10084538186 
18.5729005301 14.920428809 -1.33782957298 
18.5982208216 14.7571830417 -1.3702313171 
18.6118102038 14.656366166 -1.37916851769 
18.6273617708 14.5185474123 -1.36142431373 
18.6444601976 14.3944752778 -1.41993663971 
18.6519021952 14.1868321861 4.63433781097 
18.6232876742 14.013342377 4.62470898538 
18.5925841295 13.8329617942 4.51299793151 
18.5611696207 13.6883901323 4.30649092058 
18.493184086 13.5492389167 4.03623307209 
18.3982646429 13.4430568183 3.71762670796 
18.2637271845 13.3716223205 3.45459328158 
18.0764992201 13.33564901 3.30629881554 
17.9154345953 13.3227826322 3.30788926167 
17.812646147 13.3137288059 3.30526554696 
17.6539875233 13.3007011379 3.3072689593 
17.4731733763 13.2847268547 3.30291737197 
17.3230295145 13.2714010442 3.29490670556 
17.1908236706 13.2611936296 3.29694021105 
16.9880225622 13.2502211297 3.28748107226 
16.8509257996 13.2419360841 3.35463337147 
16.7165284717 13.2300988401 3.33383611841 
16.5720815026 13.2186063493 3.28027354348 
16.3864962422 13.2039562429 3.28616685862 
16.2653991842 13.1900566781 3.29757524724 
16.0522237533 13.1737741197 3.25306315493 
15.943754349 13.164826032 3.29512024396 
15.8003309333 13.1536956991 3.29530144317 
15.650627684 13.1428581441 3.29527905934 
15.4876944387 13.1301976408 3.25046967535 
15.2832385265 13.1204527582 2.99247538799 
15.204165157 13.1330038274 2.82957014217 
15.0207784736 13.2206197942 2.4434588064 
14.9834307396 13.255783316 2.31710633731 
14.8361176216 13.4584884609 1.99195584852 
14.7779374086 13.6438925231 1.60826156002 
14.7855089867 13.7831542457 1.44596024468 
14.7940243446 13.8398909534 1.39968902474 
14.8440026009 14.0284624065 1.612740295 
14.8480532133 14.1546322072 1.63377507925 
14.8574559652 14.341513213 1.64757146664 
14.8652617895 14.4811924065 1.59215346279 
14.8734657728 14.6702746714 1.6057723308 
14.8797424996 14.819156673 1.57654065888 
14.8856393063 14.9128641451 1.51587449956 
14.977024492 15.1793943013 0.923820127988 
15.1155047977 15.3181073035 0.51626559317 
15.2493724191 15.3798400874 0.260241883105 
15.3472483122 15.400542822 0.14364164952 
15.5529823565 15.4155233915 0.143543486074 
15.7177293712 15.425986957 0.165710090877 
15.8653152493 15.4369031454 0.169932233991 
15.980377745 15.4441088552 0.162013468157 
16.181489166 15.4573538716 0.125192094297 
16.3664756679 15.4683773632 0.153179667427 
16.4564167821 15.4738613928 0.155519448438 
16.6352944934 15.4851886893 0.154501984562 
16.7583880388 15.4936433698 0.152009524432 
16.9995417559 15.5089250768 0.152068330261 
17.1521742308 15.5177790488 0.144111210371 
17.2934598887 15.5278515483 0.125993639365 
17.4888218605 15.5385318364 0.114030770015 
17.6648412907 15.5492778088 0.119722465194 
17.8552768194 15.559767362 0.139860491222 
17.987134453 15.5666449631 0.139615418693 
18.1491270029 15.5753111208 0.134595580661 
18.3231754267 15.5854558314 0.131814944692 
18.5687267744 15.5970210994 0.131241335414 
18.7489793264 15.606596228 0.136828942306 
18.853934046 15.6093426312 0.121837150565 
18.853934046 15.6093426312 0.121837150565 
19.2177555525 15.6639925505 0.592460677035 
19.3383877241 15.733442005 0.878136415808 
19.3383877241 15.733442005 0.878136415808 
19.3383877241 15.733442005 0.878136415808 
19.3383877241 15.733442005 0.878136415808 
19.3383877241 15.733442005 0.878136415808 
19.3383877241 15.733442005 0.878136415808 
19.3383877241 15.733442005 0.878136415808 
19.0483708346 16.6225385631 3.29893950519 
18.9000985586 16.6084518398 3.58378381969 
18.7599558794 16.5510901178 3.76312186066 
18.5938532316 16.450128075 3.76622907601 
18.4940388167 16.3897501195 3.77070461208 
18.3897137606 16.3267167772 3.76615880647 
18.2012135946 16.2119922007 3.7636489802 
18.1394350493 16.1733558143 3.76058362875 
17.9364614451 16.0530998672 3.76119049344 
17.8369451725 15.9915071095 3.76534500011 
17.7055826151 15.9116901124 3.75474840204 
17.5914678537 15.8447114194 3.7589953698 
17.4220178091 15.7421603168 3.75513212789 
17.2984700167 15.6689006353 3.75173165865 
17.1511108839 15.581110325 3.75612424942 
17.0182455742 15.502159294 3.76922542912 
16.8613095247 15.4102167154 3.75612555171 
16.7499361002 15.3420715297 3.7513287766 
16.584302839 15.2417851987 3.62453942664 
16.4762859904 15.1891133862 3.47650122829 
16.3573724591 15.1571281145 3.45540340668 
16.2007728481 15.116765965 3.45656651946 
16.022703942 15.0735251273 3.48073489567 
15.8645687868 15.0352844412 3.4544620909 
15.6973680073 14.9938499893 3.45979250761 
15.5703448021 14.9635174836 3.47040229515 
15.3826583588 14.917444166 3.47910025118 
15.2774758899 14.8915944363 3.46840709652 
15.1769021713 14.8660973574 3.48912867657 
14.9443734848 14.7850717569 3.89015907096 
14.8061501944 14.664831456 4.24914276548 
14.7390233242 14.5499625767 4.52943344657 
14.6982277596 14.3571394647 -1.39056864281 
14.7260200941 14.176708814 -1.2298758445 
14.7630439961 14.0525445903 -1.18979742428 
14.8159817421 13.8843992914 -1.20695065204 
14.8418378794 13.7939966882 -1.21135833056 
14.8733870947 13.6845971311 -1.15273939216 
14.8733870947 13.6845971311 -1.15273939216 
14.991050061 13.4457830156 -0.630758014776 
15.2700249517 13.2695561613 -0.291479648993 
15.356668111 13.2372094358 -0.300277133969 
15.5237730109 13.1695760454 -0.265178518225 
15.7096375638 13.1110032762 -0.0314976187382 
15.8272135594 13.1000019277 -0.014188175427 
16.0170255863 13.0832992757 -0.00961268593474 
16.1756184661 13.068563577 0.150625881366 
16.3315532469 13.0847901071 0.38945429672 
16.4635438287 13.1286116804 0.463664237386 
16.6240728461 13.1909533704 0.398076655442 
16.7201779449 13.2269548143 0.346833741638 
16.8545760476 13.2669873203 0.214698631093 
17.0239092075 13.2822887863 0.170095194802 
17.1770226919 13.2887818778 0.135909400359 
17.3484855854 13.2998423542 0.143504704871 
17.541916486 13.3125035728 0.141002279296 
17.6134831869 13.3170100416 0.140238834289 
17.7901289427 13.3284796442 0.139617163042 
17.9336574041 13.3381644453 0.138890657364 
18.0836257898 13.347025987 0.162716086095 
18.2267785036 13.3572274412 0.329376120382 
18.4039823973 13.4144895042 0.706340833126 
18.5350148642 13.5154778923 1.03206461272 
18.6061935389 13.6116257871 1.27201014969 
18.6625390017 13.7709045375 1.61192885312 
18.6651248896 13.923474666 1.76707638978 
18.6550235712 13.9987171854 1.74626251165 
18.6394436323 14.1389172042 1.75685067711 
18.616286751 14.3408034409 1.74532275986 
18.604521271 14.451318797 1.78668335622 
18.5554580652 14.709537145 2.17752295171 
18.4942378962 14.81524786 2.34040808034 
18.4249489271 14.9024718071 2.3870351812 
18.2484955752 15.0999180491 2.44153192916 
18.153072592 15.198640425 2.63361960042 
18.0492434466 15.2677549983 2.65551192303 
17.9569196665 15.3251690979 2.64363672643 
17.8012274468 15.4238598312 2.78689690236 
17.594687339 15.5029254521 3.20347299969 
17.4589045012 15.5028825069 3.38465074465 
17.3773223126 15.4900084997 3.3724185233 
17.3175065481 15.4807882125 3.36412549692 
17.2441068852 15.4707782979 3.35777732304 
17.1640685761 15.4600979502 3.35468620873 
17.0587921106 15.4444068337 3.36841701885 
16.8918418848 15.4208227808 3.36771344418 
16.7128030622 15.3940822894 3.36229234813 
16.5746028387 15.3735841776 3.3519816261 
16.3962613308 15.3446272577 3.36418289801 
16.2126573586 15.318996262 3.35776072221 
16.0520556682 15.296824761 3.33219258315 
15.8729972729 15.2743181402 3.44415396991 
15.7582560742 15.2519648795 3.66210909973 
15.6800974869 15.2231596264 3.97923149171 
15.6270241105 15.1905782076 4.30138855744 
15.5975754821 15.1718156824 4.62226915158 
15.5748901927 15.1719246025 -1.30529226048 
15.5516592228 15.164844055 -0.944146562325 
15.5363552534 15.1521285439 -0.664278775694 
15.5201774501 15.1317289958 -0.270598424599 
15.5169117117 15.1077751333 0.109320692004 
15.5360861981 15.0994267131 0.235107843778 
15.5776598417 15.1042784418 0.287813056607 
15.639534887 15.1181221942 0.290018094997 
15.8111298272 15.1567239578 0.27468259151 
15.8945788779 15.1730728487 0.253810062047 
15.9535228872 15.193500221 0.123647811333 
15.9821456411 15.2079407463 -0.130878371513 
15.993598763 15.2254583968 -0.459388268761 
15.9837870413 15.2760698127 -0.883653900059 
15.9891078809 15.2876493039 -1.01640042634 
15.9878383541 15.2849342229 -1.00743707435 
15.9877134451 15.2850173751 -1.00782143965 
15.9878031575 15.2848516817 -1.00900724685 
15.9878499099 15.2851182784 -1.00810191902 
15.98774701 15.2849254797 -1.00744262072 
15.9877702707 15.2851009558 -1.00738322492 
15.9875918367 15.2854106652 -1.00798331973 
15.9876274654 15.2853849682 -1.00801162204 
15.9876934626 15.2852638739 -1.00631873924 
15.9876166397 15.2853741164 -1.00821811973 
15.9877755531 15.2851148064 -1.00728308512 
15.9876490646 15.2852935346 -1.00618647762 
15.9876481184 15.2853195334 -1.00596012456 
15.9877824822 15.2851385551 -1.00729846382 
15.9877900371 15.2851141992 -1.00732942047 
15.9877974653 15.2851142811 -1.00735950169 
15.987794269 15.2850945483 -1.00729238015 
15.9876635038 15.285262611 -1.00622454817 
15.9876312801 15.2853418964 -1.00572528413 
15.9876782634 15.2853105071 -1.00600577408 
15.9876321071 15.2853449958 -1.00579998983 
15.9879848623 15.28536227 -1.00129513891 
15.9876535946 15.2853125485 -1.00598556298 
15.9877977708 15.2850984188 -1.00745893043 
