15.8400680908 15.1709952096 0.386976349948 
15.8398154565 15.1706398095 0.387721855754 
15.8397949339 15.1706212054 0.387704892972 
15.8400490509 15.1709995682 0.386884072816 
15.8398059757 15.1706441383 0.387755175279 
15.8400507347 15.1709884594 0.386589614223 
15.8398062513 15.1706167574 0.38758021643 
15.8397208565 15.1706047545 0.387002490661 
15.8400479333 15.1709667484 0.386834546165 
15.8400810027 15.17096952 0.386795743142 
15.8398028688 15.1706069226 0.387760380383 
15.8397962638 15.1706259663 0.387890274993 
15.8398044334 15.1706115196 0.387510727933 
15.8397944869 15.1706033165 0.387647323985 
15.8400603646 15.1709543655 0.386799436997 
15.8400606328 15.170951877 0.386893225105 
15.8398609684 15.1706050302 0.388337122154 
15.8400568032 15.170962509 0.386964375081 
15.8400648126 15.1709580163 0.386685565009 
15.8400515207 15.1709520335 0.386722720995 
15.8398121336 15.1706250424 0.387681320575 
15.8400604167 15.1709516312 0.386732419613 
15.8400920891 15.1709658841 0.386678099311 
15.8398209253 15.1706243942 0.38745071839 
15.8400620409 15.1709512437 0.386426329515 
15.8400761933 15.1709794963 0.386634490056 
15.84008047 15.1709529052 0.386193892248 
15.8399305792 15.1707031841 0.387592044689 
15.8398199343 15.1706514249 0.387251968463 
15.8400531301 15.1709528829 0.386446169767 
15.8398673014 15.1700797717 0.382909267973 
15.8397035823 15.1706426183 0.386872452217 
15.8400954978 15.1711499135 0.387133788471 
15.8397443407 15.1705271343 0.393114261955 
15.8397635632 15.1705758686 0.393080959078 
15.8397804984 15.1705636571 0.393300840523 
15.8397227825 15.1707636456 0.388051747375 
15.8397080937 15.1706635172 0.387037246289 
15.8397085705 15.1706497113 0.386935887546 
15.8396508173 15.1705454851 0.387243006084 
15.8397144267 15.1706580112 0.386999030765 
15.8399543838 15.1709633062 0.385915088703 
15.8399017641 15.1700703467 0.382219784233 
15.8399764748 15.1709718669 0.386127594839 
15.83973315 15.1706156994 0.386990739365 
15.8388188035 15.1697209219 0.375917459055 
15.8397483603 15.170631882 0.3868859648 
15.8399850914 15.1709845925 0.385729772598 
15.8551442103 15.1747137422 0.374451874312 
15.8990322315 15.1883178803 0.354047342216 
15.9118693006 15.2037506031 0.170432973685 
15.9215390609 15.216712313 -0.0369020501222 
15.9572298342 15.2122996471 -0.0626092640601 
16.0168988072 15.2036258245 -0.0747159232413 
16.0722705835 15.1961786079 -0.0725842642998 
16.2290357613 15.1712510476 -0.0771974728311 
16.3819330001 15.1499680991 -0.0828089221795 
16.5234322512 15.1273750032 -0.0705411091396 
16.6720595324 15.1043621565 -0.06256226045 
16.8506411874 15.0767440612 -0.0751996060239 
17.0102046692 15.0518984909 -0.0737590526155 
17.1633915865 15.0292368347 -0.0692169192903 
17.316213485 15.006360587 -0.0997795948757 
17.4841591084 14.980311122 -0.0936411976752 
17.6349472963 14.9571767117 -0.0803123301458 
17.7657924854 14.9362342621 -0.0717517120694 
17.9455587828 14.9081298972 -0.0752203816746 
18.0398840868 14.8931980396 -0.05910608794 
18.2434577906 14.8593815232 -0.30721215758 
18.4044723475 14.7893544699 -0.645820022914 
18.4589264357 14.7471588219 -0.783868805192 
18.5528295004 14.6346631611 -1.05492609753 
18.6242682898 14.4531694616 -1.20658845858 
18.676179167 14.2823877896 -1.22981960903 
18.7151813471 14.1449590887 -1.39842289958 
18.724789139 13.9925274814 4.66038228991 
18.7040615046 13.8383827175 4.63407040293 
18.6968305075 13.7869856323 4.62705429442 
18.6968305075 13.7869856323 4.62705429442 
18.614459511 13.4985258544 4.10818887764 
18.6025338137 13.477897879 4.09625590721 
18.4860749209 13.2871360744 2.7474389188 
18.4860749209 13.2871360744 2.7474389188 
18.0688276255 13.2157288755 3.16646555484 
17.9480750525 13.2216190065 3.1680932659 
17.8286125624 13.2280918325 3.17138473542 
17.6423928702 13.2384835447 3.17101535596 
17.5229537451 13.2434395517 3.1647547412 
17.2877235376 13.2554633583 3.16462817289 
17.1556669438 13.2647662128 3.16594807676 
17.0376031363 13.2723946537 3.16905240319 
16.9763810598 13.2796908582 3.1890653246 
16.6949234569 13.293852445 3.28695698598 
16.5445741379 13.2790507043 3.45375940984 
16.4085257017 13.2467025484 3.41181454678 
16.3204525673 13.2237139905 3.32904504608 
16.1794216299 13.2042747701 3.06416270729 
16.0352701062 13.2289239133 2.99161899052 
15.915717261 13.2599637474 3.09498420445 
15.8345466369 13.2771247591 3.3305803108 
15.7426164859 13.268829223 3.44100740744 
15.6578183734 13.2498211826 3.43700317963 
15.5122884774 13.2175372804 3.43656357332 
15.3547248804 13.181988355 3.41511323568 
15.2247746551 13.154914018 3.26870382506 
15.0526446068 13.1520804132 2.92487987225 
14.9076482617 13.1963034833 2.62939751645 
14.815631386 13.2550216878 2.44335765177 
14.815631386 13.2550216878 2.44335765177 
14.632705208 13.5652540887 1.82172175742 
14.6252226793 13.6062695945 1.80774342207 
14.5807008707 13.8618254627 1.78488213969 
14.5717301333 13.918667909 1.74395039669 
14.5717301333 13.918667909 1.74395039669 
14.5137628281 14.318100747 1.55996660191 
14.5274544918 14.4515066112 1.40447272575 
14.5788062775 14.5996862615 1.12566827068 
14.6295720303 14.6927376355 0.942322583796 
14.7339677775 14.8131998743 0.627592965598 
14.8893729412 14.9029252792 0.37985492915 
14.9969223106 14.936002549 0.293342552017 
15.112039026 14.96858665 0.358681945632 
15.3048983776 15.0235216881 0.337222473743 
15.4792410695 15.0679450447 0.353054436272 
15.5889389777 15.0974714721 0.347683933624 
15.7449769491 15.1414451341 0.349109411566 
15.903134849 15.1867480318 0.340425928104 
16.0692954325 15.2320447064 0.312707239091 
16.2163839006 15.2716347652 0.318679632846 
16.3343643212 15.307612058 0.222858274802 
16.4798138105 15.3272654007 0.0665236219341 
16.6108946764 15.3256604935 0.0581903319472 
16.7843321526 15.3228599394 0.0730665253212 
16.9441508019 15.3197734396 0.0529807809765 
17.06803846 15.3172976414 0.0503285219164 
17.2626156771 15.3126393373 0.064763380003 
17.3940718138 15.3111213485 0.0390114889775 
17.6064530575 15.3075025121 0.061487170939 
17.7576161587 15.304613244 0.0558441811684 
17.9110426867 15.3020650114 0.0686406026664 
18.0313703978 15.3028960268 -0.0112509895894 
18.2038545572 15.2864701266 -0.297512066233 
18.3857560122 15.2014118696 -0.705377552078 
18.4826104605 15.1085041429 -0.963403911105 
18.558719393 14.975501057 -1.24753644172 
18.5916235411 14.8165178562 -1.38886114765 
18.6037783587 14.7151058281 -1.37204319174 
18.6234021151 14.5473781193 -1.37218207708 
18.6472005808 14.3733978833 -1.44365101212 
18.6550507509 14.2216964925 4.65649781245 
18.6365110838 14.093021747 4.62706854142 
18.6075618231 13.9235706295 4.61138387345 
18.5852589571 13.7832208837 4.49888126155 
18.540574547 13.6301109756 4.20136042586 
18.493184086 13.5492389167 4.03623307209 
18.3435134852 13.4076410497 3.60643447042 
18.1980407202 13.3526550497 3.35978996339 
18.0256795847 13.3307889665 3.28939090711 
17.9154345953 13.3227826322 3.30788926167 
17.7590638363 13.3092622722 3.30660071016 
17.5964037144 13.2959552968 3.30658500028 
17.4386788571 13.2819478477 3.30246571702 
17.2511496508 13.2664380039 3.3014882358 
17.1399189198 13.257048365 3.29738060939 
16.9803111517 13.2510406936 3.33529089002 
16.8276939356 13.239781257 3.30393698121 
16.6435342991 13.2257128919 3.29824614257 
16.5127990806 13.215444919 3.29315628337 
16.3466790878 13.1958860124 3.28757675616 
16.2439508402 13.1885186399 3.29803509965 
16.0404280388 13.1731337274 3.27233529202 
15.9106061758 13.1624554361 3.29609224444 
15.7622081601 13.1510013307 3.29644279683 
15.5566708707 13.1355549062 3.29386059288 
15.4234290683 13.124090072 3.20670317166 
15.2832385265 13.1204527582 2.99247538799 
15.148751136 13.150245067 2.72654877189 
14.9932929241 13.2464121545 2.36462608445 
14.9834307396 13.255783316 2.31710633731 
14.9834307396 13.255783316 2.31710633731 
14.7769018376 13.6622226203 1.56814583838 
14.7855089867 13.7831542457 1.44596024468 
14.8253585064 13.957470652 1.48274650933 
14.837849375 14.0105419124 1.58317505007 
14.847042557 14.1157710517 1.62649332557 
14.856223222 14.3061779703 1.59323242963 
14.8652617895 14.4811924065 1.59215346279 
14.874209162 14.626289543 1.60975638766 
14.8797424996 14.819156673 1.57654065888 
14.8856393063 14.9128641451 1.51587449956 
14.9687484467 15.1669159497 0.932501896323 
15.0342178309 15.2509165763 0.762498356459 
15.2043378913 15.3653011287 0.339731080416 
15.3130953872 15.396512937 0.194689908531 
15.5028423929 15.4110794927 0.131815156548 
15.5912123286 15.4184622581 0.152145062513 
15.7550661081 15.4293158765 0.160487729043 
15.9168323615 15.4402007724 0.151943438356 
16.1509496533 15.4553360308 0.131103474913 
16.231926527 15.4605864103 0.140622911912 
16.4192233049 15.4713781143 0.153292905384 
16.6130514109 15.4841130043 0.112174527792 
16.7457225883 15.4925374354 0.154534654 
16.8763018214 15.5008115436 0.156228099344 
17.0698401892 15.5135435427 0.159806779484 
17.2347069943 15.5227763916 0.136245327617 
17.3315972054 15.5285628105 0.145939037001 
17.543777939 15.5421379472 0.139907028462 
17.6648412907 15.5492778088 0.119722465194 
17.8854486906 15.5612530972 0.138948534348 
18.016475197 15.5683573152 0.133615424382 
18.1786527598 15.5769697691 0.138064132217 
18.3608236277 15.5872168804 0.132119037531 
18.5000619852 15.5935156907 0.137656790788 
18.6563951933 15.6011100675 0.129625459539 
18.7963530981 15.6084182228 0.129057369161 
18.853934046 15.6093426312 0.121837150565 
18.853934046 15.6093426312 0.121837150565 
19.2542347872 15.6790140832 0.692825277598 
19.3383877241 15.733442005 0.878136415808 
19.3383877241 15.733442005 0.878136415808 
19.3383877241 15.733442005 0.878136415808 
19.3383877241 15.733442005 0.878136415808 
19.3383877241 15.733442005 0.878136415808 
19.3383877241 15.733442005 0.878136415808 
19.3383877241 15.733442005 0.878136415808 
19.0610556566 16.6223882402 3.28082382864 
18.9291276896 16.6160786117 3.54588548188 
18.7599558794 16.5510901178 3.76312186066 
18.6378271544 16.4768748249 3.76541390122 
18.5011599028 16.3941830362 3.77073603912 
18.3971765005 16.3309382165 3.76464191968 
18.2346157992 16.2326439584 3.76388437667 
18.1136262381 16.1576683486 3.75066758922 
17.9737646544 16.0741594399 3.75580212335 
17.843685385 15.9962124194 3.75645461635 
17.6864677631 15.9013886417 3.74935549245 
17.5589156115 15.8245160545 3.74967351371 
17.4792782032 15.7773960794 3.74237006173 
17.2733287775 15.654013362 3.75460419292 
17.1177343094 15.5614756609 3.76139242416 
17.0182455742 15.502159294 3.76922542912 
16.8289898598 15.3906184102 3.75642366424 
16.6913390123 15.3070172856 3.74589360954 
16.558907088 15.2277166166 3.58780558198 
16.4267559611 15.1741911362 3.45966292285 
16.3161043489 15.1468538458 3.46516575897 
16.0940062666 15.0900185073 3.45926288059 
15.9354392999 15.0528667385 3.46191232353 
15.7954902687 15.0176762308 3.47591541979 
15.6478557551 14.9818541075 3.46077768322 
15.4695728981 14.9389744664 3.45364766907 
15.3680805528 14.9134973551 3.48881389501 
15.133920964 14.8564109767 3.56218922308 
15.0069041216 14.8164540494 3.77549399587 
14.9188045227 14.7685377265 3.95845618634 
14.7614953482 14.5956140126 4.43004517431 
14.7076183521 14.4506604041 4.699226922 
14.701362487 14.3136141265 -1.3134342076 
14.731737014 14.1565104688 -1.23024206996 
14.7787214481 14.0032768215 -1.24163023975 
14.8239470684 13.854974624 -1.19970888068 
14.8464606964 13.7679972614 -1.26481361026 
14.8733870947 13.6845971311 -1.15273939216 
14.8733870947 13.6845971311 -1.15273939216 
14.991050061 13.4457830156 -0.630758014776 
15.15808725 13.3304519618 1.27960665682 
15.3452622854 13.2416526044 -0.297842034592 
15.4801070654 13.1881061758 -0.291328737617 
15.6744010114 13.1171432699 -0.0585543683544 
15.8188340404 13.1004313196 -0.011141601004 
15.9065881373 13.0916739667 -0.0102558993692 
16.1479573214 13.0697454179 0.115718773435 
16.3227132225 13.0825074876 0.384012828321 
16.4457874262 13.122921821 0.432050029684 
16.5698897206 13.1705085004 0.406550275029 
16.756547805 13.2401591505 0.303211830739 
16.8854197228 13.2744929756 0.176826177081 
17.0886226856 13.2865903343 0.161494939098 
17.1770226919 13.2887818778 0.135909400359 
17.3568210566 13.3005361522 0.143178094212 
17.5201052391 13.3114910091 0.140375783625 
17.658480283 13.3201540674 0.137172023598 
17.8322107756 13.3313285078 0.140445250839 
17.9720387423 13.3407512868 0.137319176341 
18.0619244539 13.346075889 0.153905308758 
18.2717096769 13.3654109205 0.406499696581 
18.3886711561 13.406268474 0.67937539587 
18.5232570135 13.5033345188 0.997852165595 
18.6279954874 13.6542835201 1.37360062372 
18.666295048 13.7990006174 1.66058523586 
18.6662983858 13.9080830778 1.76118272525 
18.6554815733 13.9936286176 1.7459049376 
18.6441574061 14.1011630262 1.75694865655 
18.6243386232 14.2665347422 1.75552710574 
18.6094276869 14.3989600504 1.75825735225 
18.5891671145 14.5839885438 1.90926967551 
18.5554580652 14.709537145 2.17752295171 
18.4443476164 14.8787414099 2.37607278748 
18.3753170931 14.9570259417 2.39180398711 
18.292520281 15.0526636357 2.40388324366 
18.1594672167 15.1931984502 2.62651748824 
18.0004267656 15.2985675337 2.64060910797 
17.9064869845 15.3576116155 2.66584213903 
17.740693804 15.4559481258 2.90650608175 
17.6156318152 15.4993438686 3.15721319817 
17.5196989739 15.5064798261 3.32044752531 
17.3609329426 15.4872423972 3.37991382189 
17.2980850899 15.4788555766 3.35095724595 
17.2441068852 15.4707782979 3.35777732304 
17.1775728428 15.4623183871 3.35003429922 
17.0414606297 15.44218139 3.35340315408 
16.8710175717 15.4178023751 3.36831882286 
16.6751164162 15.388157856 3.35739960298 
16.6041609013 15.3775432969 3.34998812473 
16.3668390476 15.3409809957 3.36876513991 
16.1924489998 15.3159245665 3.37372961961 
16.0339814239 15.294901904 3.33350625877 
15.898522488 15.2768874022 3.3956870248 
15.8028609493 15.2610903441 3.54170645035 
15.6856797301 15.2280826599 3.93977608866 
15.6311398708 15.1923343691 4.3252249926 
15.595338341 15.1684460829 4.6630656198 
15.5792407655 15.1734513904 -1.36787642101 
15.5580696725 15.1657479594 -1.02705612786 
15.5454704427 15.1574805419 -0.799366907685 
15.5258661174 15.1415907184 -0.442341959379 
15.5181637668 15.12415218 -0.153442868662 
15.5162634813 15.1106378401 0.0526811605606 
15.5490342044 15.1007215793 0.263964470308 
15.6266855859 15.1146543736 0.291203509385 
15.686277371 15.1284330154 0.286818692841 
15.7587770336 15.1441569591 0.287819432809 
15.8851538218 15.1717285703 0.272749821726 
15.9450200872 15.1907814408 0.154786345451 
15.968552474 15.1997839736 0.0262054304409 
15.9940681272 15.2188576872 -0.377608615685 
15.9885767588 15.2483129969 -0.697361900594 
15.9838223496 15.2832953709 -0.937008420089 
15.9901695811 15.2870056073 -1.02020590856 
15.9878372439 15.2848309653 -1.00774156457 
15.9877134451 15.2850173751 -1.00782143965 
15.9882105329 15.2856173294 -1.01135202878 
15.9881628269 15.2856513637 -1.00996391329 
15.9877476656 15.2849348413 -1.00744103837 
15.9877482915 15.2852422523 -1.00701310678 
15.9878254497 15.2850830855 -1.00752863834 
15.9877751881 15.2851266565 -1.00735716134 
15.9876686075 15.2852908264 -1.00616381549 
15.9876166397 15.2853741164 -1.00821811973 
15.9877710604 15.2851113009 -1.00728362729 
15.9876554051 15.2852935719 -1.00627502212 
15.9876870551 15.2852769049 -1.0061510506 
15.987662878 15.2853311228 -1.00585925297 
15.9876589962 15.2853183041 -1.00607209283 
15.9877026716 15.285261296 -1.00625520847 
15.9877819234 15.2851424518 -1.00717224214 
15.9876647481 15.2853185984 -1.00598899235 
15.9877447375 15.2855103652 -1.00649077957 
15.9876312801 15.2853418964 -1.00572528413 
15.9877637365 15.2851243692 -1.0069875489 
15.9878094011 15.2851471866 -1.00710315256 
15.9877776914 15.2851112189 -1.00736095282 
15.9884592929 15.285918359 -1.0080550263 
15.9878751227 15.2853439862 -1.00767744288 
15.9879016617 15.2852954308 -1.00799438251 
15.9877949544 15.2851171794 -1.00722403374 
