15.9877949544 15.2851171794 -1.00722403374 
15.8398076856 15.170663398 0.387798198164 
15.8398096972 15.1706415753 0.387697824947 
15.8398652786 15.1706402863 0.388386308242 
15.8419303597 15.1706150959 0.409236684985 
15.8397933432 15.1706477145 0.387905357263 
15.8398204112 15.1706496964 0.387525613651 
15.8398062513 15.1706167574 0.38758021643 
15.8400569336 15.1709735508 0.386959375143 
15.8398065158 15.1706042106 0.387814941212 
15.8398089224 15.1706199015 0.38767804406 
15.8398027384 15.1706136356 0.387785184598 
15.8397994266 15.1706167127 0.387736649797 
15.8398031258 15.1706155504 0.387702522771 
15.8398014494 15.1706037114 0.387610423001 
15.8398053871 15.1706174279 0.387642098569 
15.8400618919 15.1709465201 0.386811647772 
15.8398106584 15.1706086139 0.387734315431 
15.8400670589 15.1709659065 0.386826104656 
15.8400538639 15.1709524209 0.386668642273 
15.840056561 15.1709526295 0.386639494771 
15.8398129718 15.1706123913 0.387621256907 
15.8400683404 15.1709494407 0.3867326247 
15.8398206682 15.1706122572 0.38752319747 
15.8398173825 15.1706053282 0.387470083052 
15.8400827238 15.1709601993 0.386621989917 
15.8400929832 15.1709620173 0.386275072358 
15.8399776966 15.1707168336 0.387396295277 
15.8398294897 15.1706396679 0.387157041516 
15.8398196624 15.170628954 0.387082161938 
15.8400602156 15.1709571446 0.386483124029 
15.8398673014 15.1700797717 0.382909267973 
15.8400954978 15.1711499135 0.387133788471 
15.8398443126 15.1706305335 0.392888451505 
15.8397675232 15.1705530326 0.392779742124 
15.8397799396 15.1705558489 0.393241009381 
15.8396001273 15.1698056723 0.379155545015 
15.8397067749 15.1706305111 0.386770134539 
15.8399444633 15.1709242428 0.385917104053 
15.8397161999 15.1706368888 0.386801275849 
15.8397154884 15.1706211234 0.386840180185 
15.8396333308 15.1700030456 0.380689263143 
15.8396433369 15.1698261539 0.380276865969 
15.8399657571 15.1709640289 0.386029457534 
15.839571111 15.1697736869 0.379651912646 
15.8397425265 15.1706220026 0.387050591725 
15.8397596182 15.170630839 0.386558616635 
15.85188685 15.1734057705 0.373843301768 
15.8977483205 15.187968638 0.356615961551 
15.9117452149 15.201546252 0.199610035783 
15.9176868555 15.2155582851 -0.0214247531047 
15.9617130199 15.2121766044 -0.0732420978374 
16.0326709115 15.2014069187 -0.0740857821852 
16.1426372194 15.1845955255 -0.0921526502533 
16.266957786 15.1657703857 -0.088316344812 
16.4111469352 15.1452695096 -0.0852128453969 
16.5620420539 15.1220396275 -0.0848031818178 
16.7048402392 15.0992552454 -0.0724795073215 
16.8719359004 15.0732802267 -0.0769411514114 
17.0102046692 15.0518984909 -0.0737590526155 
17.1633915865 15.0292368347 -0.0692169192903 
17.3835738861 14.996153977 -0.0813565242811 
17.5266498291 14.9740842844 -0.0796442087641 
17.7346929276 14.9407812024 -0.0847519236299 
17.9169585669 14.9125619198 -0.0793745084891 
18.1252672636 14.8811102177 -0.106895312365 
18.2884695494 14.845529374 -0.386679268866 
18.435914036 14.7664919759 -0.723099921506 
18.5414278471 14.6529700125 -1.02000490371 
18.6024842226 14.5284032191 -1.18453493918 
18.6476921999 14.3723353709 -1.19784803985 
18.6968293154 14.2160934175 -1.29198566635 
18.7259371245 14.0653768743 -1.53798942596 
18.7141308748 13.9076049293 4.63967052236 
18.6968305075 13.7869856323 4.62705429442 
18.6968305075 13.7869856323 4.62705429442 
18.6217806303 13.511827823 4.13039392241 
18.6025338137 13.477897879 4.09625590721 
18.4860749209 13.2871360744 2.7474389188 
18.4860749209 13.2871360744 2.7474389188 
18.0857701265 13.2155982221 3.17411021368 
17.9480750525 13.2216190065 3.1680932659 
17.8286125624 13.2280918325 3.17138473542 
17.6423928702 13.2384835447 3.17101535596 
17.5229537451 13.2434395517 3.1647547412 
17.4032070601 13.2495534385 3.16405579009 
17.1556669438 13.2647662128 3.16594807676 
17.0376031363 13.2723946537 3.16905240319 
16.9763810598 13.2796908582 3.1890653246 
16.7287295425 13.2925633157 3.24501844402 
16.5995847547 13.2905462945 3.44008030952 
16.4538855517 13.2573249305 3.4041655657 
16.3204525673 13.2237139905 3.32904504608 
16.2107195818 13.2034379209 3.10998591484 
16.0813594722 13.2188404764 2.99965697772 
15.9499743321 13.2513370479 3.04706220825 
15.8670634498 13.2717735733 3.2239273575 
15.7910376453 13.276233908 3.40795540405 
15.6838259065 13.2550380195 3.43294762813 
15.5518656039 13.2264145578 3.43631819075 
15.4248942101 13.198203441 3.43354174829 
15.2533420288 13.1596652235 3.31390738727 
15.1026063525 13.1459785665 3.01997647906 
14.960085746 13.1743849481 2.74867574325 
14.8366984093 13.238093015 2.45704980487 
14.815631386 13.2550216878 2.44335765177 
14.815631386 13.2550216878 2.44335765177 
14.6252226793 13.6062695945 1.80774342207 
14.6252226793 13.6062695945 1.80774342207 
14.5717301333 13.918667909 1.74395039669 
14.5717301333 13.918667909 1.74395039669 
14.5165964329 14.2667819227 1.64550608365 
14.5194611513 14.4143336977 1.37964568549 
14.5574948752 14.5460686053 1.23237123191 
14.6048481428 14.6495259965 1.03835001584 
14.7054957115 14.7897646988 0.688455486514 
14.8092972004 14.8680132891 0.484382035523 
14.9663872683 14.9283221627 0.349361383212 
15.0925136768 14.9624372984 0.367676777865 
15.213941034 14.9955190981 0.372980995129 
15.3973890507 15.0491823817 0.328649162125 
15.5889389777 15.0974714721 0.347683933624 
15.753159132 15.1437971259 0.35487187319 
15.9114113861 15.1886800716 0.33301319884 
16.0490821266 15.2263909702 0.304832694782 
16.2430741751 15.2790814752 0.338885632435 
16.3671733105 15.3162078972 0.1754725822 
16.5424376094 15.3259685303 0.0508539735157 
16.7077830398 15.3255215252 0.0463223662148 
16.854773637 15.3216197307 0.0498669543075 
17.0257859194 15.318392847 0.0507485348899 
17.2329214775 15.3133754695 0.0686282485995 
17.3940718138 15.3111213485 0.0390114889775 
17.5978984797 15.3073495964 0.0538427557899 
17.7662734949 15.304591168 0.0551266280609 
17.9710171187 15.3023068572 0.0447907849191 
18.1240212881 15.2974681968 -0.129818805771 
18.309581753 15.248123429 -0.517570717823 
18.4421982729 15.1540727879 -0.851213586375 
18.5336773359 15.0310144092 -1.14193196516 
18.5802602732 14.8859482671 -1.36530839778 
18.5992953741 14.74887478 -1.36871122123 
18.6181459391 14.611162957 -1.38949513369 
18.6332929098 14.4764004911 -1.37538391986 
18.6532976591 14.3174936737 -1.50866166955 
18.6427688562 14.1292680467 4.62159069422 
18.6125709974 13.9523184265 4.6076424522 
18.5909969771 13.8254114355 4.52729570906 
18.540574547 13.6301109756 4.20136042586 
18.493184086 13.5492389167 4.03623307209 
18.3247337305 13.3989888395 3.57344762404 
18.2094070875 13.3557710613 3.37969045684 
18.0256795847 13.3307889665 3.28939090711 
17.8772547209 13.3193060125 3.31147247254 
17.734483 13.3090822662 3.31433854292 
17.571220752 13.293563124 3.30493800873 
17.4123368227 13.2799866165 3.30221967691 
17.2511496508 13.2664380039 3.3014882358 
17.0984791481 13.2552995647 3.29566398412 
16.9507520163 13.2502422298 3.31086936466 
16.7960423791 13.2365943159 3.33400558408 
16.6342121923 13.2241560186 3.34690541014 
16.4833243453 13.2115017141 3.28502394486 
16.3466790878 13.1958860124 3.28757675616 
16.1633769536 13.181767341 3.29375018035 
16.0104599112 13.169556495 3.28182345443 
15.8641276547 13.1588853563 3.29525424543 
15.7107396835 13.147398826 3.29641506829 
15.5566708707 13.1355549062 3.29386059288 
15.3943048977 13.1217967237 3.18296875805 
15.2453703844 13.1238065923 2.90249378418 
15.0901995265 13.1768575872 2.60218606823 
14.9834307396 13.255783316 2.31710633731 
14.9834307396 13.255783316 2.31710633731 
14.801146146 13.5320475067 1.85669049647 
14.7769018376 13.6622226203 1.56814583838 
14.7855089867 13.7831542457 1.44596024468 
14.812884804 13.9113374914 1.46847196723 
14.8440026009 14.0284624065 1.612740295 
14.8472953999 14.1642477478 1.6211231476 
14.8580855095 14.3507158125 1.61850425412 
14.8684239351 14.5085339511 1.65837172271 
14.8734657728 14.6702746714 1.6057723308 
14.8807812893 14.8315870429 1.57316745361 
14.8856393063 14.9128641451 1.51587449956 
14.9868134224 15.192895409 0.88811412731 
15.1155047977 15.3181073035 0.51626559317 
15.2661923134 15.3846139873 0.23737971764 
15.4134945237 15.4070044125 0.124780835516 
15.5529823565 15.4155233915 0.143543486074 
15.7337940597 15.4271803314 0.13008894638 
15.8874598035 15.4381520266 0.154215715406 
16.0387171769 15.4485644812 0.143353106396 
16.1934303605 15.4583092595 0.136659993908 
16.3747580611 15.4685567285 0.157248679019 
16.539070543 15.4794093485 0.130373072725 
16.6643826925 15.4876369203 0.125472139242 
16.8679373824 15.5003404582 0.15479849134 
17.0205614531 15.5104416872 0.151779573469 
17.1521742308 15.5177790488 0.144111210371 
17.3237318956 15.5282083417 0.140576962246 
17.5153696501 15.5397489036 0.133002551094 
17.6648412907 15.5492778088 0.119722465194 
17.8854486906 15.5612530972 0.138948534348 
18.008091923 15.5679668153 0.134810348277 
18.1618401968 15.5761582519 0.136404610289 
18.3431770765 15.5856177772 0.139199462604 
18.5949768984 15.5987991358 0.121535475219 
18.7489793264 15.606596228 0.136828942306 
18.853934046 15.6093426312 0.121837150565 
18.853934046 15.6093426312 0.121837150565 
19.2237293684 15.6685137416 0.60584706157 
19.3383877241 15.733442005 0.878136415808 
19.3383877241 15.733442005 0.878136415808 
19.3383877241 15.733442005 0.878136415808 
19.3383877241 15.733442005 0.878136415808 
19.3383877241 15.733442005 0.878136415808 
19.3383877241 15.733442005 0.878136415808 
19.3383877241 15.733442005 0.878136415808 
19.0226268732 16.6233744586 3.35048783762 
18.8423926794 16.5905026163 3.68245748508 
18.707101103 16.5186185802 3.76180930125 
18.5798139536 16.4413171972 3.76588499347 
18.4578731024 16.3677184547 3.76695654672 
18.3147170508 16.2810641492 3.76401268045 
18.1831121409 16.2006512845 3.76206194054 
18.051856991 16.1193209852 3.74250610085 
17.9216883146 16.0443792308 3.76337731274 
17.786005851 15.960510012 3.77062207464 
17.6609073841 15.8868399228 3.75084480332 
17.5227538311 15.8030560578 3.74670841744 
17.3842049801 15.7217298413 3.75467086114 
17.2548900807 15.6435541178 3.75773932736 
17.1259306633 15.5658308233 3.75360466883 
16.9865478241 15.48252989 3.75413590054 
16.8541351521 15.4057602848 3.75705535781 
16.7244062388 15.3269964124 3.74891253749 
16.584302839 15.2417851987 3.62453942664 
16.4431839549 15.1788881386 3.48079668002 
16.3371292317 15.1520635153 3.45948119262 
16.1804053747 15.1120743419 3.46135690385 
15.9865726345 15.064780813 3.46795100687 
15.8458544762 15.0311094935 3.43414525805 
15.6642072761 14.9857841695 3.4589864943 
15.5034105146 14.9468042518 3.47249221494 
15.3745109999 14.9152535761 3.47917750983 
15.2692049706 14.8896320725 3.4733796476 
15.0725041592 14.8395942117 3.67170950781 
14.9443734848 14.7850717569 3.89015907096 
14.7883517706 14.640448388 4.31204294377 
14.7088930571 14.4634456004 4.67665276293 
14.7041814291 14.2725433076 -1.31514396718 
14.7405853235 14.1291646923 -1.22275792125 
14.7848794424 13.9818236793 -1.25743889235 
14.8303397858 13.8336318696 -1.20120856968 
14.8733870947 13.6845971311 -1.15273939216 
14.8733870947 13.6845971311 -1.15273939216 
14.8733870947 13.6845971311 -1.15273939216 
14.991050061 13.4457830156 -0.630758014776 
15.278223809 13.2663975919 -0.290466013822 
15.4479728901 13.2009357179 -0.299042531526 
15.5898024106 13.1431761945 -0.186363447854 
15.7226408833 13.1089485849 -0.0235386972068 
15.8871849925 13.0947941507 -0.0181595479981 
16.0516717547 13.0792020524 0.00979067631598 
16.1951722467 13.0673159326 0.196746081121 
16.3529775703 13.0904298986 0.408094365735 
16.5021228158 13.145691749 0.410202690936 
16.6447865331 13.197879907 0.404394557555 
16.7758789026 13.2460645402 0.304571865405 
16.9293631279 13.2768433059 0.158104530774 
17.0454875195 13.2840869392 0.16984647227 
17.2390460932 13.2922003234 0.143636334247 
17.3994122707 13.3037239278 0.13979805757 
17.550506469 13.312832352 0.140180457637 
17.7100946867 13.3232761587 0.140227434827 
17.8616871798 13.3332096303 0.139757327041 
18.0229241812 13.3441115583 0.141612926885 
18.1646470987 13.3515729869 0.229353296618 
18.3209583723 13.3775355781 0.521753828388 
18.4528477156 13.4458025659 0.867121051509 
18.5715861284 13.5610796178 1.11328301287 
18.6432983839 13.6937249864 1.45613299401 
18.6678638422 13.8339118923 1.70046472027 
18.6634213888 13.9374681676 1.76582558998 
18.6511948073 14.0440924133 1.75906829017 
18.6375794375 14.1535216535 1.75514229097 
18.6136481726 14.3613945211 1.75304311078 
18.5971496069 14.5250703658 1.82864304158 
18.5554580652 14.709537145 2.17752295171 
18.4942378962 14.81524786 2.34040808034 
18.3781812155 14.953893658 2.39333685053 
18.2484955752 15.0999180491 2.44153192916 
18.1347322428 15.211498501 2.63043564039 
18.0086135828 15.2907288002 2.6552355983 
17.8696533405 15.3818841542 2.68971218044 
17.740693804 15.4559481258 2.90650608175 
17.5861980879 15.503971752 3.22270103791 
17.4479250872 15.5009655918 3.38067076012 
17.3659884894 15.4879745806 3.37874676201 
17.30081689 15.4801881577 3.37794232687 
17.2290096247 15.4690417464 3.35623855222 
17.1465262138 15.4569769914 3.36808592997 
17.0158163273 15.4376368488 3.36499533062 
16.8622596228 15.4165185655 3.36886596885 
16.6920680964 15.3907110209 3.36122263025 
16.5536141359 15.3711579407 3.36981461324 
16.3739226126 15.3419077958 3.3798490742 
16.1924489998 15.3159245665 3.37372961961 
16.0339814239 15.294901904 3.33350625877 
15.8464855851 15.2703081372 3.4539767941 
15.7504002416 15.2496237338 3.68525672218 
15.6800974869 15.2231596264 3.97923149171 
15.6246821844 15.1891114416 4.32103327194 
15.595338341 15.1684460829 4.6630656198 
15.5725518429 15.1711963306 -1.26966954818 
15.5506156945 15.1633203144 -0.912654208887 
15.5291047656 15.1461001227 -0.51949674233 
15.5181637668 15.12415218 -0.153442868662 
15.5177081787 15.1056956465 0.129902022528 
15.5450180435 15.0994183535 0.276763095465 
15.5949476325 15.1077950115 0.288984950535 
15.6593484544 15.1230328495 0.283542801124 
15.8168019318 15.1573314259 0.291502232041 
15.9021773442 15.1757467205 0.26393392009 
15.9561357462 15.1955578516 0.0981416086122 
15.9891527855 15.2136727518 -0.250023990074 
15.9923667276 15.2309152486 -0.512036323075 
15.9837870413 15.2760698127 -0.883653900059 
15.9903027677 15.2868688109 -1.02015447535 
15.9878372439 15.2848309653 -1.00774156457 
15.9878684172 15.2848317588 -1.0092528945 
15.9878249132 15.2848506535 -1.00867246703 
15.9877870643 15.2849251966 -1.00734972079 
15.98774701 15.2849254797 -1.00744262072 
15.9877758139 15.2851368154 -1.00729437422 
15.9875918367 15.2854106652 -1.00798331973 
15.9877564796 15.2851999144 -1.00766524802 
15.9876934626 15.2852638739 -1.00631873924 
15.9879099169 15.2853108237 -1.00798985551 
15.9877755531 15.2851148064 -1.00728308512 
15.9876490646 15.2852935346 -1.00618647762 
15.9876554796 15.2852817813 -1.00630670806 
15.9877248668 15.2852428297 -1.00914798483 
15.9876582437 15.2852953079 -1.00625928235 
15.9877706655 15.2851146387 -1.00731731443 
15.9878159949 15.2850947233 -1.00747703169 
15.9877751955 15.2850972565 -1.00730203574 
15.9880790004 15.2860712933 -1.00808530311 
15.9876516202 15.2853249314 -1.00581202082 
15.9878117704 15.2851092669 -1.0074273758 
15.9876174071 15.2853034365 -1.00594749141 
15.9876503685 15.2853020171 -1.0059316111 
