15.8397971616 15.1706459413 0.387734250271 
15.8400423081 15.170997482 0.386752361159 
15.8397922033 15.1706348697 0.387847907847 
15.8400675022 15.1709964986 0.386883670553 
15.839792993 15.1706298555 0.387650792861 
15.8400507347 15.1709884594 0.386589614223 
15.8400514052 15.1709666739 0.386806058109 
15.8400613033 15.1709672178 0.386877002718 
15.8398078271 15.1706046576 0.387696472461 
15.8400535808 15.1709676499 0.386752487509 
15.8398160638 15.1706086809 0.387679715396 
15.8397961744 15.1706082637 0.387604504051 
15.8400617019 15.1709479282 0.386741917475 
15.84007331 15.1709598194 0.386636252979 
15.8400497661 15.1709572638 0.386894004268 
15.840068143 15.170957532 0.386727314598 
15.8398609684 15.1706050302 0.388337122154 
15.8398060353 15.1706357265 0.387763483625 
15.8398053535 15.1705990399 0.387597572573 
15.8400553541 15.1709520856 0.386589126138 
15.8400671222 15.1709731261 0.386640427848 
15.8400748224 15.1709792579 0.386744047491 
15.8398229965 15.1706125627 0.387556326961 
15.8400685528 15.1709594096 0.386727429166 
15.8400858008 15.1709580089 0.386512247279 
15.8400491179 15.1709495897 0.386421240606 
15.8400826269 15.1709394495 0.386693033581 
15.8400665485 15.170953315 0.386104385241 
15.8398374022 15.1706443469 0.387226601443 
15.8398199343 15.1706514249 0.387251968463 
15.8400472515 15.1709514374 0.386619982297 
15.839908898 15.1700415353 0.382482324347 
15.8397299276 15.1706821064 0.386678241939 
15.8395383769 15.1710946004 0.382835222065 
15.839754332 15.170533147 0.392971850864 
15.8397689873 15.1705659891 0.393151205766 
15.8397804984 15.1705636571 0.393300840523 
15.8398331293 15.1713440085 0.382527802318 
15.8399453984 15.1709878633 0.386215714162 
15.8397085705 15.1706497113 0.386935887546 
15.8399581389 15.1710224936 0.385858548337 
15.8397155703 15.1706608499 0.386987146892 
15.8396622577 15.1705014522 0.387364172871 
15.8396646009 15.1698346774 0.380154378047 
15.8399788589 15.1709797497 0.386079472151 
15.8397360557 15.1706128756 0.387123626222 
15.8386046143 15.1697172339 0.374922942483 
15.8399775961 15.1709786693 0.385970817533 
15.8397620433 15.1706442351 0.386745787997 
15.8571983242 15.1761698241 0.380697457447 
15.9011610375 15.19108516 0.329438662614 
15.9117450734 15.2045835967 0.156573603996 
15.9215390609 15.216712313 -0.0369020501222 
15.9650674575 15.2123348529 -0.0892822023942 
16.0326709115 15.2014069187 -0.0740857821852 
16.1143437439 15.1888391862 -0.082497063623 
16.2119628751 15.1748476143 -0.0727750534061 
16.3944101297 15.1468285213 -0.0714476761199 
16.5620420539 15.1220396275 -0.0848031818178 
16.7702856624 15.0889883156 -0.0737949732205 
16.9307596647 15.0641562159 -0.0772776118949 
17.0823634827 15.0411032403 -0.0738969509962 
17.2428768837 15.016616028 -0.0775325612969 
17.3949415648 14.9941914792 -0.0856643836772 
17.5558208191 14.9696125651 -0.0810976735951 
17.705396887 14.9455152119 -0.0842174319535 
17.8444608414 14.9234409595 -0.0734964582294 
18.0019669497 14.8982979024 -0.0592510775195 
18.1424617731 14.8798711265 -0.15211499046 
18.3135101759 14.8363580967 -0.44993551642 
18.4292654955 14.7719061042 -0.708152691857 
18.5619544947 14.6197053159 -1.08480009131 
18.6024842226 14.5284032191 -1.18453493918 
18.645134207 14.3804537023 -1.19830893186 
18.6968293154 14.2160934175 -1.29198566635 
18.7263460123 14.043569919 -1.56596978369 
18.7141308748 13.9076049293 4.63967052236 
18.6968305075 13.7869856323 4.62705429442 
18.6968305075 13.7869856323 4.62705429442 
18.6217806303 13.511827823 4.13039392241 
18.6025338137 13.477897879 4.09625590721 
18.4860749209 13.2871360744 2.7474389188 
18.4860749209 13.2871360744 2.7474389188 
18.0688276255 13.2157288755 3.16646555484 
17.9480750525 13.2216190065 3.1680932659 
17.7257902586 13.2348014081 3.17469562795 
17.6423928702 13.2384835447 3.17101535596 
17.424855467 13.2482396329 3.16479601577 
17.2748329603 13.2561769451 3.16353584226 
17.1556669438 13.2647662128 3.16594807676 
17.0376031363 13.2723946537 3.16905240319 
16.9188911879 13.2828433479 3.16580784224 
16.6531937682 13.2972885335 3.35074787909 
16.5510550701 13.2826136316 3.47001592575 
16.3864977324 13.2424977983 3.44711790193 
16.2818362081 13.2153633798 3.29046548414 
16.1571478808 13.2062147821 3.04153108808 
16.009756636 13.2350665296 2.99323566802 
15.9297736735 13.2564583982 3.07300616023 
15.823881548 13.2783503498 3.35900318649 
15.7798880675 13.2749063934 3.42003904633 
15.6344082021 13.2445589269 3.43741644166 
15.4918017649 13.2130285467 3.43536120684 
15.3754863107 13.1871634687 3.42532961009 
15.1955880487 13.1508372987 3.21665425551 
15.0050145948 13.16045272 2.81343323184 
14.9076482617 13.1963034833 2.62939751645 
14.815631386 13.2550216878 2.44335765177 
14.815631386 13.2550216878 2.44335765177 
14.6252226793 13.6062695945 1.80774342207 
14.6252226793 13.6062695945 1.80774342207 
14.5807008707 13.8618254627 1.78488213969 
14.5717301333 13.918667909 1.74395039669 
14.5149496758 14.2787734235 1.61793638811 
14.5247962439 14.4434475864 1.40070912263 
14.5782524311 14.5922985638 1.18425612977 
14.6103934013 14.6599948967 1.01764397114 
14.7339677775 14.8131998743 0.627592965598 
14.8524473869 14.8873062099 0.435063377486 
15.0312080943 14.9447542096 0.362339431829 
15.1660356485 14.9841423298 0.342176144267 
15.3364946806 15.0284620191 0.358802989118 
15.4640451634 15.0648184086 0.368434484601 
15.6050930881 15.101884302 0.351796760078 
15.7449769491 15.1414451341 0.349109411566 
15.9190855232 15.1904585885 0.338725430005 
16.0765267425 15.2345937227 0.327885455181 
16.1872158908 15.2637949197 0.332232239792 
16.3732235992 15.3177060748 0.162642434696 
16.4881369435 15.3271551246 0.0593964618672 
16.6446476543 15.3261701206 0.0362249494868 
16.7752762997 15.3231975252 0.0496391535818 
16.9586005175 15.3195742408 0.0352940038273 
17.1422216856 15.3158696632 0.0561999106729 
17.2744127476 15.3126969973 0.0530304859418 
17.4443329537 15.3100706602 0.0455204156278 
17.6064530575 15.3075025121 0.061487170939 
17.7662734949 15.304591168 0.0551266280609 
17.8989779913 15.3035662586 0.0501035166754 
18.0613880121 15.3016458193 -0.0375989411924 
18.2116932833 15.2838566417 -0.313819962237 
18.3428022825 15.229914753 -0.603205101729 
18.4633729422 15.1317340697 -0.910044089224 
18.5380010569 15.0234830792 -1.15354348466 
18.5886249506 14.8360079492 -1.37146147341 
18.6108014547 14.6644425357 -1.37971654916 
18.6309525931 14.4982484544 -1.3798885763 
18.6472005808 14.3733978833 -1.44365101212 
18.6562075579 14.2396513189 4.67149940344 
18.6341228449 14.0809617008 4.6309831245 
18.6075618231 13.9235706295 4.61138387345 
18.5852589571 13.7832208837 4.49888126155 
18.5487234556 13.6508954729 4.23448658434 
18.493184086 13.5492389167 4.03623307209 
18.3247337305 13.3989888395 3.57344762404 
18.1722054445 13.3513382638 3.38517400796 
18.0764992201 13.33564901 3.30629881554 
17.863879081 13.3180627788 3.30326724192 
17.7177407705 13.3058692182 3.30379909848 
17.625687834 13.2979880537 3.3054272307 
17.3860729897 13.2776552404 3.30228323663 
17.2726051771 13.2678961719 3.29983021681 
17.0900516474 13.2551649774 3.29488198261 
16.9379107916 13.2483135427 3.32838134999 
16.7673440539 13.2348226274 3.30169968325 
16.6566281879 13.2237731184 3.26313516921 
16.491265949 13.2137120927 3.29894321923 
16.3682850265 13.1998995508 3.31578920751 
16.1845988595 13.1837860311 3.29682448739 
16.032022711 13.1714140142 3.2829478913 
15.9106061758 13.1624554361 3.29609224444 
15.7193968856 13.1480184759 3.29680990047 
15.6082210207 13.1400700773 3.29554979895 
15.4442391657 13.1262448991 3.23782218911 
15.2453703844 13.1238065923 2.90249378418 
15.1755644047 13.1406921113 2.76763583606 
14.9834307396 13.255783316 2.31710633731 
14.9834307396 13.255783316 2.31710633731 
14.7926056349 13.5707679952 1.76207793479 
14.7769018376 13.6622226203 1.56814583838 
14.7940243446 13.8398909534 1.39968902474 
14.8257837259 13.963430282 1.49588989183 
14.8434157335 14.08253276 1.6075990898 
14.8472953999 14.1642477478 1.6211231476 
14.8574559652 14.341513213 1.64757146664 
14.8652617895 14.4811924065 1.59215346279 
14.874209162 14.626289543 1.60975638766 
14.8791046106 14.7366664971 1.60362465393 
14.8856393063 14.9128641451 1.51587449956 
14.9620267117 15.1577072258 0.949300480878 
15.0609257781 15.2771371531 0.641899157732 
15.1763606631 15.3512522245 0.395970512096 
15.3130953872 15.396512937 0.194689908531 
15.5028423929 15.4110794927 0.131815156548 
15.6040340626 15.4191022182 0.151296281719 
15.8180919924 15.4337190355 0.155872029633 
15.9606826418 15.4425353522 0.155557865766 
16.1413263046 15.4545170034 0.141257848888 
16.2630053126 15.4628949876 0.126244862157 
16.3963840568 15.4699797595 0.154454873686 
16.553730067 15.4804068173 0.129659936336 
16.7457225883 15.4925374354 0.154534654 
16.8464512193 15.4988412524 0.154685667866 
17.0408230984 15.5124710167 0.149711728912 
17.1912292206 15.5207481945 0.135282896989 
17.3667637074 15.5309179092 0.14190625158 
17.4466235602 15.5364351238 0.114211236679 
17.6648412907 15.5492778088 0.119722465194 
17.7951267922 15.5566429163 0.141096626308 
17.9663245642 15.565737095 0.137817209742 
18.1703894102 15.5765598978 0.138282008229 
18.3016197645 15.584016111 0.131357521322 
18.4915194475 15.5931617881 0.137945641891 
18.6685836279 15.6021422709 0.125709842271 
18.7665169203 15.6067543889 0.122671548859 
18.853934046 15.6093426312 0.121837150565 
18.853934046 15.6093426312 0.121837150565 
19.1887657606 15.6508049036 0.553498611864 
19.3383877241 15.733442005 0.878136415808 
19.3383877241 15.733442005 0.878136415808 
19.3383877241 15.733442005 0.878136415808 
19.3383877241 15.733442005 0.878136415808 
19.3383877241 15.733442005 0.878136415808 
19.3383877241 15.733442005 0.878136415808 
19.3383877241 15.733442005 0.878136415808 
19.0312824213 16.6228270496 3.33905392618 
18.8020980322 16.5732054676 3.72665605036 
18.6677670443 16.4953081573 3.76428587171 
18.5375976526 16.4155884946 3.76451635825 
18.4256644213 16.3482025827 3.76396683205 
18.3287880385 16.2895482744 3.76463897269 
18.1748506987 16.1964742506 3.77436603498 
18.044896599 16.115176555 3.74164266404 
17.8860642874 16.0224925245 3.76031947857 
17.7604559624 15.9451237286 3.76037259907 
17.6297383272 15.8685302103 3.75801654274 
17.4792782032 15.7773960794 3.74237006173 
17.3515796625 15.7022929753 3.76048205401 
17.2473076546 15.6392409171 3.75743754039 
17.1329976284 15.5702281857 3.75509644594 
16.941960212 15.4564110602 3.75359611893 
16.8613095247 15.4102167154 3.75612555171 
16.6791074836 15.300200511 3.72447130048 
16.5509871804 15.2234691728 3.57935829635 
16.4136283958 15.1704501475 3.45556851907 
16.2617236042 15.1321692059 3.4499412534 
16.0940062666 15.0900185073 3.45926288059 
15.9354392999 15.0528667385 3.46191232353 
15.787048977 15.0156591947 3.47498216448 
15.6067458653 14.9718733991 3.45945131638 
15.4591543042 14.9363494779 3.46986831869 
15.2895439231 14.8948915864 3.47715001599 
15.133920964 14.8564109767 3.56218922308 
14.9513674938 14.788637575 3.87301234744 
14.8263218367 14.6859731043 4.20904205871 
14.7291533911 14.5300028885 4.53723635929 
14.700894829 14.4150483573 -1.50023534808 
14.7178049051 14.2051277126 -1.24595299742 
14.7684922182 14.0396428073 -1.23004851012 
14.8042365276 13.9252568449 -1.20940722106 
14.8464606964 13.7679972614 -1.26481361026 
14.8733870947 13.6845971311 -1.15273939216 
14.8733870947 13.6845971311 -1.15273939216 
14.991050061 13.4457830156 -0.630758014776 
14.991050061 13.4457830156 -0.630758014776 
15.3452622854 13.2416526044 -0.297842034592 
15.5079856777 13.1762536729 -0.276471463481 
15.6964754277 13.1132186616 -0.0402007293794 
15.8479567693 13.0985835756 -0.0198116484149 
15.999710966 13.0851520265 -0.0158159634823 
16.1661594176 13.0683342184 0.136283976783 
16.3227132225 13.0825074876 0.384012828321 
16.4528685176 13.1270469392 0.444861685432 
16.5849471056 13.1764734949 0.399107367968 
16.6996871197 13.2200430597 0.355862784182 
16.899882313 13.2711166109 0.162764832241 
17.0239092075 13.2822887863 0.170095194802 
17.1687965357 13.2883106435 0.134954126118 
17.3194084131 13.2977784837 0.142886314392 
17.4982899391 13.3102407421 0.141333715156 
17.671225425 13.3208662237 0.13912222371 
17.8322107756 13.3313285078 0.140445250839 
17.9720387423 13.3407512868 0.137319176341 
18.0836257898 13.347025987 0.162716086095 
18.2430288756 13.3604333366 0.351589892761 
18.433391329 13.4324356283 0.789490328045 
18.5680758917 13.5534323419 1.11804659533 
18.645921942 13.7012202705 1.47626010827 
18.6675915682 13.8171840871 1.68499113297 
18.6642177069 13.9320199455 1.76719395415 
18.6554815733 13.9936286176 1.7459049376 
18.6352331602 14.1724348033 1.75481040452 
18.6169455015 14.3319311107 1.75428433318 
18.5985610449 14.5121826495 1.81432329494 
18.5590126478 14.7025338376 2.17262981174 
18.4766831362 14.8383893932 2.35695363631 
18.356152054 14.9788575734 2.39252758984 
18.2697792017 15.0779498185 2.42405665008 
18.1752099955 15.1797087307 2.59970745387 
18.0347378218 15.2761719714 2.6611355516 
17.9662930929 15.3180061618 2.64943302882 
17.7756767237 15.4391048069 2.82902220383 
17.6030033791 15.5016374553 3.1776597325 
17.4328836166 15.4990188445 3.38357311965 
17.3609329426 15.4872423972 3.37991382189 
17.291095134 15.4782987351 3.36010269402 
17.2441068852 15.4707782979 3.35777732304 
17.1181589329 15.4525868709 3.34749481758 
16.9595620596 15.4302240873 3.355063366 
16.7709736192 15.4029339666 3.36790673861 
16.6129972303 15.3788426335 3.3551785568 
16.4811329805 15.3599188516 3.366559712 
16.2728455329 15.3280833403 3.37038511756 
16.1117137336 15.3063403482 3.3497224213 
15.9158431851 15.2779602411 3.36918979602 
15.7607971096 15.2535755842 3.67556381606 
15.6856797301 15.2280826599 3.93977608866 
15.6202048325 15.1855147819 4.35742304974 
15.5945274496 15.1689088459 4.67578303404 
15.5792407655 15.1734513904 -1.36787642101 
15.5582516157 15.166299958 -1.02754294835 
15.5454704427 15.1574805419 -0.799366907685 
15.5267656111 15.1425418372 -0.464343691646 
15.5180549585 15.1230139549 -0.127634407448 
15.5201358759 15.1044393147 0.162308172681 
15.5574454033 15.1005362833 0.29221643444 
15.6074256861 15.1104758943 0.291891099416 
15.697406184 15.1315355788 0.276860753828 
15.7401633525 15.1399743224 0.27544962418 
15.8643653003 15.1663166175 0.293082381362 
15.9417202772 15.189978149 0.16707140057 
15.9782971033 15.2046208831 -0.0728546142763 
15.9928868302 15.2215987186 -0.400697855029 
15.987470802 15.2550960875 -0.759105603054 
15.9849985802 15.283120882 -0.945549941238 
15.9901516401 15.2869614477 -1.01826961544 
15.9878372439 15.2848309653 -1.00774156457 
15.9877720141 15.2849526892 -1.0077952071 
15.9877564275 15.2849441546 -1.00734843695 
15.9881715887 15.2856248396 -1.00982628463 
15.98774701 15.2849254797 -1.00744262072 
15.9877482915 15.2852422523 -1.00701310678 
15.9877800533 15.285136495 -1.00718202893 
15.9876427763 15.2853436398 -1.00662697433 
15.9877562412 15.2851608696 -1.00682584134 
15.9876100087 15.2853426228 -1.00566308427 
15.9877710604 15.2851113009 -1.00728362729 
15.987755675 15.2851705405 -1.00702685768 
15.9877827131 15.2851198095 -1.00727001596 
15.987662878 15.2853311228 -1.00585925297 
15.9877824822 15.2851385551 -1.00729846382 
15.9877900371 15.2851141992 -1.00732942047 
15.9877784291 15.2851109619 -1.0073020586 
15.9877475687 15.2851640771 -1.00705231002 
15.9881805294 15.2858340221 -1.00967053912 
15.987729583 15.2851746122 -1.0069507786 
15.987675097 15.2853110361 -1.00591298692 
15.9889245295 15.2853657568 -0.995513952726 
15.988505941 15.2859682443 -1.0063503507 
15.9877560848 15.2854592542 -1.00763623714 
15.9877688327 15.2851026135 -1.0070686108 
15.9876870179 15.285298154 -1.00611615822 
15.9877949544 15.2851171794 -1.00722403374 
