15.8398104982 15.1706454421 0.387849334387 
15.8400423081 15.170997482 0.386752361159 
15.8400120327 15.1709741245 0.386443546791 
15.8400619962 15.1709769855 0.386900836417 
15.8397923337 15.1706420595 0.387759644548 
15.8400615865 15.1709824691 0.386810760116 
15.8414625787 15.1706159006 0.404582997059 
15.8400529028 15.1709705109 0.386874812642 
15.8397904673 15.170614023 0.387686547805 
15.8398065158 15.1706042106 0.387814941212 
15.8400630952 15.170962442 0.386909671932 
15.8400719986 15.1709577332 0.386643325592 
15.8397994266 15.1706167127 0.387736649797 
15.8397945539 15.1706136505 0.387473533385 
15.8398054765 15.1706106255 0.387709304973 
15.8398020045 15.1706227104 0.387653178054 
15.8400885762 15.171192948 0.384653382781 
15.8398087659 15.1706020723 0.387563226164 
15.8398053535 15.1705990399 0.387597572573 
15.8400538639 15.1709524209 0.386668642273 
15.8398064562 15.170624655 0.387713352257 
15.8400757984 15.1709529648 0.386728379677 
15.8400784844 15.1709604601 0.386742185973 
15.8400685528 15.1709594096 0.386727429166 
15.8400858008 15.1709580089 0.386512247279 
15.8400617094 15.1709547753 0.386649297365 
15.8400924691 15.1709708984 0.386527767173 
15.8399289065 15.1707316826 0.387323336767 
15.8398374022 15.1706443469 0.387226601443 
15.8400579878 15.1709767545 0.385902394974 
15.839809809 15.1706060881 0.387212914621 
15.8396868856 15.1706639046 0.387043347348 
15.839729719 15.1706669892 0.386624725042 
15.8390160018 15.1702467317 0.404527612913 
15.8397565113 15.1705592314 0.393211768216 
15.8397764118 15.1705580617 0.393023726171 
15.8397927323 15.1705734397 0.393226759844 
15.8395713941 15.1698537881 0.378989818375 
15.8397024163 15.1706222484 0.387082701527 
15.8399381788 15.1709777603 0.385775847532 
15.8399581389 15.1710224936 0.385858548337 
15.8399587722 15.1709496642 0.385728764807 
15.8399251887 15.1700506474 0.382078373522 
15.8397219741 15.1706260706 0.387230509636 
15.8397224211 15.1706204156 0.387136339411 
15.8396847845 15.1705112571 0.38746558807 
15.8397404329 15.1706506724 0.387102691918 
15.8399875463 15.1709887649 0.385691859179 
15.8414541298 15.171652932 0.379610488363 
15.867003441 15.1789208877 0.382217445956 
15.9075573665 15.1957788209 0.285806112222 
15.9111056441 15.2126764006 0.0300910475837 
15.9233094939 15.2174164692 -0.0475834922101 
15.9757122734 15.2107472702 -0.0806395389525 
16.0722705835 15.1961786079 -0.0725842642998 
16.1648172998 15.1813826712 -0.0937669651897 
16.3015305662 15.1605911891 -0.0719431633109 
16.4438484871 15.1401492546 -0.0821830474351 
16.5917419755 15.1171220655 -0.0832296554316 
16.7622355187 15.0901965911 -0.0767857755672 
16.8803163731 15.0720255787 -0.0767454654924 
17.0527172052 15.0457424636 -0.0744096879773 
17.2218418085 15.0199050719 -0.0783451362618 
17.3327830994 15.0038405622 -0.0992218054142 
17.5308568441 14.9734331037 -0.0797696027351 
17.6349472963 14.9571767117 -0.0803123301458 
17.757563945 14.937319305 -0.0843608898766 
17.9737913572 14.9037828411 -0.0640246529196 
18.0740604364 14.8891118432 -0.0971027763762 
18.2884695494 14.845529374 -0.386679268866 
18.3939132654 14.7956644858 -0.611083777607 
18.4960930311 14.7107710207 -0.871755923043 
18.5759296381 14.5932300056 -1.12623566372 
18.6280877554 14.4403571452 -1.20566231085 
18.6854484045 14.2532641853 -1.24824683039 
18.721622225 14.1075212921 -1.47570627805 
18.7215583288 13.9630688394 4.64831047229 
18.6968305075 13.7869856323 4.62705429442 
18.6968305075 13.7869856323 4.62705429442 
18.6239006483 13.5148428644 4.14109199475 
18.6025338137 13.477897879 4.09625590721 
18.5200743639 13.3314963544 2.77452388214 
18.4860749209 13.2871360744 2.7474389188 
18.1848761999 13.2165583337 3.2171985489 
18.0688276255 13.2157288755 3.16646555484 
17.8286125624 13.2280918325 3.17138473542 
17.7257902586 13.2348014081 3.17469562795 
17.5314005577 13.2430328096 3.16503345092 
17.4032070601 13.2495534385 3.16405579009 
17.2748329603 13.2561769451 3.16353584226 
17.1556669438 13.2647662128 3.16594807676 
17.0376031363 13.2723946537 3.16905240319 
16.9188911879 13.2828433479 3.16580784224 
16.6386620366 13.2941344942 3.3963060538 
16.5248148405 13.2739067043 3.44287805806 
16.3722278738 13.2388344968 3.44658286997 
16.246550765 13.2078815664 3.19768686518 
16.1273060852 13.2104152406 3.01717655342 
16.0352701062 13.2289239133 2.99161899052 
15.921051886 13.2585865224 3.08545125612 
15.823881548 13.2783503498 3.35900318649 
15.737285223 13.2677050794 3.44264530759 
15.6444419437 13.2468365396 3.43816960911 
15.5205407107 13.2191683019 3.43444949474 
15.333835479 13.1768737997 3.40032366661 
15.2039293611 13.1519712175 3.23125534392 
15.0439874494 13.1530245508 2.91032663097 
14.9076482617 13.1963034833 2.62939751645 
14.815631386 13.2550216878 2.44335765177 
14.815631386 13.2550216878 2.44335765177 
14.632705208 13.5652540887 1.82172175742 
14.6252226793 13.6062695945 1.80774342207 
14.5807008707 13.8618254627 1.78488213969 
14.5717301333 13.918667909 1.74395039669 
14.5227966272 14.2256336177 1.71390219416 
14.5163809025 14.3494425381 1.49412444602 
14.5340770447 14.4882739151 1.27085292388 
14.5788062775 14.5996862615 1.12566827068 
14.6643440687 14.7450914348 0.835204654562 
14.7634119951 14.8364556695 0.579213615352 
14.9175971114 14.9128334487 0.36480954329 
15.0033339226 14.9386480714 0.340692620837 
15.1660356485 14.9841423298 0.342176144267 
15.3364946806 15.0284620191 0.358802989118 
15.4711779618 15.0660291279 0.358260295953 
15.6455643737 15.1137392933 0.357443733624 
15.7813494765 15.1530131439 0.363175722392 
15.8911905329 15.1830133835 0.33218409811 
16.109181922 15.242741152 0.328922588104 
16.2354690992 15.2773944626 0.335826669329 
16.3885545694 15.3209899704 0.129795633327 
16.5472360217 15.3256923969 0.0523473932288 
16.6742303931 15.3244838084 0.0498130415401 
16.8337110841 15.3218815739 0.0492075970804 
16.9787465298 15.3193349729 0.0517072499883 
17.2098711693 15.3141590247 0.0451620375369 
17.356441375 15.3116513679 0.0605634724389 
17.495111581 15.309191678 0.0446128765415 
17.6578899586 15.3063493485 0.057621547036 
17.8469475472 15.3039181496 0.0572336670119 
18.0019600355 15.3031258176 0.010343631527 
18.1699743235 15.2926958094 -0.22337062578 
18.3536403143 15.2228131101 -0.633210148319 
18.4694373572 15.1248673911 -0.912476791363 
18.5477747881 15.0038152749 -1.20271058213 
18.5886249506 14.8360079492 -1.37146147341 
18.6057190859 14.6926910842 -1.35891255214 
18.6244986021 14.5392779077 -1.3723792732 
18.6371805632 14.4458068574 -1.38175288772 
18.6567339861 14.2620771492 4.69536070429 
18.6493804419 14.1694911684 4.62817200583 
18.6175498926 13.9801452125 4.62483847719 
18.5852589571 13.7832208837 4.49888126155 
18.5522589647 13.6591088737 4.26282663313 
18.493184086 13.5492389167 4.03623307209 
18.3952054941 13.4426660503 3.73195625858 
18.2637271845 13.3716223205 3.45459328158 
18.1169300043 13.341417786 3.32217541829 
17.9364168608 13.3242081369 3.30303726818 
17.7961509192 13.3120710815 3.30208154221 
17.6414654219 13.2998675073 3.30781545703 
17.4386788571 13.2819478477 3.30246571702 
17.3314317429 13.2720047201 3.29472534954 
17.1696581804 13.2592998708 3.29338700129 
17.0109248125 13.2535555328 3.29159767459 
16.9379107916 13.2483135427 3.32838134999 
16.7673440539 13.2348226274 3.30169968325 
16.5639372432 13.2180241312 3.28613074055 
16.3767667675 13.2038348878 3.3486055695 
16.2947411501 13.191976663 3.29504912609 
16.0904466623 13.1767073835 3.25202361762 
15.960400019 13.1661955083 3.29484893556 
15.7918765732 13.1531060899 3.29558391874 
15.6381150746 13.1419941152 3.29502716926 
15.4789524042 13.128665563 3.25167308891 
15.3422607743 13.1196120943 3.09325474845 
15.1957171523 13.1350940431 2.80927277175 
15.0310847723 13.2129572595 2.46456234007 
14.9834307396 13.255783316 2.31710633731 
14.9834307396 13.255783316 2.31710633731 
14.7926056349 13.5707679952 1.76207793479 
14.7751017773 13.7144533361 1.56908691864 
14.7940243446 13.8398909534 1.39968902474 
14.8338735067 13.9929404224 1.53154266122 
14.8434841597 14.0730982984 1.61092680276 
14.8562481367 14.2661545242 1.63200563112 
14.861338731 14.3873223628 1.6736201984 
14.8698602879 14.5461425746 1.63365551453 
14.8765026295 14.6929171051 1.60609348619 
14.8840688431 14.8727177943 1.50384710371 
14.9191275203 15.0733126367 1.15954459379 
14.9814024531 15.1847642476 0.917017112995 
15.1155047977 15.3181073035 0.51626559317 
15.1959229076 15.3608616332 0.356095782931 
15.3555473649 15.4019674028 0.138017868596 
15.5398876631 15.4150446768 0.140797475834 
15.725129854 15.4266931976 0.132141172543 
15.8364507557 15.4345859105 0.160371988144 
15.9888277912 15.4448242898 0.16473215832 
16.181489166 15.4573538716 0.125192094297 
16.2844919228 15.4638618792 0.129427796689 
16.4772034251 15.475244459 0.153941944301 
16.567274388 15.481044289 0.13893865074 
16.7956221664 15.4961557353 0.132174145208 
16.9570798838 15.5063435698 0.153768174274 
17.1521742308 15.5177790488 0.144111210371 
17.2420147621 15.524105307 0.123152292042 
17.418238517 15.5336491133 0.13223308621 
17.5863653385 15.5437334145 0.131082958795 
17.773825165 15.5560165609 0.128148864869 
17.9278447592 15.5633467997 0.142667995025 
18.016475197 15.5683573152 0.133615424382 
18.2291870081 15.5796261097 0.133644193447 
18.4331040346 15.5913268293 0.132485181437 
18.6393151247 15.6002582277 0.128964080196 
18.757747885 15.6071773435 0.137769911584 
18.853934046 15.6093426312 0.121837150565 
18.853934046 15.6093426312 0.121837150565 
19.2237293684 15.6685137416 0.60584706157 
19.3383877241 15.733442005 0.878136415808 
19.3383877241 15.733442005 0.878136415808 
19.3383877241 15.733442005 0.878136415808 
19.3383877241 15.733442005 0.878136415808 
19.3383877241 15.733442005 0.878136415808 
19.3383877241 15.733442005 0.878136415808 
19.3383877241 15.733442005 0.878136415808 
19.3383877241 15.733442005 0.878136415808 
19.0011854136 16.6231254304 3.39604585276 
18.7599558794 16.5510901178 3.76312186066 
18.6378271544 16.4768748249 3.76541390122 
18.4760069811 16.3787170614 3.76989838998 
18.3971765005 16.3309382165 3.76464191968 
18.2717707121 16.2553787197 3.76482593394 
18.0707232916 16.1299412812 3.73289368491 
17.9923503363 16.0847493375 3.75008577228 
17.7995574438 15.9698536361 3.75295976535 
17.6864677631 15.9013886417 3.74935549245 
17.5336464607 15.8094249333 3.75416646945 
17.3917951548 15.7260822023 3.75829187071 
17.2803964579 15.6582837368 3.75775641444 
17.1259306633 15.5658308233 3.75360466883 
16.9928485119 15.4868249858 3.77026987823 
16.8724657261 15.4162231351 3.75399339046 
16.7426198089 15.3378847281 3.75125825236 
16.6095490419 15.2569457388 3.66304899447 
16.4857357704 15.1923394578 3.49019934728 
16.3088279032 15.1443839411 3.45470703725 
16.2007728481 15.116765965 3.45656651946 
16.0516778642 15.0803628082 3.46318716701 
15.8355772794 15.0282570089 3.45636732372 
15.6286695563 14.9769782985 3.47016272285 
15.5034105146 14.9468042518 3.47249221494 
15.3394701445 14.9068272973 3.47994940989 
15.1460528338 14.8592852021 3.54528894951 
14.9758384788 14.8022297884 3.84620367934 
14.9188045227 14.7685377265 3.95845618634 
14.7841285431 14.6324064101 4.3380089262 
14.7114880049 14.4716362918 4.66505837843 
14.6997004711 14.3348111475 -1.33981543775 
14.7178049051 14.2051277126 -1.24595299742 
14.7630439961 14.0525445903 -1.18979742428 
14.8124915325 13.896080252 -1.21049483969 
14.8464606964 13.7679972614 -1.26481361026 
14.8733870947 13.6845971311 -1.15273939216 
14.8733870947 13.6845971311 -1.15273939216 
14.991050061 13.4457830156 -0.630758014776 
15.15808725 13.3304519618 1.27960665682 
15.3376758062 13.2445155347 -0.297464436319 
15.4961169028 13.181377765 -0.283828069677 
15.6095093453 13.1360369886 -0.153134903882 
15.8272135594 13.1000019277 -0.014188175427 
15.9873689526 13.0862444604 -0.0154783120188 
16.159417566 13.0693691934 0.118138912984 
16.3227132225 13.0825074876 0.384012828321 
16.4821020329 13.1384578908 0.40920409273 
16.5973080957 13.1802984441 0.404378921373 
16.7758789026 13.2460645402 0.304571865405 
16.9293631279 13.2768433059 0.158104530774 
17.0581206047 13.2841449941 0.158988776057 
17.2054735386 13.2900284494 0.141664334178 
17.365247842 13.3011929954 0.142984043996 
17.4722572529 13.3086837495 0.140366429753 
17.671225425 13.3208662237 0.13912222371 
17.8406619989 13.3319036926 0.139975707903 
17.9720387423 13.3407512868 0.137319176341 
18.1850264036 13.3538361753 0.25037629711 
18.2635083162 13.3634328807 0.394104217119 
18.433391329 13.4324356283 0.789490328045 
18.5350148642 13.5154778923 1.03206461272 
18.645921942 13.7012202705 1.47626010827 
18.6677467787 13.8240705694 1.69273075699 
18.6612265074 13.9506106342 1.76068892007 
18.6522750818 14.03529894 1.76060495919 
18.6311294996 14.2076140607 1.75635132336 
18.6118063891 14.3779767121 1.75367049156 
18.5934486353 14.5548400844 1.86531877502 
18.5500476324 14.7209870184 2.19672419854 
18.4527354204 14.8684974874 2.37189230768 
18.3455812895 14.9911947514 2.39153868221 
18.2778708899 15.068840083 2.42113947952 
18.1830787623 15.1718497018 2.58226463777 
17.9937896692 15.3030732537 2.63085889285 
17.8548896277 15.3911875303 2.69973567818 
17.7633522713 15.4478460217 2.81553660468 
17.5604308807 15.5064600075 3.25669897642 
17.4098303282 15.4960381056 3.38875607891 
17.3331779205 15.482664373 3.35457685834 
17.2619909012 15.4734560812 3.34119330259 
17.1926346981 15.4648874516 3.37310791586 
17.083597418 15.4474182243 3.35110759958 
16.9981185162 15.435663488 3.35449545543 
16.7834522092 15.4045775051 3.3595132097 
16.5838866794 15.3747854496 3.35245539255 
16.4037368261 15.3461053486 3.37942886444 
16.2416883671 15.3231685946 3.36002079933 
16.1238584631 15.3077285776 3.34931492376 
15.950634759 15.2843922454 3.34452527915 
15.8345889078 15.2683621293 3.4986798833 
15.7298625075 15.2442678141 3.77633494824 
15.651784029 15.208962031 4.13820243089 
15.6097848379 15.1783968734 4.48200113813 
15.5848906302 15.1696792583 -1.45308820209 
15.5651274287 15.1693055446 -1.14144071527 
15.5454704427 15.1574805419 -0.799366907685 
15.5291047656 15.1461001227 -0.51949674233 
15.5201461875 15.1308409909 -0.250592663177 
15.5212773049 15.1034855808 0.167272013742 
15.5490342044 15.1007215793 0.263964470308 
15.603921082 15.1098459179 0.293678317463 
15.6639307254 15.1241096074 0.286957172471 
15.8168019318 15.1573314259 0.291502232041 
15.8743609154 15.1687222237 0.28774686715 
15.9497211167 15.1932155343 0.129358695155 
15.9867040553 15.2119164153 -0.211621224266 
15.993598763 15.2254583968 -0.459388268761 
15.9853897729 15.2702760885 -0.843602674864 
15.9891174623 15.2879292446 -1.00691965915 
15.9887883404 15.2873312088 -1.02586162667 
15.9877862969 15.2849061976 -1.00787665506 
15.9878543207 15.2848197299 -1.00934055932 
15.9876634964 15.2850784364 -1.00615370705 
15.9877870643 15.2849251966 -1.00734972079 
15.9877485448 15.2849316935 -1.00746110522 
15.9876684138 15.285274599 -1.00616956916 
15.9877334573 15.2851725819 -1.00707204587 
15.9877751881 15.2851266565 -1.00735716134 
15.9876198136 15.2853875088 -1.00858693263 
15.9882013911 15.2858299615 -1.00995632278 
15.9877947384 15.2851059551 -1.00754116429 
15.9877539166 15.2851785089 -1.00700730748 
15.9878156969 15.2850968803 -1.00745593065 
15.9876425081 15.2853309291 -1.0057733306 
15.9876980894 15.2852782684 -1.00629550355 
15.9877819234 15.2851424518 -1.00717224214 
15.9877864608 15.2850979569 -1.00731837374 
15.9877447375 15.2855103652 -1.00649077957 
15.9878053033 15.2850965525 -1.00736798673 
15.9876666927 15.2852954979 -1.00593360903 
15.9876782634 15.2853105071 -1.00600577408 
15.9877630809 15.2851543839 -1.00704585408 
15.9877560848 15.2854592542 -1.00763623714 
15.9877174461 15.2851086336 -1.00690531834 
15.9876417034 15.2853118482 -1.00582326267 
15.9877949544 15.2851171794 -1.00722403374 
