15.8400464655 15.170985874 0.386675954901 
15.8400423081 15.170997482 0.386752361159 
15.8401889094 15.1710612963 0.38713461583 
15.8400675022 15.1709964986 0.386883670553 
15.839792993 15.1706298555 0.387650792861 
15.8398194649 15.1706179718 0.387614371809 
15.8401937747 15.1710710863 0.387120318888 
15.8397965768 15.1706185455 0.387914419116 
15.8398006709 15.1705999638 0.387595864154 
15.8398150654 15.1706239695 0.387688403828 
15.8398065158 15.1706253479 0.387599773736 
15.8397912235 15.1706130619 0.387545716995 
15.8398044334 15.1706115196 0.387510727933 
15.8397969307 15.1706024821 0.387802978104 
15.8400381879 15.170945544 0.386804660538 
15.8398094551 15.170612585 0.38780586669 
15.8400684894 15.1709662194 0.38676580147 
15.8400639222 15.1709386075 0.386712619298 
15.8397860565 15.1705940629 0.387532500268 
15.839813877 15.1706131215 0.387581917126 
15.8400798329 15.1709612275 0.386703982906 
15.840057362 15.17094465 0.386489808596 
15.8400716634 15.1709740798 0.386790270921 
15.8400713765 15.1709536279 0.386679211544 
15.8400481419 15.1709352697 0.386357841995 
15.839818027 15.170619596 0.387678264456 
15.84007914 15.1709549243 0.386304858706 
15.8400536963 15.1709462369 0.386242159321 
15.8397549019 15.1705489645 0.387610819193 
15.8400602901 15.1709507296 0.386523387875 
15.839603007 15.1697997118 0.38069744828 
15.8397035823 15.1706426183 0.386872452217 
15.8396668286 15.1705910454 0.38742727549 
15.8398459257 15.1706275682 0.392881546863 
15.8397616931 15.1705593953 0.392972796421 
15.8397645244 15.1705415065 0.393550082524 
15.8399934136 15.1707292909 0.391712271926 
15.8397260384 15.1705377812 0.386286170878 
15.8399457262 15.1709504391 0.385975008383 
15.8397238293 15.1706469248 0.387019218911 
15.8399683164 15.1709924678 0.385899918624 
15.8399587722 15.1709496642 0.385728764807 
15.8398852871 15.1700427572 0.382108667335 
15.8399764748 15.1709718669 0.386127594839 
15.8397280463 15.1706151331 0.387175609537 
15.8388188035 15.1697209219 0.375917459055 
15.8397425265 15.1706220026 0.387050591725 
15.8397620433 15.1706442351 0.386745787997 
15.8571983242 15.1761698241 0.380697457447 
15.8990322315 15.1883178803 0.354047342216 
15.9118693006 15.2037506031 0.170432973685 
15.9176868555 15.2155582851 -0.0214247531047 
15.9543904477 15.2138395535 -0.0751811584156 
16.025755521 15.2022605727 -0.0742249859868 
16.1000504607 15.1914702768 -0.0776586490927 
16.2057150864 15.1756428669 -0.0813346908779 
16.3819330001 15.1499680991 -0.0828089221795 
16.5319156015 15.126137797 -0.0735869087486 
16.6846543514 15.1026671345 -0.0612252303749 
16.8336411678 15.0795962031 -0.0757528416967 
17.0102046692 15.0518984909 -0.0737590526155 
17.1844449007 15.0262550528 -0.0645529015233 
17.3534960711 15.0009076113 -0.0860154038198 
17.4841591084 14.980311122 -0.0936411976752 
17.6718039476 14.9512173797 -0.0782172922279 
17.8234711849 14.9275198842 -0.0872996226952 
18.0230121576 14.8954675461 -0.0581634822706 
18.1853020155 14.871528473 -0.195703180971 
18.3135101759 14.8363580967 -0.44993551642 
18.4292654955 14.7719061042 -0.708152691857 
18.5226323568 14.6782523359 -0.95928968646 
18.5990827047 14.5354042614 -1.1967832656 
18.6411406958 14.3941077555 -1.21226151526 
18.6919541323 14.2326128448 -1.26850490262 
18.7242665255 14.0867831672 -1.50760989994 
18.718789097 13.9431993927 4.64469232021 
18.6968305075 13.7869856323 4.62705429442 
18.6968305075 13.7869856323 4.62705429442 
18.6217806303 13.511827823 4.13039392241 
18.6025338137 13.477897879 4.09625590721 
18.4860749209 13.2871360744 2.7474389188 
18.4860749209 13.2871360744 2.7474389188 
18.1848761999 13.2165583337 3.2171985489 
17.9649763071 13.2210482324 3.16749018879 
17.8286125624 13.2280918325 3.17138473542 
17.7257902586 13.2348014081 3.17469562795 
17.5229537451 13.2434395517 3.1647547412 
17.4032070601 13.2495534385 3.16405579009 
17.2748329603 13.2561769451 3.16353584226 
17.1556669438 13.2647662128 3.16594807676 
16.9763810598 13.2796908582 3.1890653246 
16.7462847197 13.291573521 3.23665254301 
16.6067899429 13.2907371486 3.42381417324 
16.5095798933 13.2749725545 3.50328466007 
16.3448373937 13.2291547025 3.38020077568 
16.2407311165 13.2068411077 3.17986930331 
16.1273060852 13.2104152406 3.01717655342 
15.9775512406 13.2440172399 3.01789231862 
15.8720301354 13.2707520689 3.20865573485 
15.800955739 13.2770270074 3.39711099257 
15.7152866238 13.2627706493 3.44046191981 
15.5861878359 13.2338615621 3.43574011975 
15.4414015078 13.2019504274 3.43566782175 
15.2960512602 13.1686359609 3.36655027328 
15.1580740773 13.1472164358 3.14250168213 
15.0359873139 13.1542988981 2.89821865203 
14.8442387545 13.2328125204 2.48769426552 
14.815631386 13.2550216878 2.44335765177 
14.815631386 13.2550216878 2.44335765177 
14.6280285084 13.5886197055 1.82324733392 
14.6252226793 13.6062695945 1.80774342207 
14.5717301333 13.918667909 1.74395039669 
14.5717301333 13.918667909 1.74395039669 
14.5190663302 14.2462565864 1.67512756267 
14.5173593723 14.3912444676 1.42567467125 
14.5606858694 14.5549568499 1.22812234289 
14.6144508087 14.6672840084 1.00188577712 
14.6643440687 14.7450914348 0.835204654562 
14.7908990347 14.8568382526 0.536230371949 
14.9663872683 14.9283221627 0.349361383212 
15.0842462146 14.9608998562 0.341502302579 
15.2613922917 15.0092648382 0.391270931368 
15.3461950981 15.0341062064 0.335582015267 
15.5560273492 15.088697132 0.349447547562 
15.7121852749 15.132803459 0.355317316498 
15.8415787445 15.168400083 0.329121159907 
15.9520196171 15.2000295336 0.334914433512 
16.1374453121 15.2503683244 0.332417626303 
16.3113943898 15.3009130324 0.261294655462 
16.4126294815 15.3245034332 0.104444568747 
16.5424376094 15.3259685303 0.0508539735157 
16.7668485605 15.3232992406 0.0518282742501 
16.9441508019 15.3197734396 0.0529807809765 
17.0766326153 15.3169455717 0.0477361600991 
17.2845907175 15.3124840001 0.0702789947467 
17.3940718138 15.3111213485 0.0390114889775 
17.5836055243 15.3077302838 0.0485674797237 
17.7075884306 15.3055690269 0.0703956965189 
17.9110426867 15.3020650114 0.0686406026664 
18.0910744631 15.2998749802 -0.0727543726908 
18.2615935766 15.2686831134 -0.418881257988 
18.3962674105 15.1936049054 -0.733629275387 
18.5077879393 15.0743048156 -1.03967803347 
18.5609233343 14.9674489165 -1.26548536532 
18.5940039122 14.7952722872 -1.37031483083 
18.6130297148 14.6481382812 -1.37600605374 
18.6273617708 14.5185474123 -1.36142431373 
18.6472005808 14.3733978833 -1.44365101212 
18.6567006075 14.2533650363 4.68701516743 
18.6310169661 14.0642319883 4.6327133813 
18.6094398462 13.9365303482 4.61872749488 
18.5802543127 13.7542015279 4.44683477796 
18.5487234556 13.6508954729 4.23448658434 
18.493184086 13.5492389167 4.03623307209 
18.3066391909 13.3889346088 3.53112640369 
18.185013529 13.3509645427 3.35998665814 
18.0557098353 13.3331744636 3.29184536924 
17.8339794838 13.3155351842 3.30560973597 
17.6837327444 13.3044998611 3.29277159966 
17.571220752 13.293563124 3.30493800873 
17.4210931027 13.2807420457 3.30281982184 
17.2511496508 13.2664380039 3.3014882358 
17.0900516474 13.2551649774 3.29488198261 
16.9592738115 13.2492989267 3.33842054921 
16.8276939356 13.239781257 3.30393698121 
16.6342121923 13.2241560186 3.34690541014 
16.504507538 13.2137206758 3.28841782806 
16.3466790878 13.1958860124 3.28757675616 
16.1845988595 13.1837860311 3.29682448739 
16.0404280388 13.1731337274 3.27233529202 
15.9106061758 13.1624554361 3.29609224444 
15.749488216 13.1500030721 3.29692436548 
15.5045790934 13.1316674913 3.25809192287 
15.3630066478 13.120312568 3.12447921133 
15.2324358189 13.1262019838 2.87699363805 
15.0388002359 13.2079263891 2.47609574487 
14.9834307396 13.255783316 2.31710633731 
14.9834307396 13.255783316 2.31710633731 
14.801146146 13.5320475067 1.85669049647 
14.7751017773 13.7144533361 1.56908691864 
14.7855089867 13.7831542457 1.44596024468 
14.8253585064 13.957470652 1.48274650933 
14.8488261664 14.0522370304 1.60614512907 
14.8498806917 14.1754652227 1.65567994496 
14.8580855095 14.3507158125 1.61850425412 
14.8674404585 14.5159048999 1.60291100284 
14.874209162 14.626289543 1.60975638766 
14.8793675863 14.8104845847 1.58929600518 
14.8856393063 14.9128641451 1.51587449956 
14.9560316169 15.1485497395 0.967347034955 
15.0401654803 15.2570490094 0.720412520736 
15.1187366807 15.318944257 0.525405522021 
15.3042045199 15.3934744711 0.194704455109 
15.4268406295 15.4077133949 0.149851379405 
15.5613275432 15.4167839701 0.137328737942 
15.7550661081 15.4293158765 0.160487729043 
15.9370094688 15.4423736597 0.153484023289 
16.0990801417 15.4527250643 0.13603269359 
16.2028257513 15.4588045294 0.131009189158 
16.3963840568 15.4699797595 0.154454873686 
16.553730067 15.4804068173 0.129659936336 
16.7263355219 15.4915500844 0.145259859702 
16.8385388219 15.4984246458 0.152005776523 
17.0493034088 15.512671795 0.166500051146 
17.1807709896 15.5198852087 0.144514460966 
17.3751466238 15.5309959913 0.144373334264 
17.5949764216 15.5439969862 0.133061969422 
17.7951267922 15.5566429163 0.141096626308 
17.8771836722 15.5614207352 0.132111115403 
18.0891578161 15.5723239149 0.135238341456 
18.2711572611 15.582325008 0.13184772362 
18.4707698786 15.592529055 0.131898210506 
18.6563951933 15.6011100675 0.129625459539 
18.8181164229 15.6087348724 0.130338154391 
18.853934046 15.6093426312 0.121837150565 
18.853934046 15.6093426312 0.121837150565 
19.2237293684 15.6685137416 0.60584706157 
19.3383877241 15.733442005 0.878136415808 
19.3383877241 15.733442005 0.878136415808 
19.3383877241 15.733442005 0.878136415808 
19.3383877241 15.733442005 0.878136415808 
19.3383877241 15.733442005 0.878136415808 
19.3383877241 15.733442005 0.878136415808 
19.3383877241 15.733442005 0.878136415808 
19.0527663195 16.6228525604 3.29815758227 
18.8506331408 16.5935423339 3.67130297767 
18.7036161387 16.5170375074 3.76422738658 
18.5193452799 16.4049758876 3.76817568311 
18.4256644213 16.3482025827 3.76396683205 
18.2346157992 16.2326439584 3.76388437667 
18.1748506987 16.1964742506 3.77436603498 
17.9737646544 16.0741594399 3.75580212335 
17.8546534741 16.0026883448 3.75174051772 
17.7118344271 15.9166580404 3.75053066438 
17.5777947867 15.8354916538 3.76163106236 
17.4464706146 15.7576818431 3.74951232875 
17.2803964579 15.6582837368 3.75775641444 
17.1692995989 15.5919761921 3.75848532759 
17.0003943407 15.4910287524 3.76690338866 
16.8876644337 15.424554121 3.75280780534 
16.775462743 15.357205 3.74958936937 
16.6289249026 15.2685218791 3.71445985106 
16.5049183333 15.2012681516 3.51521650064 
16.3691767418 15.1592686439 3.45805580847 
16.1804053747 15.1120743419 3.46135690385 
16.0029051119 15.0680436904 3.45524543006 
15.8458544762 15.0311094935 3.43414525805 
15.7066746318 14.9963721151 3.45158966442 
15.4783825242 14.9415543641 3.45661864627 
15.3060625159 14.8984842564 3.46926492507 
15.133920964 14.8564109767 3.56218922308 
14.96757954 14.7979727353 3.85767873908 
14.9188045227 14.7685377265 3.95845618634 
14.7770514452 14.6214851106 4.36530479368 
14.7088930571 14.4634456004 4.67665276293 
14.7051951849 14.263842162 -1.31654260295 
14.7630439961 14.0525445903 -1.18979742428 
14.8079665863 13.9125739301 -1.21288247241 
14.8418378794 13.7939966882 -1.21135833056 
14.8733870947 13.6845971311 -1.15273939216 
14.8733870947 13.6845971311 -1.15273939216 
14.991050061 13.4457830156 -0.630758014776 
15.290384885 13.2619686092 -0.291607837321 
15.4399042391 13.2041779722 -0.29934253064 
15.5355147981 13.1647173131 -0.254463548846 
15.6964754277 13.1132186616 -0.0402007293794 
15.898434112 13.0926240648 -0.0113122856356 
16.0083268919 13.0842565263 -0.0130312334098 
16.1951722467 13.0673159326 0.196746081121 
16.3529775703 13.0904298986 0.408094365735 
16.4943424427 13.1427091325 0.407515476327 
16.5849471056 13.1764734949 0.399107367968 
16.7843969428 13.251264211 0.267899809333 
16.9464129173 13.2781228984 0.152727571247 
17.0366982185 13.2831046546 0.156908147169 
17.1770226919 13.2887818778 0.135909400359 
17.3994122707 13.3037239278 0.13979805757 
17.5071765148 13.3107194866 0.140817684243 
17.658480283 13.3201540674 0.137172023598 
17.8406619989 13.3319036926 0.139975707903 
17.9507508242 13.3392655815 0.13940836271 
18.1646470987 13.3515729869 0.229353296618 
18.3046469652 13.3724653686 0.489416001519 
18.3699712717 13.3957272733 0.626896856693 
18.5629782641 13.5459372962 1.10489400017 
18.6405672991 13.6857775415 1.43994766746 
18.666295048 13.7990006174 1.66058523586 
18.6670434439 13.8858977521 1.74634827237 
18.6554815733 13.9936286176 1.7459049376 
18.6394436323 14.1389172042 1.75685067711 
18.6183199846 14.3191906179 1.75442362537 
18.6066541636 14.429342326 1.7718524552 
18.5806777441 14.6343793834 2.02348519223 
18.5102188551 14.7913656498 2.32813145917 
18.3671522104 14.9664727415 2.39174058176 
18.2697792017 15.0779498185 2.42405665008 
18.1891648733 15.1655426214 2.57456217312 
18.0605025255 15.2622819974 2.65374943547 
17.917106148 15.350437891 2.67516788944 
17.740693804 15.4559481258 2.90650608175 
17.5744458401 15.5055711831 3.22586956491 
17.461373564 15.5034238363 3.38032325324 
17.3943755591 15.4933874572 3.39108465017 
17.3235858643 15.4823706562 3.34409322314 
17.2500177586 15.4724803085 3.37820562119 
17.1436450445 15.4565129096 3.36480486021 
17.0490455591 15.443799984 3.36894919401 
16.8622596228 15.4165185655 3.36886596885 
16.6427796447 15.3826125974 3.34679206832 
16.5113627278 15.3639014179 3.35033366477 
16.3539632523 15.3387007604 3.38540904341 
16.2126573586 15.318996262 3.35776072221 
15.9454019853 15.2811188849 3.37748048246 
15.8028609493 15.2610903441 3.54170645035 
15.7034510785 15.2348167056 3.87878976842 
15.6320124232 15.1951846185 4.26588790713 
15.6022630894 15.1734259392 4.56606671739 
15.5804509782 15.1732776875 -1.39298899392 
15.5608608389 15.1681243742 -1.06875345182 
15.5373995268 15.1531054194 -0.682513938694 
15.5218483471 15.136222441 -0.343008469534 
15.5172532761 15.1174834485 -0.0517790331867 
15.5275799894 15.1003607626 0.212044189638 
15.5600114131 15.1008707101 0.29411678057 
15.6296627783 15.1157832781 0.296700059274 
15.7334395164 15.1387592743 0.288891694934 
15.806278404 15.1561168025 0.241030449856 
15.8979335969 15.1746457035 0.274846089011 
15.9450200872 15.1907814408 0.154786345451 
15.9867040553 15.2119164153 -0.211621224266 
15.9933014997 15.226883813 -0.475083194027 
15.9853897729 15.2702760885 -0.843602674864 
15.9851123133 15.2806339937 -0.924766987003 
15.9895509594 15.2878700348 -1.01231382487 
15.9879097306 15.284855597 -1.00786584693 
15.9878391513 15.2848507839 -1.00952993072 
15.9876634964 15.2850784364 -1.00615370705 
15.9877397233 15.2849385182 -1.0075152163 
15.9877689519 15.284958266 -1.0074132378 
15.9877702707 15.2851009558 -1.00738322492 
15.9875918367 15.2854106652 -1.00798331973 
15.9878056609 15.2851022857 -1.00725363541 
15.987785902 15.2851204167 -1.00738984895 
15.9876833075 15.2852607297 -1.00877070563 
15.9877891951 15.2850992123 -1.00729169727 
15.9877539166 15.2851785089 -1.00700730748 
15.9876737633 15.285272565 -1.00606431001 
15.9876892531 15.2852690222 -1.00612222911 
15.9877021724 15.2852711568 -1.00652465542 
15.9877916017 15.285112683 -1.00745908715 
15.9877864608 15.2850979569 -1.00731837374 
15.987794269 15.2850945483 -1.00729238015 
15.9876752534 15.2853098961 -1.0064073327 
15.9880790004 15.2860712933 -1.00808530311 
15.9877780491 15.2851174625 -1.00728070655 
15.9877754488 15.2851562242 -1.0070017914 
15.9889050313 15.2853840666 -0.995722006337 
15.9877174461 15.2851086336 -1.00690531834 
15.987785291 15.2851141433 -1.00735878566 
15.9877949544 15.2851171794 -1.00722403374 
