15.9877949544 15.2851171794 -1.00722403374 
15.8400604838 15.1710039193 0.386802544019 
15.8415090406 15.1706387813 0.404691314839 
15.8398927898 15.1715752224 0.379388760561 
15.8398085536 15.1706247295 0.387713659422 
15.840076849 15.1709853674 0.386806752323 
15.8398107142 15.1706431622 0.387743752456 
15.8397796081 15.1706158335 0.387685269612 
15.8397208565 15.1706047545 0.387002490661 
15.8398006709 15.1705999638 0.387595864154 
15.8397954368 15.1706216449 0.387759527421 
15.8398107403 15.1706066171 0.387678337088 
15.8400519193 15.1709539259 0.386580396613 
15.8398000785 15.1706161613 0.387695820707 
15.8400519491 15.1709580685 0.386706303973 
15.8400489689 15.1709512661 0.386758953852 
15.8398094551 15.170612585 0.38780586669 
15.8400624098 15.1709496121 0.386615315057 
15.8400568032 15.170962509 0.386964375081 
15.8400694692 15.1709596778 0.386729040464 
15.8400515207 15.1709520335 0.386722720995 
15.8400798329 15.1709612275 0.386703982906 
15.840062067 15.1709586347 0.386647319848 
15.8400920891 15.1709658841 0.386678099311 
15.8398227842 15.170621563 0.387578987435 
15.8398310133 15.1706091876 0.387621426028 
15.8400871122 15.1709668303 0.386598456279 
15.84007914 15.1709549243 0.386304858706 
15.8399712184 15.1707195828 0.387212191666 
15.8397549019 15.1705489645 0.387610819193 
15.839802716 15.1706139038 0.387594022805 
15.8395484501 15.1706277544 0.386411498574 
15.8399333694 15.1709588508 0.385873705485 
15.8396668286 15.1705910454 0.38742727549 
15.8401488365 15.1709238256 0.392231033145 
15.8397616931 15.1705593953 0.392972796421 
15.8397746795 15.1705638955 0.393454958819 
15.8399934136 15.1707292909 0.391712271926 
15.8397260384 15.1705377812 0.386286170878 
15.839944549 15.1709589998 0.385933826579 
15.8397190721 15.1706391017 0.3868815911 
15.8399652505 15.1709592755 0.385889815355 
15.8397214637 15.1706435795 0.386873079621 
15.8398968914 15.1700414682 0.382232448409 
15.8399371245 15.1701944138 0.383523556412 
15.8399657571 15.1709640289 0.386029457534 
15.8395798505 15.1697527657 0.379537860206 
15.8397432381 15.1706272254 0.387141346689 
15.8399850914 15.1709845925 0.385729772598 
15.85188685 15.1734057705 0.373843301768 
15.890978651 15.1863925273 0.350829656156 
15.9118771312 15.2017917188 0.21036303561 
15.9161868413 15.2153021584 -0.0129493138384 
15.9520592579 15.2142426542 -0.0804370124708 
16.0007703343 15.2061132195 -0.0747166613712 
16.1057017111 15.1901905651 -0.0810757218839 
16.2057150864 15.1756428669 -0.0813346908779 
16.36491346 15.1523696149 -0.0837736320556 
16.5107778871 15.1291960368 -0.0729409141492 
16.6553125941 15.1067244525 -0.0874531425618 
16.8633763754 15.0747360552 -0.0742152723604 
17.0102046692 15.0518984909 -0.0737590526155 
17.1718023979 15.0279221649 -0.0692669786859 
17.3245922291 15.0050997699 -0.0992591952208 
17.495660659 14.9781496788 -0.0895578323983 
17.6631797516 14.951863196 -0.0942057703049 
17.8152632677 14.9295639659 -0.0841320460132 
17.9662136995 14.9045643474 -0.0648878358697 
18.1252672636 14.8811102177 -0.106895312365 
18.2720267737 14.8519420291 -0.366661656498 
18.4187056982 14.7795730794 -0.679682436688 
18.5285689795 14.6706117357 -0.982248213079 
18.5920879805 14.55431157 -1.18666561858 
18.6386499369 14.4020066823 -1.21269945948 
18.6919541323 14.2326128448 -1.26850490262 
18.7242665255 14.0867831672 -1.50760989994 
18.7180521452 13.9349071945 4.63994055747 
18.6979660952 13.7955474819 4.63270615721 
18.6968305075 13.7869856323 4.62705429442 
18.6217806303 13.511827823 4.13039392241 
18.6025338137 13.477897879 4.09625590721 
18.4860749209 13.2871360744 2.7474389188 
18.4860749209 13.2871360744 2.7474389188 
18.1848761999 13.2165583337 3.2171985489 
17.9522948229 13.2214935983 3.1680143707 
17.8286125624 13.2280918325 3.17138473542 
17.6534711086 13.2382045949 3.18941202506 
17.5229537451 13.2434395517 3.1647547412 
17.4032070601 13.2495534385 3.16405579009 
17.2748329603 13.2561769451 3.16353584226 
17.0376031363 13.2723946537 3.16905240319 
16.9763810598 13.2796908582 3.1890653246 
16.7353822553 13.293282863 3.24578476059 
16.6067899429 13.2907371486 3.42381417324 
16.460737642 13.2604247297 3.41412787579 
16.3312941455 13.2258721555 3.36206746983 
16.2202041411 13.2040795053 3.12698105206 
16.0891170764 13.217329141 3.00239213741 
15.956067864 13.2496870721 3.04085923348 
15.8550726586 13.2741233076 3.26152200103 
15.7868251168 13.2757644618 3.41242266514 
15.6838259065 13.2550380195 3.43294762813 
15.5518656039 13.2264145578 3.43631819075 
15.41251966 13.19560897 3.43291071577 
15.2533420288 13.1596652235 3.31390738727 
15.1026063525 13.1459785665 3.01997647906 
14.9444230163 13.1803139413 2.70951600934 
14.815631386 13.2550216878 2.44335765177 
14.815631386 13.2550216878 2.44335765177 
14.6400288307 13.5292596782 1.8313434557 
14.6252226793 13.6062695945 1.80774342207 
14.5874128306 13.8351633514 1.82289739414 
14.5717301333 13.918667909 1.74395039669 
14.5717301333 13.918667909 1.74395039669 
14.5149496758 14.2787734235 1.61793638811 
14.5247962439 14.4434475864 1.40070912263 
14.5647197926 14.5646311606 1.18454925793 
14.620793935 14.6779034699 0.977256655192 
14.7264516317 14.8072122003 0.654493254993 
14.8388918602 14.8820008005 0.401601538496 
14.979018923 14.9318285252 0.339976387237 
15.1503478849 14.9790244366 0.351314724233 
15.2831182444 15.0179119373 0.292164823652 
15.4516457879 15.0626205916 0.373192160968 
15.5969581568 15.0998278523 0.353658317424 
15.7449769491 15.1414451341 0.349109411566 
15.8911905329 15.1830133835 0.33218409811 
16.0315443092 15.2227344106 0.316774843632 
16.1945028269 15.2657353564 0.338855517217 
16.3275389933 15.3059393729 0.238482467741 
16.4480974638 15.3266789506 0.0742241356086 
16.5938897693 15.3264949361 0.0529456406578 
16.745152589 15.3238137777 0.057867937879 
16.9055625164 15.3206183205 0.0536830554324 
17.0596859419 15.3174850086 0.0508182665019 
17.2242459023 15.3143139372 0.0558015223811 
17.3641756737 15.3117460648 0.0397612084564 
17.5243949854 15.3088780607 0.0462112328842 
17.6784961187 15.3061590011 0.0591167221226 
17.8383586371 15.3040232922 0.0570483877448 
17.9931788408 15.3030607517 0.0196361543776 
18.1699743235 15.2926958094 -0.22337062578 
18.3167824709 15.2447372361 -0.539070898604 
18.4478211367 15.1485190059 -0.866461429138 
18.5477747881 15.0038152749 -1.20271058213 
18.5868999922 14.8437672819 -1.36452227172 
18.6056582892 14.7060462798 -1.37760346327 
18.6315612757 14.4892514909 -1.37251055406 
18.6528842413 14.3217649425 -1.50296678942 
18.6478104555 14.1573469604 4.61914504992 
18.6232876742 14.013342377 4.62470898538 
18.5984997713 13.8630608285 4.61507813124 
18.566252228 13.7005276645 4.35547705773 
18.5123543703 13.5781414474 4.1088134604 
18.3952054941 13.4426660503 3.73195625858 
18.2554604971 13.3685805763 3.43985680263 
18.1169300043 13.341417786 3.32217541829 
17.9570465052 13.325829264 3.29820664507 
17.7961509192 13.3120710815 3.30208154221 
17.6457978451 13.3002114261 3.30963205349 
17.5029352867 13.2872796024 3.30181399701 
17.3230295145 13.2714010442 3.29490670556 
17.1780555212 13.2601833309 3.29656318089 
17.0327603781 13.2488048042 3.29467210249 
16.8606848085 13.2443832124 3.3112813269 
16.7030207479 13.2285138334 3.28230403563 
16.5535893404 13.2182859148 3.33502680239 
16.3949700558 13.2042492593 3.28370938775 
16.1921623015 13.1842409337 3.28811516974 
16.070641216 13.1741555894 3.28532325523 
15.9021439013 13.1617771352 3.29605148709 
15.7193968856 13.1480184759 3.29680990047 
15.517180767 13.1327308382 3.26196488542 
15.3630066478 13.120312568 3.12447921133 
15.148751136 13.150245067 2.72654877189 
15.0207784736 13.2206197942 2.4434588064 
14.9834307396 13.255783316 2.31710633731 
14.9834307396 13.255783316 2.31710633731 
14.7769018376 13.6622226203 1.56814583838 
14.7855089867 13.7831542457 1.44596024468 
14.812884804 13.9113374914 1.46847196723 
14.8478203976 14.041670915 1.61278944715 
14.8480532133 14.1546322072 1.63377507925 
14.8567377293 14.2846049632 1.65060702209 
14.8653186524 14.4620408381 1.63708902977 
14.8725825512 14.6194847787 1.62787830587 
14.879684087 14.7682013179 1.584961963 
14.8856393063 14.9128641451 1.51587449956 
14.9275431001 15.0960034842 1.07888495122 
15.0039779508 15.2135135683 0.843817723995 
15.1187366807 15.318944257 0.525405522021 
15.274720844 15.3876938636 0.236650531813 
15.4134945237 15.4070044125 0.124780835516 
15.5699806177 15.4166750426 0.146710788199 
15.7337940597 15.4271803314 0.13008894638 
15.8874598035 15.4381520266 0.154215715406 
16.0387171769 15.4485644812 0.143353106396 
16.1934303605 15.4583092595 0.136659993908 
16.345289793 15.4670599664 0.153731306986 
16.5053741896 15.4772545511 0.152278379478 
16.6558946335 15.486862045 0.122478915222 
16.8086731398 15.4976483549 0.120578579478 
16.9698085749 15.5070663358 0.1538334883 
17.1172461474 15.5159241522 0.155033630629 
17.263806101 15.5251087213 0.14603698288 
17.4213780129 15.5344339872 0.121034418592 
17.5778537953 15.5435658658 0.133625937598 
17.7247075998 15.5521212185 0.1335956767 
17.8854486906 15.5612530972 0.138948534348 
18.0291893446 15.5687989856 0.139316972586 
18.1618401968 15.5761582519 0.136404610289 
18.3431770765 15.5856177772 0.139199462604 
18.4915194475 15.5931617881 0.137945641891 
18.646366831 15.601040181 0.127348665893 
18.809237715 15.6091543401 0.127733181425 
18.853934046 15.6093426312 0.121837150565 
18.853934046 15.6093426312 0.121837150565 
19.2542347872 15.6790140832 0.692825277598 
19.3383877241 15.733442005 0.878136415808 
19.3383877241 15.733442005 0.878136415808 
19.3383877241 15.733442005 0.878136415808 
19.3383877241 15.733442005 0.878136415808 
19.3383877241 15.733442005 0.878136415808 
19.3383877241 15.733442005 0.878136415808 
19.3383877241 15.733442005 0.878136415808 
19.3383877241 15.733442005 0.878136415808 
18.9416575396 16.6174783672 3.51162477824 
18.7942264044 16.5696908201 3.73591180171 
18.6823482477 16.5042469467 3.76361277451 
18.5375976526 16.4155884946 3.76451635825 
18.4150440657 16.3417321409 3.76521135386 
18.2717707121 16.2553787197 3.76482593394 
18.1317341292 16.1691981519 3.75425671144 
18.0004339182 16.0878260101 3.73882695708 
17.8688226902 16.0115303958 3.75267645232 
17.7415745222 15.9339733685 3.76512121965 
17.6031073296 15.8514128889 3.7559562397 
17.4724006617 15.77280527 3.74702384172 
17.3423951828 15.6946862901 3.75886978535 
17.2029763424 15.6122629906 3.75336277169 
17.0701030457 15.5330331887 3.75700366619 
16.9560915196 15.4648960645 3.76595606472 
16.8044674956 15.3747356946 3.75077127383 
16.6716891491 15.2955184805 3.71926184278 
16.5509871804 15.2234691728 3.57935829635 
16.3772160077 15.1612244512 3.45110540523 
16.2291379833 15.1235481913 3.45690007431 
16.0940062666 15.0900185073 3.45926288059 
15.9354392999 15.0528667385 3.46191232353 
15.7954902687 15.0176762308 3.47591541979 
15.6192126834 14.9748590256 3.45844256136 
15.4695728981 14.9389744664 3.45364766907 
15.3270114624 14.9034810925 3.48481284118 
15.1893488729 14.8689830864 3.47977149871 
15.0469310248 14.8329508568 3.67766381714 
14.9188045227 14.7685377265 3.95845618634 
14.7883517706 14.640448388 4.31204294377 
14.714638468 14.4842363561 4.63548565955 
14.6994014942 14.3436084951 -1.35418060519 
14.7235492432 14.1846909488 -1.23981453409 
14.7706608736 14.0316133464 -1.24022567228 
14.8159817421 13.8843992914 -1.20695065204 
14.8464606964 13.7679972614 -1.26481361026 
14.8733870947 13.6845971311 -1.15273939216 
14.8733870947 13.6845971311 -1.15273939216 
14.991050061 13.4457830156 -0.630758014776 
15.2230663263 13.2894737686 -0.240753681322 
15.3642828428 13.2343045438 -0.301301969764 
15.5237730109 13.1695760454 -0.265178518225 
15.6659435594 13.1189681257 -0.066041682652 
15.8188340404 13.1004313196 -0.011141601004 
15.9581503683 13.0883709157 -0.0109337288515 
16.1189174914 13.0720781053 0.0714334028195 
16.2709317171 13.0727032388 0.316887915205 
16.4184771144 13.1133655275 0.419814120085 
16.5698897206 13.1705085004 0.406550275029 
16.7083390319 13.2225018705 0.359797325107 
16.8472456896 13.2671101058 0.216532455751 
16.9869862759 13.2812441553 0.133963431178 
17.1895236933 13.2890663112 0.138118666342 
17.3361084425 13.2989358867 0.143953036306 
17.4896596634 13.3097903694 0.141232086759 
17.6419273579 13.3190453018 0.137939370285 
17.7942587101 13.3287622894 0.139409940124 
17.9507508242 13.3392655815 0.13940836271 
18.1051175558 13.3481669391 0.175716024435 
18.2548465693 13.3619474138 0.380020322189 
18.4002280199 13.4123610223 0.699315476322 
18.5232570135 13.5033345188 0.997852165595 
18.6150970423 13.6276892389 1.30264563352 
18.6610848868 13.762674209 1.59713282388 
18.6670434439 13.8858977521 1.74634827237 
18.6550235712 13.9987171854 1.74626251165 
18.6441574061 14.1011630262 1.75694865655 
18.6253926718 14.2577977146 1.75591474633 
18.6094276869 14.3989600504 1.75825735225 
18.5971496069 14.5250703658 1.82864304158 
18.573022362 14.6621772016 2.07530646025 
18.484247204 14.8280823494 2.35040560924 
18.3317797148 15.0065040107 2.38820402722 
18.2092981302 15.1451316963 2.52970322564 
18.0853412115 15.2455030105 2.65604954099 
17.892642256 15.367230233 2.68300375939 
17.7700529062 15.4415355588 2.82321198153 
17.6030033791 15.5016374553 3.1776597325 
17.4589045012 15.5028825069 3.38465074465 
17.356920954 15.4861698414 3.373663885 
17.291095134 15.4782987351 3.36010269402 
17.2101697886 15.4671308214 3.35935845992 
17.1181589329 15.4525868709 3.34749481758 
16.9595620596 15.4302240873 3.355063366 
16.7626764142 15.4010237421 3.35710174608 
16.6129972303 15.3788426335 3.3551785568 
16.3668390476 15.3409809957 3.36876513991 
16.1924489998 15.3159245665 3.37372961961 
16.0339814239 15.294901904 3.33350625877 
15.9075679762 15.2769458036 3.38235336194 
15.7856755146 15.258582257 3.59726674769 
15.6744138562 15.2206447127 3.99478792417 
15.6202048325 15.1855147819 4.35742304974 
15.5885879957 15.1692576597 -1.50521953407 
15.5662542843 15.169406798 -1.16190644059 
15.5447391235 15.1604548583 -0.829007835797 
15.5295415187 15.1439443568 -0.497680618771 
15.5194875264 15.1288139636 -0.218349276826 
15.5201358759 15.1044393147 0.162308172681 
15.5776598417 15.1042784418 0.287813056607 
15.64457066 15.1194276477 0.286284396937 
15.7251565569 15.1373195017 0.295155745428 
15.8369264306 15.1625286678 0.283327155617 
15.9122791813 15.1796420703 0.243974395975 
15.9627106005 15.197414432 0.0646134874204 
15.9898997509 15.2144402957 -0.264813936797 
15.992539432 15.2366489526 -0.595562040641 
15.9837870413 15.2760698127 -0.883653900059 
15.9880896547 15.2878529842 -0.993880119405 
15.9892405235 15.2872992458 -1.00390493087 
15.9878212401 15.2849472875 -1.00761868363 
15.9882061669 15.2855910922 -1.0113466209 
15.9881304764 15.2856404076 -1.00978820035 
15.9877487385 15.2849396656 -1.00743822307 
15.9877511227 15.2849239113 -1.00741185194 
15.9877041393 15.285282355 -1.00664116664 
15.9877709636 15.2851086485 -1.0074638042 
15.9878056609 15.2851022857 -1.00725363541 
15.9877758288 15.2851100753 -1.00724548402 
15.9877559656 15.2851413118 -1.0071274653 
15.9877469504 15.2851319949 -1.00699351229 
15.9876490646 15.2852935346 -1.00618647762 
15.9877643475 15.2851363907 -1.00714747726 
15.9876122066 15.2853554899 -1.00625759131 
15.987614561 15.2853463034 -1.00575145957 
15.9877974653 15.2851142811 -1.00735950169 
15.98777603 15.285117876 -1.00725734194 
15.9877447375 15.2855103652 -1.00649077957 
15.9878008106 15.2851009446 -1.00744510655 
15.9877995365 15.2851050387 -1.00752833322 
15.9876876363 15.2855411174 -1.00673648388 
15.988505941 15.2859682443 -1.0063503507 
15.9880474099 15.2851723547 -1.00317565302 
15.9876535946 15.2853125485 -1.00598556298 
15.9877949544 15.2851171794 -1.00722403374 
