15.9877949544 15.2851171794 -1.00722403374 
15.8398076856 15.170663398 0.387798198164 
15.8397997656 15.1706437359 0.387900642366 
15.839761071 15.1706460605 0.387397448145 
15.8398085536 15.1706247295 0.387713659422 
15.8400599138 15.1709914247 0.386732847588 
15.8400616498 15.1709954257 0.386620060435 
15.8401937747 15.1710710863 0.387120318888 
15.8414632716 15.1708337257 0.402188675001 
15.8398032786 15.1706180165 0.387908519286 
15.8397965842 15.1706121753 0.387777733992 
15.8398065158 15.1706253479 0.387599773736 
15.8400519193 15.1709539259 0.386580396613 
15.8398000785 15.1706161613 0.387695820707 
15.8397934289 15.1706393848 0.387415578781 
15.8398234734 15.1706209446 0.387654646214 
15.8400606328 15.170951877 0.386893225105 
15.8400611059 15.1709400157 0.386767293823 
15.8400639222 15.1709386075 0.386712619298 
15.8400740774 15.1709729398 0.386776260054 
15.8398125136 15.1706203262 0.387628472137 
15.840055328 15.1709744746 0.386625940483 
15.8398219832 15.1706233064 0.387628255612 
15.8398262897 15.1706251095 0.387677024248 
15.8398167045 15.1706109087 0.387690286527 
15.8400778138 15.1709657575 0.3865169366 
15.8400924691 15.1709708984 0.386527767173 
15.8399216161 15.170726348 0.387106030022 
15.8400572614 15.170971256 0.386314671597 
15.839816101 15.1706301237 0.387219339131 
15.839809809 15.1706060881 0.387212914621 
15.8399721497 15.170948569 0.385905848392 
15.8397299276 15.1706821064 0.386678241939 
15.8390160018 15.1702467317 0.404527612913 
15.8397604489 15.1705630685 0.39313926047 
15.8397786432 15.1705567578 0.393277281917 
15.8401324787 15.171425056 0.385901680529 
15.8397260384 15.1705377812 0.386286170878 
15.8397030273 15.1706363673 0.387039846194 
15.8397190721 15.1706391017 0.3868815911 
15.8399471195 15.1710152517 0.385991257459 
15.8397364878 15.1706318671 0.38676077797 
15.8398968914 15.1700414682 0.382232448409 
15.8397219741 15.1706260706 0.387230509636 
15.8399657571 15.1709640289 0.386029457534 
15.8395798505 15.1697527657 0.379537860206 
15.8397432381 15.1706272254 0.387141346689 
15.8399850914 15.1709845925 0.385729772598 
15.8527618797 15.173087355 0.37407830407 
15.8965139898 15.1884941051 0.339494964045 
15.9117452149 15.201546252 0.199610035783 
15.9176868555 15.2155582851 -0.0214247531047 
15.9572298342 15.2122996471 -0.0626092640601 
16.0212888085 15.2028899642 -0.0739649369404 
16.1057017111 15.1901905651 -0.0810757218839 
16.2406294608 15.1698841567 -0.0840222888285 
16.3819330001 15.1499680991 -0.0828089221795 
16.5319156015 15.126137797 -0.0735869087486 
16.692841109 15.1016130264 -0.062825904026 
16.8506411874 15.0767440612 -0.0751996060239 
17.0102046692 15.0518984909 -0.0737590526155 
17.1633915865 15.0292368347 -0.0692169192903 
17.316213485 15.006360587 -0.0997795948757 
17.4620354139 14.9835040832 -0.0912510032515 
17.6265892946 14.958510604 -0.0796866255712 
17.7657924854 14.9362342621 -0.0717517120694 
17.9040787184 14.9146014417 -0.074657052706 
18.0740604364 14.8891118432 -0.0971027763762 
18.2149634325 14.8664437498 -0.23527717173 
18.3672065699 14.8119020725 -0.565125756313 
18.4960930311 14.7107710207 -0.871755923043 
18.581448313 14.581962582 -1.14141369123 
18.6306874716 14.4318272437 -1.20621160117 
18.6693363154 14.3030040229 -1.21603042487 
18.7169182264 14.1366620029 -1.41512965987 
18.7240283453 13.9840913976 4.65306086402 
18.7054121458 13.8472024168 4.6291707602 
18.6968305075 13.7869856323 4.62705429442 
18.6968305075 13.7869856323 4.62705429442 
18.6025338137 13.477897879 4.09625590721 
18.5200743639 13.3314963544 2.77452388214 
18.4860749209 13.2871360744 2.7474389188 
18.1848761999 13.2165583337 3.2171985489 
18.0688276255 13.2157288755 3.16646555484 
17.8330092394 13.228069898 3.16463061711 
17.7257902586 13.2348014081 3.17469562795 
17.5229537451 13.2434395517 3.1647547412 
17.4032070601 13.2495534385 3.16405579009 
17.2748329603 13.2561769451 3.16353584226 
17.055365082 13.269373771 3.1510972522 
16.9763810598 13.2796908582 3.1890653246 
16.7462847197 13.291573521 3.23665254301 
16.6321076715 13.2948199476 3.41616960909 
16.5032650792 13.2703002656 3.46389472282 
16.3448373937 13.2291547025 3.38020077568 
16.2407311165 13.2068411077 3.17986930331 
16.1084594541 13.2134779657 3.00727373047 
15.9775512406 13.2440172399 3.01789231862 
15.8895221815 13.2665680612 3.1582746377 
15.800955739 13.2770270074 3.39711099257 
15.7098307275 13.2614170278 3.43848787647 
15.5935372376 13.2353957857 3.43512177087 
15.4495829308 13.2039109434 3.43719083867 
15.3128160202 13.1722179616 3.38223336703 
15.1454925501 13.1463805402 3.109218716 
14.9935743773 13.1637102331 2.80319958819 
14.8554302418 13.2255824769 2.50889650367 
14.815631386 13.2550216878 2.44335765177 
14.815631386 13.2550216878 2.44335765177 
14.6252226793 13.6062695945 1.80774342207 
14.6252226793 13.6062695945 1.80774342207 
14.5717301333 13.918667909 1.74395039669 
14.5717301333 13.918667909 1.74395039669 
14.5717301333 13.918667909 1.74395039669 
14.5141980612 14.3705754841 1.48669943092 
14.5461885893 14.5066933001 1.34211255934 
14.5941169226 14.6240780319 1.09216607644 
14.6727083885 14.7535644735 0.768467423384 
14.7809879744 14.8501228953 0.556454190173 
14.9175971114 14.9128334487 0.36480954329 
15.0601604545 14.9532217945 0.366747375253 
15.213941034 14.9955190981 0.372980995129 
15.3637408578 15.0378186817 0.366532098581 
15.5193228984 15.0786241556 0.35108485453 
15.6661302113 15.1195450837 0.355595628122 
15.8254462519 15.1628534014 0.328167751993 
15.969057303 15.2037259529 0.332192391078 
16.0970869922 15.2389204992 0.326347008645 
16.262078222 15.2847073043 0.314755957396 
16.3885545694 15.3209899704 0.129795633327 
16.5161935055 15.3266812677 0.0610267933417 
16.6742303931 15.3244838084 0.0498130415401 
16.825432893 15.3220021466 0.0513547629849 
16.9787465298 15.3193349729 0.0517072499883 
17.1585164034 15.3153936828 0.0394139039028 
17.3342978918 15.3119167204 0.0444109141513 
17.5163730347 15.3087565939 0.0438627748895 
17.6661783421 15.3062984611 0.0567287828027 
17.8176097834 15.3047860304 0.0467591048399 
18.0228414499 15.3029611001 -0.0035128185076 
18.182615515 15.2905955764 -0.25315354434 
18.3789837324 15.2059216204 -0.690861520574 
18.4910204374 15.0980868901 -0.976240365497 
18.5645453894 14.9549151326 -1.27692536197 
18.5918323958 14.8073874975 -1.37208400711 
18.6073749029 14.6757492984 -1.35421978487 
18.6309525931 14.4982484544 -1.3798885763 
18.6505668127 14.3430184687 -1.47418021063 
18.6519021952 14.1868321861 4.63433781097 
18.6260697806 14.0301605428 4.62661924264 
18.604588505 13.9021940196 4.60547013565 
18.5768885576 13.7344759668 4.40220493664 
18.5185785257 13.5887891019 4.12858596362 
18.493184086 13.5492389167 4.03623307209 
18.292473551 13.3827743495 3.50635125006 
18.1289551222 13.3431346382 3.32665908317 
17.9746079409 13.3270831073 3.30141799806 
17.8254353964 13.3148422206 3.30472715411 
17.6757087671 13.3022990192 3.30748943856 
17.5411930048 13.2907497848 3.3022334755 
17.3605772221 13.2751686538 3.29881015031 
17.2122737133 13.2630225385 3.29953406058 
17.0611412489 13.2518794502 3.30064234015 
16.8999468052 13.2470186914 3.30158639498 
16.7462297642 13.2300223077 3.26890885611 
16.5918518269 13.222424146 3.30342177733 
16.4323214852 13.208670255 3.29818702589 
16.2947411501 13.191976663 3.29504912609 
16.1549783909 13.1810282434 3.29311529726 
16.0026935526 13.1691883768 3.29251619873 
15.8301224151 13.1560877527 3.2954219896 
15.667612102 13.1441179479 3.29553440636 
15.517180767 13.1327308382 3.26196488542 
15.3630066478 13.120312568 3.12447921133 
15.2126313412 13.1310645307 2.8482181096 
15.0625787937 13.1912490095 2.51805153948 
14.9834307396 13.255783316 2.31710633731 
14.9834307396 13.255783316 2.31710633731 
14.801146146 13.5320475067 1.85669049647 
14.7772337162 13.7019923891 1.54038027394 
14.7855089867 13.7831542457 1.44596024468 
14.8253585064 13.957470652 1.48274650933 
14.8450529539 14.0602718557 1.6290394636 
14.8498806917 14.1754652227 1.65567994496 
14.8547028267 14.3099847401 1.6133262543 
14.8649830782 14.4705643619 1.61038440886 
14.874209162 14.626289543 1.60975638766 
14.8791046106 14.7366664971 1.60362465393 
14.8856393063 14.9128641451 1.51587449956 
14.9353474342 15.111560371 1.04162468465 
15.0039779508 15.2135135683 0.843817723995 
15.1422861182 15.333791707 0.460680187212 
15.2957944238 15.3917922045 0.202749814797 
15.4548378253 15.4099471981 0.145265866148 
15.6040340626 15.4191022182 0.151296281719 
15.7687888705 15.4296254183 0.175939790431 
15.906774223 15.43998478 0.160408011866 
16.0779891127 15.4516095335 0.137239067747 
16.2457698845 15.4615966643 0.127120330491 
16.3963840568 15.4699797595 0.154454873686 
16.5461515748 15.4797106946 0.138141184997 
16.6979324185 15.4897113706 0.123557216355 
16.8596016132 15.499721166 0.152571375143 
17.0493034088 15.512671795 0.166500051146 
17.2031164133 15.5214828814 0.154123016387 
17.3845168316 15.5321271981 0.131560848471 
17.5077819788 15.5389651025 0.140329405358 
17.7074087822 15.5519117678 0.116034033307 
17.8854486906 15.5612530972 0.138948534348 
18.0501143896 15.5699434246 0.141208155249 
18.2207279169 15.5790693725 0.13342427483 
18.403385874 15.5897968377 0.130724758428 
18.5340013468 15.5953626896 0.132860118824 
18.7278237307 15.604992416 0.134527089419 
18.853934046 15.6093426312 0.121837150565 
18.853934046 15.6093426312 0.121837150565 
19.2061483824 15.6577810908 0.582800847242 
19.3324124777 15.729200002 0.869555020742 
19.3383877241 15.733442005 0.878136415808 
19.3383877241 15.733442005 0.878136415808 
19.3383877241 15.733442005 0.878136415808 
19.3383877241 15.733442005 0.878136415808 
19.3383877241 15.733442005 0.878136415808 
19.3383877241 15.733442005 0.878136415808 
19.3383877241 15.733442005 0.878136415808 
19.0098192656 16.6232802833 3.37890612231 
18.8628098929 16.5980141128 3.65449556455 
18.7282576525 16.531938311 3.76721537034 
18.5938532316 16.450128075 3.76622907601 
18.4688563311 16.3743399347 3.76825769684 
18.3398010695 16.2956006492 3.76031528255 
18.2086129152 16.2165167297 3.7635862455 
18.0707232916 16.1299412812 3.73289368491 
17.9547193014 16.0638682211 3.76184229513 
17.8107688391 15.9762795533 3.75489012977 
17.6474019253 15.8779019083 3.74565770064 
17.5050693714 15.7921247447 3.74972652544 
17.3349662983 15.6906513239 3.75810246439 
17.1803482735 15.5985591377 3.75410456368 
17.0438049996 15.5173318351 3.76754871171 
16.9132099115 15.4392067457 3.75125298789 
16.7682365739 15.3528818975 3.75014239151 
16.6357691848 15.2729915048 3.71364190788 
16.4920788371 15.1953435878 3.49493094993 
16.3573724591 15.1571281145 3.45540340668 
16.2007728481 15.116765965 3.45656651946 
16.0516778642 15.0803628082 3.46318716701 
15.9062247073 15.0449120368 3.45545166895 
15.7354339325 15.0029939229 3.45621655424 
15.5865605735 14.9669872786 3.46157061089 
15.4304618501 14.9291731978 3.48002660065 
15.2895439231 14.8948915864 3.47715001599 
15.1374787652 14.8575998808 3.55806449246 
15.0154767596 14.820570674 3.7703653953 
14.8617202007 14.7227781976 4.10838297125 
14.7657302582 14.6031258071 4.41190074598 
14.7088930571 14.4634456004 4.67665276293 
14.701362487 14.3136141265 -1.3134342076 
14.7280607187 14.1683918203 -1.23286781483 
14.7706608736 14.0316133464 -1.24022567228 
14.8171398604 13.8750141824 -1.19508705398 
14.8464606964 13.7679972614 -1.26481361026 
14.8733870947 13.6845971311 -1.15273939216 
14.8733870947 13.6845971311 -1.15273939216 
14.991050061 13.4457830156 -0.630758014776 
15.15808725 13.3304519618 1.27960665682 
15.3915112578 13.223863479 -0.300198481685 
15.5355147981 13.1647173131 -0.254463548846 
15.6744010114 13.1171432699 -0.0585543683544 
15.8272135594 13.1000019277 -0.014188175427 
15.9873689526 13.0862444604 -0.0154783120188 
16.1385973209 13.0709010328 0.0873059311704 
16.2915418112 13.076319095 0.350746659324 
16.4457874262 13.122921821 0.432050029684 
16.5698897206 13.1705085004 0.406550275029 
16.7269788944 13.2299536432 0.336331746178 
16.8854197228 13.2744929756 0.176826177081 
17.0454875195 13.2840869392 0.16984647227 
17.1974828207 13.2895553077 0.141457333116 
17.3568210566 13.3005361522 0.143178094212 
17.5071765148 13.3107194866 0.140817684243 
17.7100946867 13.3232761587 0.140227434827 
17.8616871798 13.3332096303 0.139757327041 
18.0229241812 13.3441115583 0.141612926885 
18.176413294 13.352307793 0.247546228632 
18.3328824007 13.382305857 0.540570049636 
18.4613156283 13.4510070051 0.843555910182 
18.5715861284 13.5610796178 1.11328301287 
18.6432983839 13.6937249864 1.45613299401 
18.6678638422 13.8339118923 1.70046472027 
18.6625122988 13.9430075849 1.76454604748 
18.6502969229 14.0501502717 1.75802093169 
18.6366772616 14.1610275472 1.75495949598 
18.6192638838 14.3105064596 1.75506700848 
18.6012973749 14.4816456402 1.79993276914 
18.5822071993 14.6268103088 2.00928186682 
18.501649853 14.8055759932 2.33559774124 
18.4101109469 14.919091847 2.38435856972 
18.2977182829 15.046421286 2.39974747842 
18.1947984659 15.1599199886 2.56123903643 
18.0781671965 15.2501057743 2.65599188162 
17.9662930929 15.3180061618 2.64943302882 
17.8119561636 15.4174040074 2.76545358804 
17.6227056944 15.4979063536 3.14940313419 
17.5003060066 15.5066260363 3.34049972323 
17.3609329426 15.4872423972 3.37991382189 
17.2949767077 15.4796818907 3.36267449239 
17.2245919668 15.4687814082 3.35780926438 
17.1436450445 15.4565129096 3.36480486021 
16.9903472626 15.434731182 3.35784902903 
16.8294525706 15.4121403212 3.36320827184 
16.6341189706 15.3814479376 3.34687278743 
16.4732733929 15.3581058348 3.34917520389 
16.342010703 15.3371888737 3.37489740872 
16.1748003327 15.3142573426 3.35476627204 
16.0339814239 15.294901904 3.33350625877 
15.8165761345 15.2648805755 3.51592763218 
15.6963726097 15.2313881863 3.90772052252 
15.66130979 15.2128616965 4.0642175145 
15.6191922986 15.1848586092 4.38054380432 
15.5848906302 15.1696792583 -1.45308820209 
15.5651274287 15.1693055446 -1.14144071527 
15.5503928923 15.1612215976 -0.897244139278 
15.527511146 15.1443127582 -0.485233365535 
15.5181637668 15.12415218 -0.153442868662 
15.5185562932 15.1053646172 0.144904159697 
15.5512159133 15.1002107228 0.287860685646 
15.6074256861 15.1104758943 0.291891099416 
15.6753093266 15.1264047439 0.289131169972 
15.7476993614 15.1419909636 0.278259765625 
15.878344969 15.1701677556 0.281643590875 
15.9392098264 15.1889723318 0.178218824218 
15.9782971033 15.2046208831 -0.0728546142763 
15.9940681272 15.2188576872 -0.377608615685 
15.9892443457 15.2463214344 -0.679506219647 
15.9851306641 15.2847783084 -0.964606493393 
15.9900477269 15.2870459149 -1.01871192961 
15.9878372439 15.2848309653 -1.00774156457 
15.9878684172 15.2848317588 -1.0092528945 
15.9877469205 15.2849375571 -1.00739354625 
15.9876341411 15.2851243841 -1.00578826463 
15.9876620882 15.2851082536 -1.00615145764 
15.9877482915 15.2852422523 -1.00701310678 
15.987772938 15.2851091812 -1.00761669075 
15.9876385817 15.2853797602 -1.00655527489 
15.9877555185 15.2852092686 -1.00942086914 
15.9877448716 15.2852040606 -1.00940610136 
15.9877380842 15.2851463521 -1.00697152808 
15.9876181447 15.2853305081 -1.00585399782 
15.9876700604 15.2852930317 -1.00602974827 
15.9876264149 15.2853326427 -1.00577352195 
15.9876671174 15.2853118035 -1.00611672982 
15.9876242765 15.2853455509 -1.00590586148 
15.9877974653 15.2851142811 -1.00735950169 
15.9876703733 15.2853128018 -1.00605496925 
15.9877622091 15.2851459796 -1.0070092126 
15.9876456299 15.2853406931 -1.00575849193 
15.9876804837 15.285260238 -1.006128565 
15.9876667076 15.2853031086 -1.00607115495 
15.9878117704 15.2851092669 -1.0074273758 
15.9875744694 15.2852806116 -1.00576454594 
15.9880667591 15.286079556 -1.00809444073 
15.9877552205 15.2850995327 -1.00698483925 
