14.8725720608 14.595838126 1.60504817778 
15.8398076856 15.170663398 0.387798198164 
15.8397997656 15.1706437359 0.387900642366 
15.839761071 15.1706460605 0.387397448145 
15.8400641346 15.1709916557 0.386902196757 
15.8400603906 15.1709835345 0.386782356632 
15.8400616498 15.1709954257 0.386620060435 
15.8401937747 15.1710710863 0.387120318888 
15.8397675754 15.1706341321 0.387487653033 
15.8398032786 15.1706180165 0.387908519286 
15.8397965842 15.1706121753 0.387777733992 
15.8400526942 15.1709598343 0.386824264735 
15.8397962638 15.1706259663 0.387890274993 
15.8400469535 15.1709371994 0.386721887511 
15.8397969307 15.1706024821 0.387802978104 
15.839806121 15.1706162358 0.387560422105 
15.8398027756 15.1706032718 0.387655830675 
15.8400684894 15.1709662194 0.38676580147 
15.8400576302 15.1709625761 0.38680142646 
15.8400538639 15.1709524209 0.386668642273 
15.840056561 15.1709526295 0.386639494771 
15.840055328 15.1709744746 0.386625940483 
15.8398219832 15.1706233064 0.387628255612 
15.840074666 15.1709599237 0.386673357704 
15.839818217 15.1706247444 0.387483235701 
15.8400617094 15.1709547753 0.386649297365 
15.8400924691 15.1709708984 0.386527767173 
15.8400762529 15.1709779764 0.386042598225 
15.8400572614 15.170971256 0.386314671597 
15.8400579878 15.1709767545 0.385902394974 
15.839809809 15.1706060881 0.387212914621 
15.8399371804 15.1709689836 0.386246864613 
15.8399267533 15.1709885711 0.385804163371 
15.840136856 15.172046412 0.379152853435 
15.839754332 15.170533147 0.392971850864 
15.8397689873 15.1705659891 0.393151205766 
15.8397927323 15.1705734397 0.393226759844 
15.8396553883 15.1704890544 0.385631738334 
15.8397012615 15.1706240589 0.386915024593 
15.8396997043 15.1706509481 0.387014855628 
15.8397141063 15.1706264506 0.386985090108 
15.8397192397 15.1706296767 0.38690879798 
15.8398916946 15.1700367222 0.382190381953 
15.839994874 15.1709475184 0.386374728123 
15.8399841973 15.1709663833 0.385938539675 
15.8396700137 15.1705017502 0.387416527828 
15.8397404329 15.1706506724 0.387102691918 
15.8399875463 15.1709887649 0.385691859179 
15.8435590827 15.1725812594 0.377534359226 
15.87594728 15.1805331672 0.373378545935 
15.9075573665 15.1957788209 0.285806112222 
15.9106301927 15.2122362799 0.0406112615476 
15.9371861668 15.2170725523 -0.0762404695678 
15.9934091085 15.2080917435 -0.0789312922377 
16.0722705835 15.1961786079 -0.0725842642998 
16.189417299 15.1775604526 -0.0998608294639 
16.3219315076 15.1579470898 -0.0742153331245 
16.472361263 15.1353784094 -0.0750824598638 
16.633789953 15.1094385351 -0.0731487095801 
16.7911370957 15.0858247692 -0.073402362764 
16.9014896118 15.0686163569 -0.0762514359021 
17.0394597017 15.0473622198 -0.072730440193 
17.2218418085 15.0199050719 -0.0783451362618 
17.3453410828 15.0022200609 -0.0906473589361 
17.5558208191 14.9696125651 -0.0810976735951 
17.7743781769 14.9355437423 -0.0685941444507 
17.9330670797 14.9108883704 -0.0872935462143 
18.1853020155 14.871528473 -0.195703180971 
18.3488912546 14.8201479281 -0.527436081254 
18.5226323568 14.6782523359 -0.95928968646 
18.5958459341 14.547571894 -1.17267674121 
18.6386499369 14.4020066823 -1.21269945948 
18.6854484045 14.2532641853 -1.24824683039 
18.721622225 14.1075212921 -1.47570627805 
18.718789097 13.9431993927 4.64469232021 
18.6979660952 13.7955474819 4.63270615721 
18.6968305075 13.7869856323 4.62705429442 
18.6217806303 13.511827823 4.13039392241 
18.6025338137 13.477897879 4.09625590721 
18.5200743639 13.3314963544 2.77452388214 
18.4860749209 13.2871360744 2.7474389188 
18.1848761999 13.2165583337 3.2171985489 
18.0688276255 13.2157288755 3.16646555484 
17.8286125624 13.2280918325 3.17138473542 
17.7257902586 13.2348014081 3.17469562795 
17.5229537451 13.2434395517 3.1647547412 
17.4032070601 13.2495534385 3.16405579009 
17.2748329603 13.2561769451 3.16353584226 
17.0461721384 13.271492597 3.16606134272 
16.9763810598 13.2796908582 3.1890653246 
16.7462847197 13.291573521 3.23665254301 
16.6486125552 13.2947659458 3.384396873 
16.4892688357 13.2692414487 3.4459185441 
16.3550091648 13.2316907609 3.39543526046 
16.2407311165 13.2068411077 3.17986930331 
16.1084594541 13.2134779657 3.00727373047 
15.9775512406 13.2440172399 3.01789231862 
15.8769359478 13.2697560752 3.19381468929 
15.8106077501 13.2780171598 3.3833367367 
15.7098307275 13.2614170278 3.43848787647 
15.5861878359 13.2338615621 3.43574011975 
15.4538001084 13.2048798765 3.43761683865 
15.2960512602 13.1686359609 3.36655027328 
15.1454925501 13.1463805402 3.109218716 
14.9935743773 13.1637102331 2.80319958819 
14.8442387545 13.2328125204 2.48769426552 
14.815631386 13.2550216878 2.44335765177 
14.815631386 13.2550216878 2.44335765177 
14.6252226793 13.6062695945 1.80774342207 
14.6252226793 13.6062695945 1.80774342207 
14.5717301333 13.918667909 1.74395039669 
14.5717301333 13.918667909 1.74395039669 
14.5717301333 13.918667909 1.74395039669 
14.5181245768 14.3982522453 1.41741393838 
14.5494421684 14.5196846093 1.3075481169 
14.5941169226 14.6240780319 1.09216607644 
14.6889113152 14.7735930348 0.766109458717 
14.7999458277 14.8614605928 0.477358718158 
14.9476250374 14.9210794235 0.365669550383 
15.1047285163 14.9663676883 0.344041068143 
15.213941034 14.9955190981 0.372980995129 
15.3948710525 15.0451920296 0.371761482482 
15.5478192532 15.0868088866 0.35513423914 
15.6953164005 15.1278028677 0.348496291537 
15.8415787445 15.168400083 0.329121159907 
15.989506472 15.2101434416 0.338890668565 
16.1457583272 15.2526458886 0.329695723 
16.2861278319 15.2932400259 0.285289815838 
16.4056280219 15.3236694152 0.115049852738 
16.5161935055 15.3266812677 0.0610267933417 
16.6964639389 15.3242132405 0.0789489727625 
16.8465861642 15.3220748121 0.0530228834224 
16.9948790037 15.3187458182 0.0631893197895 
17.1422216856 15.3158696632 0.0561999106729 
17.2923852169 15.3122479061 0.0704293692225 
17.4235839808 15.3106960917 0.0397255145763 
17.5543673002 15.3082228119 0.0398588147946 
17.7490051949 15.3052989731 0.0440548891774 
17.9201896155 15.3022390048 0.0554413354105 
18.0823569262 15.3007040287 -0.0687605685379 
18.2615935766 15.2686831134 -0.418881257988 
18.4421982729 15.1540727879 -0.851213586375 
18.5535881483 14.9877660538 -1.22572407795 
18.5901150667 14.8237028981 -1.37302207641 
18.6130297148 14.6481382812 -1.37600605374 
18.6309525931 14.4982484544 -1.3798885763 
18.6505668127 14.3430184687 -1.47418021063 
18.653568741 14.2042622531 4.64402463173 
18.6291956865 14.0514105524 4.63012317493 
18.6019723379 13.8844786848 4.59359680086 
18.5785503351 13.7460683549 4.43182801239 
18.5185785257 13.5887891019 4.12858596362 
18.493184086 13.5492389167 4.03623307209 
18.2851808035 13.3803360427 3.50105667378 
18.1422305071 13.3491492237 3.33972414337 
17.9829051458 13.3288323844 3.31472801941 
17.8254353964 13.3148422206 3.30472715411 
17.6757087671 13.3022990192 3.30748943856 
17.5240761006 13.2892034019 3.30313817491 
17.3732429707 13.2764068807 3.30310502155 
17.2208557093 13.2638044322 3.29887809223 
17.0900516474 13.2551649774 3.29488198261 
16.92074072 13.2466479505 3.335405585 
16.7523865068 13.2331377233 3.32346393216 
16.6057255828 13.2211650575 3.28291095495 
16.4538992011 13.2100414003 3.29297029863 
16.3149675691 13.1943575109 3.29916593208 
16.1549783909 13.1810282434 3.29311529726 
15.9977872857 13.1685088838 3.28373396359 
15.8428379149 13.1572276319 3.29528229472 
15.7107396835 13.147398826 3.29641506829 
15.5352911019 13.1336394514 3.2908601506 
15.3716131413 13.1206008161 3.13708382376 
15.2324358189 13.1262019838 2.87699363805 
15.1021596753 13.1711078847 2.63426325266 
14.9834307396 13.255783316 2.31710633731 
14.9834307396 13.255783316 2.31710633731 
14.801146146 13.5320475067 1.85669049647 
14.7773379051 13.6861603225 1.5267393453 
14.7855089867 13.7831542457 1.44596024468 
14.8253585064 13.957470652 1.48274650933 
14.8488261664 14.0522370304 1.60614512907 
14.8474376165 14.1401256288 1.61632850638 
14.856223222 14.3061779703 1.59323242963 
14.8621904814 14.4400604332 1.63128053722 
14.8725825512 14.6194847787 1.62787830587 
14.8780226671 14.7902733351 1.57766849229 
14.8856393063 14.9128641451 1.51587449956 
14.9868134224 15.192895409 0.88811412731 
15.1073573792 15.3114385719 0.532554162797 
15.2546110117 15.3812173272 0.237116283017 
15.4049523437 15.4060821945 0.114281080517 
15.5529823565 15.4155233915 0.143543486074 
15.7035343015 15.4255209381 0.141845385826 
15.8573318684 15.4370714987 0.139478488548 
16.0476095789 15.449447375 0.14152413305 
16.2028257513 15.4588045294 0.131009189158 
16.3664756679 15.4683773632 0.153179667427 
16.5187220537 15.4781321699 0.135297522139 
16.6643826925 15.4876369203 0.125472139242 
16.8174099886 15.4972833658 0.145577411306 
16.9570798838 15.5063435698 0.153768174274 
17.1293030941 15.5171800817 0.142751261529 
17.3019986117 15.5273616279 0.141500726812 
17.473256346 15.5375455881 0.131981936622 
17.6222034657 15.5463519062 0.124893644228 
17.816575762 15.5578052069 0.139774719261 
17.987134453 15.5666449631 0.139615418693 
18.1618401968 15.5761582519 0.136404610289 
18.3316392862 15.5858393575 0.131903347895 
18.5128979647 15.5945235158 0.129313864391 
18.6973853075 15.6037552024 0.132366466714 
18.8181164229 15.6087348724 0.130338154391 
18.853934046 15.6093426312 0.121837150565 
19.0967457258 15.6283334757 0.359878418358 
19.2801709139 15.6950946713 0.75889727877 
19.3383877241 15.733442005 0.878136415808 
19.3383877241 15.733442005 0.878136415808 
19.3383877241 15.733442005 0.878136415808 
19.3383877241 15.733442005 0.878136415808 
19.3383877241 15.733442005 0.878136415808 
19.3383877241 15.733442005 0.878136415808 
19.080366131 16.6542450155 0.901079796798 
18.9291276896 16.6160786117 3.54588548188 
18.7866070234 16.5657471384 3.74409519104 
18.6378271544 16.4768748249 3.76541390122 
18.5084881746 16.3985472883 3.76966961282 
18.3827767336 16.3221005167 3.76204533986 
18.2533359491 16.244041797 3.76419404286 
18.1136262381 16.1576683486 3.75066758922 
17.9810125792 16.0782307948 3.75943393194 
17.8546534741 16.0026883448 3.75174051772 
17.7312738859 15.9269876445 3.75971276113 
17.5914678537 15.8447114194 3.7589953698 
17.4724006617 15.77280527 3.74702384172 
17.3095095121 15.6751944388 3.75721961931 
17.1692995989 15.5919761921 3.75848532759 
17.0366066658 15.512918886 3.76734690521 
16.9240719044 15.4457032199 3.75277288083 
16.7608545982 15.3485539819 3.7499135827 
16.6462210977 15.2800370308 3.70831238875 
16.5049183333 15.2012681516 3.51521650064 
16.2986140215 15.1421062166 3.46058962887 
16.135330137 15.1009976084 3.46437363205 
15.9449315296 15.054406252 3.4599036001 
15.7559885943 15.0078743512 3.45762916385 
15.6067458653 14.9718733991 3.45945131638 
15.4591543042 14.9363494779 3.46986831869 
15.3191929423 14.9016906584 3.47978687532 
15.133920964 14.8564109767 3.56218922308 
14.9868511521 14.8073000277 3.81342440141 
14.8351912462 14.6960284675 4.17883980151 
14.7477703058 14.5693229998 4.48632610997 
14.700894829 14.4150483573 -1.50023534808 
14.7117596829 14.241724428 -1.24204527471 
14.7489156687 14.0992789234 -1.23218564519 
14.7965607607 13.9466760124 -1.23051260385 
14.8418378794 13.7939966882 -1.21135833056 
14.8733870947 13.6845971311 -1.15273939216 
14.8733870947 13.6845971311 -1.15273939216 
14.991050061 13.4457830156 -0.630758014776 
14.991050061 13.4457830156 -0.630758014776 
15.3915112578 13.223863479 -0.300198481685 
15.5355147981 13.1647173131 -0.254463548846 
15.7480940038 13.1056121553 -0.00795832877202 
15.898434112 13.0926240648 -0.0113122856356 
16.0516717547 13.0792020524 0.00979067631598 
16.1951722467 13.0673159326 0.196746081121 
16.3668811285 13.093497392 0.499811522865 
16.5409156048 13.1612495149 0.392137227369 
16.6638666355 13.2065392698 0.379665249784 
16.8545760476 13.2669873203 0.214698631093 
17.0075095856 13.2793326343 0.144884433169 
17.1567193234 13.2875620092 0.134910275559 
17.3069606983 13.2970267499 0.141527548688 
17.4679266178 13.3084336484 0.140761134011 
17.6215637886 13.3177220787 0.140202386593 
17.8026136124 13.3293824161 0.141509323693 
17.993226763 13.3420519794 0.138528415333 
18.1850264036 13.3538361753 0.25037629711 
18.3209583723 13.3775355781 0.521753828388 
18.4745461905 13.4589128459 0.883412256119 
18.5800387823 13.5693358148 1.16303431409 
18.645921942 13.7012202705 1.47626010827 
18.6678981745 13.8505599464 1.71408395959 
18.6596355402 13.9610331024 1.75601577253 
18.6511948073 14.0440924133 1.75906829017 
18.6394436323 14.1389172042 1.75685067711 
18.6202564203 14.3017929758 1.75486460548 
18.602086302 14.4737406934 1.7818111469 
18.5662422144 14.6816319192 2.12013912155 
18.4387321436 14.8856118287 2.37883823889 
18.284078356 15.0621311034 2.41403722713 
18.1891648733 15.1655426214 2.57456217312 
18.0417966807 15.2718901003 2.65917476912 
17.8808963263 15.3748906816 2.68342494982 
17.7122007572 15.4681442494 2.95018814326 
17.5427995884 15.5065349008 3.28644321823 
17.4273875916 15.498451438 3.3846500929 
17.3410001957 15.4835860247 3.35733210399 
17.2659525835 15.4749480749 3.38020432159 
17.1856566631 15.4625610078 3.34874762856 
17.083597418 15.4474182243 3.35110759958 
16.9595620596 15.4302240873 3.355063366 
16.7128030622 15.3940822894 3.36229234813 
16.5237826073 15.3671236301 3.37141381735 
16.3668390476 15.3409809957 3.36876513991 
16.1748003327 15.3142573426 3.35476627204 
15.9925630951 15.2888368929 3.33418671029 
15.8401489184 15.2695626693 3.50395954072 
15.7155031377 15.2384391027 3.82846859991 
15.6474395805 15.2034087519 4.17820947252 
15.6091429555 15.1779342482 4.49245253745 
15.5811261201 15.1726623292 -1.40623410795 
15.5608608389 15.1681243742 -1.06875345182 
15.5385619664 15.1542035157 -0.70655915432 
15.5218483471 15.136222441 -0.343008469534 
15.5170902276 15.1158720891 -0.0214072869848 
15.5267278218 15.100736242 0.209872461997 
15.5668778681 15.1018771345 0.292279897866 
15.6266855859 15.1146543736 0.291203509385 
15.697406184 15.1315355788 0.276860753828 
15.8111298272 15.1567239578 0.27468259151 
15.8979335969 15.1746457035 0.274846089011 
15.9527191707 15.1936945433 0.118635130026 
15.9832394683 15.2083034834 -0.144611853812 
15.9936294669 15.2292517119 -0.495677546752 
15.986427609 15.26168637 -0.798177284383 
15.9860233852 15.2866663786 -0.99709898546 
15.9888841623 15.2879920343 -1.01572420114 
15.9878334888 15.2848919074 -1.00804529929 
15.9878391513 15.2848507839 -1.00952993072 
15.9876455778 15.2851023453 -1.00616500596 
15.987863537 15.2851154583 -1.00819585623 
15.9877689519 15.284958266 -1.0074132378 
15.9877832868 15.2851014997 -1.00747939064 
15.98770969 15.2852482351 -1.0090026145 
15.9876623192 15.2852858643 -1.00632880076 
15.9876580277 15.2853291819 -1.00598700204 
15.9879099169 15.2853108237 -1.00798985551 
15.987771649 15.2850996817 -1.00738484082 
15.9877824077 15.2851215864 -1.00736869306 
15.9876307585 15.285329819 -1.00579229266 
15.9877720216 15.2851489449 -1.00723109914 
15.9876466953 15.285291821 -1.00601659315 
15.9876956755 15.2852680723 -1.00638722147 
15.9877586478 15.285136726 -1.0072591998 
15.987650823 15.2853293831 -1.00580861017 
15.9876635038 15.285262611 -1.00622454817 
15.9882863426 15.2861374209 -1.01084527991 
15.9877972418 15.2851342561 -1.0072326743 
15.9876295888 15.2853356639 -1.00578801093 
15.9882410654 15.2859011444 -1.00995443771 
15.9877734521 15.2850880663 -1.00759666448 
15.987669129 15.2852774712 -1.00582715813 
15.9877949544 15.2851171794 -1.00722403374 
