15.9877949544 15.2851171794 -1.00722403374 
15.8398076856 15.170663398 0.387798198164 
15.8398096972 15.1706415753 0.387697824947 
15.839761071 15.1706460605 0.387397448145 
15.8400641346 15.1709916557 0.386902196757 
15.8400599138 15.1709914247 0.386732847588 
15.8400616498 15.1709954257 0.386620060435 
15.8414625787 15.1706159006 0.404582997059 
15.8414632716 15.1708337257 0.402188675001 
15.8400479333 15.1709667484 0.386834546165 
15.8400713318 15.1709655563 0.386882257164 
15.8400592582 15.1709597821 0.386897586739 
15.8397961744 15.1706082637 0.387604504051 
15.8400469535 15.1709371994 0.386721887511 
15.8397944869 15.1706033165 0.387647323985 
15.8398041428 15.1706101338 0.387634400517 
15.8398020045 15.1706227104 0.387653178054 
15.840029955 15.170950901 0.386489650121 
15.8398087659 15.1706020723 0.387563226164 
15.8398018257 15.1705926026 0.38738083058 
15.8398048469 15.1706092248 0.387592821352 
15.8400671222 15.1709731261 0.386640427848 
15.8400748224 15.1709792579 0.386744047491 
15.8400689663 15.1709399785 0.386706797611 
15.8400685528 15.1709594096 0.386727429166 
15.8398102411 15.1706123615 0.387693935365 
15.8398233541 15.1706003735 0.387478945656 
15.8398369924 15.1706102158 0.387280357943 
15.8399216161 15.170726348 0.387106030022 
15.8398204782 15.1706168617 0.387341624486 
15.8400643506 15.1709693337 0.386213724607 
15.8398015426 15.1705996583 0.38796520064 
15.8399721497 15.170948569 0.385905848392 
15.8399522529 15.1710240434 0.385893635581 
15.8395383769 15.1710946004 0.382835222065 
15.839769926 15.1705635677 0.393215799492 
15.839761749 15.1705704818 0.393665847675 
15.8397817687 15.1705670545 0.393207157926 
15.8395713941 15.1698537881 0.378989818375 
15.8399503269 15.170946982 0.385925228433 
15.8399531544 15.1709442178 0.385763567384 
15.8397161999 15.1706368888 0.386801275849 
15.8397192397 15.1706296767 0.38690879798 
15.8399251887 15.1700506474 0.382078373522 
15.8396433369 15.1698261539 0.380276865969 
15.8397224211 15.1706204156 0.387136339411 
15.8395668195 15.1697263683 0.379533572368 
15.8396543675 15.1698390509 0.380125632963 
15.8399894723 15.1709759797 0.385646001108 
15.8405450137 15.1712202246 0.381704110071 
15.8648284489 15.17838664 0.38159111055 
15.9030395319 15.1919873359 0.312426497234 
15.9115957526 15.2054645273 0.107000750605 
15.92878389 15.2180056556 -0.0567407994639 
15.9757122734 15.2107472702 -0.0806395389525 
16.049433332 15.198689312 -0.0741784385617 
16.1581663453 15.1821594501 -0.0912223643811 
16.2855611109 15.1627741719 -0.0702533231011 
16.4311825001 15.1424222926 -0.0832793760252 
16.5829496944 15.1180042143 -0.0741293686974 
16.7342759931 15.0950655008 -0.0883666672851 
16.8719359004 15.0732802267 -0.0769411514114 
17.0315061771 15.0487926568 -0.0742193363214 
17.1844449007 15.0262550528 -0.0645529015233 
17.3327830994 15.0038405622 -0.0992218054142 
17.495660659 14.9781496788 -0.0895578323983 
17.6265892946 14.958510604 -0.0796866255712 
17.7956436836 14.9314489032 -0.0744412327869 
17.9330670797 14.9108883704 -0.0872935462143 
18.1044256651 14.8842994834 -0.0891175097916 
18.2520165407 14.8575141097 -0.325613686735 
18.4116270506 14.7846718992 -0.663557935847 
18.5150585138 14.6882243122 -0.933789992986 
18.5920879805 14.55431157 -1.18666561858 
18.6386499369 14.4020066823 -1.21269945948 
18.6854484045 14.2532641853 -1.24824683039 
18.721622225 14.1075212921 -1.47570627805 
18.7215583288 13.9630688394 4.64831047229 
18.6979660952 13.7955474819 4.63270615721 
18.6968305075 13.7869856323 4.62705429442 
18.6217806303 13.511827823 4.13039392241 
18.6025338137 13.477897879 4.09625590721 
18.4860749209 13.2871360744 2.7474389188 
18.4860749209 13.2871360744 2.7474389188 
18.1848761999 13.2165583337 3.2171985489 
18.0688276255 13.2157288755 3.16646555484 
17.8286125624 13.2280918325 3.17138473542 
17.7257902586 13.2348014081 3.17469562795 
17.5229537451 13.2434395517 3.1647547412 
17.4032070601 13.2495534385 3.16405579009 
17.2748329603 13.2561769451 3.16353584226 
17.0461721384 13.271492597 3.16606134272 
16.9763810598 13.2796908582 3.1890653246 
16.7462847197 13.291573521 3.23665254301 
16.6321076715 13.2948199476 3.41616960909 
16.4892688357 13.2692414487 3.4459185441 
16.3550091648 13.2316907609 3.39543526046 
16.246550765 13.2078815664 3.19768686518 
16.1084594541 13.2134779657 3.00727373047 
15.9713915848 13.2456866468 3.02441441813 
15.8720301354 13.2707520689 3.20865573485 
15.7951515132 13.2765418256 3.40281144372 
15.7041085624 13.2599774564 3.43621917604 
15.5935372376 13.2353957857 3.43512177087 
15.4330862426 13.2000230516 3.4338793784 
15.3039182984 13.1699444021 3.36216279028 
15.1454925501 13.1463805402 3.109218716 
14.9853336775 13.166107055 2.78761042741 
14.8366984093 13.238093015 2.45704980487 
14.815631386 13.2550216878 2.44335765177 
14.815631386 13.2550216878 2.44335765177 
14.6252226793 13.6062695945 1.80774342207 
14.6252226793 13.6062695945 1.80774342207 
14.5717301333 13.918667909 1.74395039669 
14.5717301333 13.918667909 1.74395039669 
14.5190663302 14.2462565864 1.67512756267 
14.5181245768 14.3982522453 1.41741393838 
14.5494421684 14.5196846093 1.3075481169 
14.6010726654 14.6426711048 1.04932249614 
14.6853795015 14.7699428464 0.78547504498 
14.7999458277 14.8614605928 0.477358718158 
14.9379460179 14.9199037815 0.354876116695 
15.0925136768 14.9624372984 0.367676777865 
15.213941034 14.9955190981 0.372980995129 
15.384730097 15.044658717 0.349239938779 
15.5395612084 15.0841976816 0.349454657911 
15.6826728993 15.1238886158 0.348472645367 
15.8415787445 15.168400083 0.329121159907 
15.989506472 15.2101434416 0.338890668565 
16.1457583272 15.2526458886 0.329695723 
16.2861278319 15.2932400259 0.285289815838 
16.4056280219 15.3236694152 0.115049852738 
16.5424376094 15.3259685303 0.0508539735157 
16.6742303931 15.3244838084 0.0498130415401 
16.8337110841 15.3218815739 0.0492075970804 
16.9787465298 15.3193349729 0.0517072499883 
17.1585164034 15.3153936828 0.0394139039028 
17.3141785824 15.3122915889 0.0513154609817 
17.4908300602 15.3092733885 0.0489447068597 
17.6483341419 15.3066913972 0.0414500969043 
17.7960884535 15.3038573603 0.0505373147044 
17.950022217 15.3020164708 0.0517144752979 
18.111368891 15.2986554916 -0.112472521284 
18.2615935766 15.2686831134 -0.418881257988 
18.3962674105 15.1936049054 -0.733629275387 
18.5007979834 15.0845354314 -1.01150155681 
18.5673978293 14.9465224112 -1.28966414101 
18.5940039122 14.7952722872 -1.37031483083 
18.61556625 14.6366208161 -1.35714380466 
18.6273617708 14.5185474123 -1.36142431373 
18.6505668127 14.3430184687 -1.47418021063 
18.6493804419 14.1694911684 4.62817200583 
18.6291956865 14.0514105524 4.63012317493 
18.6032295191 13.893215176 4.59602988317 
18.5730731451 13.7220492328 4.38492295507 
18.5185785257 13.5887891019 4.12858596362 
18.493184086 13.5492389167 4.03623307209 
18.2851808035 13.3803360427 3.50105667378 
18.1422305071 13.3491492237 3.33972414337 
17.9870727026 13.327923056 3.29590587759 
17.8339794838 13.3155351842 3.30560973597 
17.6837327444 13.3044998611 3.29277159966 
17.5240761006 13.2892034019 3.30313817491 
17.3732429707 13.2764068807 3.30310502155 
17.2208557093 13.2638044322 3.29887809223 
17.0690342152 13.2540969814 3.29854810067 
16.92074072 13.2466479505 3.335405585 
16.7673440539 13.2348226274 3.30169968325 
16.6228280031 13.223163482 3.2843526272 
16.4538992011 13.2100414003 3.29297029863 
16.3149675691 13.1943575109 3.29916593208 
16.1549783909 13.1810282434 3.29311529726 
16.0026935526 13.1691883768 3.29251619873 
15.8513137029 13.1579645837 3.29545785324 
15.6891731584 13.1457322801 3.29646871107 
15.5352911019 13.1336394514 3.2908601506 
15.4058799708 13.1230128969 3.18845932474 
15.2324358189 13.1262019838 2.87699363805 
15.0901995265 13.1768575872 2.60218606823 
14.9834307396 13.255783316 2.31710633731 
14.9834307396 13.255783316 2.31710633731 
14.801146146 13.5320475067 1.85669049647 
14.7769018376 13.6622226203 1.56814583838 
14.7855089867 13.7831542457 1.44596024468 
14.8234019243 13.9462621177 1.49233547615 
14.8447067701 14.0360839332 1.62306450993 
14.8480532133 14.1546322072 1.63377507925 
14.8567377293 14.2846049632 1.65060702209 
14.8621904814 14.4400604332 1.63128053722 
14.8725720608 14.595838126 1.60504817778 
14.8791046106 14.7366664971 1.60362465393 
14.8840688431 14.8727177943 1.50384710371 
14.8856393063 14.9128641451 1.51587449956 
14.9814024531 15.1847642476 0.917017112995 
15.0901017153 15.2999337206 0.578030891569 
15.2241991126 15.3718083019 0.300327475035 
15.3762676084 15.4037996496 0.123208934327 
15.5028423929 15.4110794927 0.131815156548 
15.6735085511 15.4229626025 0.140087107616 
15.8364507557 15.4345859105 0.160371988144 
15.9888277912 15.4448242898 0.16473215832 
16.1413263046 15.4545170034 0.141257848888 
16.2932368779 15.4644127453 0.124046069576 
16.4467048013 15.4732677455 0.153384917644 
16.5938627088 15.4830287809 0.134156898562 
16.7362971866 15.4926414455 0.138879186301 
16.9099701607 15.5033333863 0.124969012891 
17.0790978634 15.5140754844 0.155339342259 
17.263806101 15.5251087213 0.14603698288 
17.4888218605 15.5385318364 0.114030770015 
17.6561498606 15.5483012165 0.121159432215 
17.8034280502 15.5569626952 0.140572493329 
17.987134453 15.5666449631 0.139615418693 
18.1491270029 15.5753111208 0.134595580661 
18.3231754267 15.5854558314 0.131814944692 
18.4915194475 15.5931617881 0.137945641891 
18.6685836279 15.6021422709 0.125709842271 
18.8181164229 15.6087348724 0.130338154391 
18.853934046 15.6093426312 0.121837150565 
18.853934046 15.6093426312 0.121837150565 
19.2877883875 15.6981049145 0.773106089807 
19.3383877241 15.733442005 0.878136415808 
19.3383877241 15.733442005 0.878136415808 
19.3383877241 15.733442005 0.878136415808 
19.3383877241 15.733442005 0.878136415808 
19.3383877241 15.733442005 0.878136415808 
19.3383877241 15.733442005 0.878136415808 
19.3383877241 15.733442005 0.878136415808 
19.0797328913 16.6318399871 3.17400903122 
18.9291276896 16.6160786117 3.54588548188 
18.7789204085 16.5614932741 3.75045954 
18.6823482477 16.5042469467 3.76361277451 
18.5267469847 16.4092529977 3.76638592176 
18.3897137606 16.3267167772 3.76615880647 
18.2607347929 16.2486494745 3.76395728541 
18.1205873453 16.163011011 3.72986936396 
17.9923503363 16.0847493375 3.75008577228 
17.8619792425 16.0071166123 3.75510137931 
17.7312738859 15.9269876445 3.75971276113 
17.6031073296 15.8514128889 3.7559562397 
17.4644079172 15.7686129774 3.75108742826 
17.3276945316 15.6860520209 3.75323296954 
17.1954346859 15.6078301931 3.75437320211 
17.0624240601 15.5285625721 3.7595034485 
16.9314335549 15.4498728628 3.75002835366 
16.8044674956 15.3747356946 3.75077127383 
16.6716891491 15.2955184805 3.71926184278 
16.5403540098 15.2182653269 3.65950074249 
16.3857244217 15.1633145849 3.45335592564 
16.2491823697 15.1285821984 3.45946184256 
16.1019511932 15.0916275496 3.45774293278 
15.9449315296 15.054406252 3.4599036001 
15.787048977 15.0156591947 3.47498216448 
15.6359429919 14.9787671829 3.46305011667 
15.4910840058 14.944396999 3.47367301932 
15.3470484578 14.9086755777 3.47849144268 
15.1937256419 14.8700340057 3.47776327113 
15.0469310248 14.8329508568 3.67766381714 
14.9188045227 14.7685377265 3.95845618634 
14.7932890617 14.6475316251 4.29646597747 
14.7197999918 14.5014959539 4.6141157673 
14.6994014942 14.3436084951 -1.35418060519 
14.7211599314 14.1927859748 -1.24561159923 
14.7630439961 14.0525445903 -1.18979742428 
14.8102309668 13.9043312038 -1.21145620844 
14.8464606964 13.7679972614 -1.26481361026 
14.8733870947 13.6845971311 -1.15273939216 
14.8733870947 13.6845971311 -1.15273939216 
14.991050061 13.4457830156 -0.630758014776 
15.15808725 13.3304519618 1.27960665682 
15.3756780588 13.2299405302 -0.301850474305 
15.4961169028 13.181377765 -0.283828069677 
15.6450891161 13.124318477 -0.0906081823213 
15.8566914463 13.0978430475 -0.0194733266417 
16.0170255863 13.0832992757 -0.00961268593474 
16.2077563965 13.067590114 0.226237639815 
16.3668811285 13.093497392 0.499811522865 
16.5302997791 13.1560722555 0.40602750962 
16.6520462 13.2017086709 0.383813023985 
16.8545760476 13.2669873203 0.214698631093 
16.9869862759 13.2812441553 0.133963431178 
17.1402970516 13.2865667308 0.133997262138 
17.3069606983 13.2970267499 0.141527548688 
17.4679266178 13.3084336484 0.140761134011 
17.6215637886 13.3177220787 0.140202386593 
17.7817813122 13.3279011215 0.139403127338 
17.9336574041 13.3381644453 0.138890657364 
18.0836257898 13.347025987 0.162716086095 
18.2348964178 13.3583632673 0.343222111364 
18.3816709482 13.4018359149 0.649651773582 
18.504935261 13.4858190979 0.950760732261 
18.6061935389 13.6116257871 1.27201014969 
18.6587331259 13.7503594125 1.57436258893 
18.6671452486 13.8794710601 1.74047537208 
18.6584861242 13.9686148132 1.75209640168 
18.6473064386 14.0722336734 1.75500739525 
18.6296582186 14.2197775806 1.75656536289 
18.6127498114 14.369644698 1.75296607671 
18.5971496069 14.5250703658 1.82864304158 
18.5633480513 14.6896656717 2.13658483577 
18.4894313776 14.8218473459 2.34391102579 
18.3976299727 14.9332514668 2.39322997137 
18.284078356 15.0621311034 2.41403722713 
18.1830787623 15.1718497018 2.58226463777 
18.0605025255 15.2622819974 2.65374943547 
17.9347686731 15.339435559 2.64620817829 
17.8012274468 15.4238598312 2.78689690236 
17.6524593794 15.4906698431 3.08358166995 
17.5196989739 15.5064798261 3.32044752531 
17.4213076794 15.4977477456 3.38800465866 
17.326192137 15.4825165237 3.35231435836 
17.2687375509 15.4748657311 3.36865608619 
17.1926346981 15.4648874516 3.37310791586 
17.0962208473 15.450234201 3.36713542376 
16.9595620596 15.4302240873 3.355063366 
16.7921773755 15.4059581126 3.3570974981 
16.6427796447 15.3826125974 3.34679206832 
16.4811329805 15.3599188516 3.366559712 
16.3469002509 15.3375698889 3.35681588601 
16.1924489998 15.3159245665 3.37372961961 
16.0339814239 15.294901904 3.33350625877 
15.8890293458 15.2754915657 3.40393973474 
15.7856755146 15.258582257 3.59726674769 
15.6856797301 15.2280826599 3.93977608866 
15.6202048325 15.1855147819 4.35742304974 
15.5945274496 15.1689088459 4.67578303404 
15.5779437387 15.1729106049 -1.34919798269 
15.5565050804 15.1645172949 -1.0095683022 
15.5385619664 15.1542035157 -0.70655915432 
15.5235758984 15.1384441818 -0.386726416984 
15.5175815487 15.1197710524 -0.0876347281621 
15.5246929788 15.1014120097 0.191424121929 
15.5641484224 15.1014046187 0.293161939902 
15.6221266055 15.1136242116 0.291042065867 
15.6906795168 15.1296290571 0.289641814567 
15.7888867074 15.1509245003 0.286813833593 
15.878344969 15.1701677556 0.281643590875 
15.9417202772 15.189978149 0.16707140057 
15.9782971033 15.2046208831 -0.0728546142763 
15.9940681272 15.2188576872 -0.377608615685 
15.9889656195 15.2505680353 -0.725700433017 
15.9851306641 15.2847783084 -0.964606493393 
15.9902726525 15.2868303398 -1.01854286049 
15.9877820947 15.2847724522 -1.00702042821 
15.9878434503 15.2848402413 -1.00897104515 
15.9882864618 15.2857510115 -1.0112404264 
15.9877488204 15.2849291565 -1.00755834393 
15.9877659493 15.2849323789 -1.00739872902 
15.9877482915 15.2852422523 -1.00701310678 
15.9877783769 15.2851212511 -1.00746868728 
15.9877751881 15.2851266565 -1.00735716134 
15.9876686075 15.2852908264 -1.00616381549 
15.9876927921 15.2852769795 -1.00633706256 
15.9877947384 15.2851059551 -1.00754116429 
15.987660233 15.2852669212 -1.00615694875 
15.9876490646 15.2852935346 -1.00618647762 
15.9877918475 15.2850955131 -1.00745349643 
15.9876392373 15.2853306646 -1.00571854662 
15.9877026716 15.285261296 -1.00625520847 
15.9876437375 15.285300039 -1.00599509054 
15.9876703733 15.2853128018 -1.00605496925 
15.9876998403 15.2852417308 -1.00624383722 
15.9876456299 15.2853406931 -1.00575849193 
15.9877637365 15.2851243692 -1.0069875489 
15.9877879881 15.2851137074 -1.00715188993 
15.987786878 15.2851324978 -1.00729467274 
15.9877560848 15.2854592542 -1.00763623714 
15.9877688327 15.2851026135 -1.0070686108 
15.9878152796 15.2850897613 -1.00740348775 
15.9877949544 15.2851171794 -1.00722403374 
