15.9877949544 15.2851171794 -1.00722403374 
15.8398076856 15.170663398 0.387798198164 
15.8397912347 15.1706414709 0.387885109236 
15.8398927898 15.1715752224 0.379388760561 
15.8419303597 15.1706150959 0.409236684985 
15.8400603906 15.1709835345 0.386782356632 
15.8398183436 15.1706415976 0.387545127567 
15.8401937747 15.1710710863 0.387120318888 
15.8397208565 15.1706047545 0.387002490661 
15.8398071007 15.1706032048 0.387805683206 
15.8400713318 15.1709655563 0.386882257164 
15.8398107403 15.1706066171 0.387678337088 
15.8400519193 15.1709539259 0.386580396613 
15.8398000785 15.1706161613 0.387695820707 
15.8400519491 15.1709580685 0.386706303973 
15.8400489689 15.1709512661 0.386758953852 
15.8400615492 15.1709632168 0.386675149961 
15.8400624098 15.1709496121 0.386615315057 
15.8400568032 15.170962509 0.386964375081 
15.8400648126 15.1709580163 0.386685565009 
15.8398032339 15.1706201176 0.387653787764 
15.8398100251 15.1706155951 0.387554212164 
15.8400748224 15.1709792579 0.386744047491 
15.8398135864 15.1706318895 0.38764568594 
15.8398206682 15.1706122572 0.38752319747 
15.8400650435 15.170959119 0.38662008557 
15.8400871122 15.1709668303 0.386598456279 
15.8400929832 15.1709620173 0.386275072358 
15.8399366067 15.1707394833 0.387247331974 
15.8398294897 15.1706396679 0.387157041516 
15.8400602901 15.1709507296 0.386523387875 
15.841351539 15.1705101321 0.403488589144 
15.8399580979 15.1709385256 0.386271882694 
15.839781657 15.1707552264 0.386551497257 
15.8401730509 15.1709140877 0.392136937742 
15.8397565113 15.1705592314 0.393211768216 
15.8397786432 15.1705567578 0.393277281917 
15.8398090975 15.1705791319 0.393104440304 
15.8395775334 15.1698668713 0.379241387689 
15.8397024163 15.1706222484 0.387082701527 
15.8399349378 15.1709926243 0.386119350119 
15.8399652505 15.1709592755 0.385889815355 
15.8399587722 15.1709496642 0.385728764807 
15.8396243342 15.1698196645 0.380255631771 
15.839994874 15.1709475184 0.386374728123 
15.8399724105 15.1709559823 0.386070518435 
15.8396563121 15.1704869683 0.38728789001 
15.8397404329 15.1706506724 0.387102691918 
15.8399965988 15.1709732155 0.385701945697 
15.8435590827 15.1725812594 0.377534359226 
15.87594728 15.1805331672 0.373378545935 
15.9044147256 15.1931305269 0.303213557885 
15.9102844616 15.2104851755 0.0615205390277 
15.9338410833 15.2168812177 -0.0700895944312 
15.9879220613 15.2085991113 -0.0744602082996 
16.0676497483 15.1958525779 -0.0776338054152 
16.1829557681 15.1782765018 -0.100803200524 
16.3136838936 15.15894321 -0.0719272898794 
16.472361263 15.1353784094 -0.0750824598638 
16.6123903954 15.1128118897 -0.0709740805819 
16.7702856624 15.0889883156 -0.0737949732205 
16.9307596647 15.0641562159 -0.0772776118949 
17.0823634827 15.0411032403 -0.0738969509962 
17.2428768837 15.016616028 -0.0775325612969 
17.3835738861 14.996153977 -0.0813565242811 
17.5308568441 14.9734331037 -0.0797696027351 
17.705396887 14.9455152119 -0.0842174319535 
17.8750127518 14.9197037483 -0.0802657770112 
18.0230121576 14.8954675461 -0.0581634822706 
18.2016458475 14.8692522014 -0.228624707478 
18.3600311243 14.8152523304 -0.542800290087 
18.4902691805 14.7169514264 -0.855331670838 
18.5759296381 14.5932300056 -1.12623566372 
18.6177985632 14.4732883538 -1.20219178493 
18.6693363154 14.3030040229 -1.21603042487 
18.7132823431 14.15328097 -1.38352960631 
18.7256996595 14.0052362646 4.67448408768 
18.7066910231 13.8561577762 4.63232116594 
18.6968305075 13.7869856323 4.62705429442 
18.6968305075 13.7869856323 4.62705429442 
18.6025338137 13.477897879 4.09625590721 
18.5200743639 13.3314963544 2.77452388214 
18.4860749209 13.2871360744 2.7474389188 
18.1848761999 13.2165583337 3.2171985489 
18.0688276255 13.2157288755 3.16646555484 
17.9480750525 13.2216190065 3.1680932659 
17.7257902586 13.2348014081 3.17469562795 
17.6423928702 13.2384835447 3.17101535596 
17.4119125568 13.249005195 3.16460653594 
17.2748329603 13.2561769451 3.16353584226 
17.1556669438 13.2647662128 3.16594807676 
17.0376031363 13.2723946537 3.16905240319 
16.9188911879 13.2828433479 3.16580784224 
16.6710552537 13.2950714792 3.33235488035 
16.5445741379 13.2790507043 3.45375940984 
16.4085257017 13.2467025484 3.41181454678 
16.2756935918 13.214136001 3.27755398088 
16.1607787573 13.2057820524 3.04513137355 
16.0240255409 13.2316638196 2.9902413995 
15.915717261 13.2599637474 3.09498420445 
15.823881548 13.2783503498 3.35900318649 
15.7426164859 13.268829223 3.44100740744 
15.6344082021 13.2445589269 3.43741644166 
15.5043065512 13.2156542505 3.43404456422 
15.3547248804 13.181988355 3.41511323568 
15.2039293611 13.1519712175 3.23125534392 
15.0526446068 13.1520804132 2.92487987225 
14.9076482617 13.1963034833 2.62939751645 
14.815631386 13.2550216878 2.44335765177 
14.815631386 13.2550216878 2.44335765177 
14.6343785488 13.5570380653 1.82419316302 
14.6252226793 13.6062695945 1.80774342207 
14.5842122995 13.8413928712 1.83710119038 
14.5717301333 13.918667909 1.74395039669 
14.5717301333 13.918667909 1.74395039669 
14.5137628281 14.318100747 1.55996660191 
14.5249907934 14.4578487838 1.31008041599 
14.5782524311 14.5922985638 1.18425612977 
14.646751877 14.7188557352 0.881392719077 
14.7339677775 14.8131998743 0.627592965598 
14.8775125706 14.8969453836 0.308917623122 
15.0106988513 14.941687193 0.343328150342 
15.1660356485 14.9841423298 0.342176144267 
15.3048983776 15.0235216881 0.337222473743 
15.4640451634 15.0648184086 0.368434484601 
15.6132646167 15.1043931956 0.355704404794 
15.7449769491 15.1414451341 0.349109411566 
15.903134849 15.1867480318 0.340425928104 
16.0601504111 15.2305584748 0.321977897176 
16.207493689 15.2695124543 0.335634824484 
16.3343643212 15.307612058 0.222858274802 
16.4652093613 15.3274226899 0.0585778176209 
16.6108946764 15.3256604935 0.0581903319472 
16.7668485605 15.3232992406 0.0518282742501 
16.914434191 15.3203623036 0.0585376619502 
17.06803846 15.3172976414 0.0503285219164 
17.2329214775 15.3133754695 0.0686282485995 
17.3940718138 15.3111213485 0.0390114889775 
17.5376032555 15.3083064596 0.0368226610683 
17.6988817417 15.3056174035 0.0461249727897 
17.8295552694 15.3036372552 0.0638538363544 
18.0019600355 15.3031258176 0.010343631527 
18.1575493776 15.2944650019 -0.200611255486 
18.309581753 15.248123429 -0.517570717823 
18.4421982729 15.1540727879 -0.851213586375 
18.5336773359 15.0310144092 -1.14193196516 
18.5780467951 14.9039757217 -1.33775520537 
18.6008262598 14.7363051141 -1.36946022562 
18.6212487185 14.5858583415 -1.38960003291 
18.6403467619 14.4243704642 -1.39465217062 
18.656542536 14.2708017195 4.70537223071 
18.6412165129 14.1211332048 4.62278279202 
18.6196896994 13.9924665655 4.6248926963 
18.5925841295 13.8329617942 4.51299793151 
18.5550868475 13.6674551929 4.27946239281 
18.493184086 13.5492389167 4.03623307209 
18.3952054941 13.4426660503 3.73195625858 
18.2464339697 13.3663893903 3.43775642778 
18.0859701597 13.3356003726 3.29794743549 
17.9364168608 13.3242081369 3.30303726818 
17.7833222115 13.3114207948 3.30595604301 
17.6414654219 13.2998675073 3.30781545703 
17.4731733763 13.2847268547 3.30291737197 
17.3230295145 13.2714010442 3.29490670556 
17.1696581804 13.2592998708 3.29338700129 
17.0109248125 13.2535555328 3.29159767459 
16.8606848085 13.2443832124 3.3112813269 
16.7030207479 13.2285138334 3.28230403563 
16.5535893404 13.2182859148 3.33502680239 
16.3949700558 13.2042492593 3.28370938775 
16.2439508402 13.1885186399 3.29803509965 
16.0904466623 13.1767073835 3.25202361762 
15.943754349 13.164826032 3.29512024396 
15.7791578361 13.1522306169 3.2958197777 
15.6294691527 13.1415387357 3.29519552413 
15.4789524042 13.128665563 3.25167308891 
15.3223881089 13.1195350851 3.06721480967 
15.1646609866 13.1444267 2.75956989939 
15.0310847723 13.2129572595 2.46456234007 
14.9834307396 13.255783316 2.31710633731 
14.9834307396 13.255783316 2.31710633731 
14.7859929764 13.5858319963 1.80317295955 
14.7751017773 13.7144533361 1.56908691864 
14.7940243446 13.8398909534 1.39968902474 
14.832817074 13.9963805641 1.54209191729 
14.8432289326 14.0900387729 1.60705127072 
14.8546748125 14.2183668579 1.64544067832 
14.8596382105 14.366108116 1.64457878627 
14.8674404585 14.5159048999 1.60291100284 
14.874209162 14.626289543 1.60975638766 
14.8807812893 14.8315870429 1.57316745361 
14.8856393063 14.9128641451 1.51587449956 
14.9687484467 15.1669159497 0.932501896323 
15.0673541987 15.2819162721 0.628852669995 
15.2241991126 15.3718083019 0.300327475035 
15.385038253 15.4055681939 0.140749186582 
15.5321267509 15.4140914197 0.139136702962 
15.6862840765 15.4247008676 0.130596127902 
15.8279454821 15.4352113868 0.157685726917 
15.9888277912 15.4448242898 0.16473215832 
16.1413263046 15.4545170034 0.141257848888 
16.2932368779 15.4644127453 0.124046069576 
16.4564167821 15.4738613928 0.155519448438 
16.6036508047 15.4831964041 0.128002978601 
16.7583880388 15.4936433698 0.152009524432 
16.8958941662 15.5024000669 0.14009504642 
17.0698401892 15.5135435427 0.159806779484 
17.2192132437 15.523153689 0.143298243052 
17.3751466238 15.5309959913 0.144373334264 
17.5153696501 15.5397489036 0.133002551094 
17.6860785448 15.5498150254 0.141143614005 
17.8252490723 15.5582302178 0.139200561598 
17.987134453 15.5666449631 0.139615418693 
18.1405179464 15.5749568606 0.133704755601 
18.2926676237 15.5832858647 0.137676088855 
18.4551989996 15.593253311 0.123650878024 
18.5778295958 15.5978027547 0.120739105596 
18.757747885 15.6071773435 0.137769911584 
18.853934046 15.6093426312 0.121837150565 
18.853934046 15.6093426312 0.121837150565 
19.2237293684 15.6685137416 0.60584706157 
19.3383877241 15.733442005 0.878136415808 
19.3383877241 15.733442005 0.878136415808 
19.3383877241 15.733442005 0.878136415808 
19.3383877241 15.733442005 0.878136415808 
19.3383877241 15.733442005 0.878136415808 
19.3383877241 15.733442005 0.878136415808 
19.3383877241 15.733442005 0.878136415808 
19.3383877241 15.733442005 0.878136415808 
18.9926564657 16.6227679218 3.41280145358 
18.8423926794 16.5905026163 3.68245748508 
18.707101103 16.5186185802 3.76180930125 
18.5798139536 16.4413171972 3.76588499347 
18.4578731024 16.3677184547 3.76695654672 
18.3214790785 16.2854841913 3.76569576409 
18.1903490984 16.2050953473 3.76327819155 
18.051856991 16.1193209852 3.74250610085 
17.9290575945 16.0487288202 3.76134442973 
17.7995574438 15.9698536361 3.75295976535 
17.6609073841 15.8868399228 3.75084480332 
17.5336464607 15.8094249333 3.75416646945 
17.3917951548 15.7260822023 3.75829187071 
17.2659879887 15.6498310233 3.75634945353 
17.1329976284 15.5702281857 3.75509644594 
16.9928485119 15.4868249858 3.77026987823 
16.8613095247 15.4102167154 3.75612555171 
16.7352035606 15.3335543985 3.75004287147 
16.6095490419 15.2569457388 3.66304899447 
16.4652507269 15.1853325854 3.47579964588 
16.3161043489 15.1468538458 3.46516575897 
16.1684000754 15.1093173886 3.46065325127 
16.0311837905 15.0749306644 3.45524797775 
15.858130131 15.0338725115 3.43502444108 
15.6973680073 14.9938499893 3.45979250761 
15.5363284313 14.9542303647 3.46625820846 
15.3954292798 14.9205842579 3.45220208792 
15.2495632135 14.8833489383 3.46246288184 
15.0987048113 14.8475165034 3.61224691855 
14.961789366 14.7943597103 3.85654428572 
14.84091663 14.7020763124 4.16030357696 
14.7504982912 14.5783256854 4.44394429395 
14.7038085425 14.4345200623 -1.54371771631 
14.7016810143 14.3059592808 -1.31950327278 
14.7372754776 14.1363639797 -1.22376880262 
14.7848794424 13.9818236793 -1.25743889235 
14.8326241934 13.8255897726 -1.20294993394 
14.8733870947 13.6845971311 -1.15273939216 
14.8733870947 13.6845971311 -1.15273939216 
14.991050061 13.4457830156 -0.630758014776 
14.991050061 13.4457830156 -0.630758014776 
15.2984486782 13.2589864696 -0.292175672225 
15.4399042391 13.2041779722 -0.29934253064 
15.5820344054 13.1462243761 -0.198518797964 
15.7397438103 13.106577989 -0.013065788807 
15.898434112 13.0926240648 -0.0113122856356 
16.0516717547 13.0792020524 0.00979067631598 
16.1951722467 13.0673159326 0.196746081121 
16.3529775703 13.0904298986 0.408094365735 
16.4943424427 13.1427091325 0.407515476327 
16.6447865331 13.197879907 0.404394557555 
16.7843969428 13.251264211 0.267899809333 
16.9380277359 13.2762051786 0.135162667343 
17.0886226856 13.2865903343 0.161494939098 
17.2261331045 13.2913053001 0.144641857116 
17.3823262417 13.302512523 0.13998838552 
17.541916486 13.3125035728 0.141002279296 
17.7012777292 13.3227196897 0.142131299385 
17.8531787359 13.3327937091 0.138360473084 
18.0017359221 13.3424938882 0.137678395989 
18.1564378702 13.3507819141 0.223399743914 
18.2920827829 13.3691217864 0.464128098426 
18.433391329 13.4324356283 0.789490328045 
18.549731251 13.5303493703 1.06163932087 
18.6405672991 13.6857775415 1.43994766746 
18.6671442949 13.8100049461 1.67519923833 
18.6634213888 13.9374681676 1.76582558998 
18.6527588331 14.0297080244 1.75996839932 
18.6375794375 14.1535216535 1.75514229097 
18.6202564203 14.3017929758 1.75486460548 
18.604521271 14.451318797 1.78668335622 
18.5822071993 14.6268103088 2.00928186682 
18.5102188551 14.7913656498 2.32813145917 
18.4249489271 14.9024718071 2.3870351812 
18.3179249727 15.02290855 2.3910643698 
18.2144718134 15.1386872421 2.50312360942 
18.0918960535 15.240731058 2.64664082885 
17.9662930929 15.3180061618 2.64943302882 
17.8304345572 15.4072288538 2.72902529212 
17.6922699177 15.477116477 3.00513275622 
17.5671532118 15.5065399672 3.24579349034 
17.4273875916 15.498451438 3.3846500929 
17.3357006275 15.4834289516 3.36590698798 
17.2779117787 15.4754742647 3.34842951711 
17.2082231009 15.4665059114 3.35144995915 
17.1052061283 15.4512056077 3.36713571828 
16.9903472626 15.434731182 3.35784902903 
16.8419885003 15.4134293909 3.36064867588 
16.6920680964 15.3907110209 3.36122263025 
16.5237826073 15.3671236301 3.37141381735 
16.3539632523 15.3387007604 3.38540904341 
16.2126573586 15.318996262 3.35776072221 
16.0520556682 15.296824761 3.33219258315 
15.8890293458 15.2754915657 3.40393973474 
15.768741388 15.2548010482 3.62807538703 
15.6863516682 15.229374707 3.93788889341 
15.6311398708 15.1923343691 4.3252249926 
15.6013078653 15.1731589774 4.57238010914 
15.5804509782 15.1732776875 -1.39298899392 
15.5608608389 15.1681243742 -1.06875345182 
15.5429815316 15.159451429 -0.793880430395 
15.5267656111 15.1425418372 -0.464343691646 
15.5180549585 15.1230139549 -0.127634407448 
15.5201358759 15.1044393147 0.162308172681 
15.5512159133 15.1002107228 0.287860685646 
15.6074256861 15.1104758943 0.291891099416 
15.6753093266 15.1264047439 0.289131169972 
15.7676417195 15.1462663601 0.286770411934 
15.8643653003 15.1663166175 0.293082381362 
15.9327011855 15.1860431174 0.205919785538 
15.9734930136 15.2017759385 -0.0122782494762 
15.9936367386 15.2171462479 -0.334480290143 
15.9916173556 15.2394113481 -0.622460628314 
15.9851123133 15.2806339937 -0.924766987003 
15.9891078809 15.2876493039 -1.01640042634 
15.9884775096 15.2865114028 -1.01470312767 
15.9877483734 15.2849466617 -1.0077203362 
15.9879052975 15.2850607785 -1.00972650514 
15.9881447443 15.2856263707 -1.00998964961 
15.9877481052 15.2849791425 -1.00688566031 
15.9877859616 15.2849215421 -1.00636137013 
15.9878058248 15.2851125787 -1.00705907048 
15.9875918367 15.2854106652 -1.00798331973 
15.9878056609 15.2851022857 -1.00725363541 
15.987785902 15.2851204167 -1.00738984895 
15.9877586552 15.2851174886 -1.007336415 
15.9877796659 15.2850910092 -1.00731381416 
15.9877539166 15.2851785089 -1.00700730748 
15.9876737633 15.285272565 -1.00606431001 
15.9876540193 15.2853168997 -1.00596798858 
15.9877569118 15.2851580458 -1.00704410352 
15.9876668715 15.2852881553 -1.00598175264 
15.9877424726 15.2851683686 -1.00686128214 
15.9878159949 15.2850947233 -1.00747703169 
15.9878946358 15.2852875928 -1.0080631289 
15.9876855054 15.2852645221 -1.00614839902 
15.9876516202 15.2853249314 -1.00581202082 
15.9878149518 15.2850971783 -1.00748393442 
15.9881016948 15.2852284277 -1.00419631952 
15.9883011394 15.2860383059 -1.01109844411 
15.9881064334 15.2861136461 -1.00763206585 
15.9877949544 15.2851171794 -1.00722403374 
