15.9877949544 15.2851171794 -1.00722403374 
15.8398076856 15.170663398 0.387798198164 
15.8397912347 15.1706414709 0.387885109236 
15.8404571266 15.1710002388 0.390694872149 
15.8400641346 15.1709916557 0.386902196757 
15.840076849 15.1709853674 0.386806752323 
15.8400541657 15.1709967817 0.3865927542 
15.8397796081 15.1706158335 0.387685269612 
15.8400601448 15.1709676797 0.386832894658 
15.8400394955 15.1709600131 0.386932405769 
15.8397954368 15.1706216449 0.387759527421 
15.8398107403 15.1706066171 0.387678337088 
15.8400519193 15.1709539259 0.386580396613 
15.8400536292 15.1709708462 0.386789140564 
15.8397934289 15.1706393848 0.387415578781 
15.8400523403 15.1709450598 0.386722840551 
15.8400618919 15.1709465201 0.386811647772 
15.8398106584 15.1706086139 0.387734315431 
15.8398073466 15.1705917085 0.387571242398 
15.8400452697 15.1709350387 0.38676039675 
15.8400750646 15.1709544624 0.386656738831 
15.8398129718 15.1706123913 0.387621256907 
15.8400784844 15.1709604601 0.386742185973 
15.84006219 15.1709555651 0.386631973548 
15.8398102411 15.1706123615 0.387693935365 
15.8400778138 15.1709657575 0.3865169366 
15.8400826269 15.1709394495 0.386693033581 
15.8400762529 15.1709779764 0.386042598225 
15.8398374022 15.1706443469 0.387226601443 
15.84006463 15.1710033754 0.385960446321 
15.8397914619 15.1706120113 0.387477222733 
15.8399333694 15.1709588508 0.385873705485 
15.8397762553 15.1707934032 0.386630735677 
15.8401464858 15.1709064955 0.392252472817 
15.839764435 15.1705584491 0.39290986232 
15.8397875206 15.170566086 0.393355915546 
15.8399934136 15.1707292909 0.391712271926 
15.8399644756 15.1709834749 0.385717630915 
15.8399409206 15.1709497536 0.385878177375 
15.8399372102 15.1710083375 0.385927695275 
15.8399683164 15.1709924678 0.385899918624 
15.8397214637 15.1706435795 0.386873079621 
15.8396571727 15.1698324124 0.38028135834 
15.8399671243 15.1709616894 0.386110169377 
15.8397360557 15.1706128756 0.387123626222 
15.8399172985 15.1700477565 0.381954827902 
15.8399775961 15.1709786693 0.385970817533 
15.8399906309 15.1709759946 0.385533311765 
15.8551442103 15.1747137422 0.374451874312 
15.8990322315 15.1883178803 0.354047342216 
15.9117450734 15.2045835967 0.156573603996 
15.9233094939 15.2174164692 -0.0475834922101 
15.9650674575 15.2123348529 -0.0892822023942 
16.0212888085 15.2028899642 -0.0739649369404 
16.1263921821 15.1877448375 -0.0840099241399 
16.2480712795 15.1686772893 -0.0838171652983 
16.4028234446 15.1464468206 -0.0833704799031 
16.5533519947 15.1225664879 -0.0726640877774 
16.713324722 15.0985222275 -0.0652425899153 
16.8803163731 15.0720255787 -0.0767454654924 
17.0611028635 15.0444674159 -0.0744533409185 
17.2218418085 15.0199050719 -0.0783451362618 
17.3835738861 14.996153977 -0.0813565242811 
17.5432639086 14.9715464378 -0.0793116677707 
17.6718039476 14.9512173797 -0.0782172922279 
17.8527419531 14.9218692447 -0.0733675534683 
18.0019669497 14.8982979024 -0.0592510775195 
18.1341881716 14.8806182409 -0.147673067558 
18.3211641276 14.8339351083 -0.454736745802 
18.4525177443 14.7526489163 -0.767380202404 
18.5528295004 14.6346631611 -1.05492609753 
18.614620682 14.4900821413 -1.21386322167 
18.6563408339 14.3438163365 -1.20108714923 
18.7026333773 14.1952257122 -1.31794065721 
18.7263460123 14.043569919 -1.56596978369 
18.7141308748 13.9076049293 4.63967052236 
18.6968305075 13.7869856323 4.62705429442 
18.6968305075 13.7869856323 4.62705429442 
18.6025338137 13.477897879 4.09625590721 
18.6025338137 13.477897879 4.09625590721 
18.4860749209 13.2871360744 2.7474389188 
18.4860749209 13.2871360744 2.7474389188 
18.0771529638 13.215784427 3.17349867349 
17.9480750525 13.2216190065 3.1680932659 
17.8286125624 13.2280918325 3.17138473542 
17.6423928702 13.2384835447 3.17101535596 
17.5229537451 13.2434395517 3.1647547412 
17.4032070601 13.2495534385 3.16405579009 
17.1556669438 13.2647662128 3.16594807676 
17.0376031363 13.2723946537 3.16905240319 
16.9763810598 13.2796908582 3.1890653246 
16.7018130386 13.293714639 3.28913430898 
16.5661931598 13.2863084043 3.4675834906 
16.4085257017 13.2467025484 3.41181454678 
16.2818362081 13.2153633798 3.29046548414 
16.1720794999 13.2047520841 3.05640251772 
16.0352701062 13.2289239133 2.99161899052 
15.915717261 13.2599637474 3.09498420445 
15.8279796765 13.2779799665 3.34974681451 
15.761699062 13.2725087369 3.43467269002 
15.6444419437 13.2468365396 3.43816960911 
15.5122884774 13.2175372804 3.43656357332 
15.3547248804 13.181988355 3.41511323568 
15.2125944459 13.1532679761 3.24586324775 
15.0526446068 13.1520804132 2.92487987225 
14.9076482617 13.1963034833 2.62939751645 
14.815631386 13.2550216878 2.44335765177 
14.815631386 13.2550216878 2.44335765177 
14.6343785488 13.5570380653 1.82419316302 
14.6252226793 13.6062695945 1.80774342207 
14.5807008707 13.8618254627 1.78488213969 
14.5717301333 13.918667909 1.74395039669 
14.5717301333 13.918667909 1.74395039669 
14.5141866171 14.3272121514 1.54867129323 
14.5249907934 14.4578487838 1.31008041599 
14.571033951 14.5786977375 1.17059587597 
14.646751877 14.7188557352 0.881392719077 
14.7634119951 14.8364556695 0.579213615352 
14.8893729412 14.9029252792 0.37985492915 
15.0312080943 14.9447542096 0.362339431829 
15.1774555409 14.9874429072 0.362547244172 
15.3364946806 15.0284620191 0.358802989118 
15.4792410695 15.0679450447 0.353054436272 
15.6253741943 15.1073126758 0.349968602222 
15.753159132 15.1437971259 0.35487187319 
15.9314704464 15.1949758458 0.341427931682 
16.0765267425 15.2345937227 0.327885455181 
16.2354690992 15.2773944626 0.335826669329 
16.355894413 15.3137212659 0.178551074042 
16.4881369435 15.3271551246 0.0593964618672 
16.6446476543 15.3261701206 0.0362249494868 
16.7963210308 15.3225733305 0.0570695820692 
16.9441508019 15.3197734396 0.0529807809765 
17.1119894945 15.3159756924 0.0688858154161 
17.2554355824 15.3130918781 0.044543142295 
17.4235839808 15.3106960917 0.0397255145763 
17.6180167162 15.3073301728 0.044475384577 
17.7791702711 15.3046535219 0.0449231592516 
17.9417152369 15.3019951324 0.0535935356438 
18.102807995 15.2989435794 -0.0907553992043 
18.2615935766 15.2686831134 -0.418881257988 
18.3962674105 15.1936049054 -0.733629275387 
18.5007979834 15.0845354314 -1.01150155681 
18.5699017012 14.9381315375 -1.30167535234 
18.5972447359 14.7658402289 -1.37139499026 
18.6155834162 14.6274638141 -1.38373194936 
18.6340599024 14.4674530591 -1.37113903691 
18.6544761622 14.3047351802 -1.52780901718 
18.6378123724 14.1010689701 4.62598225865 
18.6094398462 13.9365303482 4.61872749488 
18.5864992106 13.7916414703 4.51221598829 
18.5185785257 13.5887891019 4.12858596362 
18.493184086 13.5492389167 4.03623307209 
18.2851808035 13.3803360427 3.50105667378 
18.1516184771 13.3491413558 3.35295568999 
18.017396208 13.3300505842 3.28760293882 
17.894446131 13.3207625116 3.31258821617 
17.6457978451 13.3002114261 3.30963205349 
17.4943028652 13.2865161861 3.30240219771 
17.3019134962 13.2698056663 3.2956294951 
17.1316831076 13.2564823593 3.29703403008 
16.9507520163 13.2502422298 3.31086936466 
16.7960423791 13.2365943159 3.33400558408 
16.6342121923 13.2241560186 3.34690541014 
16.5127990806 13.215444919 3.29315628337 
16.3466790878 13.1958860124 3.28757675616 
16.171980735 13.1826611722 3.29636468082 
16.0104599112 13.169556495 3.28182345443 
15.8513137029 13.1579645837 3.29545785324 
15.6891731584 13.1457322801 3.29646871107 
15.5352911019 13.1336394514 3.2908601506 
15.3503666484 13.1199966634 3.10885022175 
15.2324358189 13.1262019838 2.87699363805 
15.0207784736 13.2206197942 2.4434588064 
14.9834307396 13.255783316 2.31710633731 
14.9834307396 13.255783316 2.31710633731 
14.781237241 13.5950283969 1.81992200716 
14.7855089867 13.7831542457 1.44596024468 
14.7940243446 13.8398909534 1.39968902474 
14.832817074 13.9963805641 1.54209191729 
14.8434157335 14.08253276 1.6075990898 
14.8542439901 14.2255814041 1.65674939106 
14.8612139189 14.4197407926 1.65707292658 
14.874209162 14.626289543 1.60975638766 
14.8840688431 14.8727177943 1.50384710371 
14.8856393063 14.9128641451 1.51587449956 
14.977024492 15.1793943013 0.923820127988 
15.0901017153 15.2999337206 0.578030891569 
15.2957944238 15.3917922045 0.202749814797 
15.4746730888 15.4102138246 0.133671500093 
15.6421078407 15.4214175756 0.150313388146 
15.8068516591 15.4323339278 0.163446372994 
15.9606826418 15.4425353522 0.155557865766 
16.1509496533 15.4553360308 0.131103474913 
16.3049985432 15.4645259196 0.148367989728 
16.4467048013 15.4732677455 0.153384917644 
16.6254925692 15.485350203 0.1355086025 
16.7871932947 15.4960371817 0.136182316936 
16.9363563025 15.5049149061 0.15099275705 
17.1081417763 15.5162253941 0.139516300218 
17.270732876 15.5257573987 0.160779079069 
17.473256346 15.5375455881 0.131981936622 
17.5949764216 15.5439969862 0.133061969422 
17.7570214235 15.5548879469 0.13444901079 
17.9663245642 15.565737095 0.137817209742 
18.1618401968 15.5761582519 0.136404610289 
18.3431770765 15.5856177772 0.139199462604 
18.5340013468 15.5953626896 0.132860118824 
18.6973853075 15.6037552024 0.132366466714 
18.853934046 15.6093426312 0.121837150565 
18.853934046 15.6093426312 0.121837150565 
19.0967457258 15.6283334757 0.359878418358 
19.3125071489 15.7137109304 0.81300806099 
19.3383877241 15.733442005 0.878136415808 
19.3383877241 15.733442005 0.878136415808 
19.3383877241 15.733442005 0.878136415808 
19.3383877241 15.733442005 0.878136415808 
19.3383877241 15.733442005 0.878136415808 
19.3383877241 15.733442005 0.878136415808 
19.3383877241 15.733442005 0.878136415808 
18.9713947737 16.6220092739 3.45969472387 
18.8219268286 16.5814152921 3.7029798739 
18.6823482477 16.5042469467 3.76361277451 
18.5267469847 16.4092529977 3.76638592176 
18.3036925757 16.2749133075 3.76615425677 
18.1578729117 16.1849243606 3.76054297334 
18.0079419577 16.0925455655 3.73838185059 
17.8688226902 16.0115303958 3.75267645232 
17.7415745222 15.9339733685 3.76512121965 
17.5777947867 15.8354916538 3.76163106236 
17.4543832504 15.7620819772 3.75254151019 
17.3095095121 15.6751944388 3.75721961931 
17.1803482735 15.5985591377 3.75410456368 
17.0438049996 15.5173318351 3.76754871171 
16.9132099115 15.4392067457 3.75125298789 
16.775462743 15.357205 3.74958936937 
16.65343773 15.2843954342 3.71280216407 
16.5322956407 15.2144311017 3.64291594569 
16.3292535209 15.1504793207 3.46815888439 
16.1924993956 15.1149360726 3.45899613554 
16.022703942 15.0735251273 3.48073489567 
15.8355772794 15.0282570089 3.45636732372 
15.6286695563 14.9769782985 3.47016272285 
15.4910840058 14.944396999 3.47367301932 
15.3826583588 14.917444166 3.47910025118 
15.1580472552 14.8624802197 3.5372074348 
14.96757954 14.7979727353 3.85767873908 
14.8016266787 14.6569575633 4.2771893281 
14.7278304064 14.5217250551 4.58722452933 
14.6989041531 14.3650164569 -1.3903312396 
14.7211599314 14.1927859748 -1.24561159923 
14.7684922182 14.0396428073 -1.23004851012 
14.8268778288 13.8464767898 -1.20835253164 
14.8733870947 13.6845971311 -1.15273939216 
14.8733870947 13.6845971311 -1.15273939216 
14.8733870947 13.6845971311 -1.15273939216 
14.991050061 13.4457830156 -0.630758014776 
15.278223809 13.2663975919 -0.290466013822 
15.4479728901 13.2009357179 -0.299042531526 
15.6095093453 13.1360369886 -0.153134903882 
15.8479567693 13.0985835756 -0.0198116484149 
16.0083268919 13.0842565263 -0.0130312334098 
16.1479573214 13.0697454179 0.115718773435 
16.3099431061 13.0795055593 0.36895812938 
16.5021228158 13.145691749 0.410202690936 
16.6323178374 13.194297191 0.396443951596 
16.7843969428 13.251264211 0.267899809333 
16.9464129173 13.2781228984 0.152727571247 
17.1111767256 13.2846603359 0.131401465542 
17.2560552322 13.293611523 0.141607704949 
17.4080630505 13.3043808902 0.139136433025 
17.5718175137 13.314019915 0.140890260089 
17.7012777292 13.3227196897 0.142131299385 
17.8826999628 13.3346677984 0.139285288862 
18.0315244162 13.3447120155 0.142904402754 
18.1850264036 13.3538361753 0.25037629711 
18.3328824007 13.382305857 0.540570049636 
18.4613156283 13.4510070051 0.843555910182 
18.5891029799 13.5839744771 1.20585434384 
18.6519317591 13.7215567792 1.51805119753 
18.6678981745 13.8505599464 1.71408395959 
18.6563026869 13.9862265552 1.74685408385 
18.646584984 14.0786076749 1.75434230126 
18.6352331602 14.1724348033 1.75481040452 
18.6103472674 14.3904927338 1.75638782354 
18.590472933 14.5756314958 1.89584218943 
18.5221657717 14.7735721136 2.30276386864 
18.4184753859 14.9089297021 2.38359697571 
18.3126010859 15.0295643921 2.39365359987 
18.2092981302 15.1451316963 2.52970322564 
18.0781671965 15.2501057743 2.65599188162 
17.917106148 15.350437891 2.67516788944 
17.7502760851 15.4530120457 2.88252236103 
17.5671532118 15.5065399672 3.24579349034 
17.4479250872 15.5009655918 3.38067076012 
17.3460252249 15.4843310828 3.36097647569 
17.2779117787 15.4754742647 3.34842951711 
17.2012815439 15.4658075983 3.35941173683 
17.083597418 15.4474182243 3.35110759958 
16.8918418848 15.4208227808 3.36771344418 
16.7626764142 15.4010237421 3.35710174608 
16.6129972303 15.3788426335 3.3551785568 
16.4158417546 15.3475895713 3.38455318772 
16.292331841 15.3316974903 3.35317091918 
16.0607550257 15.2972573156 3.33136081225 
15.8809642616 15.2749729941 3.41138766774 
15.7504002416 15.2496237338 3.68525672218 
15.6427560413 15.2014832425 4.17861387948 
15.6065733397 15.1756444837 4.51161201705 
15.5825298094 15.1727132464 -1.42317676936 
15.5651274287 15.1693055446 -1.14144071527 
15.543921169 15.1593195836 -0.812218116313 
15.5235758984 15.1384441818 -0.386726416984 
15.5172532761 15.1174834485 -0.0517790331867 
15.5311449432 15.0995294119 0.23210060404 
15.5949476325 15.1077950115 0.288984950535 
15.64457066 15.1194276477 0.286284396937 
15.7476993614 15.1419909636 0.278259765625 
15.8369264306 15.1625286678 0.283327155617 
15.9122791813 15.1796420703 0.243974395975 
15.9527191707 15.1936945433 0.118635130026 
15.9881704861 15.2131376735 -0.23567129151 
15.9896967971 15.2443781945 -0.662977176582 
15.9850684368 15.2820982712 -0.939089261176 
15.9903027677 15.2868688109 -1.02015447535 
15.9878141397 15.2848342287 -1.00708425729 
15.9877134451 15.2850173751 -1.00782143965 
15.9878031575 15.2848516817 -1.00900724685 
15.987863537 15.2851154583 -1.00819585623 
15.9876468965 15.2850920113 -1.00614917915 
15.9878058248 15.2851125787 -1.00705907048 
15.9875918367 15.2854106652 -1.00798331973 
15.9877914229 15.2851049679 -1.00733016643 
15.9876184502 15.2853426489 -1.0057830735 
15.9876833075 15.2852607297 -1.00877070563 
15.9878864103 15.2852746735 -1.00805966284 
15.9877886662 15.2851173917 -1.00720517272 
15.9876390212 15.285341617 -1.0057988383 
15.9876208046 15.2853325459 -1.00597006738 
15.9876582437 15.2852953079 -1.00625928235 
15.9877665454 15.2851503941 -1.00706401057 
15.9876982608 15.2852934601 -1.00600884966 
15.9881805294 15.2858340221 -1.00967053912 
15.9876855054 15.2852645221 -1.00614839902 
15.9877972418 15.2851342561 -1.0072326743 
15.9877113813 15.2852706353 -1.00644202723 
15.9882410654 15.2859011444 -1.00995443771 
15.9876480364 15.2852887327 -1.00594507914 
15.9877949544 15.2851171794 -1.00722403374 
