15.8400464655 15.170985874 0.386675954901 
15.8399972395 15.1710006485 0.386269797525 
15.8401889094 15.1710612963 0.38713461583 
15.8398133517 15.1706335957 0.387799563116 
15.8400607632 15.1709827895 0.386820621093 
15.8400524968 15.1709773282 0.386771132469 
15.8400676475 15.1709716658 0.386794111065 
15.8400537745 15.1709756891 0.386939354789 
15.8398078271 15.1706046576 0.387696472461 
15.8400810027 15.17096952 0.386795743142 
15.8398065158 15.1706253479 0.387599773736 
15.8397962638 15.1706259663 0.387890274993 
15.8400527501 15.1709481517 0.386797452979 
15.8400519491 15.1709580685 0.386706303973 
15.8400513978 15.1709471534 0.386738145338 
15.8400645816 15.1709594766 0.386791783234 
15.8397923076 15.1706105287 0.387740786108 
15.8398095408 15.1706089939 0.387726957422 
15.8397901693 15.1705862025 0.387621684695 
15.8398125136 15.1706203262 0.387628472137 
15.8398108558 15.1706013049 0.387569027307 
15.840062067 15.1709586347 0.386647319848 
15.8398262897 15.1706251095 0.387677024248 
15.8398227842 15.170621563 0.387578987435 
15.8400617094 15.1709547753 0.386649297365 
15.8400914335 15.170950454 0.386627294213 
15.8400762529 15.1709779764 0.386042598225 
15.8398163581 15.1706381033 0.387100648609 
15.8398199343 15.1706514249 0.387251968463 
15.8400602156 15.1709571446 0.386483124029 
15.8399721497 15.170948569 0.385905848392 
15.8397391142 15.1706359203 0.386551864085 
15.839044165 15.1701588074 0.404997115297 
15.8397565113 15.1705592314 0.393211768216 
15.839761749 15.1705704818 0.393665847675 
15.8397994639 15.1705775152 0.393170149868 
15.8395706714 15.1698689053 0.379129874743 
15.8397030161 15.1706509257 0.387062771635 
15.8399349378 15.1709926243 0.386119350119 
15.8399471195 15.1710152517 0.385991257459 
15.8397106455 15.1706198866 0.387049537959 
15.8399152533 15.1700505952 0.382100253124 
15.8397308403 15.1706414933 0.387227300849 
15.8397173249 15.1706290732 0.387137611256 
15.8395704628 15.169739146 0.379380954924 
15.8397404329 15.1706506724 0.387102691918 
15.8399965988 15.1709732155 0.385701945697 
15.8527618797 15.173087355 0.37407830407 
15.8792682049 15.1814576613 0.374212216323 
15.910977943 15.1990939083 0.234896431803 
15.9161868413 15.2153021584 -0.0129493138384 
15.9482167551 15.2150218322 -0.0771711228378 
16.0007703343 15.2061132195 -0.0747166613712 
16.0618007445 15.1966757367 -0.0744754099894 
16.1829557681 15.1782765018 -0.100803200524 
16.3432377839 15.1546471233 -0.071463310038 
16.4602962696 15.1377098302 -0.084773843025 
16.6553125941 15.1067244525 -0.0874531425618 
16.8124993407 15.082756188 -0.0742373459611 
16.9725545609 15.057493564 -0.0729656283002 
17.1333308184 15.0335024411 -0.0738065702739 
17.2948880159 15.0098118449 -0.0837694428418 
17.4031954968 14.9927457387 -0.0884706756203 
17.5933833086 14.9637543524 -0.0834337168073 
17.7346929276 14.9407812024 -0.0847519236299 
17.8750127518 14.9197037483 -0.0802657770112 
18.0313229525 14.8938276435 -0.0632757888711 
18.1635193789 14.87606838 -0.176605455892 
18.3329694235 14.8282768393 -0.481418663734 
18.4745743239 14.7326607073 -0.822241026752 
18.5576012098 14.6271398629 -1.07197398258 
18.604573723 14.5206274951 -1.20584471603 
18.6600615942 14.331467923 -1.20263915934 
18.7049188578 14.1868981088 -1.32951759457 
18.7253847086 14.0739253725 -1.52659612785 
18.7141308748 13.9076049293 4.63967052236 
18.6968305075 13.7869856323 4.62705429442 
18.6968305075 13.7869856323 4.62705429442 
18.6217806303 13.511827823 4.13039392241 
18.6025338137 13.477897879 4.09625590721 
18.4860749209 13.2871360744 2.7474389188 
18.2068147623 13.2186766828 3.24379492128 
18.0688276255 13.2157288755 3.16646555484 
17.9480750525 13.2216190065 3.1680932659 
17.8286125624 13.2280918325 3.17138473542 
17.6423928702 13.2384835447 3.17101535596 
17.424855467 13.2482396329 3.16479601577 
17.2748329603 13.2561769451 3.16353584226 
17.1556669438 13.2647662128 3.16594807676 
17.0376031363 13.2723946537 3.16905240319 
16.9188911879 13.2828433479 3.16580784224 
16.7109940612 13.2936822141 3.26949532535 
16.5510550701 13.2826136316 3.47001592575 
16.3618764841 13.2338958944 3.40587990106 
16.2607993149 13.2109562124 3.24091061114 
16.1459915602 13.2076495851 3.031118916 
16.0168601536 13.2333306039 2.99033157783 
15.907452278 13.2619284357 3.11138778524 
15.8140882218 13.2783622707 3.37668944609 
15.737285223 13.2677050794 3.44264530759 
15.6109890306 13.2390891279 3.43473328636 
15.4918017649 13.2130285467 3.43536120684 
15.3464736306 13.1798926557 3.41179473265 
15.2039293611 13.1519712175 3.23125534392 
15.0637304747 13.1495882238 2.95199486583 
14.9368570411 13.1833540166 2.6885123096 
14.815631386 13.2550216878 2.44335765177 
14.815631386 13.2550216878 2.44335765177 
14.6343785488 13.5570380653 1.82419316302 
14.6252226793 13.6062695945 1.80774342207 
14.5842122995 13.8413928712 1.83710119038 
14.5717301333 13.918667909 1.74395039669 
14.5717301333 13.918667909 1.74395039669 
14.5185962879 14.3037370409 1.56419186144 
14.5274544918 14.4515066112 1.40447272575 
14.5606858694 14.5549568499 1.22812234289 
14.6295720303 14.6927376355 0.942322583796 
14.6889113152 14.7735930348 0.766109458717 
14.8321628534 14.8752329613 0.472944442625 
14.9476250374 14.9210794235 0.365669550383 
15.1199750864 14.9698056842 0.36715795157 
15.2831182444 15.0179119373 0.292164823652 
15.4218428695 15.0541010464 0.342823018862 
15.5478192532 15.0868088866 0.35513423914 
15.7243649625 15.1355592946 0.348780058017 
15.8831310963 15.1805009584 0.352528968322 
16.0601504111 15.2305584748 0.321977897176 
16.2237034702 15.2740381325 0.334705616243 
16.3113943898 15.3009130324 0.261294655462 
16.4315582478 15.3258696462 0.0942123188825 
16.5853274428 15.3257492746 0.0514577711893 
16.7963210308 15.3225733305 0.0570695820692 
16.9441508019 15.3197734396 0.0529807809765 
17.1422216856 15.3158696632 0.0561999106729 
17.3342978918 15.3119167204 0.0444109141513 
17.5163730347 15.3087565939 0.0438627748895 
17.6661783421 15.3062984611 0.0567287828027 
17.8176097834 15.3047860304 0.0467591048399 
18.0228414499 15.3029611001 -0.0035128185076 
18.1411530935 15.2965025047 -0.167260531841 
18.3608860933 15.2184630542 -0.648067687302 
18.4694373572 15.1248673911 -0.912476791363 
18.5618770086 14.9632916416 -1.26873443219 
18.5868999922 14.8437672819 -1.36452227172 
18.6057190859 14.6926910842 -1.35891255214 
18.6181459391 14.611162957 -1.38949513369 
18.6414778196 14.4156104887 -1.40070484156 
18.6567339861 14.2620771492 4.69536070429 
18.6427688562 14.1292680467 4.62159069422 
18.6125709974 13.9523184265 4.6076424522 
18.5852589571 13.7832208837 4.49888126155 
18.568518635 13.7081520523 4.36472656276 
18.493184086 13.5492389167 4.03623307209 
18.3952054941 13.4426660503 3.73195625858 
18.1980407202 13.3526550497 3.35978996339 
18.0859701597 13.3356003726 3.29794743549 
17.8859901392 13.3200613225 3.31714108982 
17.734483 13.3090822662 3.31433854292 
17.5964037144 13.2959552968 3.30658500028 
17.4430153334 13.2822849716 3.30258344 
17.2511496508 13.2664380039 3.3014882358 
17.1316831076 13.2564823593 3.29703403008 
16.9592738115 13.2492989267 3.33842054921 
16.8276939356 13.239781257 3.30393698121 
16.6860071981 13.2282172407 3.29326259249 
16.491265949 13.2137120927 3.29894321923 
16.3558556699 13.1964586938 3.28520605134 
16.214235779 13.1864572729 3.29767117448 
16.0231317097 13.1708272661 3.27766571159 
15.9021439013 13.1617771352 3.29605148709 
15.749488216 13.1500030721 3.29692436548 
15.6169052982 13.140694734 3.29525365302 
15.4535887205 13.1262742246 3.23704758769 
15.2832385265 13.1204527582 2.99247538799 
15.1755644047 13.1406921113 2.76763583606 
14.9998599255 13.240820762 2.36814895209 
14.9834307396 13.255783316 2.31710633731 
14.9834307396 13.255783316 2.31710633731 
14.7779374086 13.6438925231 1.60826156002 
14.7751017773 13.7144533361 1.56908691864 
14.7940243446 13.8398909534 1.39968902474 
14.8293434345 13.978755113 1.49947724122 
14.8434841597 14.0730982984 1.61092680276 
14.8543733322 14.2364407743 1.66190352496 
14.8580855095 14.3507158125 1.61850425412 
14.8673846686 14.5239685739 1.58781716748 
14.8765026295 14.6929171051 1.60609348619 
14.8840688431 14.8727177943 1.50384710371 
14.9353474342 15.111560371 1.04162468465 
14.9560316169 15.1485497395 0.967347034955 
15.1422861182 15.333791707 0.460680187212 
15.2661923134 15.3846139873 0.23737971764 
15.4423754775 15.4093487675 0.141458177968 
15.5912123286 15.4184622581 0.152145062513 
15.7467693054 15.4282186295 0.137837158806 
15.8446866275 15.4357369507 0.165328378076 
16.0779891127 15.4516095335 0.137239067747 
16.2028257513 15.4588045294 0.131009189158 
16.3357281649 15.4664084578 0.134562040094 
16.4981558883 15.4770558293 0.154657308279 
16.6352944934 15.4851886893 0.154501984562 
16.7956221664 15.4961557353 0.132174145208 
17.0290933811 15.5109538699 0.148951547644 
17.1912292206 15.5207481945 0.135282896989 
17.3845168316 15.5321271981 0.131560848471 
17.4888218605 15.5385318364 0.114030770015 
17.6860785448 15.5498150254 0.141143614005 
17.8854486906 15.5612530972 0.138948534348 
18.0501143896 15.5699434246 0.141208155249 
18.2207279169 15.5790693725 0.13342427483 
18.381854769 15.5881142879 0.13349335501 
18.5340013468 15.5953626896 0.132860118824 
18.6846709215 15.6027576591 0.13237929856 
18.853934046 15.6093426312 0.121837150565 
18.853934046 15.6093426312 0.121837150565 
19.0967457258 15.6283334757 0.359878418358 
19.3028547728 15.7089969183 0.742846450303 
19.3383877241 15.733442005 0.878136415808 
19.3383877241 15.733442005 0.878136415808 
19.3383877241 15.733442005 0.878136415808 
19.3383877241 15.733442005 0.878136415808 
19.3383877241 15.733442005 0.878136415808 
19.3383877241 15.733442005 0.878136415808 
19.3383877241 15.733442005 0.878136415808 
19.080366131 16.6542450155 0.901079796798 
18.9586682284 16.620338198 3.48928223079 
18.8020980322 16.5732054676 3.72665605036 
18.6563377344 16.4875640834 3.75119026505 
18.5375976526 16.4155884946 3.76451635825 
18.4256644213 16.3482025827 3.76396683205 
18.2897140944 16.2663170064 3.76476465968 
18.088221308 16.1418979729 3.74491266608 
18.0004339182 16.0878260101 3.73882695708 
17.8259885275 15.9849415387 3.76328653189 
17.6609073841 15.8868399228 3.75084480332 
17.5150309765 15.799085852 3.74968325236 
17.3515796625 15.7022929753 3.76048205401 
17.1954346859 15.6078301931 3.75437320211 
17.1177343094 15.5614756609 3.76139242416 
16.9240719044 15.4457032199 3.75277288083 
16.7936248147 15.3680536414 3.74970816297 
16.65343773 15.2843954342 3.71280216407 
16.5322956407 15.2144311017 3.64291594569 
16.3933672869 15.1661192293 3.4570539861 
16.2491823697 15.1285821984 3.45946184256 
16.0722982847 15.0850940312 3.45687983677 
15.9354392999 15.0528667385 3.46191232353 
15.7785852888 15.0134572948 3.47408600926 
15.6286695563 14.9769782985 3.47016272285 
15.5034105146 14.9468042518 3.47249221494 
15.3270114624 14.9034810925 3.48481284118 
15.1893488729 14.8689830864 3.47977149871 
15.0469310248 14.8329508568 3.67766381714 
14.9345468247 14.7788398827 3.91727074264 
14.7932890617 14.6475316251 4.29646597747 
14.7442785465 14.561762389 4.50363219608 
14.6989041531 14.3650164569 -1.3903312396 
14.7117379868 14.2342363561 -1.2250676913 
14.7526420319 14.0875625576 -1.24113547357 
14.7927374804 13.9540430273 -1.25421554581 
14.8383827173 13.8064498867 -1.21293611286 
14.8694260084 13.691073891 -1.18943506167 
14.8733870947 13.6845971311 -1.15273939216 
14.991050061 13.4457830156 -0.630758014776 
14.991050061 13.4457830156 -0.630758014776 
15.310236808 13.2547252143 -0.29294435887 
15.4600260818 13.1961492265 -0.297278722664 
15.6095093453 13.1360369886 -0.153134903882 
15.7480940038 13.1056121553 -0.00795832877202 
15.8871849925 13.0947941507 -0.0181595479981 
16.0898646229 13.0745006765 0.0436760552501 
16.2399223113 13.0691782201 0.280984104681 
16.3864153885 13.102834102 0.447040208913 
16.5102156961 13.1488229001 0.404345057087 
16.7201779449 13.2269548143 0.346833741638 
16.8680961096 13.2679632867 0.196746817288 
16.9954725468 13.2806155647 0.16612492344 
17.1485233271 13.287056681 0.134399928614 
17.3568210566 13.3005361522 0.143178094212 
17.5071765148 13.3107194866 0.140817684243 
17.7012777292 13.3227196897 0.142131299385 
17.8531787359 13.3327937091 0.138360473084 
18.0229241812 13.3441115583 0.141612926885 
18.0967318976 13.3476341928 0.172080278963 
18.2920827829 13.3691217864 0.464128098426 
18.433391329 13.4324356283 0.789490328045 
18.5551319086 13.5366963113 1.08291977998 
18.6110272371 13.6193160976 1.29477863702 
18.6655223333 13.7912958826 1.64778704619 
18.6673433745 13.8731266225 1.73626515761 
18.6546144449 14.0037391151 1.74806269179 
18.6394436323 14.1389172042 1.75685067711 
18.6192638838 14.3105064596 1.75506700848 
18.602086302 14.4737406934 1.7818111469 
18.5822071993 14.6268103088 2.00928186682 
18.5174012148 14.781094637 2.32192028149 
18.4527354204 14.8684974874 2.37189230768 
18.3455812895 14.9911947514 2.39153868221 
18.2426135504 15.1083142574 2.47228896424 
18.0918960535 15.240731058 2.64664082885 
17.9819614851 15.3089900131 2.66026031593 
17.8194179499 15.4129872734 2.75862077585 
17.6319719517 15.4959415163 3.11580520373 
17.5196989739 15.5064798261 3.32044752531 
17.3773223126 15.4900084997 3.3724185233 
17.30081689 15.4801881577 3.37794232687 
17.2441068852 15.4707782979 3.35777732304 
17.1465262138 15.4569769914 3.36808592997 
16.9903472626 15.434731182 3.35784902903 
16.8502373063 15.415203389 3.35993848298 
16.6427796447 15.3826125974 3.34679206832 
16.4811329805 15.3599188516 3.366559712 
16.3539632523 15.3387007604 3.38540904341 
16.234445002 15.322575737 3.36291134191 
16.0450639838 15.295841031 3.34472205314 
15.8245039025 15.26533803 3.50053166092 
15.7034510785 15.2348167056 3.87878976842 
15.6701783204 15.214930732 4.01226337128 
15.6191922986 15.1848586092 4.38054380432 
15.5857008957 15.1699167977 -1.46381106837 
15.5683268869 15.1699977184 -1.19081922285 
15.5508619511 15.1614015142 -0.90593609245 
15.531476047 15.1467721427 -0.549442733399 
15.5183363223 15.1252452622 -0.170253177306 
15.5164220595 15.1081254745 0.0963797642539 
15.5311449432 15.0995294119 0.23210060404 
15.5949476325 15.1077950115 0.288984950535 
15.6485063994 15.1205503682 0.285689856341 
15.7476993614 15.1419909636 0.278259765625 
15.8743609154 15.1687222237 0.28774686715 
15.9327011855 15.1860431174 0.205919785538 
15.9782971033 15.2046208831 -0.0728546142763 
15.9940681272 15.2188576872 -0.377608615685 
15.9911803567 15.2411200388 -0.636076229905 
15.9850560614 15.2733841392 -0.86716297517 
15.9903027677 15.2868688109 -1.02015447535 
15.9877820947 15.2847724522 -1.00702042821 
15.9877134451 15.2850173751 -1.00782143965 
15.9878332653 15.2848491075 -1.00935505297 
15.9881628269 15.2856513637 -1.00996391329 
15.9877487385 15.2849396656 -1.00743822307 
15.9877407068 15.2850993949 -1.00770743944 
15.9878254497 15.2850830855 -1.00752863834 
15.9876392448 15.2853535826 -1.00613725306 
15.9876686075 15.2852908264 -1.00616381549 
15.9876184502 15.2853426489 -1.0057830735 
15.9877380842 15.2851463521 -1.00697152808 
15.9877755531 15.2851148064 -1.00728308512 
15.9877886662 15.2851173917 -1.00720517272 
15.9876390212 15.285341617 -1.0057988383 
15.9877588042 15.2851478832 -1.00690420947 
15.987614561 15.2853463034 -1.00575145957 
15.9877886587 15.2851447391 -1.00715871755 
15.9877424726 15.2851683686 -1.00686128214 
15.9876982608 15.2852934601 -1.00600884966 
15.9876456299 15.2853406931 -1.00575849193 
15.9877637365 15.2851243692 -1.0069875489 
15.9876516202 15.2853249314 -1.00581202082 
15.9878117704 15.2851092669 -1.0074273758 
15.9877560848 15.2854592542 -1.00763623714 
15.9877171108 15.2852725203 -1.00646275777 
15.9881064334 15.2861136461 -1.00763206585 
15.9877949544 15.2851171794 -1.00722403374 
