15.9877949544 15.2851171794 -1.00722403374 
15.8398022951 15.1706528033 0.387775666253 
15.8400423081 15.170997482 0.386752361159 
15.8397949339 15.1706212054 0.387704892972 
15.8400619962 15.1709769855 0.386900836417 
15.8400509172 15.1709765459 0.38682030171 
15.8400616498 15.1709954257 0.386620060435 
15.8414625787 15.1706159006 0.404582997059 
15.8414632716 15.1708337257 0.402188675001 
15.8400532977 15.170967404 0.386896311826 
15.8400713318 15.1709655563 0.386882257164 
15.8400606887 15.1709684769 0.386761133992 
15.8400519193 15.1709539259 0.386580396613 
15.8398000785 15.1706161613 0.387695820707 
15.8400519491 15.1709580685 0.386706303973 
15.8400489689 15.1709512661 0.386758953852 
15.8400615492 15.1709632168 0.386675149961 
15.8400624098 15.1709496121 0.386615315057 
15.8400568032 15.170962509 0.386964375081 
15.8400694692 15.1709596778 0.386729040464 
15.8400515207 15.1709520335 0.386722720995 
15.840072807 15.170962807 0.386682547624 
15.8398102001 15.1706159825 0.387653275515 
15.839815002 15.1706134568 0.387584371816 
15.8398209253 15.1706243942 0.38745071839 
15.8400693164 15.1709533895 0.386619871438 
15.8400827238 15.1709601993 0.386621989917 
15.84007914 15.1709549243 0.386304858706 
15.8399712184 15.1707195828 0.387212191666 
15.8398278506 15.1706403981 0.38732634763 
15.8398110123 15.1706133077 0.387436667969 
15.8398015426 15.1705996583 0.38796520064 
15.8396839314 15.1706413517 0.387048587553 
15.839781657 15.1707552264 0.386551497257 
15.8401730509 15.1709140877 0.392136937742 
15.8397604489 15.1705630685 0.39313926047 
15.8397663013 15.1705447028 0.393639712286 
15.8401324787 15.171425056 0.385901680529 
15.8396651709 15.1699313263 0.380070233359 
15.8397030161 15.1706509257 0.387062771635 
15.8399349378 15.1709926243 0.386119350119 
15.8399652505 15.1709592755 0.385889815355 
15.8399587722 15.1709496642 0.385728764807 
15.8396243342 15.1698196645 0.380255631771 
15.8397308403 15.1706414933 0.387227300849 
15.8399841973 15.1709663833 0.385938539675 
15.8396774941 15.1705166365 0.387449453547 
15.8397404329 15.1706506724 0.387102691918 
15.8397448213 15.1706167946 0.386783711715 
15.8459234798 15.1738794262 0.37326246801 
15.8792682049 15.1814576613 0.374212216323 
15.9050329431 15.1932809095 0.309227705163 
15.9111056441 15.2126764006 0.0300910475837 
15.9395379239 15.2170976794 -0.0791046665015 
15.9970458784 15.2067600938 -0.0737395442899 
16.0676497483 15.1958525779 -0.0776338054152 
16.189417299 15.1775604526 -0.0998608294639 
16.3219315076 15.1579470898 -0.0742153331245 
16.472361263 15.1353784094 -0.0750824598638 
16.6123903954 15.1128118897 -0.0709740805819 
16.7622355187 15.0901965911 -0.0767857755672 
16.9223283493 15.0654128904 -0.0775581631201 
17.0823634827 15.0411032403 -0.0738969509962 
17.2344785893 15.0179431255 -0.0775962618714 
17.3835738861 14.996153977 -0.0813565242811 
17.5308568441 14.9734331037 -0.0797696027351 
17.6926832163 14.9477226997 -0.0793886888458 
17.8362522089 14.9251926506 -0.0733815587137 
17.993822571 14.9002380634 -0.0589013260086 
18.1635193789 14.87606838 -0.176605455892 
18.3211641276 14.8339351083 -0.454736745802 
18.4525177443 14.7526489163 -0.767380202404 
18.5576012098 14.6271398629 -1.07197398258 
18.6073620283 14.508634683 -1.19898290181 
18.6563408339 14.3438163365 -1.20108714923 
18.7049188578 14.1868981088 -1.32951759457 
18.7263274157 14.0350322689 4.70636838683 
18.7110693419 13.8867375816 4.63488746015 
18.6968305075 13.7869856323 4.62705429442 
18.6968305075 13.7869856323 4.62705429442 
18.6025338137 13.477897879 4.09625590721 
18.6025338137 13.477897879 4.09625590721 
18.4860749209 13.2871360744 2.7474389188 
18.4860749209 13.2871360744 2.7474389188 
18.0771529638 13.215784427 3.17349867349 
17.9480750525 13.2216190065 3.1680932659 
17.8286125624 13.2280918325 3.17138473542 
17.6423928702 13.2384835447 3.17101535596 
17.5229537451 13.2434395517 3.1647547412 
17.4032070601 13.2495534385 3.16405579009 
17.1556669438 13.2647662128 3.16594807676 
17.0376031363 13.2723946537 3.16905240319 
16.9763810598 13.2796908582 3.1890653246 
16.7109940612 13.2936822141 3.26949532535 
16.5872401559 13.2875626052 3.43833540298 
16.4443977439 13.2563484872 3.41978260687 
16.3204525673 13.2237139905 3.32904504608 
16.2041049564 13.2033494676 3.09852373076 
16.0736491346 13.2204724515 2.99795938374 
15.9411522971 13.2536704505 3.05711961637 
15.8504238055 13.2748608554 3.27650801728 
15.7749785298 13.2742024625 3.42548101423 
15.6743661874 13.2531055177 3.4342475788 
15.5402679705 13.2237325872 3.43559455509 
15.3838278019 13.1891540254 3.42878542413 
15.2447761261 13.1579593385 3.300699989 
15.0845910871 13.1470881666 2.97547260237 
14.9368570411 13.1833540166 2.6885123096 
14.815631386 13.2550216878 2.44335765177 
14.815631386 13.2550216878 2.44335765177 
14.6400288307 13.5292596782 1.8313434557 
14.6252226793 13.6062695945 1.80774342207 
14.5844171011 13.8359746898 1.8497999737 
14.5717301333 13.918667909 1.74395039669 
14.5717301333 13.918667909 1.74395039669 
14.5149496758 14.2787734235 1.61793638811 
14.5207867586 14.4350638355 1.3643527138 
14.5606858694 14.5549568499 1.22812234289 
14.620793935 14.6779034699 0.977256655192 
14.7138621771 14.7982738877 0.694721696782 
14.8321628534 14.8752329613 0.472944442625 
14.9602598512 14.9275017644 0.290763907533 
15.112039026 14.96858665 0.358681945632 
15.2765538656 15.0151870216 0.351947201936 
15.4218428695 15.0541010464 0.342823018862 
15.5478192532 15.0868088866 0.35513423914 
15.7121852749 15.132803459 0.355317316498 
15.8745295854 15.1780585463 0.357649036602 
16.020521667 15.2192292458 0.302850470725 
16.1755695903 15.2603160965 0.319634639871 
16.3113943898 15.3009130324 0.261294655462 
16.4206799829 15.3249580974 0.112799402999 
16.5737512672 15.3254896666 0.0717858374758 
16.7252140605 15.3241502757 0.0465307412062 
16.854773637 15.3216197307 0.0498669543075 
17.017211076 15.318329003 0.0477372037154 
17.1936212742 15.3142859305 0.0711554840303 
17.3447780573 15.3116032446 0.056862429208 
17.5037404263 15.3089091147 0.0421133674313 
17.6578899586 15.3063493485 0.057621547036 
17.8469475472 15.3039181496 0.0572336670119 
18.0019600355 15.3031258176 0.010343631527 
18.1532235109 15.2948329041 -0.192897469853 
18.2974717581 15.253932046 -0.495621805126 
18.4198074305 15.1746276582 -0.787117087684 
18.5276498758 15.0420836324 -1.11787322891 
18.5780394041 14.8944653834 -1.35745389229 
18.5992953741 14.74887478 -1.36871122123 
18.6221725905 14.5774964059 -1.39019294485 
18.6403467619 14.4243704642 -1.39465217062 
18.6559967959 14.2834671701 -1.56025770842 
18.6412165129 14.1211332048 4.62278279202 
18.6147446596 13.9646723236 4.60467633587 
18.5895502531 13.8124662603 4.5305669582 
18.5550868475 13.6674551929 4.27946239281 
18.493184086 13.5492389167 4.03623307209 
18.3952054941 13.4426660503 3.73195625858 
18.227931019 13.36158013 3.41302335928 
18.0764992201 13.33564901 3.30629881554 
17.9238395655 13.3233450616 3.30624486382 
17.7669557297 13.3099229301 3.30162646583 
17.625687834 13.2979880537 3.3054272307 
17.4561011755 13.2833133901 3.3033691206 
17.3019134962 13.2698056663 3.2956294951 
17.1191159451 13.2568038667 3.29279942494 
16.9803111517 13.2510406936 3.33529089002 
16.7673440539 13.2348226274 3.30169968325 
16.6228280031 13.223163482 3.2843526272 
16.4874384367 13.2115937437 3.28188402964 
16.2947411501 13.191976663 3.29504912609 
16.1205820405 13.1780008043 3.28510582275 
15.960400019 13.1661955083 3.29484893556 
15.7918765732 13.1531060899 3.29558391874 
15.6381150746 13.1419941152 3.29502716926 
15.4876944387 13.1301976408 3.25046967535 
15.3223881089 13.1195350851 3.06721480967 
15.1755644047 13.1406921113 2.76763583606 
14.9998599255 13.240820762 2.36814895209 
14.9834307396 13.255783316 2.31710633731 
14.8109235727 13.5122982229 1.86904184753 
14.7769018376 13.6622226203 1.56814583838 
14.7855089867 13.7831542457 1.44596024468 
14.8234019243 13.9462621177 1.49233547615 
14.8450529539 14.0602718557 1.6290394636 
14.8498806917 14.1754652227 1.65567994496 
14.8566253149 14.3166339363 1.62038830275 
14.8649830782 14.4705643619 1.61038440886 
14.874209162 14.626289543 1.60975638766 
14.8791046106 14.7366664971 1.60362465393 
14.8840688431 14.8727177943 1.50384710371 
14.9353474342 15.111560371 1.04162468465 
15.0172855222 15.2304058161 0.775140423504 
15.1187366807 15.318944257 0.525405522021 
15.2661923134 15.3846139873 0.23737971764 
15.4134945237 15.4070044125 0.124780835516 
15.5699806177 15.4166750426 0.146710788199 
15.7035343015 15.4255209381 0.141845385826 
15.8788559382 15.4376928026 0.156890873835 
16.0387171769 15.4485644812 0.143353106396 
16.1934303605 15.4583092595 0.136659993908 
16.3584188187 15.468023252 0.148700471101 
16.5053741896 15.4772545511 0.152278379478 
16.6558946335 15.486862045 0.122478915222 
16.8086731398 15.4976483549 0.120578579478 
16.9570798838 15.5063435698 0.153768174274 
17.1081417763 15.5162253941 0.139516300218 
17.2510070765 15.5244331623 0.148979733514 
17.3974243366 15.5326402749 0.140416930168 
17.5778537953 15.5435658658 0.133625937598 
17.7247075998 15.5521212185 0.1335956767 
17.8854486906 15.5612530972 0.138948534348 
18.0291893446 15.5687989856 0.139316972586 
18.2207279169 15.5790693725 0.13342427483 
18.381854769 15.5881142879 0.13349335501 
18.5340013468 15.5953626896 0.132860118824 
18.6973853075 15.6037552024 0.132366466714 
18.8306329214 15.6093259717 0.130252152085 
18.853934046 15.6093426312 0.121837150565 
18.853934046 15.6093426312 0.121837150565 
19.2877883875 15.6981049145 0.773106089807 
19.3383877241 15.733442005 0.878136415808 
19.3383877241 15.733442005 0.878136415808 
19.3383877241 15.733442005 0.878136415808 
19.3383877241 15.733442005 0.878136415808 
19.3383877241 15.733442005 0.878136415808 
19.3383877241 15.733442005 0.878136415808 
19.3383877241 15.733442005 0.878136415808 
19.0527663195 16.6228525604 3.29815758227 
18.8919384443 16.6069251264 3.6105844175 
18.7676773035 16.5552860464 3.75945827527 
18.623069998 16.4678091968 3.76672263727 
18.4940388167 16.3897501195 3.77070461208 
18.3716690504 16.3156396116 3.76432589131 
18.2346157992 16.2326439584 3.76388437667 
18.1060593092 16.1533726419 3.7448251368 
17.9810125792 16.0782307948 3.75943393194 
17.8546534741 16.0026883448 3.75174051772 
17.6983423197 15.9074006642 3.76588091142 
17.5777947867 15.8354916538 3.76163106236 
17.4367260897 15.7508553828 3.75813173489 
17.2984700167 15.6689006353 3.75173165865 
17.1692995989 15.5919761921 3.75848532759 
17.0366066658 15.512918886 3.76734690521 
16.9059817755 15.4350461627 3.75021001145 
16.7682365739 15.3528818975 3.75014239151 
16.6357691848 15.2729915048 3.71364190788 
16.5049183333 15.2012681516 3.51521650064 
16.3691767418 15.1592686439 3.45805580847 
16.2090870702 15.1189015026 3.4567499795 
16.0516778642 15.0803628082 3.46318716701 
15.893827242 15.0410702492 3.45586017229 
15.7648337 15.0103560055 3.45976596874 
15.5865605735 14.9669872786 3.46157061089 
15.4410969579 14.9333611096 3.44800123301 
15.298717376 14.8967847193 3.47676112298 
15.133920964 14.8564109767 3.56218922308 
14.9868511521 14.8073000277 3.81342440141 
14.8546560967 14.7161547507 4.12494172697 
14.7770514452 14.6214851106 4.36530479368 
14.7088930571 14.4634456004 4.67665276293 
14.7051951849 14.263842162 -1.31654260295 
14.7630439961 14.0525445903 -1.18979742428 
14.8159817421 13.8843992914 -1.20695065204 
14.8464606964 13.7679972614 -1.26481361026 
14.8733870947 13.6845971311 -1.15273939216 
14.8733870947 13.6845971311 -1.15273939216 
14.991050061 13.4457830156 -0.630758014776 
15.278223809 13.2663975919 -0.290466013822 
15.4399042391 13.2041779722 -0.29934253064 
15.5820344054 13.1462243761 -0.198518797964 
15.7564916873 13.1046544279 -0.00376086006174 
15.9277435691 13.0898104871 -0.00491297000003 
16.0814375841 13.0753713811 0.0348106938293 
16.2399223113 13.0691782201 0.280984104681 
16.3969107234 13.1045521463 0.453984628628 
16.5576904976 13.1665106977 0.400859375572 
16.7083390319 13.2225018705 0.359797325107 
16.8545760476 13.2669873203 0.214698631093 
16.9954725468 13.2806155647 0.16612492344 
17.1770226919 13.2887818778 0.135909400359 
17.3361084425 13.2989358867 0.143953036306 
17.4896596634 13.3097903694 0.141232086759 
17.6419273579 13.3190453018 0.137939370285 
17.7817813122 13.3279011215 0.139403127338 
17.9123389685 13.3367098535 0.139433278597 
18.0315244162 13.3447120155 0.142904402754 
18.2348964178 13.3583632673 0.343222111364 
18.4002280199 13.4123610223 0.699315476322 
18.549731251 13.5303493703 1.06163932087 
18.6238217318 13.6476036275 1.33156538976 
18.6675915682 13.8171840871 1.68499113297 
18.6634213888 13.9374681676 1.76582558998 
18.6522750818 14.03529894 1.76060495919 
18.6375794375 14.1535216535 1.75514229097 
18.6202564203 14.3017929758 1.75486460548 
18.604521271 14.451318797 1.78668335622 
18.5860106909 14.6051219071 1.94718540622 
18.5324881041 14.7555628086 2.26075807134 
18.4443476164 14.8787414099 2.37607278748 
18.356152054 14.9788575734 2.39252758984 
18.2380711996 15.1134213174 2.46830049199 
18.1204583609 15.221360272 2.64286201517 
17.9937896692 15.3030732537 2.63085889285 
17.8548896277 15.3911875303 2.69973567818 
17.719863888 15.4649610634 2.9308530921 
17.594687339 15.5029254521 3.20347299969 
17.4675408566 15.5039721991 3.37950355421 
17.3609329426 15.4872423972 3.37991382189 
17.2949767077 15.4796818907 3.36267449239 
17.2245919668 15.4687814082 3.35780926438 
17.1321846211 15.4549968208 3.36344553668 
17.0158163273 15.4376368488 3.36499533062 
16.8710175717 15.4178023751 3.36831882286 
16.7337754333 15.3969849313 3.36092401939 
16.5746028387 15.3735841776 3.3519816261 
16.4433397019 15.3528855408 3.3668274047 
16.2501677239 15.3247002552 3.35617266213 
16.1238584631 15.3077285776 3.34931492376 
15.931134537 15.279974554 3.36670774927 
15.8086970189 15.2628329604 3.5492143468 
15.6863516682 15.229374707 3.93788889341 
15.6411665195 15.1970490555 4.18681843675 
15.5925648176 15.1687598268 4.70295375999 
15.5710199141 15.1703620891 -1.2327254446 
15.5503928923 15.1612215976 -0.897244139278 
15.5291047656 15.1461001227 -0.51949674233 
15.5188150966 15.126782086 -0.189496237965 
15.5177081787 15.1056956465 0.129902022528 
15.5450180435 15.0994183535 0.276763095465 
15.5986813271 15.1090808178 0.297364996643 
15.6639307254 15.1241096074 0.286957172471 
15.7534405404 15.1432250182 0.284413647522 
15.8610265964 15.1669325645 0.277762436928 
15.9296544791 15.184331924 0.217073768081 
15.968552474 15.1997839736 0.0262054304409 
15.9936367386 15.2171462479 -0.334480290143 
15.9911803567 15.2411200388 -0.636076229905 
15.9850038924 15.2794724668 -0.911884057627 
15.9894223922 15.2878127883 -1.01107308691 
15.9884775096 15.2865114028 -1.01470312767 
15.9877385312 15.2849327887 -1.00737633532 
15.9882061669 15.2855910922 -1.0113466209 
15.9881304764 15.2856404076 -1.00978820035 
15.9877487385 15.2849396656 -1.00743822307 
15.9877859616 15.2849215421 -1.00636137013 
15.9878058248 15.2851125787 -1.00705907048 
15.9878171348 15.2851039732 -1.00757055721 
15.9877907002 15.2851221452 -1.00794268068 
15.987605896 15.2853924448 -1.00792731247 
15.9877879956 15.2851000393 -1.00755100445 
15.9877755531 15.2851148064 -1.00728308512 
15.9876601362 15.2853251735 -1.00569126558 
15.9878156969 15.2850968803 -1.00745593065 
15.9877588042 15.2851478832 -1.00690420947 
15.9876466953 15.285291821 -1.00601659315 
15.9877852612 15.2851185615 -1.00717010095 
15.9876536393 15.2853047627 -1.00604330442 
15.987794269 15.2850945483 -1.00729238015 
15.9876752534 15.2853098961 -1.0064073327 
15.9880790004 15.2860712933 -1.00808530311 
15.9877972418 15.2851342561 -1.0072326743 
15.9876471573 15.2852742674 -1.00606247546 
15.9876278379 15.2853324453 -1.00568512623 
15.9883011394 15.2860383059 -1.01109844411 
15.987669129 15.2852774712 -1.00582715813 
15.9877949544 15.2851171794 -1.00722403374 
