15.8398076856 15.170663398 0.387798198164 
15.8398096972 15.1706415753 0.387697824947 
15.8397922033 15.1706348697 0.387847907847 
15.8400641346 15.1709916557 0.386902196757 
15.8400603906 15.1709835345 0.386782356632 
15.8398201616 15.1706267337 0.387559050842 
15.8397899197 15.1706230978 0.387886566742 
15.839804452 15.1706190074 0.387708660121 
15.8400532977 15.170967404 0.386896311826 
15.8400535808 15.1709676499 0.386752487509 
15.8400606887 15.1709684769 0.386761133992 
15.8397962638 15.1706259663 0.387890274993 
15.8398002015 15.1706135238 0.387734089882 
15.8400519491 15.1709580685 0.386706303973 
15.8400603646 15.1709543655 0.386799436997 
15.8398027756 15.1706032718 0.387655830675 
15.8398020939 15.1706112365 0.387576747042 
15.8400568032 15.170962509 0.386964375081 
15.83980627 15.1705916117 0.387503352651 
15.839813877 15.1706131215 0.387581917126 
15.8398108558 15.1706013049 0.387569027307 
15.8398215474 15.17061485 0.387530623384 
15.8400920891 15.1709658841 0.386678099311 
15.8400713765 15.1709536279 0.386679211544 
15.8398216666 15.1705971474 0.387370818276 
15.8400924691 15.1709708984 0.386527767173 
15.8400871941 15.1709568168 0.38611052511 
15.8400572614 15.170971256 0.386314671597 
15.839824699 15.1706583465 0.387104400146 
15.8400472515 15.1709514374 0.386619982297 
15.839603007 15.1697997118 0.38069744828 
15.8399566488 15.1709846223 0.38571156354 
15.8396668286 15.1705910454 0.38742727549 
15.8398443126 15.1706305335 0.392888451505 
15.8397635632 15.1705758686 0.393080959078 
15.8397861348 15.170574751 0.393231915438 
15.8397020028 15.1706509183 0.38732105699 
15.8399490417 15.1709663833 0.385978374853 
15.8396997043 15.1706509481 0.387014855628 
15.8399475702 15.1710163469 0.385639558289 
15.8399761916 15.1709816048 0.385811218313 
15.8399251887 15.1700506474 0.382078373522 
15.8396533617 15.1698368157 0.380219078407 
15.8397165911 15.1706210564 0.38717214657 
15.8397513592 15.170619231 0.38715251271 
15.8399874271 15.1709653998 0.385989988194 
15.8399894723 15.1709759797 0.385646001108 
15.8405450137 15.1712202246 0.381704110071 
15.8713987247 15.1794147941 0.396055961687 
15.9011610375 15.19108516 0.329438662614 
15.9114122224 15.2086852586 0.0657293327695 
15.92878389 15.2180056556 -0.0567407994639 
15.9757122734 15.2107472702 -0.0806395389525 
16.0618007445 15.1966757367 -0.0744754099894 
16.1263921821 15.1877448375 -0.0840099241399 
16.3015305662 15.1605911891 -0.0719431633109 
16.4602962696 15.1377098302 -0.084773843025 
16.6123903954 15.1128118897 -0.0709740805819 
16.7702856624 15.0889883156 -0.0737949732205 
16.8719359004 15.0732802267 -0.0769411514114 
17.0315061771 15.0487926568 -0.0742193363214 
17.2135658228 15.0213579799 -0.0749599837174 
17.3453410828 15.0022200609 -0.0906473589361 
17.5308568441 14.9734331037 -0.0797696027351 
17.757563945 14.937319305 -0.0843608898766 
17.8960235083 14.9157664145 -0.0743324045646 
18.1553926432 14.8772817219 -0.171427151135 
18.3329694235 14.8282768393 -0.481418663734 
18.5150585138 14.6882243122 -0.933789992986 
18.5920879805 14.55431157 -1.18666561858 
18.636097666 14.4102785552 -1.21628327983 
18.6654083693 14.3154020275 -1.20739321221 
18.7192263567 14.1242221559 -1.43719980362 
18.7215583288 13.9630688394 4.64831047229 
18.7066910231 13.8561577762 4.63232116594 
18.6968305075 13.7869856323 4.62705429442 
18.6968305075 13.7869856323 4.62705429442 
18.6025338137 13.477897879 4.09625590721 
18.6025338137 13.477897879 4.09625590721 
18.4860749209 13.2871360744 2.7474389188 
18.4860749209 13.2871360744 2.7474389188 
18.0688276255 13.2157288755 3.16646555484 
17.9480750525 13.2216190065 3.1680932659 
17.8286125624 13.2280918325 3.17138473542 
17.6423928702 13.2384835447 3.17101535596 
17.5229537451 13.2434395517 3.1647547412 
17.2748329603 13.2561769451 3.16353584226 
17.2748329603 13.2561769451 3.16353584226 
17.0376031363 13.2723946537 3.16905240319 
16.9763810598 13.2796908582 3.1890653246 
16.6870280468 13.2948949302 3.28319126151 
16.5510550701 13.2826136316 3.47001592575 
16.4128279054 13.2486300434 3.4237476499 
16.304644283 13.2200003828 3.32809798484 
16.1720794999 13.2047520841 3.05640251772 
16.0736491346 13.2204724515 2.99795938374 
15.907452278 13.2619284357 3.11138778524 
15.823881548 13.2783503498 3.35900318649 
15.7561747992 13.2715855802 3.43681523013 
15.6838259065 13.2550380195 3.43294762813 
15.4918017649 13.2130285467 3.43536120684 
15.3672946655 13.1851123537 3.42326257326 
15.2329155767 13.1561063493 3.2834769512 
15.0637304747 13.1495882238 2.95199486583 
14.9641275966 13.1730545724 2.75582890049 
14.815631386 13.2550216878 2.44335765177 
14.815631386 13.2550216878 2.44335765177 
14.6369185412 13.5452641214 1.83002071821 
14.6252226793 13.6062695945 1.80774342207 
14.5807008707 13.8618254627 1.78488213969 
14.5717301333 13.918667909 1.74395039669 
14.5717301333 13.918667909 1.74395039669 
14.5169602596 14.359065708 1.47848251753 
14.5461885893 14.5066933001 1.34211255934 
14.5941169226 14.6240780319 1.09216607644 
14.6727083885 14.7535644735 0.768467423384 
14.7339677775 14.8131998743 0.627592965598 
14.8893729412 14.9029252792 0.37985492915 
15.0523468816 14.9516383077 0.344730132149 
15.213941034 14.9955190981 0.372980995129 
15.3705025279 15.0391180927 0.389438628948 
15.4640451634 15.0648184086 0.368434484601 
15.6536924356 15.1156219656 0.349651317005 
15.8031778597 15.1587628911 0.363071818319 
15.9401091897 15.1971373188 0.339389448077 
16.0765267425 15.2345937227 0.327885455181 
16.262078222 15.2847073043 0.314755957396 
16.3732235992 15.3177060748 0.162642434696 
16.4881369435 15.3271551246 0.0593964618672 
16.5853274428 15.3257492746 0.0514577711893 
16.825432893 15.3220021466 0.0513547629849 
16.9356586897 15.3200220952 0.0514861971645 
17.1422216856 15.3158696632 0.0561999106729 
17.2329214775 15.3133754695 0.0686282485995 
17.4155216181 15.3108457665 0.0326944843293 
17.5543673002 15.3082228119 0.0398588147946 
17.7490051949 15.3052989731 0.0440548891774 
17.8774553501 15.3035877536 0.0564558331096 
18.0737457239 15.3014059404 -0.0576832703602 
18.2328705752 15.2782577167 -0.357898548424 
18.4198074305 15.1746276582 -0.787117087684 
18.5077879393 15.0743048156 -1.03967803347 
18.5718154871 14.9247729147 -1.33417693594 
18.6008262598 14.7363051141 -1.36946022562 
18.6248059237 14.5305020774 -1.36527915237 
18.6414778196 14.4156104887 -1.40070484156 
18.653568741 14.2042622531 4.64402463173 
18.6464908087 14.149121877 4.61968384384 
18.6111595595 13.9443063701 4.61294760403 
18.5839204752 13.774662372 4.48484599361 
18.5487234556 13.6508954729 4.23448658434 
18.493184086 13.5492389167 4.03623307209 
18.3952054941 13.4426660503 3.73195625858 
18.2464339697 13.3663893903 3.43775642778 
18.0390293562 13.3329763378 3.29775169102 
17.8772547209 13.3193060125 3.31147247254 
17.7590638363 13.3092622722 3.30660071016 
17.5754024946 13.2939587797 3.30595668632 
17.4646203482 13.2840187515 3.30322758136 
17.2511496508 13.2664380039 3.3014882358 
17.1316831076 13.2564823593 3.29703403008 
17.0016002619 13.2511792148 3.28649033667 
16.8606848085 13.2443832124 3.3112813269 
16.7030207479 13.2285138334 3.28230403563 
16.5127990806 13.215444919 3.29315628337 
16.3767667675 13.2038348878 3.3486055695 
16.2227223479 13.1871050561 3.29783402783 
16.0817767495 13.1759203638 3.24970000236 
15.9521276021 13.1655188764 3.29435889826 
15.7622081601 13.1510013307 3.29644279683 
15.6381150746 13.1419941152 3.29502716926 
15.4876944387 13.1301976408 3.25046967535 
15.3223881089 13.1195350851 3.06721480967 
15.204165157 13.1330038274 2.82957014217 
15.0388002359 13.2079263891 2.47609574487 
14.9834307396 13.255783316 2.31710633731 
14.9834307396 13.255783316 2.31710633731 
14.7769018376 13.6622226203 1.56814583838 
14.7855089867 13.7831542457 1.44596024468 
14.7940243446 13.8398909534 1.39968902474 
14.832817074 13.9963805641 1.54209191729 
14.847042557 14.1157710517 1.62649332557 
14.8567377293 14.2846049632 1.65060702209 
14.8612139189 14.4197407926 1.65707292658 
14.8722574675 14.606257614 1.59316616016 
14.8791046106 14.7366664971 1.60362465393 
14.8856393063 14.9128641451 1.51587449956 
14.9868134224 15.192895409 0.88811412731 
15.1022459232 15.30697668 0.524089357796 
15.2241991126 15.3718083019 0.300327475035 
15.4049523437 15.4060821945 0.114281080517 
15.490666058 15.4113281483 0.144177465105 
15.6421078407 15.4214175756 0.150313388146 
15.7995153033 15.4315703327 0.163936478726 
16.0306710267 15.4481740708 0.146295220528 
16.1934303605 15.4583092595 0.136659993908 
16.3142164015 15.4657000864 0.130358122862 
16.4981558883 15.4770558293 0.154657308279 
16.6130514109 15.4841130043 0.112174527792 
16.7795459592 15.4955232407 0.140052435733 
16.9476703369 15.5059219266 0.122047789075 
17.0698401892 15.5135435427 0.159806779484 
17.2420147621 15.524105307 0.123152292042 
17.4649814331 15.5368020202 0.13445041206 
17.614706155 15.5469588006 0.123472899615 
17.816575762 15.5578052069 0.139774719261 
17.987134453 15.5666449631 0.139615418693 
18.1618401968 15.5761582519 0.136404610289 
18.3231754267 15.5854558314 0.131814944692 
18.5000619852 15.5935156907 0.137656790788 
18.6685836279 15.6021422709 0.125709842271 
18.7963530981 15.6084182228 0.129057369161 
18.853934046 15.6093426312 0.121837150565 
19.0967457258 15.6283334757 0.359878418358 
19.2542347872 15.6790140832 0.692825277598 
19.3383877241 15.733442005 0.878136415808 
19.3383877241 15.733442005 0.878136415808 
19.3383877241 15.733442005 0.878136415808 
19.3383877241 15.733442005 0.878136415808 
19.3383877241 15.733442005 0.878136415808 
19.3383877241 15.733442005 0.878136415808 
19.3383877241 15.733442005 0.878136415808 
18.9926564657 16.6227679218 3.41280145358 
18.879437443 16.6035666431 3.6272955003 
18.7421569788 16.5406068529 3.76873003973 
18.5938532316 16.450128075 3.76622907601 
18.4323151075 16.3534840311 3.74848490512 
18.3214790785 16.2854841913 3.76569576409 
18.1748506987 16.1964742506 3.77436603498 
18.0371231997 16.1106872524 3.74554343963 
17.9118006193 16.0369086827 3.75069557867 
17.7745116913 15.9542044366 3.75544412916 
17.6100231373 15.8562108243 3.75260870122 
17.4792782032 15.7773960794 3.74237006173 
17.3423951828 15.6946862901 3.75886978535 
17.2402223312 15.6347411836 3.75203636332 
17.0888938868 15.5440310801 3.75596096024 
16.9314335549 15.4498728628 3.75002835366 
16.7682365739 15.3528818975 3.75014239151 
16.65343773 15.2843954342 3.71280216407 
16.5403540098 15.2182653269 3.65950074249 
16.3573724591 15.1571281145 3.45540340668 
16.1439422333 15.1034333373 3.46168106653 
15.9449315296 15.054406252 3.4599036001 
15.787048977 15.0156591947 3.47498216448 
15.6642072761 14.9857841695 3.4589864943 
15.4695728981 14.9389744664 3.45364766907 
15.3270114624 14.9034810925 3.48481284118 
15.1980632507 14.870922562 3.47527506849 
15.0377232992 14.8285259868 3.69598823329 
14.9188045227 14.7685377265 3.95845618634 
14.7657302582 14.6031258071 4.41190074598 
14.7181251013 14.4925590719 4.64045104622 
14.7062177622 14.2554641927 -1.2872317958 
14.7372754776 14.1363639797 -1.22376880262 
14.7927374804 13.9540430273 -1.25421554581 
14.8388715946 13.8019585575 -1.23027647257 
14.8733870947 13.6845971311 -1.15273939216 
14.8733870947 13.6845971311 -1.15273939216 
14.991050061 13.4457830156 -0.630758014776 
14.991050061 13.4457830156 -0.630758014776 
15.3835639917 13.2269219125 -0.300997749712 
15.5079856777 13.1762536729 -0.276471463481 
15.7397438103 13.106577989 -0.013065788807 
15.8566914463 13.0978430475 -0.0194733266417 
16.029963907 13.0818723405 -0.00366343316948 
16.186888721 13.0675398077 0.178185540196 
16.3529775703 13.0904298986 0.408094365735 
16.5102156961 13.1488229001 0.404345057087 
16.6520462 13.2017086709 0.383813023985 
16.8472456896 13.2671101058 0.216532455751 
16.916811701 13.2760550941 0.17596698354 
17.0979635679 13.2856072153 0.170861258175 
17.2773174011 13.2951979602 0.140565240701 
17.4592677319 13.3078663314 0.141094860955 
17.5927003586 13.3153939212 0.141212177067 
17.7901289427 13.3284796442 0.139617163042 
17.9720387423 13.3407512868 0.137319176341 
18.176413294 13.352307793 0.247546228632 
18.3209583723 13.3775355781 0.521753828388 
18.4165725672 13.4205270971 0.747164906884 
18.5629782641 13.5459372962 1.10489400017 
18.645921942 13.7012202705 1.47626010827 
18.6678638422 13.8339118923 1.70046472027 
18.6634213888 13.9374681676 1.76582558998 
18.6542916262 14.0088082517 1.75005301269 
18.6409389937 14.1281721557 1.75713540769 
18.6217558348 14.2885990108 1.75524595332 
18.6042258703 14.4560424651 1.7912068479 
18.5662422144 14.6816319192 2.12013912155 
18.4635918104 14.8550275529 2.36370336316 
18.2977182829 15.046421286 2.39974747842 
18.2035372221 15.1510504896 2.54239361175 
18.0605025255 15.2622819974 2.65374943547 
17.917106148 15.350437891 2.67516788944 
17.719863888 15.4649610634 2.9308530921 
17.548903104 15.5067455436 3.26604296036 
17.4328836166 15.4990188445 3.38357311965 
17.3499088251 15.4852984811 3.37889240818 
17.2687375509 15.4748657311 3.36865608619 
17.2140488588 15.4660341109 3.33735178371 
17.0962208473 15.450234201 3.36713542376 
16.9595620596 15.4302240873 3.355063366 
16.7423014605 15.3986932749 3.36676719685 
16.5318419897 15.367160883 3.36690071688 
16.381560322 15.3433737794 3.35404042083 
16.1826440358 15.3152545954 3.3486928234 
16.0012496227 15.2895306686 3.33287368925 
15.8401489184 15.2695626693 3.50395954072 
15.7155031377 15.2384391027 3.82846859991 
15.6483222061 15.2060194577 4.13781799203 
15.6097848379 15.1783968734 4.48200113813 
15.5825298094 15.1727132464 -1.42317676936 
15.5662542843 15.169406798 -1.16190644059 
15.5393480026 15.1549336875 -0.723005652371 
15.5235758984 15.1384441818 -0.386726416984 
15.5183363223 15.1252452622 -0.170253177306 
15.5259977543 15.1010147298 0.204332445073 
15.5450180435 15.0994183535 0.276763095465 
15.6221266055 15.1136242116 0.291042065867 
15.6707601809 15.1255792792 0.289234024979 
15.7956567594 15.1532082448 0.294907443473 
15.8743609154 15.1687222237 0.28774686715 
15.9527191707 15.1936945433 0.118635130026 
15.9765972384 15.2037476527 -0.0495194553235 
15.993598763 15.2254583968 -0.459388268761 
15.987470802 15.2550960875 -0.759105603054 
15.9838223496 15.2832953709 -0.937008420089 
15.9889915847 15.2878540831 -1.01547890898 
15.9878383541 15.2849342229 -1.00743707435 
15.9878434503 15.2848402413 -1.00897104515 
15.9878249132 15.2848506535 -1.00867246703 
15.9877606669 15.2849375384 -1.00760242091 
15.9877556303 15.284943756 -1.00727539415 
15.9876764679 15.2852821017 -1.00895250732 
15.987772938 15.2851091812 -1.00761669075 
15.9876623192 15.2852858643 -1.00632880076 
15.9876495862 15.2853370833 -1.00579504881 
15.9876389765 15.2853250208 -1.005862197 
15.9877947384 15.2851059551 -1.00754116429 
15.9876449146 15.2853426042 -1.00588775156 
15.9877962508 15.2851067188 -1.0073524108 
15.9876425081 15.2853309291 -1.0057733306 
15.9877824822 15.2851385551 -1.00729846382 
15.9876623937 15.2853266189 -1.00592651421 
15.9876536393 15.2853047627 -1.00604330442 
15.9876609408 15.2852949801 -1.006105005 
15.9876681977 15.2853120344 -1.00597706 
15.9876495638 15.2852860543 -1.00596364694 
15.9877995365 15.2851050387 -1.00752833322 
15.9883131498 15.2861553656 -1.00352914059 
15.9876278379 15.2853324453 -1.00568512623 
15.9889050313 15.2853840666 -0.995722006337 
15.987669129 15.2852774712 -1.00582715813 
15.9877949544 15.2851171794 -1.00722403374 
15.9877949544 15.2851171794 -1.00722403374 
