15.9877949544 15.2851171794 -1.00722403374 
15.8400392124 15.1709931905 0.386687797853 
15.8400635236 15.1709945912 0.386792517217 
15.8397949339 15.1706212054 0.387704892972 
15.8418935762 15.1708200018 0.40784695295 
15.8398059757 15.1706441383 0.387755175279 
15.8398183436 15.1706415976 0.387545127567 
15.8397967481 15.1706310774 0.387743088152 
15.8397208565 15.1706047545 0.387002490661 
15.8398006709 15.1705999638 0.387595864154 
15.8398083673 15.1706256608 0.387661240841 
15.8398107403 15.1706066171 0.387678337088 
15.8397912235 15.1706130619 0.387545716995 
15.8398044334 15.1706115196 0.387510727933 
15.8400519491 15.1709580685 0.386706303973 
15.8398234734 15.1706209446 0.387654646214 
15.8400615492 15.1709632168 0.386675149961 
15.8398020939 15.1706112365 0.387576747042 
15.8398095408 15.1706089939 0.387726957422 
15.8400648126 15.1709580163 0.386685565009 
15.8400515207 15.1709520335 0.386722720995 
15.839812521 15.1706145296 0.387675899227 
15.8398219832 15.1706233064 0.387628255612 
15.8398262897 15.1706251095 0.387677024248 
15.8398167045 15.1706109087 0.387690286527 
15.8398332187 15.1706221218 0.387572075172 
15.8398174235 15.1706149692 0.387598778949 
15.8398408593 15.1706224869 0.387254027504 
15.8400536963 15.1709462369 0.386242159321 
15.839824699 15.1706583465 0.387104400146 
15.8397919313 15.1706003363 0.387507706644 
15.8399244064 15.1700620318 0.382588833551 
15.8399566488 15.1709846223 0.38571156354 
15.839044165 15.1701588074 0.404997115297 
15.8397443407 15.1705271343 0.393114261955 
15.8397612983 15.1705585236 0.392947891583 
15.8397799396 15.1705558489 0.393241009381 
15.8396001273 15.1698056723 0.379155545015 
15.8399252632 15.1708028803 0.384444365521 
15.8397085705 15.1706497113 0.386935887546 
15.8399372102 15.1710083375 0.385927695275 
15.8397155703 15.1706608499 0.386987146892 
15.8396622577 15.1705014522 0.387364172871 
15.8399182932 15.1700662191 0.382207589548 
15.8397169077 15.1706432665 0.38725365235 
15.8397360557 15.1706128756 0.387123626222 
15.839571111 15.1697736869 0.379651912646 
15.8399931529 15.1709675903 0.385802332548 
15.8397620433 15.1706442351 0.386745787997 
15.8551442103 15.1747137422 0.374451874312 
15.8977483205 15.187968638 0.356615961551 
15.9118693006 15.2037506031 0.170432973685 
15.9200169203 15.2161424907 -0.031279172305 
15.9572298342 15.2122996471 -0.0626092640601 
16.0212888085 15.2028899642 -0.0739649369404 
16.120311197 15.1882572996 -0.0838380127541 
16.2406294608 15.1698841567 -0.0840222888285 
16.3944101297 15.1468285213 -0.0714476761199 
16.5450197422 15.1246994997 -0.0840327541708 
16.692841109 15.1016130264 -0.062825904026 
16.8336411678 15.0795962031 -0.0757528416967 
16.9934332335 15.0542814697 -0.0742868100137 
17.1418541634 15.0321954156 -0.0738555621499 
17.2948880159 15.0098118449 -0.0837694428418 
17.4281014168 14.9889294768 -0.0896635187991 
17.6057009661 14.9612510169 -0.0915189901833 
17.7435697281 14.9394329751 -0.0683722990523 
17.8657151425 14.919881549 -0.07459975091 
18.0019669497 14.8982979024 -0.0592510775195 
18.1718604529 14.8746373917 -0.175550499487 
18.3866090738 14.7999246682 -0.59590579483 
18.5101814234 14.6946174468 -0.918425524008 
18.5958459341 14.547571894 -1.17267674121 
18.6333470308 14.4236634339 -1.2035672599 
18.6817243063 14.2659867967 -1.24380044624 
18.721622225 14.1075212921 -1.47570627805 
18.7203581297 13.9547251428 4.647599653 
18.6990373098 13.8040449584 4.63413149705 
18.6968305075 13.7869856323 4.62705429442 
18.6239006483 13.5148428644 4.14109199475 
18.6025338137 13.477897879 4.09625590721 
18.5200743639 13.3314963544 2.77452388214 
18.4860749209 13.2871360744 2.7474389188 
18.1848761999 13.2165583337 3.2171985489 
18.0688276255 13.2157288755 3.16646555484 
17.8423528635 13.2274883951 3.16630333524 
17.7257902586 13.2348014081 3.17469562795 
17.5229537451 13.2434395517 3.1647547412 
17.4032070601 13.2495534385 3.16405579009 
17.2748329603 13.2561769451 3.16353584226 
17.1556669438 13.2647662128 3.16594807676 
16.9763810598 13.2796908582 3.1890653246 
16.9188911879 13.2828433479 3.16580784224 
16.6386620366 13.2941344942 3.3963060538 
16.5445741379 13.2790507043 3.45375940984 
16.3618764841 13.2338958944 3.40587990106 
16.246550765 13.2078815664 3.19768686518 
16.0813594722 13.2188404764 2.99965697772 
15.962211948 13.248003837 3.0339868931 
15.8599281294 13.2732802595 3.24668427004 
15.7910376453 13.276233908 3.40795540405 
15.6838259065 13.2550380195 3.43294762813 
15.5518656039 13.2264145578 3.43631819075 
15.3919187152 13.1911371912 3.42928877059 
15.2447761261 13.1579593385 3.300699989 
15.0845910871 13.1470881666 2.97547260237 
14.9368570411 13.1833540166 2.6885123096 
14.815631386 13.2550216878 2.44335765177 
14.815631386 13.2550216878 2.44335765177 
14.6400288307 13.5292596782 1.8313434557 
14.6252226793 13.6062695945 1.80774342207 
14.5844171011 13.8359746898 1.8497999737 
14.5717301333 13.918667909 1.74395039669 
14.5717301333 13.918667909 1.74395039669 
14.5161652529 14.2955231036 1.60253039415 
14.5274544918 14.4515066112 1.40447272575 
14.566060301 14.5706716145 1.14614321945 
14.6295720303 14.6927376355 0.942322583796 
14.7264516317 14.8072122003 0.654493254993 
14.8620169127 14.8926941122 0.406879241272 
15.0033339226 14.9386480714 0.340692620837 
15.1503478849 14.9790244366 0.351314724233 
15.2956556642 15.0192356522 0.296265833666 
15.4516457879 15.0626205916 0.373192160968 
15.6132646167 15.1043931956 0.355704404794 
15.7613752448 15.1462807844 0.357215958314 
15.9114113861 15.1886800716 0.33301319884 
16.0601504111 15.2305584748 0.321977897176 
16.207493689 15.2695124543 0.335634824484 
16.3430182302 15.3106680254 0.203061746313 
16.4652093613 15.3274226899 0.0585778176209 
16.6108946764 15.3256604935 0.0581903319472 
16.7752762997 15.3231975252 0.0496391535818 
16.9271229469 15.3201309408 0.0511731610954 
17.0766326153 15.3169455717 0.0477361600991 
17.2098711693 15.3141590247 0.0451620375369 
17.385389086 15.3113395462 0.039092461538 
17.5455629789 15.3085232938 0.0451686991527 
17.6869226658 15.3058109249 0.0654352270917 
17.8600914442 15.3037483732 0.0530083477772 
18.0101535284 15.3025416846 0.0100288513035 
18.1699743235 15.2926958094 -0.22337062578 
18.309581753 15.248123429 -0.517570717823 
18.4421982729 15.1540727879 -0.851213586375 
18.5336773359 15.0310144092 -1.14193196516 
18.5802602732 14.8859482671 -1.36530839778 
18.6019287073 14.7278615201 -1.36900677575 
18.6197798216 14.5985219444 -1.3905408882 
18.6403467619 14.4243704642 -1.39465217062 
18.6567339861 14.2620771492 4.69536070429 
18.6396498644 14.1131128038 4.62537032991 
18.6147446596 13.9646723236 4.60467633587 
18.5925841295 13.8329617942 4.51299793151 
18.5522589647 13.6591088737 4.26282663313 
18.493184086 13.5492389167 4.03623307209 
18.3952054941 13.4426660503 3.73195625858 
18.227931019 13.36158013 3.41302335928 
18.0859701597 13.3356003726 3.29794743549 
17.9238395655 13.3233450616 3.30624486382 
17.7669557297 13.3099229301 3.30162646583 
17.6457978451 13.3002114261 3.30963205349 
17.4858195746 13.2857540811 3.30234318215 
17.3314317429 13.2720047201 3.29472534954 
17.1608205998 13.2588713134 3.29758696353 
17.0327603781 13.2488048042 3.29467210249 
16.8758742773 13.2430778707 3.35756882608 
16.7165284717 13.2300988401 3.33383611841 
16.5254901611 13.2161110605 3.30860420357 
16.3682850265 13.1998995508 3.31578920751 
16.2439508402 13.1885186399 3.29803509965 
16.0817767495 13.1759203638 3.24970000236 
15.9521276021 13.1655188764 3.29435889826 
15.7706883067 13.1515930856 3.29610731911 
15.6294691527 13.1415387357 3.29519552413 
15.4535887205 13.1262742246 3.23704758769 
15.3341609799 13.1195956434 3.080786005 
15.1755644047 13.1406921113 2.76763583606 
15.0150373542 13.2254461015 2.42204295313 
14.9834307396 13.255783316 2.31710633731 
14.9834307396 13.255783316 2.31710633731 
14.7779374086 13.6438925231 1.60826156002 
14.7855089867 13.7831542457 1.44596024468 
14.8254154884 13.9678820337 1.48734479582 
14.8434841597 14.0730982984 1.61092680276 
14.8498806917 14.1754652227 1.65567994496 
14.8574559652 14.341513213 1.64757146664 
14.8684239351 14.5085339511 1.65837172271 
14.874209162 14.626289543 1.60975638766 
14.8793675863 14.8104845847 1.58929600518 
14.8856393063 14.9128641451 1.51587449956 
14.9394505584 15.1178521032 1.02806973001 
15.0172855222 15.2304058161 0.775140423504 
15.132909652 15.3275129388 0.499961889404 
15.274720844 15.3876938636 0.236650531813 
15.4327939117 15.4077269102 0.130571776464 
15.5830958747 15.4173010702 0.143323255627 
15.7337940597 15.4271803314 0.13008894638 
15.8653152493 15.4369031454 0.169932233991 
16.0476095789 15.449447375 0.14152413305 
16.2118087077 15.4598151113 0.117525787452 
16.3664756679 15.4683773632 0.153179667427 
16.5187220537 15.4781321699 0.135297522139 
16.6643826925 15.4876369203 0.125472139242 
16.8174099886 15.4972833658 0.145577411306 
16.9698085749 15.5070663358 0.1538334883 
17.1172461474 15.5159241522 0.155033630629 
17.270732876 15.5257573987 0.160779079069 
17.4213780129 15.5344339872 0.121034418592 
17.6222034657 15.5463519062 0.124893644228 
17.7407199108 15.5531119371 0.156129501159 
17.987134453 15.5666449631 0.139615418693 
18.1405179464 15.5749568606 0.133704755601 
18.3231754267 15.5854558314 0.131814944692 
18.5128979647 15.5945235158 0.129313864391 
18.6563951933 15.6011100675 0.129625459539 
18.853934046 15.6093426312 0.121837150565 
18.853934046 15.6093426312 0.121837150565 
19.2801709139 15.6950946713 0.75889727877 
19.3383877241 15.733442005 0.878136415808 
19.3383877241 15.733442005 0.878136415808 
19.3383877241 15.733442005 0.878136415808 
19.3383877241 15.733442005 0.878136415808 
19.3383877241 15.733442005 0.878136415808 
19.3383877241 15.733442005 0.878136415808 
19.3383877241 15.733442005 0.878136415808 
19.0610556566 16.6223882402 3.28082382864 
18.9000985586 16.6084518398 3.58378381969 
18.7485868895 16.5450712408 3.77153851272 
18.5798139536 16.4413171972 3.76588499347 
18.4578731024 16.3677184547 3.76695654672 
18.3147170508 16.2810641492 3.76401268045 
18.1748506987 16.1964742506 3.77436603498 
18.044896599 16.115176555 3.74164266404 
17.9038481676 16.0332230891 3.76124895815 
17.7484887802 15.9388472403 3.74806318349 
17.6180443728 15.860110339 3.75383496321 
17.4644079172 15.7686129774 3.75108742826 
17.3349662983 15.6906513239 3.75810246439 
17.1954346859 15.6078301931 3.75437320211 
17.0815429651 15.5397331382 3.75528907101 
16.9314335549 15.4498728628 3.75002835366 
16.7936248147 15.3680536414 3.74970816297 
16.6687553489 15.2934415566 3.73114574107 
16.5403540098 15.2182653269 3.65950074249 
16.3857244217 15.1633145849 3.45335592564 
16.2491823697 15.1285821984 3.45946184256 
16.1108235979 15.0947158451 3.46028759385 
15.9449315296 15.054406252 3.4599036001 
15.7785852888 15.0134572948 3.47408600926 
15.6359429919 14.9787671829 3.46305011667 
15.4695728981 14.9389744664 3.45364766907 
15.3191929423 14.9016906584 3.47978687532 
15.1685552561 14.8642259503 3.49571939896 
15.0233897531 14.8234424258 3.75227290739 
14.9188045227 14.7685377265 3.95845618634 
14.7841285431 14.6324064101 4.3380089262 
14.7181251013 14.4925590719 4.64045104622 
14.6994014942 14.3436084951 -1.35418060519 
14.7211599314 14.1927859748 -1.24561159923 
14.7526420319 14.0875625576 -1.24113547357 
14.8079665863 13.9125739301 -1.21288247241 
14.8464606964 13.7679972614 -1.26481361026 
14.8733870947 13.6845971311 -1.15273939216 
14.8733870947 13.6845971311 -1.15273939216 
14.991050061 13.4457830156 -0.630758014776 
15.15808725 13.3304519618 1.27960665682 
15.3835639917 13.2269219125 -0.300997749712 
15.5433376395 13.1615799631 -0.246041371359 
15.6877680683 13.1146880353 -0.0472661676547 
15.8356773109 13.0993970598 -0.0171076435493 
15.9873689526 13.0862444604 -0.0154783120188 
16.1479573214 13.0697454179 0.115718773435 
16.300106492 13.076878425 0.376067415041 
16.4330177867 13.1196147169 0.421968526036 
16.5576904976 13.1665106977 0.400859375572 
16.6996871197 13.2200430597 0.355862784182 
16.8161427343 13.2612482275 0.221520593483 
16.9584839308 13.2792215312 0.157432237586 
17.1111767256 13.2846603359 0.131401465542 
17.2985041105 13.2965599264 0.141194022592 
17.4080630505 13.3043808902 0.139136433025 
17.541916486 13.3125035728 0.141002279296 
17.7143664324 13.3235617841 0.139812367477 
17.8910832369 13.3352562154 0.139510928665 
18.0836257898 13.347025987 0.162716086095 
18.2717096769 13.3654109205 0.406499696581 
18.4613156283 13.4510070051 0.843555910182 
18.5680758917 13.5534323419 1.11804659533 
18.6405672991 13.6857775415 1.43994766746 
18.6678986513 13.8408485616 1.70684156493 
18.6584861242 13.9686148132 1.75209640168 
18.6493928396 14.0563565458 1.75691794787 
18.6334612333 14.187806722 1.75633057434 
18.6150815451 14.3488727773 1.75337407609 
18.5994720423 14.5036365355 1.80601953886 
18.5744037592 14.653669473 2.05002450951 
18.5086073839 14.794882443 2.3355230593 
18.4101109469 14.919091847 2.38435856972 
18.3126010859 15.0295643921 2.39365359987 
18.2092981302 15.1451316963 2.52970322564 
18.0918960535 15.240731058 2.64664082885 
17.9747703039 15.3135775889 2.65377713011 
17.7287050449 15.4620898629 2.92064693674 
17.5427995884 15.5065349008 3.28644321823 
17.4098303282 15.4960381056 3.38875607891 
17.326192137 15.4825165237 3.35231435836 
17.2500177586 15.4724803085 3.37820562119 
17.1203892195 15.4534106667 3.36259856036 
16.9903472626 15.434731182 3.35784902903 
16.8118341529 15.4079810346 3.34097297026 
16.6341189706 15.3814479376 3.34687278743 
16.4239650333 15.3488128001 3.38684960314 
16.301561203 15.3316084186 3.34952604515 
16.08197416 15.3006707619 3.33763139309 
15.9792824724 15.2884030121 3.33274992755 
15.8660988753 15.2726567465 3.4658014593 
15.7476977223 15.2488464576 3.69514120585 
15.6800974869 15.2231596264 3.97923149171 
15.6228789651 15.1877816769 4.33724671967 
15.6005728507 15.1725633408 4.58873929572 
15.5811261201 15.1726623292 -1.40623410795 
15.5662542843 15.169406798 -1.16190644059 
15.5508619511 15.1614015142 -0.90593609245 
15.5329302215 15.1505768637 -0.599955114117 
15.5188150966 15.126782086 -0.189496237965 
15.5275799894 15.1003607626 0.212044189638 
15.5600114131 15.1008707101 0.29411678057 
15.639534887 15.1181221942 0.290018094997 
15.7401633525 15.1399743224 0.27544962418 
15.8500402198 15.1655274148 0.285493750695 
15.9213268199 15.1811044442 0.247812372061 
15.9734930136 15.2017759385 -0.0122782494762 
15.9942945951 15.2184397637 -0.346757604878 
15.9889656195 15.2505680353 -0.725700433017 
15.9858462327 15.286546916 -0.992417369864 
15.9901516401 15.2869614477 -1.01826961544 
15.9881860578 15.285633594 -1.00990518045 
15.987816427 15.2848383526 -1.00929365749 
15.9877345153 15.2849274802 -1.00732397256 
15.9877476656 15.2849348413 -1.00744103837 
15.9877482915 15.2852422523 -1.00701310678 
15.9877334573 15.2851725819 -1.00707204587 
15.9877510407 15.2851779836 -1.00707564178 
15.9877965265 15.2851065474 -1.00751099387 
15.9876100087 15.2853426228 -1.00566308427 
15.9877897986 15.2850862073 -1.00738279006 
15.9876476267 15.2853237393 -1.00589171229 
15.9876611271 15.2853334884 -1.00573012192 
15.9876554796 15.2852817813 -1.00630670806 
15.9877248668 15.2852428297 -1.00914798483 
15.9876786211 15.2852765585 -1.0061113789 
15.9882069343 15.2858274693 -1.00972582413 
15.987650823 15.2853293831 -1.00580861017 
15.9878032618 15.2850920225 -1.0074287488 
15.9876495638 15.2852860543 -1.00596364694 
15.9877977037 15.2851043309 -1.00732143562 
15.9876321071 15.2853449958 -1.00579998983 
15.9889050313 15.2853840666 -0.995722006337 
15.9876480364 15.2852887327 -1.00594507914 
15.9877552205 15.2850995327 -1.00698483925 
