15.8400464655 15.170985874 0.386675954901 
15.8419116215 15.1706427673 0.408887693041 
15.8400120327 15.1709741245 0.386443546791 
15.8398133517 15.1706335957 0.387799563116 
15.8398059757 15.1706441383 0.387755175279 
15.8398107142 15.1706431622 0.387743752456 
15.8397796081 15.1706158335 0.387685269612 
15.8397208565 15.1706047545 0.387002490661 
15.8398071007 15.1706032048 0.387805683206 
15.8397954368 15.1706216449 0.387759527421 
15.8400606887 15.1709684769 0.386761133992 
15.8400694319 15.1709506849 0.386656050015 
15.8400527501 15.1709481517 0.386797452979 
15.8397934289 15.1706393848 0.387415578781 
15.839806121 15.1706162358 0.387560422105 
15.8400618919 15.1709465201 0.386811647772 
15.8400663176 15.1709768812 0.386758370999 
15.8398095408 15.1706089939 0.387726957422 
15.8398068437 15.1706122721 0.387770442406 
15.839813877 15.1706131215 0.387581917126 
15.8400581443 15.1709624122 0.386690804334 
15.8398128675 15.1706082414 0.387615261671 
15.8400865794 15.1709699745 0.38679655484 
15.8400833422 15.1709724481 0.386655510518 
15.8400481419 15.1709352697 0.386357841995 
15.8398326636 15.170611907 0.38771705906 
15.8398353645 15.1706216673 0.387184219716 
15.8398189732 15.1706216971 0.387124642747 
15.839746155 15.1705351959 0.387568461565 
15.8400531301 15.1709528829 0.386446169767 
15.8397113123 15.1706288646 0.387036046749 
15.8397762553 15.1707934032 0.386630735677 
15.8401464858 15.1709064955 0.392252472817 
15.8397489377 15.1705603192 0.393328171501 
15.8397746795 15.1705638955 0.393454958819 
15.8401324787 15.171425056 0.385901680529 
15.8396651709 15.1699313263 0.380070233359 
15.8397098893 15.1706422011 0.387063258725 
15.839924805 15.1710130836 0.385865890225 
15.8399519474 15.1709890629 0.386107868512 
15.8397214637 15.1706435795 0.386873079621 
15.8396243342 15.1698196645 0.380255631771 
15.839994874 15.1709475184 0.386374728123 
15.8397360557 15.1706128756 0.387123626222 
15.8396700137 15.1705017502 0.387416527828 
15.8400035315 15.1709525252 0.38567389819 
15.8397464977 15.1706232617 0.386624388788 
15.8459234798 15.1738794262 0.37326246801 
15.890978651 15.1863925273 0.350829656156 
15.9118693006 15.2037506031 0.170432973685 
15.9200169203 15.2161424907 -0.031279172305 
15.9572298342 15.2122996471 -0.0626092640601 
16.0106369966 15.2049374248 -0.0724835035075 
16.1057017111 15.1901905651 -0.0810757218839 
16.1980022454 15.1767426769 -0.068549788941 
16.3432377839 15.1546471233 -0.071463310038 
16.5450197422 15.1246994997 -0.0840327541708 
16.7048402392 15.0992552454 -0.0724795073215 
16.8719359004 15.0732802267 -0.0769411514114 
17.0527172052 15.0457424636 -0.0744096879773 
17.2218418085 15.0199050719 -0.0783451362618 
17.3245922291 15.0050997699 -0.0992591952208 
17.5040396416 14.976737615 -0.0896989777565 
17.6718039476 14.9512173797 -0.0782172922279 
17.8362522089 14.9251926506 -0.0733815587137 
17.9834301436 14.9026132787 -0.0678306693118 
18.1118302309 14.8827888633 -0.0969213988354 
18.2720267737 14.8519420291 -0.366661656498 
18.4044723475 14.7893544699 -0.645820022914 
18.534258362 14.6637809242 -0.998063969519 
18.6098575556 14.501061138 -1.20103913328 
18.6411406958 14.3941077555 -1.21226151526 
18.6789965593 14.2742431129 -1.23360503378 
18.720439192 14.1158505643 -1.45769936106 
18.7149302923 13.9155385459 4.64224693448 
18.7040615046 13.8383827175 4.63407040293 
18.6968305075 13.7869856323 4.62705429442 
18.6968305075 13.7869856323 4.62705429442 
18.6025338137 13.477897879 4.09625590721 
18.4860749209 13.2871360744 2.7474389188 
18.4860749209 13.2871360744 2.7474389188 
18.1848761999 13.2165583337 3.2171985489 
18.0688276255 13.2157288755 3.16646555484 
17.9480750525 13.2216190065 3.1680932659 
17.7257902586 13.2348014081 3.17469562795 
17.6423928702 13.2384835447 3.17101535596 
17.4032070601 13.2495534385 3.16405579009 
17.2748329603 13.2561769451 3.16353584226 
17.1556669438 13.2647662128 3.16594807676 
16.9763810598 13.2796908582 3.1890653246 
16.7462847197 13.291573521 3.23665254301 
16.6321076715 13.2948199476 3.41616960909 
16.4809843862 13.2662686075 3.43082837649 
16.3448373937 13.2291547025 3.38020077568 
16.2407311165 13.2068411077 3.17986930331 
16.0736491346 13.2204724515 2.99795938374 
15.962211948 13.248003837 3.0339868931 
15.8670634498 13.2717735733 3.2239273575 
15.7798880675 13.2749063934 3.42003904633 
15.7041085624 13.2599774564 3.43621917604 
15.5325650239 13.2218602861 3.43452668256 
15.3919187152 13.1911371912 3.42928877059 
15.2836589777 13.1659122671 3.35373493583 
15.0845910871 13.1470881666 2.97547260237 
15.0050145948 13.16045272 2.81343323184 
14.815631386 13.2550216878 2.44335765177 
14.815631386 13.2550216878 2.44335765177 
14.6400288307 13.5292596782 1.8313434557 
14.6252226793 13.6062695945 1.80774342207 
14.6252226793 13.6062695945 1.80774342207 
14.5717301333 13.918667909 1.74395039669 
14.5717301333 13.918667909 1.74395039669 
14.5717301333 13.918667909 1.74395039669 
14.5173593723 14.3912444676 1.42567467125 
14.5494421684 14.5196846093 1.3075481169 
14.6103934013 14.6599948967 1.01764397114 
14.6992776358 14.784169432 0.723639070524 
14.8711669409 14.8970059122 0.381984951146 
14.9969223106 14.936002549 0.293342552017 
15.0925136768 14.9624372984 0.367676777865 
15.2765538656 15.0151870216 0.351947201936 
15.3948710525 15.0451920296 0.371761482482 
15.5478192532 15.0868088866 0.35513423914 
15.753159132 15.1437971259 0.35487187319 
15.862417318 15.1748370121 0.357327949014 
15.989506472 15.2101434416 0.338890668565 
16.1665747726 15.2582179422 0.329861547542 
16.3113943898 15.3009130324 0.261294655462 
16.4652093613 15.3274226899 0.0585778176209 
16.6108946764 15.3256604935 0.0581903319472 
16.7668485605 15.3232992406 0.0518282742501 
16.9055625164 15.3206183205 0.0536830554324 
17.0886177981 15.3168261389 0.0644397954854 
17.2554355824 15.3130918781 0.044543142295 
17.4028933012 15.3111001591 0.0362377916793 
17.6064530575 15.3075025121 0.061487170939 
17.7490051949 15.3052989731 0.0440548891774 
17.9287373983 15.3021736706 0.0542971885674 
18.0823569262 15.3007040287 -0.0687605685379 
18.2615935766 15.2686831134 -0.418881257988 
18.3536403143 15.2228131101 -0.633210148319 
18.4958853685 15.0913186635 -0.994460630321 
18.5421056711 15.0154696966 -1.17878725322 
18.5886249506 14.8360079492 -1.37146147341 
18.6130297148 14.6481382812 -1.37600605374 
18.6340599024 14.4674530591 -1.37113903691 
18.6493985617 14.3563246692 -1.46413639852 
18.6412165129 14.1211332048 4.62278279202 
18.6147446596 13.9646723236 4.60467633587 
18.594276663 13.8416843379 4.53933091546 
18.5250112974 13.5992560352 4.13030755827 
18.493184086 13.5492389167 4.03623307209 
18.3066391909 13.3889346088 3.53112640369 
18.185013529 13.3509645427 3.35998665814 
18.0390293562 13.3329763378 3.29775169102 
17.9075887167 13.3220404352 3.31187902357 
17.6757087671 13.3022990192 3.30748943856 
17.5455572569 13.2911244596 3.30315222301 
17.3103443348 13.2703845466 3.29514912859 
17.1482428276 13.2577989067 3.29838300939 
16.9592738115 13.2492989267 3.33842054921 
16.8606848085 13.2443832124 3.3112813269 
16.7030207479 13.2285138334 3.28230403563 
16.5127990806 13.215444919 3.29315628337 
16.3466790878 13.1958860124 3.28757675616 
16.2227223479 13.1871050561 3.29783402783 
16.032022711 13.1714140142 3.2829478913 
15.9230699019 13.1633552278 3.29586368504 
15.7107396835 13.147398826 3.29641506829 
15.5653319323 13.1363891328 3.29438026499 
15.3716131413 13.1206008161 3.13708382376 
15.2453703844 13.1238065923 2.90249378418 
15.0388002359 13.2079263891 2.47609574487 
14.9834307396 13.255783316 2.31710633731 
14.9834307396 13.255783316 2.31710633731 
14.781237241 13.5950283969 1.81992200716 
14.7802566254 13.7514153684 1.45680524561 
14.7940243446 13.8398909534 1.39968902474 
14.8338735067 13.9929404224 1.53154266122 
14.8434841597 14.0730982984 1.61092680276 
14.8546748125 14.2183668579 1.64544067832 
14.861338731 14.3873223628 1.6736201984 
14.8725825512 14.6194847787 1.62787830587 
14.880975362 14.8619923557 1.52602729509 
14.8856393063 14.9128641451 1.51587449956 
14.967002269 15.164436307 0.935382673866 
15.0780739152 15.2909219081 0.612405794996 
15.1959229076 15.3608616332 0.356095782931 
15.4746730888 15.4102138246 0.133671500093 
15.6421078407 15.4214175756 0.150313388146 
15.7337940597 15.4271803314 0.13008894638 
15.9454289527 15.4425419087 0.141694274913 
16.1283910089 15.4539942558 0.144902457335 
16.2844919228 15.4638618792 0.129427796689 
16.4274916613 15.4719403053 0.156431810233 
16.6254925692 15.485350203 0.1355086025 
16.7666430437 15.4941113854 0.152147089321 
16.8885875308 15.5015047158 0.157063754084 
17.0874972307 15.5146176482 0.147369119235 
17.2118325197 15.5227616693 0.149774344293 
17.473256346 15.5375455881 0.131981936622 
17.5863653385 15.5437334145 0.131082958795 
17.7570214235 15.5548879469 0.13444901079 
17.936553713 15.5639961923 0.140661810369 
18.1192357504 15.5737783278 0.138692868509 
18.3231754267 15.5854558314 0.131814944692 
18.5340013468 15.5953626896 0.132860118824 
18.6973853075 15.6037552024 0.132366466714 
18.853934046 15.6093426312 0.121837150565 
18.853934046 15.6093426312 0.121837150565 
19.0935256445 15.6270434822 0.347101894916 
19.2801709139 15.6950946713 0.75889727877 
19.3383877241 15.733442005 0.878136415808 
19.3383877241 15.733442005 0.878136415808 
19.3383877241 15.733442005 0.878136415808 
19.3383877241 15.733442005 0.878136415808 
19.3383877241 15.733442005 0.878136415808 
19.3383877241 15.733442005 0.878136415808 
19.3383877241 15.733442005 0.878136415808 
18.9796915018 16.6223208869 3.43200977168 
18.8506331408 16.5935423339 3.67130297767 
18.7036161387 16.5170375074 3.76422738658 
18.5516595804 16.4231206144 3.74782560509 
18.3214790785 16.2854841913 3.76569576409 
18.1578729117 16.1849243606 3.76054297334 
18.0190308058 16.0998538698 3.74518613865 
17.8688226902 16.0115303958 3.75267645232 
17.7604559624 15.9451237286 3.76037259907 
17.6297383272 15.8685302103 3.75801654274 
17.4792782032 15.7773960794 3.74237006173 
17.3423951828 15.6946862901 3.75886978535 
17.2029763424 15.6122629906 3.75336277169 
17.0701030457 15.5330331887 3.75700366619 
16.9240719044 15.4457032199 3.75277288083 
16.8188043797 15.3835919614 3.75156936262 
16.6791074836 15.300200511 3.72447130048 
16.540734049 15.2167998052 3.54888014758 
16.3498625123 15.1556940044 3.46603178386 
16.2090870702 15.1189015026 3.4567499795 
16.022703942 15.0735251273 3.48073489567 
15.858130131 15.0338725115 3.43502444108 
15.6478557551 14.9818541075 3.46077768322 
15.5034105146 14.9468042518 3.47249221494 
15.3826583588 14.917444166 3.47910025118 
15.1769021713 14.8660973574 3.48912867657 
14.96757954 14.7979727353 3.85767873908 
14.8351912462 14.6960284675 4.17883980151 
14.7278304064 14.5217250551 4.58722452933 
14.6984971726 14.3738393749 -1.42104459076 
14.714746114 14.2252429689 -1.23264007108 
14.7587444746 14.0718111957 -1.21817978666 
14.8239470684 13.854974624 -1.19970888068 
14.8464606964 13.7679972614 -1.26481361026 
14.8733870947 13.6845971311 -1.15273939216 
14.8733870947 13.6845971311 -1.15273939216 
14.991050061 13.4457830156 -0.630758014776 
15.2501183712 13.2774003709 -0.294463433297 
15.4399042391 13.2041779722 -0.29934253064 
15.6095093453 13.1360369886 -0.153134903882 
15.8188340404 13.1004313196 -0.011141601004 
15.9709388354 13.0873898233 -0.012860071813 
16.1385973209 13.0709010328 0.0873059311704 
16.3099431061 13.0795055593 0.36895812938 
16.4821020329 13.1384578908 0.40920409273 
16.5769930446 13.1736222471 0.394190250552 
16.767948445 13.245208856 0.278282378708 
16.8777025306 13.2707931961 0.199769194146 
17.0454875195 13.2840869392 0.16984647227 
17.2054735386 13.2900284494 0.141664334178 
17.3994122707 13.3037239278 0.13979805757 
17.563319441 13.31348395 0.140604110949 
17.7012777292 13.3227196897 0.142131299385 
17.8195760214 13.3304448093 0.139803780031 
17.9634668791 13.3401377166 0.138427730462 
18.1850264036 13.3538361753 0.25037629711 
18.2635083162 13.3634328807 0.394104217119 
18.4528477156 13.4458025659 0.867121051509 
18.5891029799 13.5839744771 1.20585434384 
18.6496415102 13.7135244573 1.50309354585 
18.6678981745 13.8505599464 1.71408395959 
18.6612265074 13.9506106342 1.76068892007 
18.6480619871 14.065796491 1.75542627924 
18.6352331602 14.1724348033 1.75481040452 
18.6103472674 14.3904927338 1.75638782354 
18.5922830069 14.563086387 1.87737706651 
18.537322756 14.747748133 2.2475138006 
18.4184753859 14.9089297021 2.38359697571 
18.3245739901 15.014559027 2.40485994182 
18.2230536902 15.1293819288 2.48652138346 
18.0853412115 15.2455030105 2.65604954099 
17.9465780222 15.3331863175 2.64284083699 
17.7633522713 15.4478460217 2.81553660468 
17.5744458401 15.5055711831 3.22586956491 
17.461373564 15.5034238363 3.38032325324 
17.3499088251 15.4852984811 3.37889240818 
17.2857851946 15.4767624254 3.34909224654 
17.2245919668 15.4687814082 3.35780926438 
17.0888848269 15.4487020339 3.36589367235 
16.9222874605 15.4256180341 3.36005260145 
16.7921773755 15.4059581126 3.3570974981 
16.6129972303 15.3788426335 3.3551785568 
16.4239650333 15.3488128001 3.38684960314 
16.292331841 15.3316974903 3.35317091918 
16.1117137336 15.3063403482 3.3497224213 
15.8890293458 15.2754915657 3.40393973474 
15.7607971096 15.2535755842 3.67556381606 
15.6483222061 15.2060194577 4.13781799203 
15.6142179036 15.1799014586 4.4405495698 
15.5838495755 15.1720138604 -1.44868683348 
15.5662542843 15.169406798 -1.16190644059 
15.5447391235 15.1604548583 -0.829007835797 
15.5244326853 15.1395431499 -0.407341685387 
15.5181637668 15.12415218 -0.153442868662 
15.5311449432 15.0995294119 0.23210060404 
15.5860633814 15.106081825 0.286996247574 
15.64457066 15.1194276477 0.286284396937 
15.7476993614 15.1419909636 0.278259765625 
15.8168019318 15.1573314259 0.291502232041 
15.9122791813 15.1796420703 0.243974395975 
15.9497211167 15.1932155343 0.129358695155 
15.9859424346 15.2106922998 -0.193897953241 
15.992539432 15.2366489526 -0.595562040641 
15.9850038924 15.2794724668 -0.911884057627 
15.9894223922 15.2878127883 -1.01107308691 
15.9878383541 15.2849342229 -1.00743707435 
15.9877483734 15.2849466617 -1.0077203362 
15.9879052975 15.2850607785 -1.00972650514 
15.987863537 15.2851154583 -1.00819585623 
15.9877487385 15.2849396656 -1.00743822307 
15.9877041393 15.285282355 -1.00664116664 
15.9878171348 15.2851039732 -1.00757055721 
15.9878056609 15.2851022857 -1.00725363541 
15.9877308422 15.2852010543 -1.00921254435 
15.9876833075 15.2852607297 -1.00877070563 
15.9877796659 15.2850910092 -1.00731381416 
15.9877404832 15.2851907874 -1.0094010209 
15.9878156969 15.2850968803 -1.00745593065 
15.9876208046 15.2853325459 -1.00597006738 
15.9876582437 15.2852953079 -1.00625928235 
15.9877793008 15.2851079221 -1.00729500336 
15.987650823 15.2853293831 -1.00580861017 
15.9878032618 15.2850920225 -1.0074287488 
15.9882863426 15.2861374209 -1.01084527991 
15.9876402655 15.285328083 -1.00590592495 
15.9876876363 15.2855411174 -1.00673648388 
15.9875816965 15.2853186878 -1.00572020209 
15.9877380395 15.2851267571 -1.00686861032 
15.9877949544 15.2851171794 -1.00722403374 
15.9877949544 15.2851171794 -1.00722403374 
