15.8398022951 15.1706528033 0.387775666253 
15.8400638552 15.1709905381 0.386676344569 
15.8404571266 15.1710002388 0.390694872149 
15.8398133517 15.1706335957 0.387799563116 
15.8400509172 15.1709765459 0.38682030171 
15.8398112991 15.1706315617 0.38771538165 
15.8414625787 15.1706159006 0.404582997059 
15.8418712021 15.1706377606 0.4082208733 
15.8400532977 15.170967404 0.386896311826 
15.8397881874 15.1706150661 0.387701439035 
15.8400526942 15.1709598343 0.386824264735 
15.8400719986 15.1709577332 0.386643325592 
15.8397998587 15.1706165562 0.387633616245 
15.8400678599 15.1709786172 0.386721550326 
15.8400526309 15.1709533671 0.386780741863 
15.8398015239 15.170619231 0.387670280281 
15.840029955 15.170950901 0.386489650121 
15.8398076819 15.1706287677 0.387807620797 
15.8397870326 15.1706071163 0.387601536576 
15.8400553541 15.1709520856 0.386589126138 
15.8398064562 15.170624655 0.387713352257 
15.840057362 15.17094465 0.386489808596 
15.8398135864 15.1706318895 0.38764568594 
15.8400713765 15.1709536279 0.386679211544 
15.8400491179 15.1709495897 0.386421240606 
15.8400914335 15.170950454 0.386627294213 
15.8400808723 15.1709575991 0.386207347048 
15.8398196289 15.1706613044 0.387116863098 
15.839824699 15.1706583465 0.387104400146 
15.8398110123 15.1706133077 0.387436667969 
15.8399244064 15.1700620318 0.382588833551 
15.8397391142 15.1706359203 0.386551864085 
15.8396668286 15.1705910454 0.38742727549 
15.8398443126 15.1706305335 0.392888451505 
15.8397675232 15.1705530326 0.392779742124 
15.8397926876 15.1705716739 0.393119630322 
15.8399934136 15.1707292909 0.391712271926 
15.8399644756 15.1709834749 0.385717630915 
15.8397024163 15.1706222484 0.387082701527 
15.8396508173 15.1705454851 0.387243006084 
15.8397186325 15.1706288497 0.386903951762 
15.8397214637 15.1706435795 0.386873079621 
15.839656748 15.1698310415 0.380344688593 
15.8397169077 15.1706432665 0.38725365235 
15.8397280463 15.1706151331 0.387175609537 
15.839571111 15.1697736869 0.379651912646 
15.839745991 15.170616139 0.386788029736 
15.839754332 15.1706297735 0.38660620942 
15.8527618797 15.173087355 0.37407830407 
15.8977483205 15.187968638 0.356615961551 
15.911664039 15.2005422043 0.218880538416 
15.9141423126 15.2147149539 -0.0163889338014 
15.9457327836 15.2160174085 -0.0798106209921 
15.9934091085 15.2080917435 -0.0789312922377 
16.1057017111 15.1901905651 -0.0810757218839 
16.2119628751 15.1748476143 -0.0727750534061 
16.3819330001 15.1499680991 -0.0828089221795 
16.5019452536 15.1305212418 -0.0721036089669 
16.633789953 15.1094385351 -0.0731487095801 
16.8420565092 15.0781312401 -0.074725841942 
16.9934332335 15.0542814697 -0.0742868100137 
17.1333308184 15.0335024411 -0.0738065702739 
17.2948880159 15.0098118449 -0.0837694428418 
17.4237693512 14.9893096502 -0.0911799534605 
17.5767736399 14.966559049 -0.0806604493013 
17.757563945 14.937319305 -0.0843608898766 
17.9169585669 14.9125619198 -0.0793745084891 
18.0622138941 14.890220132 -0.0640165066543 
18.1635193789 14.87606838 -0.176605455892 
18.3488912546 14.8201479281 -0.527436081254 
18.4686348402 14.7384429539 -0.811472062607 
18.5576012098 14.6271398629 -1.07197398258 
18.6098575556 14.501061138 -1.20103913328 
18.6563408339 14.3438163365 -1.20108714923 
18.7049188578 14.1868981088 -1.32951759457 
18.7261843645 14.0565593208 -1.54952402462 
18.7131383383 13.8993771041 4.63991868689 
18.6968305075 13.7869856323 4.62705429442 
18.6968305075 13.7869856323 4.62705429442 
18.6025338137 13.477897879 4.09625590721 
18.6025338137 13.477897879 4.09625590721 
18.4860749209 13.2871360744 2.7474389188 
18.4860749209 13.2871360744 2.7474389188 
18.0857701265 13.2155982221 3.17411021368 
17.9480750525 13.2216190065 3.1680932659 
17.8286125624 13.2280918325 3.17138473542 
17.6464626753 13.2383388246 3.1727521171 
17.5229537451 13.2434395517 3.1647547412 
17.3004581892 13.2548574174 3.16371181011 
17.2748329603 13.2561769451 3.16353584226 
17.0376031363 13.2723946537 3.16905240319 
16.9763810598 13.2796908582 3.1890653246 
16.7402937972 13.2924406494 3.23684082254 
16.5872401559 13.2875626052 3.43833540298 
16.4128279054 13.2486300434 3.4237476499 
16.3380214834 13.2276025976 3.37199460673 
16.1973186993 13.203480121 3.08852805237 
16.0542390906 13.2245932783 2.99463290568 
15.9411522971 13.2536704505 3.05711961637 
15.8550726586 13.2741233076 3.26152200103 
15.7868251168 13.2757644618 3.41242266514 
15.6511517876 13.2483751739 3.43745083718 
15.5518656039 13.2264145578 3.43631819075 
15.41251966 13.19560897 3.43291071577 
15.2447761261 13.1579593385 3.300699989 
15.1026063525 13.1459785665 3.01997647906 
14.9641275966 13.1730545724 2.75582890049 
14.815631386 13.2550216878 2.44335765177 
14.815631386 13.2550216878 2.44335765177 
14.815631386 13.2550216878 2.44335765177 
14.6252226793 13.6062695945 1.80774342207 
14.5842122995 13.8413928712 1.83710119038 
14.5717301333 13.918667909 1.74395039669 
14.5717301333 13.918667909 1.74395039669 
14.5149496758 14.2787734235 1.61793638811 
14.5202981197 14.4062961305 1.40763667354 
14.5522559845 14.5373029674 1.2226912573 
14.6144508087 14.6672840084 1.00188577712 
14.7255902254 14.80526289 0.64923101836 
14.8620169127 14.8926941122 0.406879241272 
14.9859389627 14.9332322443 0.348509114027 
15.1285453403 14.971948501 0.34704934922 
15.2956556642 15.0192356522 0.296265833666 
15.4640451634 15.0648184086 0.368434484601 
15.6132646167 15.1043931956 0.355704404794 
15.7449769491 15.1414451341 0.349109411566 
15.8911905329 15.1830133835 0.33218409811 
16.0399076008 15.2226441598 0.330481826229 
16.1945028269 15.2657353564 0.338855517217 
16.3185706102 15.3028821538 0.25514788556 
16.4652093613 15.3274226899 0.0585778176209 
16.5938897693 15.3264949361 0.0529456406578 
16.7843321526 15.3228599394 0.0730665253212 
16.8631572687 15.3214611823 0.049876534048 
17.06803846 15.3172976414 0.0503285219164 
17.2466365063 15.313432161 0.0458883540384 
17.3940718138 15.3111213485 0.0390114889775 
17.5163730347 15.3087565939 0.0438627748895 
17.6988817417 15.3056174035 0.0461249727897 
17.8383586371 15.3040232922 0.0570483877448 
18.0228414499 15.3029611001 -0.0035128185076 
18.1575493776 15.2944650019 -0.200611255486 
18.2974717581 15.253932046 -0.495621805126 
18.4421982729 15.1540727879 -0.851213586375 
18.5235402548 15.0494026656 -1.10084538186 
18.5729005301 14.920428809 -1.33782957298 
18.6008262598 14.7363051141 -1.36946022562 
18.6231794321 14.5693364109 -1.39183941372 
18.6340599024 14.4674530591 -1.37113903691 
18.656542536 14.2708017195 4.70537223071 
18.6412165129 14.1211332048 4.62278279202 
18.6160135233 13.9728056158 4.60558282184 
18.5953068697 13.8510179485 4.56427372709 
18.5730731451 13.7220492328 4.38492295507 
18.5123543703 13.5781414474 4.1088134604 
18.4279110396 13.4737887348 3.82632378283 
18.292473551 13.3827743495 3.50635125006 
18.1169300043 13.341417786 3.32217541829 
17.9447157347 13.3248228992 3.30105801531 
17.7961509192 13.3120710815 3.30208154221 
17.6414654219 13.2998675073 3.30781545703 
17.4561011755 13.2833133901 3.3033691206 
17.293638941 13.2691965068 3.29686011956 
17.1908236706 13.2611936296 3.29694021105 
17.0189019405 13.2516219581 3.30409090057 
16.8509257996 13.2419360841 3.35463337147 
16.7380841934 13.2300575937 3.27177942216 
16.5918518269 13.222424146 3.30342177733 
16.402289387 13.2056232656 3.34718896466 
16.2653991842 13.1900566781 3.29757524724 
16.1129455232 13.1775418485 3.29195661533 
16.0104599112 13.169556495 3.28182345443 
15.8131439277 13.1546515192 3.29553467808 
15.667612102 13.1441179479 3.29553440636 
15.4876944387 13.1301976408 3.25046967535 
15.3223881089 13.1195350851 3.06721480967 
15.1359569394 13.1550086702 2.69563511036 
15.0625787937 13.1912490095 2.51805153948 
14.9834307396 13.255783316 2.31710633731 
14.9834307396 13.255783316 2.31710633731 
14.781237241 13.5950283969 1.81992200716 
14.7751017773 13.7144533361 1.56908691864 
14.7940243446 13.8398909534 1.39968902474 
14.832817074 13.9963805641 1.54209191729 
14.8434841597 14.0730982984 1.61092680276 
14.8480532133 14.1546322072 1.63377507925 
14.8580855095 14.3507158125 1.61850425412 
14.8649830782 14.4705643619 1.61038440886 
14.874209162 14.626289543 1.60975638766 
14.8781894409 14.8043060864 1.62430598993 
14.8856393063 14.9128641451 1.51587449956 
14.9275431001 15.0960034842 1.07888495122 
15.0039779508 15.2135135683 0.843817723995 
15.1022459232 15.30697668 0.524089357796 
15.2325952613 15.3749519999 0.284983506504 
15.4423754775 15.4093487675 0.141458177968 
15.5912123286 15.4184622581 0.152145062513 
15.725129854 15.4266931976 0.132141172543 
15.8446866275 15.4357369507 0.165328378076 
16.0387171769 15.4485644812 0.143353106396 
16.231926527 15.4605864103 0.140622911912 
16.3879435622 15.4691883291 0.156096665068 
16.4898526036 15.4762543554 0.152958301907 
16.6558946335 15.486862045 0.122478915222 
16.8086731398 15.4976483549 0.120578579478 
17.0080057346 15.5095338191 0.151420034716 
17.1605267489 15.5192971791 0.148404233888 
17.2510070765 15.5244331623 0.148979733514 
17.4073767626 15.5331034924 0.138012722861 
17.6222034657 15.5463519062 0.124893644228 
17.7650847399 15.5556609596 0.126780201229 
17.9578957522 15.5653196538 0.137910018565 
18.1192357504 15.5737783278 0.138692868509 
18.2626678907 15.5818292464 0.132449506585 
18.403385874 15.5897968377 0.130724758428 
18.5778295958 15.5978027547 0.120739105596 
18.7278237307 15.604992416 0.134527089419 
18.853934046 15.6093426312 0.121837150565 
18.853934046 15.6093426312 0.121837150565 
19.159845587 15.643374976 0.494218462603 
19.3383877241 15.733442005 0.878136415808 
19.3383877241 15.733442005 0.878136415808 
19.3383877241 15.733442005 0.878136415808 
19.3383877241 15.733442005 0.878136415808 
19.3383877241 15.733442005 0.878136415808 
19.3383877241 15.733442005 0.878136415808 
19.3383877241 15.733442005 0.878136415808 
19.3383877241 15.733442005 0.878136415808 
18.92086887 16.6142272914 3.56118171047 
18.7866070234 16.5657471384 3.74409519104 
18.6563377344 16.4875640834 3.75119026505 
18.5193452799 16.4049758876 3.76817568311 
18.4256644213 16.3482025827 3.76396683205 
18.245942589 16.2394649948 3.76379888815 
18.0812470877 16.1364690031 3.72956121307 
17.9659247362 16.0701127017 3.76155731893 
17.8180210554 15.9808304275 3.75143152472 
17.6609073841 15.8868399228 3.75084480332 
17.5336464607 15.8094249333 3.75416646945 
17.4104310238 15.7361423934 3.76010812469 
17.2733287775 15.654013362 3.75460419292 
17.1511108839 15.581110325 3.75612424942 
16.9928485119 15.4868249858 3.77026987823 
16.8876644337 15.424554121 3.75280780534 
16.775462743 15.357205 3.74958936937 
16.65343773 15.2843954342 3.71280216407 
16.4920788371 15.1953435878 3.49493094993 
16.3292535209 15.1504793207 3.46815888439 
16.1804053747 15.1120743419 3.46135690385 
16.022703942 15.0735251273 3.48073489567 
15.893827242 15.0410702492 3.45586017229 
15.7648337 15.0103560055 3.45976596874 
15.4910840058 14.944396999 3.47367301932 
15.3270114624 14.9034810925 3.48481284118 
15.1685552561 14.8642259503 3.49571939896 
15.0233897531 14.8234424258 3.75227290739 
14.9188045227 14.7685377265 3.95845618634 
14.7770514452 14.6214851106 4.36530479368 
14.7076183521 14.4506604041 4.699226922 
14.7033137047 14.2833841408 -1.30474120587 
14.7437875235 14.1175105537 -1.20893313894 
14.7848794424 13.9818236793 -1.25743889235 
14.8464606964 13.7679972614 -1.26481361026 
14.8733870947 13.6845971311 -1.15273939216 
14.8733870947 13.6845971311 -1.15273939216 
14.991050061 13.4457830156 -0.630758014776 
14.991050061 13.4457830156 -0.630758014776 
15.3376758062 13.2445155347 -0.297464436319 
15.5159395301 13.172850963 -0.270398653563 
15.6370495522 13.1267098154 -0.103255804027 
15.822987009 13.1002281869 -0.0126710456255 
15.9065881373 13.0916739667 -0.0102558993692 
16.0689073765 13.0768233503 0.0225072439206 
16.2479971909 13.0702670778 0.27937589037 
16.3969107234 13.1045521463 0.453984628628 
16.5698897206 13.1705085004 0.406550275029 
16.6447865331 13.197879907 0.404394557555 
16.8472456896 13.2671101058 0.216532455751 
17.0075095856 13.2793326343 0.144884433169 
17.1402970516 13.2865667308 0.133997262138 
17.2858979666 13.2958025897 0.140509714903 
17.4506790602 13.3073321546 0.139939466248 
17.5802525246 13.3146089281 0.140379277232 
17.7609385216 13.3263921703 0.138954995603 
17.9123389685 13.3367098535 0.139433278597 
18.0836257898 13.347025987 0.162716086095 
18.2348964178 13.3583632673 0.343222111364 
18.3699712717 13.3957272733 0.626896856693 
18.5201981032 13.4986290897 0.975188662473 
18.5800387823 13.5693358148 1.16303431409 
18.6569638216 13.7421817745 1.5583257161 
18.6671452486 13.8794710601 1.74047537208 
18.6603927576 13.9557768072 1.7581056214 
18.646584984 14.0786076749 1.75434230126 
18.6277425253 14.2363674606 1.75604280393 
18.6118063891 14.3779767121 1.75367049156 
18.5922830069 14.563086387 1.87737706651 
18.5324881041 14.7555628086 2.26075807134 
18.4101109469 14.919091847 2.38435856972 
18.3455812895 14.9911947514 2.39153868221 
18.1947984659 15.1599199886 2.56123903643 
18.0605025255 15.2622819974 2.65374943547 
18.0162453615 15.2858746725 2.6399440619 
17.7943370306 15.4283132369 2.7991525129 
17.6438831055 15.4931415583 3.10039922618 
17.5316975081 15.5064134861 3.29389306293 
17.4098303282 15.4960381056 3.38875607891 
17.326192137 15.4825165237 3.35231435836 
17.2541818583 15.4726228232 3.35932384056 
17.1775728428 15.4623183871 3.35003429922 
17.0587921106 15.4444068337 3.36841701885 
16.87987661 15.4191901202 3.36159915144 
16.6836084091 15.3901215012 3.36488103766 
16.5623367989 15.3715201879 3.34849316103 
16.3962613308 15.3446272577 3.36418289801 
16.1924489998 15.3159245665 3.37372961961 
16.0225217902 15.2929927299 3.34411604258 
15.8587578033 15.2722923348 3.46068276701 
15.7351723724 15.246049437 3.75739178831 
15.6744138562 15.2206447127 3.99478792417 
15.6122149789 15.1796316507 4.45900144017 
15.5838495755 15.1720138604 -1.44868683348 
15.5683268869 15.1699977184 -1.19081922285 
15.5429815316 15.159451429 -0.793880430395 
15.527511146 15.1443127582 -0.485233365535 
15.5183363223 15.1252452622 -0.170253177306 
15.5170902276 15.1158720891 -0.0214072869848 
15.5512159133 15.1002107228 0.287860685646 
15.5986813271 15.1090808178 0.297364996643 
15.6707601809 15.1255792792 0.289234024979 
15.7251565569 15.1373195017 0.295155745428 
15.8711229322 15.1687902922 0.280394972445 
15.9392098264 15.1889723318 0.178218824218 
15.9797626623 15.2062415111 -0.0937845655272 
15.9933014997 15.226883813 -0.475083194027 
15.9889656195 15.2505680353 -0.725700433017 
15.9838223496 15.2832953709 -0.937008420089 
15.9903027677 15.2868688109 -1.02015447535 
15.9879097306 15.284855597 -1.00786584693 
15.9878684172 15.2848317588 -1.0092528945 
15.9877364078 15.2849218997 -1.0073642651 
15.987669889 15.2850880849 -1.00618731073 
15.9877659493 15.2849323789 -1.00739872902 
15.9877221325 15.2851617041 -1.00708315659 
15.9877637887 15.2851242202 -1.00742735686 
15.9876385817 15.2853797602 -1.00655527489 
15.9876580277 15.2853291819 -1.00598700204 
15.9876100087 15.2853426228 -1.00566308427 
15.9877669328 15.2851023453 -1.0073843293 
15.9877917581 15.2851166765 -1.00732855004 
15.9876936265 15.2852705049 -1.00620151919 
15.9876481184 15.2853195334 -1.00596012456 
15.9877248668 15.2852428297 -1.00914798483 
15.9876582437 15.2852953079 -1.00625928235 
15.9877793008 15.2851079221 -1.00729500336 
15.9877475687 15.2851640771 -1.00705231002 
15.987702381 15.2852592545 -1.00632312189 
15.9882863426 15.2861374209 -1.01084527991 
15.9876804837 15.285260238 -1.006128565 
15.9876876363 15.2855411174 -1.00673648388 
15.9876278379 15.2853324453 -1.00568512623 
15.9877171108 15.2852725203 -1.00646275777 
15.9876535946 15.2853125485 -1.00598556298 
15.9877949544 15.2851171794 -1.00722403374 
15.9877949544 15.2851171794 -1.00722403374 
