15.9877949544 15.2851171794 -1.00722403374 
15.8398076856 15.170663398 0.387798198164 
15.8397912347 15.1706414709 0.387885109236 
15.8397949339 15.1706212054 0.387704892972 
15.8419303597 15.1706150959 0.409236684985 
15.8397933432 15.1706477145 0.387905357263 
15.8398183436 15.1706415976 0.387545127567 
15.8401937747 15.1710710863 0.387120318888 
15.8397675754 15.1706341321 0.387487653033 
15.8398032786 15.1706180165 0.387908519286 
15.8400713318 15.1709655563 0.386882257164 
15.8400606887 15.1709684769 0.386761133992 
15.840066325 15.1709296967 0.386587280571 
15.8400527501 15.1709481517 0.386797452979 
15.8397979439 15.1706173609 0.387744974347 
15.8400513978 15.1709471534 0.386738145338 
15.8398094551 15.170612585 0.38780586669 
15.8400503994 15.1709401126 0.386648430825 
15.8400568032 15.170962509 0.386964375081 
15.8398018257 15.1705926026 0.38738083058 
15.8398048469 15.1706092248 0.387592821352 
15.8398100251 15.1706155951 0.387554212164 
15.8398197704 15.1706087927 0.387626675917 
15.839815002 15.1706134568 0.387584371816 
15.8400726282 15.1709683577 0.38659464269 
15.8400693164 15.1709533895 0.386619871438 
15.8400871122 15.1709668303 0.386598456279 
15.84007914 15.1709549243 0.386304858706 
15.8399366067 15.1707394833 0.387247331974 
15.8398294897 15.1706396679 0.387157041516 
15.8400602901 15.1709507296 0.386523387875 
15.841351539 15.1705101321 0.403488589144 
15.8396839314 15.1706413517 0.387048587553 
15.839781657 15.1707552264 0.386551497257 
15.8398402968 15.1706233362 0.393147032115 
15.8397604489 15.1705630685 0.39313926047 
15.8397786432 15.1705567578 0.393277281917 
15.8401324787 15.171425056 0.385901680529 
15.8395706714 15.1698689053 0.379129874743 
15.8397024163 15.1706222484 0.387082701527 
15.8397088313 15.1706513504 0.387074628032 
15.8397186325 15.1706288497 0.386903951762 
15.8397106455 15.1706198866 0.387049537959 
15.8396571727 15.1698324124 0.38028135834 
15.8397219741 15.1706260706 0.387230509636 
15.8397280463 15.1706151331 0.387175609537 
15.8395704628 15.169739146 0.379380954924 
15.8400035315 15.1709525252 0.38567389819 
15.839991633 15.1709865446 0.385752049357 
15.8459234798 15.1738794262 0.37326246801 
15.8830011032 15.1810588616 0.344215050314 
15.9092948512 15.1974295417 0.258430667502 
15.9141423126 15.2147149539 -0.0163889338014 
15.9457327836 15.2160174085 -0.0798106209921 
15.9934091085 15.2080917435 -0.0789312922377 
16.0857103729 15.1934225711 -0.0763889849237 
16.1980022454 15.1767426769 -0.068549788941 
16.3432377839 15.1546471233 -0.071463310038 
16.472361263 15.1353784094 -0.0750824598638 
16.6422108376 15.1079612339 -0.070611198527 
16.7911370957 15.0858247692 -0.073402362764 
16.9307596647 15.0641562159 -0.0772776118949 
17.1035354101 15.0378015603 -0.0732815137674 
17.251276251 15.0152846987 -0.0779074946776 
17.4031954968 14.9927457387 -0.0884706756203 
17.5558208191 14.9696125651 -0.0810976735951 
17.705396887 14.9455152119 -0.0842174319535 
17.8527419531 14.9218692447 -0.0733675534683 
18.0019669497 14.8982979024 -0.0592510775195 
18.1635193789 14.87606838 -0.176605455892 
18.3135101759 14.8363580967 -0.44993551642 
18.4425060713 14.7611336077 -0.740590938062 
18.5459363424 14.6457604135 -1.03339507594 
18.6073620283 14.508634683 -1.19898290181 
18.6513459646 14.3600721324 -1.19932029816 
18.6968293154 14.2160934175 -1.29198566635 
18.7259371245 14.0653768743 -1.53798942596 
18.7141308748 13.9076049293 4.63967052236 
18.6968305075 13.7869856323 4.62705429442 
18.6968305075 13.7869856323 4.62705429442 
18.6217806303 13.511827823 4.13039392241 
18.6025338137 13.477897879 4.09625590721 
18.4860749209 13.2871360744 2.7474389188 
18.4860749209 13.2871360744 2.7474389188 
18.1848761999 13.2165583337 3.2171985489 
17.9522948229 13.2214935983 3.1680143707 
17.8286125624 13.2280918325 3.17138473542 
17.6423928702 13.2384835447 3.17101535596 
17.5229537451 13.2434395517 3.1647547412 
17.4032070601 13.2495534385 3.16405579009 
17.1689695084 13.2623891796 3.15781496177 
17.0376031363 13.2723946537 3.16905240319 
16.9763810598 13.2796908582 3.1890653246 
16.7353822553 13.293282863 3.24578476059 
16.6067899429 13.2907371486 3.42381417324 
16.4538855517 13.2573249305 3.4041655657 
16.3312941455 13.2258721555 3.36206746983 
16.2263759637 13.2047289575 3.13956004891 
16.0813594722 13.2188404764 2.99965697772 
15.956067864 13.2496870721 3.04085923348 
15.8599281294 13.2732802595 3.24668427004 
15.7868251168 13.2757644618 3.41242266514 
15.6898148471 13.2564140523 3.43224597503 
15.5674341881 13.2298804487 3.43730431078 
15.41251966 13.19560897 3.43291071577 
15.2533420288 13.1596652235 3.31390738727 
15.1149867141 13.1453846658 3.04003925591 
14.9727728331 13.1702204908 2.77002299642 
14.8366984093 13.238093015 2.45704980487 
14.815631386 13.2550216878 2.44335765177 
14.815631386 13.2550216878 2.44335765177 
14.6252226793 13.6062695945 1.80774342207 
14.6252226793 13.6062695945 1.80774342207 
14.5717301333 13.918667909 1.74395039669 
14.5717301333 13.918667909 1.74395039669 
14.5165964329 14.2667819227 1.64550608365 
14.5194611513 14.4143336977 1.37964568549 
14.5517530405 14.5386840666 1.19929806726 
14.6103934013 14.6599948967 1.01764397114 
14.6992776358 14.784169432 0.723639070524 
14.7999458277 14.8614605928 0.477358718158 
14.9602598512 14.9275017644 0.290763907533 
15.1047285163 14.9663676883 0.344041068143 
15.213941034 14.9955190981 0.372980995129 
15.384730097 15.044658717 0.349239938779 
15.5478192532 15.0868088866 0.35513423914 
15.6953164005 15.1278028677 0.348496291537 
15.8415787445 15.168400083 0.329121159907 
15.989506472 15.2101434416 0.338890668565 
16.1374453121 15.2503683244 0.332417626303 
16.2695986294 15.2871625724 0.308988246614 
16.4056280219 15.3236694152 0.115049852738 
16.5560614431 15.3256623412 0.0499881930363 
16.7161636912 15.3243099342 0.0518539706179 
16.8631572687 15.3214611823 0.049876534048 
17.009080168 15.3186898867 0.0484548882717 
17.2098711693 15.3141590247 0.0451620375369 
17.356441375 15.3116513679 0.0605634724389 
17.5243949854 15.3088780607 0.0462112328842 
17.6578899586 15.3063493485 0.057621547036 
17.8469475472 15.3039181496 0.0572336670119 
18.0019600355 15.3031258176 0.010343631527 
18.182615515 15.2905955764 -0.25315354434 
18.3608860933 15.2184630542 -0.648067687302 
18.4773671591 15.1152874122 -0.944637293809 
18.5535881483 14.9877660538 -1.22572407795 
18.5886249506 14.8360079492 -1.37146147341 
18.6073749029 14.6757492984 -1.35421978487 
18.6248059237 14.5305020774 -1.36527915237 
18.6472005808 14.3733978833 -1.44365101212 
18.6550507509 14.2216964925 4.65649781245 
18.6326472723 14.0726928676 4.63160472336 
18.6147446596 13.9646723236 4.60467633587 
18.5839204752 13.774662372 4.48484599361 
18.5370624029 13.6224386657 4.18327610791 
18.493184086 13.5492389167 4.03623307209 
18.3952054941 13.4426660503 3.73195625858 
18.2094070875 13.3557710613 3.37969045684 
18.0390293562 13.3329763378 3.29775169102 
17.8859901392 13.3200613225 3.31714108982 
17.7259609663 13.3078113759 3.29880738252 
17.5964037144 13.2959552968 3.30658500028 
17.4386788571 13.2819478477 3.30246571702 
17.2597306931 13.2670837606 3.30147267981 
17.1106253826 13.256532904 3.29316638361 
16.9676974976 13.2504017318 3.32888903675 
16.7960423791 13.2365943159 3.33400558408 
16.6435342991 13.2257128919 3.29824614257 
16.491265949 13.2137120927 3.29894321923 
16.3466790878 13.1958860124 3.28757675616 
16.1845988595 13.1837860311 3.29682448739 
16.032022711 13.1714140142 3.2829478913 
15.8810976056 13.160085317 3.2959181298 
15.7324194723 13.1489440168 3.29687815172 
15.5653319323 13.1363891328 3.29438026499 
15.4154461288 13.1234792436 3.20356606004 
15.2628669703 13.1218970979 2.94489952374 
15.1091158354 13.1671117509 2.63339524264 
14.9932929241 13.2464121545 2.36462608445 
14.9834307396 13.255783316 2.31710633731 
14.8129385674 13.5085256065 1.87980814592 
14.7779374086 13.6438925231 1.60826156002 
14.7855089867 13.7831542457 1.44596024468 
14.812884804 13.9113374914 1.46847196723 
14.837849375 14.0105419124 1.58317505007 
14.8464276754 14.1335439647 1.59247452507 
14.8578845226 14.2763030494 1.6331122132 
14.8630151713 14.4114576543 1.6472231827 
14.8713539803 14.588459369 1.60688900323 
14.8791046106 14.7366664971 1.60362465393 
14.8856393063 14.9128641451 1.51587449956 
14.9251711332 15.0898640568 1.09871901717 
15.0039779508 15.2135135683 0.843817723995 
15.1187366807 15.318944257 0.525405522021 
15.274720844 15.3876938636 0.236650531813 
15.4268406295 15.4077133949 0.149851379405 
15.5529823565 15.4155233915 0.143543486074 
15.7337940597 15.4271803314 0.13008894638 
15.8988917071 15.4393649811 0.171233847553 
16.0387171769 15.4485644812 0.143353106396 
16.2028257513 15.4588045294 0.131009189158 
16.3584188187 15.468023252 0.148700471101 
16.5187220537 15.4781321699 0.135297522139 
16.6469631755 15.4862186874 0.130567824935 
16.7956221664 15.4961557353 0.132174145208 
16.9780837261 15.5082901979 0.144702047198 
17.1521742308 15.5177790488 0.144111210371 
17.314699527 15.5282785262 0.148099687671 
17.4649814331 15.5368020202 0.13445041206 
17.6222034657 15.5463519062 0.124893644228 
17.773825165 15.5560165609 0.128148864869 
17.936553713 15.5639961923 0.140661810369 
18.0805892908 15.5721726085 0.135018064054 
18.2626678907 15.5818292464 0.132449506585 
18.4417200052 15.5917370285 0.131052747462 
18.6563951933 15.6011100675 0.129625459539 
18.809237715 15.6091543401 0.127733181425 
18.853934046 15.6093426312 0.121837150565 
18.853934046 15.6093426312 0.121837150565 
19.2542347872 15.6790140832 0.692825277598 
19.3383877241 15.733442005 0.878136415808 
19.3383877241 15.733442005 0.878136415808 
19.3383877241 15.733442005 0.878136415808 
19.3383877241 15.733442005 0.878136415808 
19.3383877241 15.733442005 0.878136415808 
19.3383877241 15.733442005 0.878136415808 
19.3383877241 15.733442005 0.878136415808 
19.0797328913 16.6318399871 3.17400903122 
18.9416575396 16.6174783672 3.51162477824 
18.7485868895 16.5450712408 3.77153851272 
18.6378271544 16.4768748249 3.76541390122 
18.4760069811 16.3787170614 3.76989838998 
18.3398010695 16.2956006492 3.76031528255 
18.245942589 16.2394649948 3.76379888815 
18.0707232916 16.1299412812 3.73289368491 
17.9290575945 16.0487288202 3.76134442973 
17.7745116913 15.9542044366 3.75544412916 
17.6474019253 15.8779019083 3.74565770064 
17.5336464607 15.8094249333 3.75416646945 
17.3842049801 15.7217298413 3.75467086114 
17.2659879887 15.6498310233 3.75634945353 
17.1177343094 15.5614756609 3.76139242416 
16.9928485119 15.4868249858 3.77026987823 
16.8471476996 15.4011833633 3.75555138703 
16.7059850657 15.3160739804 3.74993431507 
16.5771611893 15.2374709634 3.61673490593 
16.4337929451 15.1759620386 3.4645598118 
16.2986140215 15.1421062166 3.46058962887 
16.1439422333 15.1034333373 3.46168106653 
16.047722634 15.07906523 3.45729240606 
15.8249339276 15.0248237068 3.47793166991 
15.6286695563 14.9769782985 3.47016272285 
15.5034105146 14.9468042518 3.47249221494 
15.3270114624 14.9034810925 3.48481284118 
15.1374787652 14.8575998808 3.55806449246 
14.96757954 14.7979727353 3.85767873908 
14.8473424875 14.7081121767 4.14220867049 
14.7568106615 14.5885498489 4.4466247401 
14.7055623495 14.4430445994 -1.55282423082 
14.7033137047 14.2833841408 -1.30474120587 
14.7372754776 14.1363639797 -1.22376880262 
14.7811424696 13.9950202669 -1.24167278225 
14.8268778288 13.8464767898 -1.20835253164 
14.8621569836 13.7187495197 -1.14229002664 
14.8733870947 13.6845971311 -1.15273939216 
14.8733870947 13.6845971311 -1.15273939216 
14.991050061 13.4457830156 -0.630758014776 
15.2230663263 13.2894737686 -0.240753681322 
15.4116728866 13.2156029905 -0.29902210549 
15.5627333486 13.1538873876 -0.225026903667 
15.7096375638 13.1110032762 -0.0314976187382 
15.8479567693 13.0985835756 -0.0198116484149 
16.0170255863 13.0832992757 -0.00961268593474 
16.1756184661 13.068563577 0.150625881366 
16.3227132225 13.0825074876 0.384012828321 
16.4943424427 13.1427091325 0.407515476327 
16.6323178374 13.194297191 0.396443951596 
16.7758789026 13.2460645402 0.304571865405 
16.9464129173 13.2781228984 0.152727571247 
17.1111767256 13.2846603359 0.131401465542 
17.2560552322 13.293611523 0.141607704949 
17.4080630505 13.3043808902 0.139136433025 
17.550506469 13.312832352 0.140180457637 
17.7143664324 13.3235617841 0.139812367477 
17.8701040709 13.33377504 0.139762213879 
18.0144920313 13.343417045 0.139989430065 
18.1850264036 13.3538361753 0.25037629711 
18.3413724863 13.385562774 0.552110713882 
18.4528477156 13.4458025659 0.867121051509 
18.5680758917 13.5534323419 1.11804659533 
18.6496415102 13.7135244573 1.50309354585 
18.6678986513 13.8408485616 1.70684156493 
18.6612265074 13.9506106342 1.76068892007 
18.6493928396 14.0563565458 1.75691794787 
18.6311294996 14.2076140607 1.75635132336 
18.6118063891 14.3779767121 1.75367049156 
18.590472933 14.5756314958 1.89584218943 
18.5433187449 14.7367790903 2.2223729109 
18.4527354204 14.8684974874 2.37189230768 
18.3317797148 15.0065040107 2.38820402722 
18.2295591795 15.1231305862 2.48753363913 
18.1091473066 15.2284187966 2.63437931252 
17.9819614851 15.3089900131 2.66026031593 
17.8443194592 15.3983056212 2.71243917328 
17.7006915772 15.4733052219 2.99262302029 
17.5427995884 15.5065349008 3.28644321823 
17.4030288422 15.4948363865 3.38362421776 
17.314430114 15.4812907393 3.35298279393 
17.2570133173 15.4728904928 3.35456305844 
17.1775728428 15.4623183871 3.35003429922 
17.0656682217 15.4455235417 3.3590043008 
16.9595620596 15.4302240873 3.355063366 
16.7709736192 15.4029339666 3.36790673861 
16.5536141359 15.3711579407 3.36981461324 
16.381560322 15.3433737794 3.35404042083 
16.234445002 15.322575737 3.36291134191 
16.0607550257 15.2972573156 3.33136081225 
15.9075679762 15.2769458036 3.38235336194 
15.7856755146 15.258582257 3.59726674769 
15.6947365814 15.2298735047 3.90593475875 
15.6320124232 15.1951846185 4.26588790713 
15.6022630894 15.1734259392 4.56606671739 
15.5838495755 15.1720138604 -1.44868683348 
15.5641925895 15.1683751608 -1.12778968281 
15.5454704427 15.1574805419 -0.799366907685 
15.5258661174 15.1415907184 -0.442341959379 
15.517904725 15.1213991011 -0.109776529385 
15.5224692785 15.1028909499 0.181077455536 
15.5600114131 15.1008707101 0.29411678057 
15.6221266055 15.1136242116 0.291042065867 
15.6753093266 15.1264047439 0.289131169972 
15.8259871566 15.1618630255 0.263616139775 
15.9021773442 15.1757467205 0.26393392009 
15.9527191707 15.1936945433 0.118635130026 
15.9891527855 15.2136727518 -0.250023990074 
15.9936294669 15.2292517119 -0.495677546752 
15.9853897729 15.2702760885 -0.843602674864 
15.9894223922 15.2878127883 -1.01107308691 
15.9884204828 15.2868941354 -1.00002401245 
15.9878212401 15.2849472875 -1.00761868363 
15.9878332653 15.2848491075 -1.00935505297 
15.9878745564 15.2851150038 -1.00798377924 
15.9877472409 15.2849369908 -1.00738136123 
15.9877859616 15.2849215421 -1.00636137013 
15.9876550847 15.2853308211 -1.00586957987 
15.9878171348 15.2851039732 -1.00757055721 
15.9877188468 15.2852524298 -1.00898151963 
15.987605896 15.2853924448 -1.00792731247 
15.9877879956 15.2851000393 -1.00755100445 
15.9877891951 15.2850992123 -1.00729169727 
15.9877539166 15.2851785089 -1.00700730748 
15.9876737633 15.285272565 -1.00606431001 
15.9876540193 15.2853168997 -1.00596798858 
15.9876980894 15.2852782684 -1.00629550355 
15.9877819234 15.2851424518 -1.00717224214 
15.9878061676 15.2851059737 -1.0074851965 
15.9877808058 15.2851340438 -1.0070980603 
15.9876312801 15.2853418964 -1.00572528413 
15.9876666927 15.2852954979 -1.00593360903 
15.9889245295 15.2853657568 -0.995513952726 
15.9877776914 15.2851112189 -1.00736095282 
15.9889050313 15.2853840666 -0.995722006337 
15.9877709263 15.2851084548 -1.00719207019 
15.9877552205 15.2850995327 -1.00698483925 
