15.9877949544 15.2851171794 -1.00722403374 
15.8398076856 15.170663398 0.387798198164 
15.8397997656 15.1706437359 0.387900642366 
15.839761071 15.1706460605 0.387397448145 
15.8400641346 15.1709916557 0.386902196757 
15.8400603906 15.1709835345 0.386782356632 
15.8398194649 15.1706179718 0.387614371809 
15.8397899197 15.1706230978 0.387886566742 
15.8400537745 15.1709756891 0.386939354789 
15.8398032786 15.1706180165 0.387908519286 
15.8400713318 15.1709655563 0.386882257164 
15.8400606887 15.1709684769 0.386761133992 
15.8397962638 15.1706259663 0.387890274993 
15.8400469535 15.1709371994 0.386721887511 
15.8400678599 15.1709786172 0.386721550326 
15.8400489689 15.1709512661 0.386758953852 
15.8400615492 15.1709632168 0.386675149961 
15.840029955 15.170950901 0.386489650121 
15.8400568032 15.170962509 0.386964375081 
15.8400648126 15.1709580163 0.386685565009 
15.8398032339 15.1706201176 0.387653787764 
15.840072807 15.170962807 0.386682547624 
15.8398102001 15.1706159825 0.387653275515 
15.839815002 15.1706134568 0.387584371816 
15.8398209253 15.1706243942 0.38745071839 
15.8400693164 15.1709533895 0.386619871438 
15.8398195432 15.1706199835 0.387612679944 
15.8400929832 15.1709620173 0.386275072358 
15.8399305792 15.1707031841 0.387592044689 
15.8397449331 15.1705282594 0.387753594884 
15.8397962787 15.1706152449 0.387532060637 
15.8394800463 15.1705940182 0.386106358881 
15.8399537244 15.1709480176 0.385951179893 
15.8397762553 15.1707934032 0.386630735677 
15.8398402968 15.1706233362 0.393147032115 
15.8397604489 15.1705630685 0.39313926047 
15.8397663013 15.1705447028 0.393639712286 
15.8402080053 15.1709507743 0.392379401319 
15.8396651709 15.1699313263 0.380070233359 
15.8397024163 15.1706222484 0.387082701527 
15.8397190721 15.1706391017 0.3868815911 
15.8397186325 15.1706288497 0.386903951762 
15.8399879673 15.1709334964 0.385942615441 
15.8396243342 15.1698196645 0.380255631771 
15.839994874 15.1709475184 0.386374728123 
15.8399657571 15.1709640289 0.386029457534 
15.8395798505 15.1697527657 0.379537860206 
15.8397432381 15.1706272254 0.387141346689 
15.8399850914 15.1709845925 0.385729772598 
15.85188685 15.1734057705 0.373843301768 
15.890978651 15.1863925273 0.350829656156 
15.911664039 15.2005422043 0.218880538416 
15.9144046215 15.2156737729 -0.00555455684151 
15.9482167551 15.2150218322 -0.0771711228378 
16.0106369966 15.2049374248 -0.0724835035075 
16.1000504607 15.1914702768 -0.0776586490927 
16.2119628751 15.1748476143 -0.0727750534061 
16.3564376795 15.1536369289 -0.0705755239887 
16.5019452536 15.1305212418 -0.0721036089669 
16.6422108376 15.1079612339 -0.070611198527 
16.8124993407 15.082756188 -0.0742373459611 
16.9725545609 15.057493564 -0.0729656283002 
17.1120947563 15.0365960712 -0.0733275991911 
17.2725297176 15.0117623324 -0.0782424067694 
17.4281014168 14.9889294768 -0.0896635187991 
17.5852012598 14.9652238155 -0.0808026711186 
17.7346929276 14.9407812024 -0.0847519236299 
17.8960235083 14.9157664145 -0.0743324045646 
18.0622138941 14.890220132 -0.0640165066543 
18.2149634325 14.8664437498 -0.23527717173 
18.3600311243 14.8152523304 -0.542800290087 
18.4902691805 14.7169514264 -0.855331670838 
18.5759296381 14.5932300056 -1.12623566372 
18.6177985632 14.4732883538 -1.20219178493 
18.6693363154 14.3030040229 -1.21603042487 
18.7151813471 14.1449590887 -1.39842289958 
18.7240283453 13.9840913976 4.65306086402 
18.7040615046 13.8383827175 4.63407040293 
18.6968305075 13.7869856323 4.62705429442 
18.6968305075 13.7869856323 4.62705429442 
18.6025338137 13.477897879 4.09625590721 
18.5200743639 13.3314963544 2.77452388214 
18.4860749209 13.2871360744 2.7474389188 
18.1848761999 13.2165583337 3.2171985489 
18.0688276255 13.2157288755 3.16646555484 
17.9480750525 13.2216190065 3.1680932659 
17.7257902586 13.2348014081 3.17469562795 
17.6423928702 13.2384835447 3.17101535596 
17.4032070601 13.2495534385 3.16405579009 
17.2748329603 13.2561769451 3.16353584226 
17.1556669438 13.2647662128 3.16594807676 
16.9763810598 13.2796908582 3.1890653246 
16.9188911879 13.2828433479 3.16580784224 
16.6615325176 13.298241731 3.33267333787 
16.5370340907 13.2779092754 3.44765815344 
16.4128279054 13.2486300434 3.4237476499 
16.2407311165 13.2068411077 3.17986930331 
16.1159372145 13.2122455801 3.01025524118 
15.9775512406 13.2440172399 3.01789231862 
15.8847079083 13.2678790058 3.17240441849 
15.800955739 13.2770270074 3.39711099257 
15.7098307275 13.2614170278 3.43848787647 
15.5935372376 13.2353957857 3.43512177087 
15.4538001084 13.2048798765 3.43761683865 
15.3039182984 13.1699444021 3.36216279028 
15.1454925501 13.1463805402 3.109218716 
14.9935743773 13.1637102331 2.80319958819 
14.8554302418 13.2255824769 2.50889650367 
14.815631386 13.2550216878 2.44335765177 
14.815631386 13.2550216878 2.44335765177 
14.6252226793 13.6062695945 1.80774342207 
14.6252226793 13.6062695945 1.80774342207 
14.5717301333 13.918667909 1.74395039669 
14.5717301333 13.918667909 1.74395039669 
14.5227966272 14.2256336177 1.71390219416 
14.5173593723 14.3912444676 1.42567467125 
14.5494421684 14.5196846093 1.3075481169 
14.5975023472 14.6358804668 1.06401929824 
14.6793962681 14.7605321671 0.763965465619 
14.7999458277 14.8614605928 0.477358718158 
14.9262434804 14.9164612258 0.352080915594 
15.0741429889 14.95625731 0.382037327592 
15.2062815392 14.9960098828 0.3468546365 
15.3705025279 15.0391180927 0.389438628948 
15.4991738164 15.0730790759 0.348643658531 
15.6661302113 15.1195450837 0.355595628122 
15.8254462519 15.1628534014 0.328167751993 
15.969057303 15.2037259529 0.332192391078 
16.1171818339 15.2450361305 0.331366510581 
16.2430741751 15.2790814752 0.338885632435 
16.3885545694 15.3209899704 0.129795633327 
16.5195875728 15.3266110683 0.0425426843461 
16.6742303931 15.3244838084 0.0498130415401 
16.825432893 15.3220021466 0.0513547629849 
16.9787465298 15.3193349729 0.0517072499883 
17.1422216856 15.3158696632 0.0561999106729 
17.2923852169 15.3122479061 0.0704293692225 
17.4443329537 15.3100706602 0.0455204156278 
17.6784961187 15.3061590011 0.0591167221226 
17.890702244 15.3037623281 0.0495822242836 
18.044303652 15.3028489018 -0.0266550036255 
18.2411384546 15.2757507155 -0.376693213436 
18.3962674105 15.1936049054 -0.733629275387 
18.5077879393 15.0743048156 -1.03967803347 
18.5699017012 14.9381315375 -1.30167535234 
18.5964002573 14.7743700112 -1.37263073289 
18.6158745253 14.6231849159 -1.38974126316 
18.6359455549 14.454332527 -1.37720790971 
18.6532976591 14.3174936737 -1.50866166955 
18.6464908087 14.149121877 4.61968384384 
18.6196896994 13.9924665655 4.6248926963 
18.594276663 13.8416843379 4.53933091546 
18.566252228 13.7005276645 4.35547705773 
18.5001668894 13.5592302049 4.05475445286 
18.3952054941 13.4426660503 3.73195625858 
18.2554604971 13.3685805763 3.43985680263 
18.1169300043 13.341417786 3.32217541829 
17.9570465052 13.325829264 3.29820664507 
17.7961509192 13.3120710815 3.30208154221 
17.6665040218 13.3019891942 3.30398103995 
17.5154653751 13.2883727516 3.30234084486 
17.3397555315 13.2728154624 3.29608175309 
17.1908236706 13.2611936296 3.29694021105 
17.0327603781 13.2488048042 3.29467210249 
16.8758742773 13.2430778707 3.35756882608 
16.7287498676 13.230369922 3.29087518349 
16.5639372432 13.2180241312 3.28613074055 
16.4121246898 13.2060149873 3.28759752434 
16.2524331176 13.1892138685 3.29790174385 
16.1047014558 13.1769217218 3.29242336328 
15.980482895 13.1671680177 3.28093260056 
15.7918765732 13.1531060899 3.29558391874 
15.6381150746 13.1419941152 3.29502716926 
15.4876944387 13.1301976408 3.25046967535 
15.3422607743 13.1196120943 3.09325474845 
15.1837032997 13.1382917131 2.78435363832 
15.0388002359 13.2079263891 2.47609574487 
14.9834307396 13.255783316 2.31710633731 
14.9834307396 13.255783316 2.31710633731 
14.7926056349 13.5707679952 1.76207793479 
14.7751017773 13.7144533361 1.56908691864 
14.7940243446 13.8398909534 1.39968902474 
14.8338735067 13.9929404224 1.53154266122 
14.8434841597 14.0730982984 1.61092680276 
14.8529936039 14.2037123407 1.61240727264 
14.8580855095 14.3507158125 1.61850425412 
14.8673846686 14.5239685739 1.58781716748 
14.8734657728 14.6702746714 1.6057723308 
14.8809919321 14.8404645289 1.56698282203 
14.8856393063 14.9128641451 1.51587449956 
14.9560316169 15.1485497395 0.967347034955 
15.1073573792 15.3114385719 0.532554162797 
15.2241991126 15.3718083019 0.300327475035 
15.4049523437 15.4060821945 0.114281080517 
15.5529823565 15.4155233915 0.143543486074 
15.725129854 15.4266931976 0.132141172543 
15.8573318684 15.4370714987 0.139478488548 
16.0201077723 15.4467909897 0.150710286903 
16.2028257513 15.4588045294 0.131009189158 
16.3664756679 15.4683773632 0.153179667427 
16.52671754 15.4788691218 0.129470096573 
16.677860316 15.4882034923 0.148986205309 
16.8385388219 15.4984246458 0.152005776523 
16.9903440439 15.5089467431 0.150752626818 
17.1351551973 15.5171039368 0.147495299234 
17.314699527 15.5282785262 0.148099687671 
17.4888218605 15.5385318364 0.114030770015 
17.6371051037 15.5470020438 0.13414198855 
17.8552768194 15.559767362 0.139860491222 
17.987134453 15.5666449631 0.139615418693 
18.1618401968 15.5761582519 0.136404610289 
18.3231754267 15.5854558314 0.131814944692 
18.4830567801 15.5928942228 0.137787562009 
18.646366831 15.601040181 0.127348665893 
18.7963530981 15.6084182228 0.129057369161 
18.853934046 15.6093426312 0.121837150565 
19.0967457258 15.6283334757 0.359878418358 
19.300313946 15.7063413824 0.6837274543 
19.3383877241 15.733442005 0.878136415808 
19.3383877241 15.733442005 0.878136415808 
19.3383877241 15.733442005 0.878136415808 
19.3383877241 15.733442005 0.878136415808 
19.3383877241 15.733442005 0.878136415808 
19.3383877241 15.733442005 0.878136415808 
19.3383877241 15.733442005 0.878136415808 
19.0610556566 16.6223882402 3.28082382864 
18.9125354254 16.612366196 3.57507912384 
18.7212903463 16.5275908674 3.76615495149 
18.5623793566 16.4303835596 3.76416784155 
18.4256644213 16.3482025827 3.76396683205 
18.2793071234 16.2595318521 3.76083955353 
18.1578729117 16.1849243606 3.76054297334 
18.0079419577 16.0925455655 3.73838185059 
17.8688226902 16.0115303958 3.75267645232 
17.7415745222 15.9339733685 3.76512121965 
17.6031073296 15.8514128889 3.7559562397 
17.4724006617 15.77280527 3.74702384172 
17.3349662983 15.6906513239 3.75810246439 
17.2029763424 15.6122629906 3.75336277169 
17.0815429651 15.5397331382 3.75528907101 
16.9314335549 15.4498728628 3.75002835366 
16.8117166721 15.3791325952 3.74955176888 
16.6646648013 15.291242786 3.72118018974 
16.540734049 15.2167998052 3.54888014758 
16.3772160077 15.1612244512 3.45110540523 
16.2291379833 15.1235481913 3.45690007431 
16.0805735254 15.087639686 3.4657383054 
15.9354392999 15.0528667385 3.46191232353 
15.787048977 15.0156591947 3.47498216448 
15.6359429919 14.9787671829 3.46305011667 
15.4910840058 14.944396999 3.47367301932 
15.3470484578 14.9086755777 3.47849144268 
15.1769021713 14.8660973574 3.48912867657 
15.0650093519 14.8377041186 3.65877854911 
14.9188045227 14.7685377265 3.95845618634 
14.7883517706 14.640448388 4.31204294377 
14.7197999918 14.5014959539 4.6141157673 
14.6982277596 14.3571394647 -1.39056864281 
14.7159396374 14.2156954969 -1.22573917483 
14.7626012528 14.0600571598 -1.22161061754 
14.8102309668 13.9043312038 -1.21145620844 
14.8464606964 13.7679972614 -1.26481361026 
14.8733870947 13.6845971311 -1.15273939216 
14.8733870947 13.6845971311 -1.15273939216 
14.991050061 13.4457830156 -0.630758014776 
15.15808725 13.3304519618 1.27960665682 
15.3642828428 13.2343045438 -0.301301969764 
15.4961169028 13.181377765 -0.283828069677 
15.6450891161 13.124318477 -0.0906081823213 
15.7981373483 13.101263162 -0.00306467486832 
15.9873689526 13.0862444604 -0.0154783120188 
16.1189174914 13.0720781053 0.0714334028195 
16.2614918613 13.0723191465 0.295312147535 
16.4330177867 13.1196147169 0.421968526036 
16.5973080957 13.1802984441 0.404378921373 
16.7269788944 13.2299536432 0.336331746178 
16.8854197228 13.2744929756 0.176826177081 
17.0366982185 13.2831046546 0.156908147169 
17.1974828207 13.2895553077 0.141457333116 
17.3484855854 13.2998423542 0.143504704871 
17.5071765148 13.3107194866 0.140817684243 
17.671225425 13.3208662237 0.13912222371 
17.8195760214 13.3304448093 0.139803780031 
17.9720387423 13.3407512868 0.137319176341 
18.1351273024 13.3498096431 0.199662583771 
18.2717096769 13.3654109205 0.406499696581 
18.427123543 13.4248689378 0.705527698187 
18.549731251 13.5303493703 1.06163932087 
18.6238217318 13.6476036275 1.33156538976 
18.666295048 13.7990006174 1.66058523586 
18.6655712092 13.9174584115 1.76651159012 
18.6537871325 14.0165278877 1.75355294416 
18.6399803125 14.1352841819 1.75671382468 
18.6227910483 14.2798430289 1.75566961394 
18.604521271 14.451318797 1.78668335622 
18.578443762 14.6420893634 2.03804501714 
18.5102188551 14.7913656498 2.32813145917 
18.4101109469 14.919091847 2.38435856972 
18.3040189707 15.0396421368 2.39881590312 
18.2035372221 15.1510504896 2.54239361175 
18.0853412115 15.2455030105 2.65604954099 
17.9347686731 15.339435559 2.64620817829 
17.8194179499 15.4129872734 2.75862077585 
17.6719475948 15.4844741041 3.033799645 
17.5861980879 15.503971752 3.22270103791 
17.3943755591 15.4933874572 3.39108465017 
17.3331779205 15.482664373 3.35457685834 
17.2734261715 15.4754246289 3.36383046828 
17.1856566631 15.4625610078 3.34874762856 
17.0339256489 15.4405858035 3.36479792624 
16.8918418848 15.4208227808 3.36771344418 
16.7504560315 15.39919078 3.35939501264 
16.5913597309 15.3766103054 3.35972289261 
16.381560322 15.3433737794 3.35404042083 
16.2126573586 15.318996262 3.35776072221 
16.0012496227 15.2895306686 3.33287368925 
15.8587578033 15.2722923348 3.46068276701 
15.7351723724 15.246049437 3.75739178831 
15.6463835054 15.2045086215 4.16199688527 
15.6097848379 15.1783968734 4.48200113813 
15.5857008957 15.1699167977 -1.46381106837 
15.5620018804 15.1684392358 -1.09006236836 
15.5393480026 15.1549336875 -0.723005652371 
15.5209789538 15.1332412104 -0.29252488139 
15.5169901514 15.1145558546 -0.0131340560122 
15.5380226934 15.0995991642 0.246030129939 
15.603921082 15.1098459179 0.293678317463 
15.6906795168 15.1296290571 0.289641814567 
15.8259871566 15.1618630255 0.263616139775 
15.9213268199 15.1811044442 0.247812372061 
15.968552474 15.1997839736 0.0262054304409 
15.9906654694 15.2148080862 -0.285997253649 
15.992539432 15.2366489526 -0.595562040641 
15.9850038924 15.2794724668 -0.911884057627 
15.9902726525 15.2868303398 -1.01854286049 
15.9877820947 15.2847724522 -1.00702042821 
15.9877134451 15.2850173751 -1.00782143965 
15.9876455778 15.2851023453 -1.00616500596 
15.9877397233 15.2849385182 -1.0075152163 
15.9877859616 15.2849215421 -1.00636137013 
15.9877041393 15.285282355 -1.00664116664 
15.9876392448 15.2853535826 -1.00613725306 
15.9877188468 15.2852524298 -1.00898151963 
15.9876927921 15.2852769795 -1.00633706256 
15.9877710604 15.2851113009 -1.00728362729 
15.9876181447 15.2853305081 -1.00585399782 
15.9876870551 15.2852769049 -1.0061510506 
15.9876481184 15.2853195334 -1.00596012456 
15.9877248668 15.2852428297 -1.00914798483 
15.9877852612 15.2851185615 -1.00717010095 
15.98777603 15.285117876 -1.00725734194 
15.9877622091 15.2851459796 -1.0070092126 
15.9878008106 15.2851009446 -1.00744510655 
15.9878314325 15.285086971 -1.00743522877 
15.9881394469 15.2851466762 -1.00306186561 
15.987617124 15.2853531542 -1.00561805864 
15.9880474099 15.2851723547 -1.00317565302 
15.9876483941 15.2852925959 -1.00612634965 
15.9877552205 15.2850995327 -1.00698483925 
