15.8400464655 15.170985874 0.386675954901 
15.8398378716 15.170656685 0.388039940762 
15.8414666728 15.1706179048 0.404702837999 
15.8400468604 15.1709674338 0.386966975681 
15.8400607632 15.1709827895 0.386820621093 
15.8398037181 15.1706313233 0.387577682054 
15.8400552088 15.1709745939 0.386803392254 
15.8400537745 15.1709756891 0.386939354789 
15.8398078271 15.1706046576 0.387696472461 
15.8400810027 15.17096952 0.386795743142 
15.8400631101 15.1709590296 0.386873029873 
15.8400546947 15.1709672923 0.386756060078 
15.8397998587 15.1706165562 0.387633616245 
15.84007331 15.1709598194 0.386636252979 
15.8400497661 15.1709572638 0.386894004268 
15.839792289 15.1706041435 0.387817283711 
15.8400885762 15.171192948 0.384653382781 
15.8397999481 15.1706060956 0.387663309109 
15.8400525266 15.1709631572 0.38669319886 
15.8398023063 15.1706199388 0.387711124215 
15.8400671222 15.1709731261 0.386640427848 
15.8398129718 15.1706123913 0.387621256907 
15.8398219832 15.1706233064 0.387628255612 
15.840074666 15.1709599237 0.386673357704 
15.8400833422 15.1709724481 0.386655510518 
15.8398189136 15.1706116239 0.387630338168 
15.8398136758 15.1705988238 0.38736618142 
15.8399216161 15.170726348 0.387106030022 
15.8400706315 15.1709532926 0.386307183444 
15.8398199343 15.1706514249 0.387251968463 
15.8400323243 15.1709497164 0.386404480995 
15.8399371804 15.1709689836 0.386246864613 
15.8399267533 15.1709885711 0.385804163371 
15.8390500956 15.1701868887 0.404677322333 
15.8397623935 15.1705448444 0.39299785339 
15.8397689873 15.1705659891 0.393151205766 
15.8397861348 15.170574751 0.393231915438 
15.8396553883 15.1704890544 0.385631738334 
15.8399252632 15.1708028803 0.384444365521 
15.8397011423 15.1706377829 0.386996951342 
15.8399475702 15.1710163469 0.385639558289 
15.8399805539 15.170947742 0.385559390115 
15.8396621273 15.1705072711 0.387245565426 
15.8396533617 15.1698368157 0.380219078407 
15.8399788589 15.1709797497 0.386079472151 
15.8397360557 15.1706128756 0.387123626222 
15.839571111 15.1697736869 0.379651912646 
15.8397483603 15.170631882 0.3868859648 
15.8401111403 15.1710360909 0.38455569579 
15.8597715424 15.1768403801 0.378817773703 
15.8990322315 15.1883178803 0.354047342216 
15.9117450734 15.2045835967 0.156573603996 
15.9176868555 15.2155582851 -0.0214247531047 
15.9520592579 15.2142426542 -0.0804370124708 
16.025755521 15.2022605727 -0.0742249859868 
16.1143437439 15.1888391862 -0.082497063623 
16.2290357613 15.1712510476 -0.0771974728311 
16.36491346 15.1523696149 -0.0837736320556 
16.5319156015 15.126137797 -0.0735869087486 
16.6636220181 15.1054237301 -0.0657173300334 
16.8336411678 15.0795962031 -0.0757528416967 
17.0102046692 15.0518984909 -0.0737590526155 
17.1549034083 15.0308496917 -0.0645926314942 
17.316213485 15.006360587 -0.0997795948757 
17.4281014168 14.9889294768 -0.0896635187991 
17.6182502472 14.9597102667 -0.0828008357859 
17.7743781769 14.9355437423 -0.0685941444507 
17.887255665 14.9173378314 -0.0751198201664 
18.1044256651 14.8842994834 -0.0891175097916 
18.2520165407 14.8575141097 -0.325613686735 
18.3413186037 14.8240666951 -0.51338393095 
18.5049645865 14.7009912694 -0.906546698326 
18.571970936 14.6007463301 -1.1152819162 
18.6177985632 14.4732883538 -1.20219178493 
18.6654083693 14.3154020275 -1.20739321221 
18.7132823431 14.15328097 -1.38352960631 
18.7261843645 14.0565593208 -1.54952402462 
18.7054121458 13.8472024168 4.6291707602 
18.6968305075 13.7869856323 4.62705429442 
18.6968305075 13.7869856323 4.62705429442 
18.6025338137 13.477897879 4.09625590721 
18.5200743639 13.3314963544 2.77452388214 
18.4860749209 13.2871360744 2.7474389188 
18.1848761999 13.2165583337 3.2171985489 
18.0688276255 13.2157288755 3.16646555484 
17.9480750525 13.2216190065 3.1680932659 
17.8286125624 13.2280918325 3.17138473542 
17.6423928702 13.2384835447 3.17101535596 
17.5229537451 13.2434395517 3.1647547412 
17.2748329603 13.2561769451 3.16353584226 
17.1556669438 13.2647662128 3.16594807676 
17.0376031363 13.2723946537 3.16905240319 
16.9763810598 13.2796908582 3.1890653246 
16.6710552537 13.2950714792 3.33235488035 
16.5095798933 13.2749725545 3.50328466007 
16.3618764841 13.2338958944 3.40587990106 
16.2756935918 13.214136001 3.27755398088 
16.1794216299 13.2042747701 3.06416270729 
16.0542390906 13.2245932783 2.99463290568 
15.915717261 13.2599637474 3.09498420445 
15.8140882218 13.2783622707 3.37668944609 
15.761699062 13.2725087369 3.43467269002 
15.6109890306 13.2390891279 3.43473328636 
15.4835270607 13.2112740243 3.43558993435 
15.333835479 13.1768737997 3.40032366661 
15.2167880499 13.1537495817 3.25297498396 
15.0359873139 13.1542988981 2.89821865203 
14.9076482617 13.1963034833 2.62939751645 
14.815631386 13.2550216878 2.44335765177 
14.815631386 13.2550216878 2.44335765177 
14.6343785488 13.5570380653 1.82419316302 
14.6252226793 13.6062695945 1.80774342207 
14.5842122995 13.8413928712 1.83710119038 
14.5717301333 13.918667909 1.74395039669 
14.5717301333 13.918667909 1.74395039669 
14.5161652529 14.2955231036 1.60253039415 
14.5249907934 14.4578487838 1.31008041599 
14.5723574125 14.5819051231 1.16603570319 
14.6367231571 14.7040321792 0.917519956467 
14.7339677775 14.8131998743 0.627592965598 
14.8620169127 14.8926941122 0.406879241272 
15.0106988513 14.941687193 0.343328150342 
15.1503478849 14.9790244366 0.351314724233 
15.3258886301 15.0284783209 0.347152841873 
15.4711779618 15.0660291279 0.358260295953 
15.6132646167 15.1043931956 0.355704404794 
15.7613752448 15.1462807844 0.357215958314 
15.8911905329 15.1830133835 0.33218409811 
16.0601504111 15.2305584748 0.321977897176 
16.2237034702 15.2740381325 0.334705616243 
16.3343643212 15.307612058 0.222858274802 
16.4480974638 15.3266789506 0.0742241356086 
16.5938897693 15.3264949361 0.0529456406578 
16.8044041359 15.3224153782 0.0526682313516 
16.914434191 15.3203623036 0.0585376619502 
17.0990209543 15.3165668661 0.038449026221 
17.2554355824 15.3130918781 0.044543142295 
17.4858980143 15.3093190009 0.0507843847209 
17.6180167162 15.3073301728 0.044475384577 
17.7876870596 15.3050684969 0.0459215476224 
17.9417152369 15.3019951324 0.0535935356438 
18.044303652 15.3028489018 -0.0266550036255 
18.2038545572 15.2864701266 -0.297512066233 
18.3719565832 15.2111256572 -0.671001411545 
18.4575600588 15.1381539072 -0.886794701162 
18.558719393 14.975501057 -1.24753644172 
18.5916235411 14.8165178562 -1.38886114765 
18.6061780417 14.7018274034 -1.3784539497 
18.6248059237 14.5305020774 -1.36527915237 
18.6444601976 14.3944752778 -1.41993663971 
18.6550507509 14.2216964925 4.65649781245 
18.6326472723 14.0726928676 4.63160472336 
18.6094398462 13.9365303482 4.61872749488 
18.5839204752 13.774662372 4.48484599361 
18.5487234556 13.6508954729 4.23448658434 
18.493184086 13.5492389167 4.03623307209 
18.3165879213 13.3938598598 3.55259746269 
18.2134938204 13.3567775453 3.38442441832 
18.0557098353 13.3331744636 3.29184536924 
17.9238395655 13.3233450616 3.30624486382 
17.734483 13.3090822662 3.31433854292 
17.5881305897 13.2952305044 3.30684887593 
17.4430153334 13.2822849716 3.30258344 
17.2808790171 13.2683874334 3.29881739262 
17.1399189198 13.257048365 3.29738060939 
16.9676974976 13.2504017318 3.32888903675 
16.8276939356 13.239781257 3.30393698121 
16.6566281879 13.2237731184 3.26313516921 
16.5338386857 13.2152713502 3.30933436397 
16.3864962422 13.2039562429 3.28616685862 
16.2439508402 13.1885186399 3.29803509965 
16.1205820405 13.1780008043 3.28510582275 
15.9230699019 13.1633552278 3.29586368504 
15.8003309333 13.1536956991 3.29530144317 
15.6381150746 13.1419941152 3.29502716926 
15.5045790934 13.1316674913 3.25809192287 
15.3223881089 13.1195350851 3.06721480967 
15.1837032997 13.1382917131 2.78435363832 
15.0150373542 13.2254461015 2.42204295313 
14.9834307396 13.255783316 2.31710633731 
14.9834307396 13.255783316 2.31710633731 
14.7779374086 13.6438925231 1.60826156002 
14.7751017773 13.7144533361 1.56908691864 
14.7940243446 13.8398909534 1.39968902474 
14.8338735067 13.9929404224 1.53154266122 
14.8464276754 14.1335439647 1.59247452507 
14.8543733322 14.2364407743 1.66190352496 
14.8630151713 14.4114576543 1.6472231827 
14.8698602879 14.5461425746 1.63365551453 
14.8779379093 14.709218439 1.6047057373 
14.880975362 14.8619923557 1.52602729509 
14.8856393063 14.9128641451 1.51587449956 
14.967002269 15.164436307 0.935382673866 
15.0401654803 15.2570490094 0.720412520736 
15.1841903293 15.3550582493 0.377455524607 
15.3042045199 15.3934744711 0.194704455109 
15.4824039602 15.4103083427 0.135870262528 
15.6343191826 15.420661133 0.132343954935 
15.7995153033 15.4315703327 0.163936478726 
15.906774223 15.43998478 0.160408011866 
16.0901796335 15.4517146314 0.14647591579 
16.2457698845 15.4615966643 0.127120330491 
16.3963840568 15.4699797595 0.154454873686 
16.539070543 15.4794093485 0.130373072725 
16.6860471928 15.4898965026 0.118987973738 
16.8596016132 15.499721166 0.152571375143 
17.0698401892 15.5135435427 0.159806779484 
17.263806101 15.5251087213 0.14603698288 
17.4888218605 15.5385318364 0.114030770015 
17.6371051037 15.5470020438 0.13414198855 
17.8034280502 15.5569626952 0.140572493329 
17.9790420496 15.566387024 0.137704693378 
18.097753998 15.5727249647 0.134631208432 
18.3016197645 15.584016111 0.131357521322 
18.4915194475 15.5931617881 0.137945641891 
18.6563951933 15.6011100675 0.129625459539 
18.7707977259 15.6069264377 0.121957669764 
18.853934046 15.6093426312 0.121837150565 
18.853934046 15.6093426312 0.121837150565 
19.2459304297 15.6749755705 0.673870146831 
19.3383877241 15.733442005 0.878136415808 
19.3383877241 15.733442005 0.878136415808 
19.3383877241 15.733442005 0.878136415808 
19.3383877241 15.733442005 0.878136415808 
19.3383877241 15.733442005 0.878136415808 
19.3383877241 15.733442005 0.878136415808 
19.3383877241 15.733442005 0.878136415808 
19.3383877241 15.733442005 0.878136415808 
18.9416575396 16.6174783672 3.51162477824 
18.8711252176 16.6009603704 3.64173219017 
18.707101103 16.5186185802 3.76180930125 
18.5447778666 16.4197859729 3.76310061105 
18.4399480784 16.3568677867 3.76539590648 
18.3642280066 16.3113367523 3.76530705967 
18.1578729117 16.1849243606 3.76054297334 
17.9923503363 16.0847493375 3.75008577228 
17.9038481676 16.0332230891 3.76124895815 
17.7745116913 15.9542044366 3.75544412916 
17.6474019253 15.8779019083 3.74565770064 
17.4910130465 15.7832893098 3.75844524574 
17.3423951828 15.6946862901 3.75886978535 
17.214030143 15.6189159418 3.75331990256 
17.1259306633 15.5658308233 3.75360466883 
16.9745860064 15.4760680611 3.76665899104 
16.8289898598 15.3906184102 3.75642366424 
16.6791074836 15.300200511 3.72447130048 
16.5771611893 15.2374709634 3.61673490593 
16.4539295399 15.182658978 3.48233462715 
16.2791306638 15.1366070847 3.47752076636 
16.135330137 15.1009976084 3.46437363205 
15.9942325094 15.06623989 3.46018076657 
15.8458544762 15.0311094935 3.43414525805 
15.6578706765 14.9838658238 3.47528312431 
15.5200606548 14.9516058529 3.46388014423 
15.3954292798 14.9205842579 3.45220208792 
15.1980632507 14.870922562 3.47527506849 
15.0987048113 14.8475165034 3.61224691855 
14.9513674938 14.788637575 3.87301234744 
14.8210364544 14.6802641119 4.22248827932 
14.7197999918 14.5014959539 4.6141157673 
14.6983842814 14.3949139083 -1.48393537353 
14.7051951849 14.263842162 -1.31654260295 
14.7587444746 14.0718111957 -1.21817978666 
14.7927374804 13.9540430273 -1.25421554581 
14.8464606964 13.7679972614 -1.26481361026 
14.8733870947 13.6845971311 -1.15273939216 
14.8733870947 13.6845971311 -1.15273939216 
14.991050061 13.4457830156 -0.630758014776 
14.991050061 13.4457830156 -0.630758014776 
15.310236808 13.2547252143 -0.29294435887 
15.4479728901 13.2009357179 -0.299042531526 
15.6450891161 13.124318477 -0.0906081823213 
15.8566914463 13.0978430475 -0.0194733266417 
16.0083268919 13.0842565263 -0.0130312334098 
16.186888721 13.0675398077 0.178185540196 
16.3604547643 13.0930029119 0.423704860847 
16.5302997791 13.1560722555 0.40602750962 
16.6323178374 13.194297191 0.396443951596 
16.8472456896 13.2671101058 0.216532455751 
16.9791871273 13.2800458635 0.162664085679 
17.1194131338 13.2852412427 0.133856644333 
17.2179063522 13.2907559837 0.144322616002 
17.4294115269 13.3060414756 0.139741105387 
17.563319441 13.31348395 0.140604110949 
17.7441434824 13.3253413404 0.13922548726 
17.8910832369 13.3352562154 0.139510928665 
18.0315244162 13.3447120155 0.142904402754 
18.1564378702 13.3507819141 0.223399743914 
18.3328824007 13.382305857 0.540570049636 
18.433391329 13.4324356283 0.789490328045 
18.5629782641 13.5459372962 1.10489400017 
18.6279954874 13.6542835201 1.37360062372 
18.6677467787 13.8240705694 1.69273075699 
18.6662983858 13.9080830778 1.76118272525 
18.6522750818 14.03529894 1.76060495919 
18.6394436323 14.1389172042 1.75685067711 
18.6136481726 14.3613945211 1.75304311078 
18.6008481943 14.4857441748 1.80578791771 
18.5842812025 14.6130480135 1.96433856733 
18.5086073839 14.794882443 2.3355230593 
18.4387321436 14.8856118287 2.37883823889 
18.3126010859 15.0295643921 2.39365359987 
18.2295591795 15.1231305862 2.48753363913 
18.1091473066 15.2284187966 2.63437931252 
17.9747703039 15.3135775889 2.65377713011 
17.892642256 15.367230233 2.68300375939 
17.6922699177 15.477116477 3.00513275622 
17.5316975081 15.5064134861 3.29389306293 
17.4415563309 15.4999554122 3.3830911033 
17.3826904261 15.4914469982 3.38023139815 
17.2863516771 15.4771326596 3.3505091279 
17.2362658941 15.4699920083 3.3504557673 
17.1181589329 15.4525868709 3.34749481758 
16.9714820349 15.431998756 3.35518985156 
16.8009809219 15.4079972173 3.36494538396 
16.6627144181 15.3863702233 3.36020739749 
16.5412871205 15.3685409094 3.36895598317 
16.3962613308 15.3446272577 3.36418289801 
16.1924489998 15.3159245665 3.37372961961 
16.1037025863 15.3046916763 3.37428976097 
15.950634759 15.2843922454 3.34452527915 
15.7856755146 15.258582257 3.59726674769 
15.6963726097 15.2313881863 3.90772052252 
15.6202048325 15.1855147819 4.35742304974 
15.5975754821 15.1718156824 4.62226915158 
15.5779437387 15.1729106049 -1.34919798269 
15.5582516157 15.166299958 -1.02754294835 
15.5454704427 15.1574805419 -0.799366907685 
15.5235758984 15.1384441818 -0.386726416984 
15.5180549585 15.1230139549 -0.127634407448 
15.5224692785 15.1028909499 0.181077455536 
15.5548763835 15.1002885217 0.289751659977 
15.6109068954 15.1115502233 0.296761786663 
15.6707601809 15.1255792792 0.289234024979 
15.7736560666 15.1476664285 0.287863998599 
15.8500402198 15.1655274148 0.285493750695 
15.9327011855 15.1860431174 0.205919785538 
15.9665257895 15.1996457728 0.0337607323724 
15.9898997509 15.2144402957 -0.264813936797 
15.9911803567 15.2411200388 -0.636076229905 
15.9853897729 15.2702760885 -0.843602674864 
15.9880896547 15.2878529842 -0.993880119405 
15.9878383541 15.2849342229 -1.00743707435 
15.9877720141 15.2849526892 -1.0077952071 
15.9882061669 15.2855910922 -1.0113466209 
15.9878745564 15.2851150038 -1.00798377924 
15.9877472409 15.2849369908 -1.00738136123 
15.9877468609 15.2852696108 -1.00923064255 
15.9877194726 15.2852517555 -1.00899756797 
15.9878171348 15.2851039732 -1.00757055721 
15.9876178169 15.2854255552 -1.00774680031 
15.9877994322 15.2851297858 -1.00802856123 
15.9877879956 15.2851000393 -1.00755100445 
15.9877796659 15.2850910092 -1.00731381416 
15.9877824077 15.2851215864 -1.00736869306 
15.9876397737 15.285330117 -1.00572603266 
15.9877957964 15.2850984375 -1.00764434269 
15.9877021724 15.2852711568 -1.00652465542 
15.9877886587 15.2851447391 -1.00715871755 
15.9877586478 15.285136726 -1.0072591998 
15.9876144418 15.2853171232 -1.00576819424 
15.9876725414 15.2852833385 -1.00606196424 
15.9880705067 15.286122259 -1.00807760361 
15.9878094011 15.2851471866 -1.00710315256 
15.9876471573 15.2852742674 -1.00606247546 
15.9877560848 15.2854592542 -1.00763623714 
15.9877171108 15.2852725203 -1.00646275777 
15.9877877497 15.2851374673 -1.00729603782 
15.9877949544 15.2851171794 -1.00722403374 
15.9877949544 15.2851171794 -1.00722403374 
