15.8398104982 15.1706454421 0.387849334387 
15.8398378716 15.170656685 0.388039940762 
15.8397836686 15.1706371198 0.387759517415 
15.8398172484 15.1706454272 0.387654437754 
15.8400607632 15.1709827895 0.386820621093 
15.8400615865 15.1709824691 0.386810760116 
15.8397970461 15.1706239025 0.387642393132 
15.8404866086 15.1709655637 0.390855231248 
15.8397904673 15.170614023 0.387686547805 
15.8400535808 15.1709676499 0.386752487509 
15.839805253 15.1706123839 0.387570312112 
15.8398027384 15.1706136356 0.387785184598 
15.8397998587 15.1706165562 0.387633616245 
15.8400593178 15.170974646 0.386849562326 
15.8398014494 15.1706037114 0.387610423001 
15.8397941739 15.1706076751 0.387686065746 
15.8397995309 15.1706016103 0.387647771689 
15.8398106584 15.1706086139 0.387734315431 
15.8400670589 15.1709659065 0.386826104656 
15.8398008571 15.1706137846 0.387630107685 
15.8398142942 15.1706227625 0.387735311027 
15.839810595 15.1706017295 0.387647770416 
15.8398219832 15.1706233064 0.387628255612 
15.84006219 15.1709555651 0.386631973548 
15.8398191148 15.1706133077 0.387569508993 
15.8400617094 15.1709547753 0.386649297365 
15.8398153746 15.1706058646 0.387690872283 
15.8400871941 15.1709568168 0.38611052511 
15.8400633522 15.1709679703 0.386493474805 
15.8400579878 15.1709767545 0.385902394974 
15.8397919313 15.1706003363 0.387507706644 
15.8396685497 15.1706577952 0.387129675294 
15.8399566488 15.1709846223 0.38571156354 
15.839044165 15.1701588074 0.404997115297 
15.8397457973 15.1705393831 0.393053112165 
15.839764435 15.1705584491 0.39290986232 
15.8397889064 15.1705665256 0.393097246105 
15.8396553883 15.1704890544 0.385631738334 
15.8399382682 15.1709489862 0.386151702382 
15.8396997043 15.1706509481 0.387014855628 
15.8397238293 15.1706469248 0.387019218911 
15.8397154884 15.1706211234 0.386840180185 
15.8396622577 15.1705014522 0.387364172871 
15.8399017641 15.1700703467 0.382219784233 
15.8397224211 15.1706204156 0.387136339411 
15.8396563121 15.1704869683 0.38728789001 
15.8399064691 15.1700469146 0.381870496301 
15.8399894723 15.1709759797 0.385646001108 
15.839754332 15.1706297735 0.38660620942 
15.867003441 15.1789208877 0.382217445956 
15.9023217141 15.1920500661 0.319226888625 
15.9115649463 15.2072657014 0.0875577121348 
15.9257514776 15.2175572368 -0.0562523015484 
15.9677590692 15.2114593426 -0.080661688442 
16.0212888085 15.2028899642 -0.0739649369404 
16.1516555512 15.1833377744 -0.0920836825992 
16.2290357613 15.1712510476 -0.0771974728311 
16.4520039522 15.1387690569 -0.0812754111357 
16.5533519947 15.1225664879 -0.0726640877774 
16.7539949977 15.0914487059 -0.0752354250025 
16.9517333471 15.0608364309 -0.0727286489005 
17.0738092625 15.0424880947 -0.0736737057721 
17.2428768837 15.016616028 -0.0775325612969 
17.4031954968 14.9927457387 -0.0884706756203 
17.5432639086 14.9715464378 -0.0793116677707 
17.6926832163 14.9477226997 -0.0793886888458 
17.8444608414 14.9234409595 -0.0734964582294 
18.0019669497 14.8982979024 -0.0592510775195 
18.1635193789 14.87606838 -0.176605455892 
18.2640237772 14.8543503548 -0.343082625164 
18.3939132654 14.7956644858 -0.611083777607 
18.5285689795 14.6706117357 -0.982248213079 
18.6024842226 14.5284032191 -1.18453493918 
18.6476921999 14.3723353709 -1.19784803985 
18.6919541323 14.2326128448 -1.26850490262 
18.7242665255 14.0867831672 -1.50760989994 
18.7180521452 13.9349071945 4.63994055747 
18.7054121458 13.8472024168 4.6291707602 
18.6968305075 13.7869856323 4.62705429442 
18.6217806303 13.511827823 4.13039392241 
18.6025338137 13.477897879 4.09625590721 
18.4860749209 13.2871360744 2.7474389188 
18.4860749209 13.2871360744 2.7474389188 
18.1848761999 13.2165583337 3.2171985489 
17.9522948229 13.2214935983 3.1680143707 
17.8286125624 13.2280918325 3.17138473542 
17.7257902586 13.2348014081 3.17469562795 
17.5229537451 13.2434395517 3.1647547412 
17.4119125568 13.249005195 3.16460653594 
17.2748329603 13.2561769451 3.16353584226 
17.1556669438 13.2647662128 3.16594807676 
17.0376031363 13.2723946537 3.16905240319 
16.9188911879 13.2828433479 3.16580784224 
16.6230926478 13.2959094013 3.43639975597 
16.5032650792 13.2703002656 3.46389472282 
16.3380214834 13.2276025976 3.37199460673 
16.2407311165 13.2068411077 3.17986930331 
16.1273060852 13.2104152406 3.01717655342 
15.9870738276 13.2414389814 3.0101730736 
15.8895221815 13.2665680612 3.1582746377 
15.8181383797 13.2785848344 3.36929925234 
15.7235414946 13.2646598781 3.44195539604 
15.6210635566 13.241380092 3.43568434819 
15.4538001084 13.2048798765 3.43761683865 
15.2960512602 13.1686359609 3.36655027328 
15.1580740773 13.1472164358 3.14250168213 
14.9935743773 13.1637102331 2.80319958819 
14.8554302418 13.2255824769 2.50889650367 
14.815631386 13.2550216878 2.44335765177 
14.815631386 13.2550216878 2.44335765177 
14.6280285084 13.5886197055 1.82324733392 
14.6252226793 13.6062695945 1.80774342207 
14.5717301333 13.918667909 1.74395039669 
14.5717301333 13.918667909 1.74395039669 
14.5227966272 14.2256336177 1.71390219416 
14.5157798493 14.3825473155 1.44847424718 
14.5517530405 14.5386840666 1.19929806726 
14.5782524311 14.5922985638 1.18425612977 
14.646751877 14.7188557352 0.881392719077 
14.7809879744 14.8501228953 0.556454190173 
14.9663872683 14.9283221627 0.349361383212 
15.112039026 14.96858665 0.358681945632 
15.2450836265 15.0049154128 0.360779914692 
15.3948710525 15.0451920296 0.371761482482 
15.5395612084 15.0841976816 0.349454657911 
15.6536924356 15.1156219656 0.349651317005 
15.8329925352 15.1662434826 0.359290870441 
15.9813192302 15.2088929715 0.341220129038 
16.0765267425 15.2345937227 0.327885455181 
16.2519085073 15.2810344214 0.350389041592 
16.3960140311 15.3220253924 0.139240568847 
16.5161935055 15.3266812677 0.0610267933417 
16.7077830398 15.3255215252 0.0463223662148 
16.8631572687 15.3214611823 0.049876534048 
16.9948790037 15.3187458182 0.0631893197895 
17.1585164034 15.3153936828 0.0394139039028 
17.3342978918 15.3119167204 0.0444109141513 
17.4517637455 15.3099894191 0.0505809848563 
17.6578899586 15.3063493485 0.057621547036 
17.7876870596 15.3050684969 0.0459215476224 
18.0313703978 15.3028960268 -0.0112509895894 
18.182615515 15.2905955764 -0.25315354434 
18.3361000979 15.2341234002 -0.578184262674 
18.4356698954 15.1603253225 -0.832949257759 
18.5380010569 15.0234830792 -1.15354348466 
18.5802602732 14.8859482671 -1.36530839778 
18.6008262598 14.7363051141 -1.36946022562 
18.6212487185 14.5858583415 -1.38960003291 
18.6403467619 14.4243704642 -1.39465217062 
18.6554772818 14.2918877567 -1.54734676048 
18.6396498644 14.1131128038 4.62537032991 
18.6232876742 14.013342377 4.62470898538 
18.5925841295 13.8329617942 4.51299793151 
18.5550868475 13.6674551929 4.27946239281 
18.5123543703 13.5781414474 4.1088134604 
18.3952054941 13.4426660503 3.73195625858 
18.2637271845 13.3716223205 3.45459328158 
18.1422305071 13.3491492237 3.33972414337 
17.9660041296 13.3263016904 3.30073648431 
17.8046139443 13.3128282989 3.30195083978 
17.6457978451 13.3002114261 3.30963205349 
17.4858195746 13.2857540811 3.30234318215 
17.3605772221 13.2751686538 3.29881015031 
17.1993566715 13.2618898118 3.2970880368 
17.0327603781 13.2488048042 3.29467210249 
16.8709001505 13.2445689405 3.31935120966 
16.6566281879 13.2237731184 3.26313516921 
16.5254901611 13.2161110605 3.30860420357 
16.3466790878 13.1958860124 3.28757675616 
16.1845988595 13.1837860311 3.29682448739 
16.1047014558 13.1769217218 3.29242336328 
15.8937509899 13.1611291135 3.2965406228 
15.7409551406 13.1494506563 3.29663881019 
15.5781687462 13.1375149454 3.29478040389 
15.4366427028 13.1249910558 3.222950181 
15.2628669703 13.1218970979 2.94489952374 
15.1359569394 13.1550086702 2.69563511036 
14.9834307396 13.255783316 2.31710633731 
14.9834307396 13.255783316 2.31710633731 
14.801146146 13.5320475067 1.85669049647 
14.7769018376 13.6622226203 1.56814583838 
14.7940243446 13.8398909534 1.39968902474 
14.8253585064 13.957470652 1.48274650933 
14.8447067701 14.0360839332 1.62306450993 
14.848311063 14.1192498172 1.6224981918 
14.8578845226 14.2763030494 1.6331122132 
14.8630151713 14.4114576543 1.6472231827 
14.8716990912 14.5677901472 1.63333273029 
14.8791046106 14.7366664971 1.60362465393 
14.8840688431 14.8727177943 1.50384710371 
14.9251711332 15.0898640568 1.09871901717 
14.9814024531 15.1847642476 0.917017112995 
15.1155047977 15.3181073035 0.51626559317 
15.2160662377 15.3688611949 0.314997846714 
15.385038253 15.4055681939 0.140749186582 
15.5321267509 15.4140914197 0.139136702962 
15.6735085511 15.4229626025 0.140087107616 
15.8653152493 15.4369031454 0.169932233991 
15.9976139778 15.4453090692 0.160395817098 
16.181489166 15.4573538716 0.125192094297 
16.3142164015 15.4657000864 0.130358122862 
16.4772034251 15.475244459 0.153941944301 
16.567274388 15.481044289 0.13893865074 
16.7871932947 15.4960371817 0.136182316936 
16.928279277 15.5047220851 0.145127697661 
17.0990998709 15.5151008333 0.128453052509 
17.1807709896 15.5198852087 0.144514460966 
17.3845168316 15.5321271981 0.131560848471 
17.535105344 15.541203704 0.109203132559 
17.7153944933 15.5519740845 0.118911479477 
17.9194252455 15.5631190802 0.139645259247 
18.0672099554 15.57101452 0.139472602347 
18.2001140082 15.5781376029 0.133255627635 
18.403385874 15.5897968377 0.130724758428 
18.5476005041 15.5963794554 0.13231071287 
18.7707977259 15.6069264377 0.121957669764 
18.853934046 15.6093426312 0.121837150565 
18.853934046 15.6093426312 0.121837150565 
19.2061483824 15.6577810908 0.582800847242 
19.3383877241 15.733442005 0.878136415808 
19.3383877241 15.733442005 0.878136415808 
19.3383877241 15.733442005 0.878136415808 
19.3383877241 15.733442005 0.878136415808 
19.3383877241 15.733442005 0.878136415808 
19.3383877241 15.733442005 0.878136415808 
19.3383877241 15.733442005 0.878136415808 
19.3383877241 15.733442005 0.878136415808 
18.9926564657 16.6227679218 3.41280145358 
18.8219268286 16.5814152921 3.7029798739 
18.7036161387 16.5170375074 3.76422738658 
18.5798139536 16.4413171972 3.76588499347 
18.4323151075 16.3534840311 3.74848490512 
18.3466253245 16.3002375329 3.76444785073 
18.2086129152 16.2165167297 3.7635862455 
18.051856991 16.1193209852 3.74250610085 
17.9216883146 16.0443792308 3.76337731274 
17.786005851 15.960510012 3.77062207464 
17.6864677631 15.9013886417 3.74935549245 
17.4978593552 15.787672397 3.75003032559 
17.4293475115 15.746546861 3.76162110457 
17.2733287775 15.654013362 3.75460419292 
17.1259306633 15.5658308233 3.75360466883 
17.0257054531 15.5063599313 3.76678164984 
16.8471476996 15.4011833633 3.75555138703 
16.7352035606 15.3335543985 3.75004287147 
16.6095490419 15.2569457388 3.66304899447 
16.4762859904 15.1891133862 3.47650122829 
16.3371292317 15.1520635153 3.45948119262 
16.1804053747 15.1120743419 3.46135690385 
15.9942325094 15.06623989 3.46018076657 
15.8249339276 15.0248237068 3.47793166991 
15.6862617546 14.9910278882 3.4761849422 
15.5582419598 14.9612337316 3.47516063929 
15.3680805528 14.9134973551 3.48881389501 
15.2411757075 14.8808313573 3.45835470385 
15.0919132197 14.8452841307 3.62332516775 
14.9758384788 14.8022297884 3.84620367934 
14.8118926251 14.6712110008 4.23434363201 
14.7442785465 14.561762389 4.50363219608 
14.700894829 14.4150483573 -1.50023534808 
14.7062177622 14.2554641927 -1.2872317958 
14.7587444746 14.0718111957 -1.21817978666 
14.8102309668 13.9043312038 -1.21145620844 
14.8464606964 13.7679972614 -1.26481361026 
14.8733870947 13.6845971311 -1.15273939216 
14.8733870947 13.6845971311 -1.15273939216 
14.991050061 13.4457830156 -0.630758014776 
15.15808725 13.3304519618 1.27960665682 
15.3835639917 13.2269219125 -0.300997749712 
15.5355147981 13.1647173131 -0.254463548846 
15.6450891161 13.124318477 -0.0906081823213 
15.8356773109 13.0993970598 -0.0171076435493 
15.9709388354 13.0873898233 -0.012860071813 
16.159417566 13.0693691934 0.118138912984 
16.3668811285 13.093497392 0.499811522865 
16.5490931832 13.1639867986 0.394447828636 
16.691870507 13.2171250547 0.355416171544 
16.8854197228 13.2744929756 0.176826177081 
17.0366982185 13.2831046546 0.156908147169 
17.1974828207 13.2895553077 0.141457333116 
17.3823262417 13.302512523 0.13998838552 
17.5289618933 13.3118759359 0.139848956485 
17.6927270853 13.3221689428 0.140918029624 
17.8531787359 13.3327937091 0.138360473084 
17.9634668791 13.3401377166 0.138427730462 
18.1051175558 13.3481669391 0.175716024435 
18.2842228376 13.3682156766 0.42990597962 
18.3886711561 13.406268474 0.67937539587 
18.5350148642 13.5154778923 1.03206461272 
18.6110272371 13.6193160976 1.29477863702 
18.666295048 13.7990006174 1.66058523586 
18.6665880644 13.9016945327 1.75758052889 
18.6579585039 13.9737029041 1.74903985915 
18.6409389937 14.1281721557 1.75713540769 
18.6217558348 14.2885990108 1.75524595332 
18.602086302 14.4737406934 1.7818111469 
18.5806777441 14.6343793834 2.02348519223 
18.5292189085 14.7628524269 2.27232597076 
18.4527354204 14.8684974874 2.37189230768 
18.3372859919 15.0003905261 2.38836551728 
18.2426135504 15.1083142574 2.47228896424 
18.1204583609 15.221360272 2.64286201517 
17.9937896692 15.3030732537 2.63085889285 
17.8548896277 15.3911875303 2.69973567818 
17.7287050449 15.4620898629 2.92064693674 
17.5671532118 15.5065399672 3.24579349034 
17.4589045012 15.5028825069 3.38465074465 
17.356920954 15.4861698414 3.373663885 
17.291095134 15.4782987351 3.36010269402 
17.2541818583 15.4726228232 3.35932384056 
17.1321846211 15.4549968208 3.36344553668 
17.005246278 15.436975878 3.35970158047 
16.8622596228 15.4165185655 3.36886596885 
16.7128030622 15.3940822894 3.36229234813 
16.5838866794 15.3747854496 3.35245539255 
16.3962613308 15.3446272577 3.36418289801 
16.2126573586 15.318996262 3.35776072221 
16.0734397137 15.2995251122 3.33955544922 
15.931134537 15.279974554 3.36670774927 
15.8086970189 15.2628329604 3.5492143468 
15.6963726097 15.2313881863 3.90772052252 
15.6463835054 15.2045086215 4.16199688527 
15.6122149789 15.1796316507 4.45900144017 
15.5857008957 15.1699167977 -1.46381106837 
15.5725518429 15.1711963306 -1.26966954818 
15.5516592228 15.164844055 -0.944146562325 
15.5304055178 15.1457175131 -0.535192157617 
15.5211131835 15.1338437463 -0.308896188773 
15.517904725 15.1213991011 -0.109776529385 
15.5311449432 15.0995294119 0.23210060404 
15.5949476325 15.1077950115 0.288984950535 
15.6336846614 15.1165535564 0.293982465812 
15.7251565569 15.1373195017 0.295155745428 
15.856782023 15.1657828728 0.280771920224 
15.9181285297 15.1812182183 0.236537025905 
15.9627106005 15.197414432 0.0646134874204 
15.9898997509 15.2144402957 -0.264813936797 
15.9933014997 15.226883813 -0.475083194027 
15.9853897729 15.2702760885 -0.843602674864 
15.9860233852 15.2866663786 -0.99709898546 
15.9888841623 15.2879920343 -1.01572420114 
15.9878372439 15.2848309653 -1.00774156457 
15.9878684172 15.2848317588 -1.0092528945 
15.9877564275 15.2849441546 -1.00734843695 
15.9877870643 15.2849251966 -1.00734972079 
15.9877689519 15.284958266 -1.0074132378 
15.9877832868 15.2851014997 -1.00747939064 
15.9877334573 15.2851725819 -1.00707204587 
15.9877697193 15.2851178276 -1.00756299139 
15.9877965265 15.2851065474 -1.00751099387 
15.9876166397 15.2853741164 -1.00821811973 
15.9877631479 15.285101522 -1.00747750591 
15.9877936878 15.2851098033 -1.00732200541 
15.9876936265 15.2852705049 -1.00620151919 
15.9876554796 15.2852817813 -1.00630670806 
15.9877824822 15.2851385551 -1.00729846382 
15.9876623937 15.2853266189 -1.00592651421 
15.9876536393 15.2853047627 -1.00604330442 
15.9876609408 15.2852949801 -1.006105005 
15.9876681977 15.2853120344 -1.00597706 
15.9878066519 15.2850780713 -1.00749814947 
15.987675097 15.2853110361 -1.00591298692 
15.9889245295 15.2853657568 -0.995513952726 
15.9875816965 15.2853186878 -1.00572020209 
15.9880894684 15.2851727384 -1.00437787555 
15.9880667591 15.286079556 -1.00809444073 
15.9877949544 15.2851171794 -1.00722403374 
15.9877949544 15.2851171794 -1.00722403374 
