15.9877949544 15.2851171794 -1.00722403374 
15.8400680908 15.1709952096 0.386976349948 
15.8398154565 15.1706398095 0.387721855754 
15.8400478252 15.1709846372 0.386992458044 
15.8399587684 15.1710124204 0.385865487596 
15.840076849 15.1709853674 0.386806752323 
15.8400541657 15.1709967817 0.3865927542 
15.8398062513 15.1706167574 0.38758021643 
15.8400569336 15.1709735508 0.386959375143 
15.8400488981 15.1709835047 0.386739630061 
15.8398150654 15.1706239695 0.387688403828 
15.8400560023 15.1709686036 0.386812366915 
15.8400669434 15.1709543283 0.3865560388 
15.8398044334 15.1706115196 0.387510727933 
15.8398202659 15.1706244836 0.387792514825 
15.839806121 15.1706162358 0.387560422105 
15.8397944906 15.1706040467 0.387661867757 
15.8398020939 15.1706112365 0.387576747042 
15.8400639222 15.1709386075 0.386712619298 
15.8397901693 15.1705862025 0.387621684695 
15.8398125136 15.1706203262 0.387628472137 
15.8398108558 15.1706013049 0.387569027307 
15.8398128675 15.1706082414 0.387615261671 
15.8398262897 15.1706251095 0.387677024248 
15.839818217 15.1706247444 0.387483235701 
15.8400481419 15.1709352697 0.386357841995 
15.8400914335 15.170950454 0.386627294213 
15.8400871941 15.1709568168 0.38611052511 
15.840032816 15.1709697286 0.386268271286 
15.839824699 15.1706583465 0.387104400146 
15.8397919313 15.1706003363 0.387507706644 
15.8399244064 15.1700620318 0.382588833551 
15.8399566488 15.1709846223 0.38571156354 
15.84032451 15.1722925271 0.374363662116 
15.8397443407 15.1705271343 0.393114261955 
15.8397635632 15.1705758686 0.393080959078 
15.8397861348 15.170574751 0.393231915438 
15.8395961226 15.1698653216 0.37947648924 
15.8399453984 15.1709878633 0.386215714162 
15.8397085705 15.1706497113 0.386935887546 
15.8397057393 15.1706472079 0.386990253891 
15.8399761916 15.1709816048 0.385811218313 
15.8396621273 15.1705072711 0.387245565426 
15.8399017641 15.1700703467 0.382219784233 
15.839972485 15.170971487 0.386097729264 
15.8399784454 15.1709436069 0.386178360155 
15.8399172985 15.1700477565 0.381954827902 
15.8397490979 15.1706266368 0.386852475908 
15.8405450137 15.1712202246 0.381704110071 
15.867003441 15.1789208877 0.382217445956 
15.9030395319 15.1919873359 0.312426497234 
15.9115649463 15.2072657014 0.0875577121348 
15.9270081819 15.2173332146 -0.0526773373785 
15.9739239031 15.2104808635 -0.0770275679249 
16.042101171 15.1997164416 -0.0716425631906 
16.1516555512 15.1833377744 -0.0920836825992 
16.266957786 15.1657703857 -0.088316344812 
16.4235037529 15.1435049812 -0.0884743517671 
16.5744196736 15.1192418079 -0.0721300793877 
16.7212008202 15.096740451 -0.0743132754686 
16.8719359004 15.0732802267 -0.0769411514114 
17.0228599274 15.0499732012 -0.0738870617796 
17.1844449007 15.0262550528 -0.0645529015233 
17.316213485 15.006360587 -0.0997795948757 
17.495660659 14.9781496788 -0.0895578323983 
17.6550117695 14.9530996943 -0.0952154846809 
17.80246472 14.9302104081 -0.0806108021827 
17.9455587828 14.9081298972 -0.0752203816746 
18.1118302309 14.8827888633 -0.0969213988354 
18.2640237772 14.8543503548 -0.343082625164 
18.4116270506 14.7846718992 -0.663557935847 
18.5226323568 14.6782523359 -0.95928968646 
18.5990827047 14.5354042614 -1.1967832656 
18.6411406958 14.3941077555 -1.21226151526 
18.6879987681 14.2449945177 -1.25843347119 
18.7232434713 14.0951305593 -1.49676724962 
18.7180521452 13.9349071945 4.63994055747 
18.6968305075 13.7869856323 4.62705429442 
18.6968305075 13.7869856323 4.62705429442 
18.6239006483 13.5148428644 4.14109199475 
18.6025338137 13.477897879 4.09625590721 
18.4860749209 13.2871360744 2.7474389188 
18.4860749209 13.2871360744 2.7474389188 
18.1848761999 13.2165583337 3.2171985489 
18.0688276255 13.2157288755 3.16646555484 
17.8286125624 13.2280918325 3.17138473542 
17.7257902586 13.2348014081 3.17469562795 
17.5229537451 13.2434395517 3.1647547412 
17.4032070601 13.2495534385 3.16405579009 
17.2748329603 13.2561769451 3.16353584226 
17.0461721384 13.271492597 3.16606134272 
16.9763810598 13.2796908582 3.1890653246 
16.9188911879 13.2828433479 3.16580784224 
16.6321076715 13.2948199476 3.41616960909 
16.4892688357 13.2692414487 3.4459185441 
16.3722278738 13.2388344968 3.44658286997 
16.2407311165 13.2068411077 3.17986930331 
16.1084594541 13.2134779657 3.00727373047 
15.9775512406 13.2440172399 3.01789231862 
15.8769359478 13.2697560752 3.19381468929 
15.7951515132 13.2765418256 3.40281144372 
15.7041085624 13.2599774564 3.43621917604 
15.5861878359 13.2338615621 3.43574011975 
15.4414015078 13.2019504274 3.43566782175 
15.2960512602 13.1686359609 3.36655027328 
15.1580740773 13.1472164358 3.14250168213 
14.9727728331 13.1702204908 2.77002299642 
14.8442387545 13.2328125204 2.48769426552 
14.815631386 13.2550216878 2.44335765177 
14.815631386 13.2550216878 2.44335765177 
14.6252226793 13.6062695945 1.80774342207 
14.6252226793 13.6062695945 1.80774342207 
14.5717301333 13.918667909 1.74395039669 
14.5717301333 13.918667909 1.74395039669 
14.520994302 14.2343794073 1.69683084258 
14.5173593723 14.3912444676 1.42567467125 
14.5494421684 14.5196846093 1.3075481169 
14.5975023472 14.6358804668 1.06401929824 
14.6793962681 14.7605321671 0.763965465619 
14.7908990347 14.8568382526 0.536230371949 
14.9175971114 14.9128334487 0.36480954329 
15.0842462146 14.9608998562 0.341502302579 
15.2062815392 14.9960098828 0.3468546365 
15.3705025279 15.0391180927 0.389438628948 
15.5193228984 15.0786241556 0.35108485453 
15.6661302113 15.1195450837 0.355595628122 
15.8031778597 15.1587628911 0.363071818319 
15.969057303 15.2037259529 0.332192391078 
16.1171818339 15.2450361305 0.331366510581 
16.262078222 15.2847073043 0.314755957396 
16.3831630313 15.3196294496 0.155107240017 
16.5195875728 15.3266110683 0.0425426843461 
16.6625238621 15.3248435299 0.0624627841239 
16.8169136607 15.322259743 0.0534701399689 
16.9787465298 15.3193349729 0.0517072499883 
17.127980467 15.3161691169 0.0377639726703 
17.2845907175 15.3124840001 0.0702789947467 
17.436371442 15.3102674971 0.0403960530983 
17.6064530575 15.3075025121 0.061487170939 
17.7662734949 15.304591168 0.0551266280609 
17.9201896155 15.3022390048 0.0554413354105 
18.0530233347 15.3028776462 -0.0372487255499 
18.2116932833 15.2838566417 -0.313819962237 
18.3962674105 15.1936049054 -0.733629275387 
18.5007979834 15.0845354314 -1.01150155681 
18.5645453894 14.9549151326 -1.27692536197 
18.5940039122 14.7952722872 -1.37031483083 
18.6130297148 14.6481382812 -1.37600605374 
18.6273617708 14.5185474123 -1.36142431373 
18.6528842413 14.3217649425 -1.50296678942 
18.6478104555 14.1573469604 4.61914504992 
18.6260697806 14.0301605428 4.62661924264 
18.6019723379 13.8844786848 4.59359680086 
18.568518635 13.7081520523 4.36472656276 
18.5123543703 13.5781414474 4.1088134604 
18.493184086 13.5492389167 4.03623307209 
18.2764949762 13.3759565319 3.47199335339 
18.1289551222 13.3431346382 3.32665908317 
17.9746079409 13.3270831073 3.30141799806 
17.8254353964 13.3148422206 3.30472715411 
17.6757087671 13.3022990192 3.30748943856 
17.5154653751 13.2883727516 3.30234084486 
17.3605772221 13.2751686538 3.29881015031 
17.1993566715 13.2618898118 3.2970880368 
17.0611412489 13.2518794502 3.30064234015 
16.8999468052 13.2470186914 3.30158639498 
16.7462297642 13.2300223077 3.26890885611 
16.5918518269 13.222424146 3.30342177733 
16.4454495275 13.208384868 3.27328421692 
16.2947411501 13.191976663 3.29504912609 
16.1424359643 13.1801842416 3.29597706425 
15.9977872857 13.1685088838 3.28373396359 
15.8301224151 13.1560877527 3.2954219896 
15.667612102 13.1441179479 3.29553440636 
15.517180767 13.1327308382 3.26196488542 
15.3630066478 13.120312568 3.12447921133 
15.204165157 13.1330038274 2.82957014217 
15.0625787937 13.1912490095 2.51805153948 
14.9834307396 13.255783316 2.31710633731 
14.9834307396 13.255783316 2.31710633731 
14.7957453692 13.5548628534 1.78017823925 
14.7772337162 13.7019923891 1.54038027394 
14.7940243446 13.8398909534 1.39968902474 
14.8254154884 13.9678820337 1.48734479582 
14.8450529539 14.0602718557 1.6290394636 
14.8498806917 14.1754652227 1.65567994496 
14.856223222 14.3061779703 1.59323242963 
14.8652617895 14.4811924065 1.59215346279 
14.874209162 14.626289543 1.60975638766 
14.8809919321 14.8404645289 1.56698282203 
14.8856393063 14.9128641451 1.51587449956 
14.9814024531 15.1847642476 0.917017112995 
15.0609257781 15.2771371531 0.641899157732 
15.2160662377 15.3688611949 0.314997846714 
15.3638263309 15.4023229743 0.128621872543 
15.5195461773 15.4127121682 0.133288918394 
15.6735085511 15.4229626025 0.140087107616 
15.8279454821 15.4352113868 0.157685726917 
15.9370094688 15.4423736597 0.153484023289 
16.1509496533 15.4553360308 0.131103474913 
16.3142164015 15.4657000864 0.130358122862 
16.4564167821 15.4738613928 0.155519448438 
16.6130514109 15.4841130043 0.112174527792 
16.7795459592 15.4955232407 0.140052435733 
16.928279277 15.5047220851 0.145127697661 
17.0790978634 15.5140754844 0.155339342259 
17.2510070765 15.5244331623 0.148979733514 
17.418238517 15.5336491133 0.13223308621 
17.5636910164 15.5431880916 0.135405894807 
17.7153944933 15.5519740845 0.118911479477 
17.8854486906 15.5612530972 0.138948534348 
18.0501143896 15.5699434246 0.141208155249 
18.2123689615 15.5785099829 0.134063652444 
18.3608236277 15.5872168804 0.132119037531 
18.51715469 15.594677862 0.129685906539 
18.6685836279 15.6021422709 0.125709842271 
18.8306329214 15.6093259717 0.130252152085 
18.853934046 15.6093426312 0.121837150565 
18.853934046 15.6093426312 0.121837150565 
19.2801709139 15.6950946713 0.75889727877 
19.3383877241 15.733442005 0.878136415808 
19.3383877241 15.733442005 0.878136415808 
19.3383877241 15.733442005 0.878136415808 
19.3383877241 15.733442005 0.878136415808 
19.3383877241 15.733442005 0.878136415808 
19.3383877241 15.733442005 0.878136415808 
19.3383877241 15.733442005 0.878136415808 
19.0610556566 16.6223882402 3.28082382864 
18.8919384443 16.6069251264 3.6105844175 
18.7485868895 16.5450712408 3.77153851272 
18.623069998 16.4678091968 3.76672263727 
18.4833083117 16.3830511535 3.76889614094 
18.3572251761 16.306806084 3.76394268485 
18.2270879709 16.2280257309 3.76390855205 
18.1060593092 16.1533726419 3.7448251368 
17.9659247362 16.0701127017 3.76155731893 
17.843685385 15.9962124194 3.75645461635 
17.6837986672 15.8988190258 3.75048759239 
17.5416831934 15.8134342397 3.75960215367 
17.4104310238 15.7361423934 3.76010812469 
17.2659879887 15.6498310233 3.75634945353 
17.1177343094 15.5614756609 3.76139242416 
16.9745860064 15.4760680611 3.76665899104 
16.8289898598 15.3906184102 3.75642366424 
16.6913390123 15.3070172856 3.74589360954 
16.558907088 15.2277166166 3.58780558198 
16.4065253698 15.168632027 3.45861661639 
16.2617236042 15.1321692059 3.4499412534 
16.0940062666 15.0900185073 3.45926288059 
15.9227318132 15.0484554286 3.46284178428 
15.7785852888 15.0134572948 3.47408600926 
15.6478557551 14.9818541075 3.46077768322 
15.4695728981 14.9389744664 3.45364766907 
15.3470484578 14.9086755777 3.47849144268 
15.1182215178 14.852751937 3.57956305122 
14.9868511521 14.8073000277 3.81342440141 
14.8546560967 14.7161547507 4.12494172697 
14.7504982912 14.5783256854 4.44394429395 
14.7038085425 14.4345200623 -1.54371771631 
14.7033137047 14.2833841408 -1.30474120587 
14.7372754776 14.1363639797 -1.22376880262 
14.7848794424 13.9818236793 -1.25743889235 
14.8303397858 13.8336318696 -1.20120856968 
14.8733870947 13.6845971311 -1.15273939216 
14.8733870947 13.6845971311 -1.15273939216 
14.8733870947 13.6845971311 -1.15273939216 
14.991050061 13.4457830156 -0.630758014776 
15.290384885 13.2619686092 -0.291607837321 
15.4197795057 13.212283727 -0.299287925146 
15.5703631603 13.1507984365 -0.215359640022 
15.7096375638 13.1110032762 -0.0314976187382 
15.8566914463 13.0978430475 -0.0194733266417 
16.0170255863 13.0832992757 -0.00961268593474 
16.1756184661 13.068563577 0.150625881366 
16.3315532469 13.0847901071 0.38945429672 
16.4747565353 13.1348165239 0.398369622301 
16.6168556773 13.1874445642 0.408830554765 
16.756547805 13.2401591505 0.303211830739 
16.916811701 13.2760550941 0.17596698354 
17.1111767256 13.2846603359 0.131401465542 
17.2560552322 13.293611523 0.141607704949 
17.3823262417 13.302512523 0.13998838552 
17.550506469 13.312832352 0.140180457637 
17.7143664324 13.3235617841 0.139812367477 
17.8701040709 13.33377504 0.139762213879 
18.0229241812 13.3441115583 0.141612926885 
18.176413294 13.352307793 0.247546228632 
18.3328824007 13.382305857 0.540570049636 
18.4613156283 13.4510070051 0.843555910182 
18.5715861284 13.5610796178 1.11328301287 
18.6432983839 13.6937249864 1.45613299401 
18.6678638422 13.8339118923 1.70046472027 
18.6612265074 13.9506106342 1.76068892007 
18.6527588331 14.0297080244 1.75996839932 
18.6366772616 14.1610275472 1.75495949598 
18.6192638838 14.3105064596 1.75506700848 
18.6035683119 14.4609290923 1.78016075821 
18.5822071993 14.6268103088 2.00928186682 
18.5292189085 14.7628524269 2.27232597076 
18.4387321436 14.8856118287 2.37883823889 
18.3455812895 14.9911947514 2.39153868221 
18.2380711996 15.1134213174 2.46830049199 
18.1273965799 15.2170681229 2.64106025939 
18.0004267656 15.2985675337 2.64060910797 
17.8621610367 15.3870225812 2.69307679556 
17.719863888 15.4649610634 2.9308530921 
17.5744458401 15.5055711831 3.22586956491 
17.4589045012 15.5028825069 3.38465074465 
17.356920954 15.4861698414 3.373663885 
17.291095134 15.4782987351 3.36010269402 
17.2245919668 15.4687814082 3.35780926438 
17.1465262138 15.4569769914 3.36808592997 
17.0339256489 15.4405858035 3.36479792624 
16.8710175717 15.4178023751 3.36831882286 
16.6751164162 15.388157856 3.35739960298 
16.5113627278 15.3639014179 3.35033366477 
16.3668390476 15.3409809957 3.36876513991 
16.1826440358 15.3152545954 3.3486928234 
16.0225217902 15.2929927299 3.34411604258 
15.8729972729 15.2743181402 3.44415396991 
15.7607971096 15.2535755842 3.67556381606 
15.6856797301 15.2280826599 3.93977608866 
15.6311398708 15.1923343691 4.3252249926 
15.5945274496 15.1689088459 4.67578303404 
15.5748901927 15.1719246025 -1.30529226048 
15.5580696725 15.1657479594 -1.02705612786 
15.5393480026 15.1549336875 -0.723005652371 
15.5230490529 15.1373197476 -0.36815182056 
15.5180549585 15.1230139549 -0.127634407448 
15.5259977543 15.1010147298 0.204332445073 
15.5600114131 15.1008707101 0.29411678057 
15.6266855859 15.1146543736 0.291203509385 
15.697406184 15.1315355788 0.276860753828 
15.806278404 15.1561168025 0.241030449856 
15.8866944347 15.1709682609 0.271425739923 
15.9497211167 15.1932155343 0.129358695155 
15.9832394683 15.2083034834 -0.144611853812 
15.9941116684 15.2220456491 -0.421330131623 
15.987470802 15.2550960875 -0.759105603054 
15.9845191204 15.286131602 -0.979360320024 
15.9902726525 15.2868303398 -1.01854286049 
15.9879097306 15.284855597 -1.00786584693 
15.9878543207 15.2848197299 -1.00934055932 
15.9877564275 15.2849441546 -1.00734843695 
15.9877870643 15.2849251966 -1.00734972079 
15.9881317207 15.2856383401 -1.00971343389 
15.9876887166 15.2852538566 -1.00892550848 
15.987764109 15.2851373854 -1.0073217322 
15.9876441025 15.2853517982 -1.00670409924 
15.9877965265 15.2851065474 -1.00751099387 
15.9876100087 15.2853426228 -1.00566308427 
15.9877843821 15.2851102653 -1.00758268401 
15.9876449146 15.2853426042 -1.00588775156 
15.9876611271 15.2853334884 -1.00573012192 
15.9876554796 15.2852817813 -1.00630670806 
15.9877824822 15.2851385551 -1.00729846382 
15.9877900371 15.2851141992 -1.00732942047 
15.9877256491 15.2851616668 -1.00691390036 
15.9877813944 15.2851494069 -1.00708084326 
15.9876681977 15.2853120344 -1.00597706 
15.9881634006 15.2859029027 -1.00989420873 
15.9878314325 15.285086971 -1.00743522877 
15.9889245295 15.2853657568 -0.995513952726 
15.987617124 15.2853531542 -1.00561805864 
15.9889050313 15.2853840666 -0.995722006337 
15.9876480364 15.2852887327 -1.00594507914 
15.987785291 15.2851141433 -1.00735878566 
