15.8397956939 15.1706474761 0.387802992894 
15.8398378716 15.170656685 0.388039940762 
15.8404571266 15.1710002388 0.390694872149 
15.8400641346 15.1709916557 0.386902196757 
15.8400607632 15.1709827895 0.386820621093 
15.8397941888 15.1706391315 0.387869132979 
15.8397899197 15.1706230978 0.387886566742 
15.8400529028 15.1709705109 0.386874812642 
15.8398071007 15.1706032048 0.387805683206 
15.8400535808 15.1709676499 0.386752487509 
15.8400526942 15.1709598343 0.386824264735 
15.8398027384 15.1706136356 0.387785184598 
15.8397955598 15.1706197749 0.387541632543 
15.84007331 15.1709598194 0.386636252979 
15.8398041428 15.1706101338 0.387634400517 
15.8398094551 15.170612585 0.38780586669 
15.8414745146 15.170586888 0.404628304661 
15.8400516139 15.1709503944 0.386794264099 
15.8400525266 15.1709631572 0.38669319886 
15.8400517405 15.1709384585 0.386672618933 
15.840068862 15.1709514523 0.386614193279 
15.8400748224 15.1709792579 0.386744047491 
15.8398144284 15.1706157813 0.387620094765 
15.8400720881 15.1709624718 0.386644108892 
15.8400755488 15.1709511245 0.386445918563 
15.8400761933 15.1709794963 0.386634490056 
15.839833703 15.1706222708 0.387417118093 
15.8399485276 15.1706975664 0.387285103296 
15.8398163581 15.1706381033 0.387100648609 
15.8400560507 15.1709778721 0.385871091738 
15.8397914619 15.1706120113 0.387477222733 
15.8399580979 15.1709385256 0.386271882694 
15.8399522529 15.1710240434 0.385893635581 
15.8406418526 15.171681423 0.380937402521 
15.839754332 15.170533147 0.392971850864 
15.8397689873 15.1705659891 0.393151205766 
15.8397889064 15.1705665256 0.393097246105 
15.8397020028 15.1706509183 0.38732105699 
15.8397012615 15.1706240589 0.386915024593 
15.8396997043 15.1706509481 0.387014855628 
15.8399581389 15.1710224936 0.385858548337 
15.8397154884 15.1706211234 0.386840180185 
15.8399543838 15.1709633062 0.385915088703 
15.8396433369 15.1698261539 0.380276865969 
15.8397165911 15.1706210564 0.38717214657 
15.8399966174 15.1709331612 0.385992760224 
15.8399874271 15.1709653998 0.385989988194 
15.8399965988 15.1709732155 0.385701945697 
15.8414541298 15.171652932 0.379610488363 
15.8527618797 15.173087355 0.37407830407 
15.8990322315 15.1883178803 0.354047342216 
15.9114122224 15.2086852586 0.0657293327695 
15.9270081819 15.2173332146 -0.0526773373785 
15.9844923728 15.2090228873 -0.0765773570614 
16.0676497483 15.1958525779 -0.0776338054152 
16.1143437439 15.1888391862 -0.082497063623 
16.2934842968 15.1616245026 -0.0703050458803 
16.3944101297 15.1468285213 -0.0714476761199 
16.5829496944 15.1180042143 -0.0741293686974 
16.7539949977 15.0914487059 -0.0752354250025 
16.9014896118 15.0686163569 -0.0762514359021 
17.0738092625 15.0424880947 -0.0736737057721 
17.1718023979 15.0279221649 -0.0692669786859 
17.3835738861 14.996153977 -0.0813565242811 
17.4841591084 14.980311122 -0.0936411976752 
17.6926832163 14.9477226997 -0.0793886888458 
17.8750127518 14.9197037483 -0.0802657770112 
18.0101618731 14.8969227935 -0.0611161999253 
18.1931817495 14.8714717294 -0.209376146574 
18.3488912546 14.8201479281 -0.527436081254 
18.4902691805 14.7169514264 -0.855331670838 
18.5619544947 14.6197053159 -1.08480009131 
18.614620682 14.4900821413 -1.21386322167 
18.6626749003 14.3234780396 -1.20659315877 
18.7049188578 14.1868981088 -1.32951759457 
18.7258942091 14.0136958326 4.68232878046 
18.7080159151 13.8649400438 4.63279828055 
18.6968305075 13.7869856323 4.62705429442 
18.6968305075 13.7869856323 4.62705429442 
18.6025338137 13.477897879 4.09625590721 
18.6025338137 13.477897879 4.09625590721 
18.4860749209 13.2871360744 2.7474389188 
18.4860749209 13.2871360744 2.7474389188 
18.0688276255 13.2157288755 3.16646555484 
17.9480750525 13.2216190065 3.1680932659 
17.8286125624 13.2280918325 3.17138473542 
17.6423928702 13.2384835447 3.17101535596 
17.5229537451 13.2434395517 3.1647547412 
17.2877235376 13.2554633583 3.16462817289 
17.1689695084 13.2623891796 3.15781496177 
17.0376031363 13.2723946537 3.16905240319 
16.9763810598 13.2796908582 3.1890653246 
16.9188911879 13.2828433479 3.16580784224 
16.6067899429 13.2907371486 3.42381417324 
16.4892688357 13.2692414487 3.4459185441 
16.3312941455 13.2258721555 3.36206746983 
16.2107195818 13.2034379209 3.10998591484 
16.1084594541 13.2134779657 3.00727373047 
15.956067864 13.2496870721 3.04085923348 
15.8550726586 13.2741233076 3.26152200103 
15.800955739 13.2770270074 3.39711099257 
15.6957853847 13.2578175033 3.4329393903 
15.5518656039 13.2264145578 3.43631819075 
15.462216165 13.206718799 3.43799933407 
15.2960512602 13.1686359609 3.36655027328 
15.1149867141 13.1453846658 3.04003925591 
15.0230629408 13.1568347181 2.86745846624 
14.815631386 13.2550216878 2.44335765177 
14.815631386 13.2550216878 2.44335765177 
14.6369185412 13.5452641214 1.83002071821 
14.6252226793 13.6062695945 1.80774342207 
14.5874128306 13.8351633514 1.82289739414 
14.5717301333 13.918667909 1.74395039669 
14.5717301333 13.918667909 1.74395039669 
14.5153638088 14.2749412025 1.62646783284 
14.5225305521 14.4307728375 1.37865796524 
14.566060301 14.5706716145 1.14614321945 
14.620793935 14.6779034699 0.977256655192 
14.7264516317 14.8072122003 0.654493254993 
14.8092972004 14.8680132891 0.484382035523 
14.9663872683 14.9283221627 0.349361383212 
15.1199750864 14.9698056842 0.36715795157 
15.213941034 14.9955190981 0.372980995129 
15.3973890507 15.0491823817 0.328649162125 
15.5395612084 15.0841976816 0.349454657911 
15.7036641353 15.1299619863 0.348775769934 
15.862417318 15.1748370121 0.357327949014 
15.9813192302 15.2088929715 0.341220129038 
16.1755695903 15.2603160965 0.319634639871 
16.3185706102 15.3028821538 0.25514788556 
16.4206799829 15.3249580974 0.112799402999 
16.5657676422 15.3258790935 0.0619927016747 
16.745152589 15.3238137777 0.057867937879 
16.8843759262 15.3209541405 0.0496937848065 
17.009080168 15.3186898867 0.0484548882717 
17.1585164034 15.3153936828 0.0394139039028 
17.3141785824 15.3122915889 0.0513154609817 
17.5376032555 15.3083064596 0.0368226610683 
17.6483341419 15.3066913972 0.0414500969043 
17.7960884535 15.3038573603 0.0505373147044 
18.0019600355 15.3031258176 0.010343631527 
18.0613880121 15.3016458193 -0.0375989411924 
18.2411384546 15.2757507155 -0.376693213436 
18.3962674105 15.1936049054 -0.733629275387 
18.5197968447 15.0565648491 -1.08571527534 
18.5718154871 14.9247729147 -1.33417693594 
18.5964002573 14.7743700112 -1.37263073289 
18.6073749029 14.6757492984 -1.35421978487 
18.6273617708 14.5185474123 -1.36142431373 
18.6532976591 14.3174936737 -1.50866166955 
18.653568741 14.2042622531 4.64402463173 
18.628039118 14.0430349077 4.62819012544 
18.6032295191 13.893215176 4.59602988317 
18.5802543127 13.7542015279 4.44683477796 
18.5272197687 13.6025730337 4.14027840583 
18.493184086 13.5492389167 4.03623307209 
18.3165879213 13.3938598598 3.55259746269 
18.1618971789 13.346443888 3.33597706551 
18.017396208 13.3300505842 3.28760293882 
17.8556647265 13.3172754014 3.3082170037 
17.7051176989 13.3048382963 3.30500308401 
17.5455572569 13.2911244596 3.30315222301 
17.4036536181 13.279272076 3.30239242499 
17.2122737133 13.2630225385 3.29953406058 
17.0611412489 13.2518794502 3.30064234015 
16.92074072 13.2466479505 3.335405585 
16.7960423791 13.2365943159 3.33400558408 
16.5850324595 13.2203813756 3.29662145652 
16.4454495275 13.208384868 3.27328421692 
16.3466790878 13.1958860124 3.28757675616 
16.2227223479 13.1871050561 3.29783402783 
16.0104599112 13.169556495 3.28182345443 
15.8641276547 13.1588853563 3.29525424543 
15.749488216 13.1500030721 3.29692436548 
15.5996916556 13.1393827165 3.29546125515 
15.3943048977 13.1217967237 3.18296875805 
15.2453703844 13.1238065923 2.90249378418 
15.0815507137 13.1809037889 2.56647451364 
14.9834307396 13.255783316 2.31710633731 
14.9834307396 13.255783316 2.31710633731 
14.801146146 13.5320475067 1.85669049647 
14.7788430416 13.6366243328 1.63717696625 
14.7855089867 13.7831542457 1.44596024468 
14.8254154884 13.9678820337 1.48734479582 
14.8447067701 14.0360839332 1.62306450993 
14.8498806917 14.1754652227 1.65567994496 
14.8583024704 14.3387650813 1.65749540768 
14.8652617895 14.4811924065 1.59215346279 
14.8722574675 14.606257614 1.59316616016 
14.8807812893 14.8315870429 1.57316745361 
14.8856393063 14.9128641451 1.51587449956 
14.967002269 15.164436307 0.935382673866 
15.0342178309 15.2509165763 0.762498356459 
15.2241991126 15.3718083019 0.300327475035 
15.3555473649 15.4019674028 0.138017868596 
15.4824039602 15.4103083427 0.135870262528 
15.6636016631 15.4221720363 0.153581053048 
15.7856014484 15.4305206055 0.173278695818 
15.9168323615 15.4402007724 0.151943438356 
16.1283910089 15.4539942558 0.144902457335 
16.231926527 15.4605864103 0.140622911912 
16.4192233049 15.4713781143 0.153292905384 
16.52671754 15.4788691218 0.129470096573 
16.7069665157 15.4908616508 0.119460469428 
16.8302540147 15.4979599381 0.150677260989 
17.0408230984 15.5124710167 0.149711728912 
17.1912292206 15.5207481945 0.135282896989 
17.3667637074 15.5309179092 0.14190625158 
17.473256346 15.5375455881 0.131981936622 
17.6371051037 15.5470020438 0.13414198855 
17.816575762 15.5578052069 0.139774719261 
17.9194252455 15.5631190802 0.139645259247 
18.0805892908 15.5721726085 0.135018064054 
18.2496976816 15.5808609391 0.136655595006 
18.3608236277 15.5872168804 0.132119037531 
18.5340013468 15.5953626896 0.132860118824 
18.7067043745 15.6036857332 0.128342555428 
18.853934046 15.6093426312 0.121837150565 
18.853934046 15.6093426312 0.121837150565 
18.853934046 15.6093426312 0.121837150565 
19.3324124777 15.729200002 0.869555020742 
19.3383877241 15.733442005 0.878136415808 
19.3383877241 15.733442005 0.878136415808 
19.3383877241 15.733442005 0.878136415808 
19.3383877241 15.733442005 0.878136415808 
19.3383877241 15.733442005 0.878136415808 
19.3383877241 15.733442005 0.878136415808 
19.3383877241 15.733442005 0.878136415808 
19.0312824213 16.6228270496 3.33905392618 
18.8711252176 16.6009603704 3.64173219017 
18.7282576525 16.531938311 3.76721537034 
18.6378271544 16.4768748249 3.76541390122 
18.4940388167 16.3897501195 3.77070461208 
18.3897137606 16.3267167772 3.76615880647 
18.2346157992 16.2326439584 3.76388437667 
18.0812470877 16.1364690031 3.72956121307 
17.9659247362 16.0701127017 3.76155731893 
17.843685385 15.9962124194 3.75645461635 
17.6983423197 15.9074006642 3.76588091142 
17.5416831934 15.8134342397 3.75960215367 
17.4464706146 15.7576818431 3.74951232875 
17.2733287775 15.654013362 3.75460419292 
17.1954346859 15.6078301931 3.75437320211 
17.0257054531 15.5063599313 3.76678164984 
16.9240719044 15.4457032199 3.75277288083 
16.7863264048 15.363871109 3.75078452014 
16.65343773 15.2843954342 3.71280216407 
16.4857357704 15.1923394578 3.49019934728 
16.3498625123 15.1556940044 3.46603178386 
16.2291379833 15.1235481913 3.45690007431 
16.0805735254 15.087639686 3.4657383054 
15.9062247073 15.0449120368 3.45545166895 
15.7559885943 15.0078743512 3.45762916385 
15.5985288286 14.9698696698 3.45921942544 
15.4410969579 14.9333611096 3.44800123301 
15.3191929423 14.9016906584 3.47978687532 
15.133920964 14.8564109767 3.56218922308 
14.9868511521 14.8073000277 3.81342440141 
14.9188045227 14.7685377265 3.95845618634 
14.7770514452 14.6214851106 4.36530479368 
14.714638468 14.4842363561 4.63548565955 
14.6991831028 14.3227659429 -1.32534630728 
14.7178049051 14.2051277126 -1.24595299742 
14.7738869154 14.0223902429 -1.22518716837 
14.8079665863 13.9125739301 -1.21288247241 
14.8388715946 13.8019585575 -1.23027647257 
14.8733870947 13.6845971311 -1.15273939216 
14.8733870947 13.6845971311 -1.15273939216 
14.991050061 13.4457830156 -0.630758014776 
14.991050061 13.4457830156 -0.630758014776 
15.3835639917 13.2269219125 -0.300997749712 
15.4841070139 13.1864711011 -0.290124055343 
15.6659435594 13.1189681257 -0.066041682652 
15.7897479871 13.1016186441 -0.00116222298709 
15.9873689526 13.0862444604 -0.0154783120188 
16.0983266198 13.0737594331 0.0530242603638 
16.2614918613 13.0723191465 0.295312147535 
16.3864153885 13.102834102 0.447040208913 
16.5973080957 13.1802984441 0.404378921373 
16.7269788944 13.2299536432 0.336331746178 
16.8545760476 13.2669873203 0.214698631093 
17.0157037937 13.2815175022 0.168711755843 
17.1567193234 13.2875620092 0.134910275559 
17.3361084425 13.2989358867 0.143953036306 
17.4982899391 13.3102407421 0.141333715156 
17.6502076351 13.3196043933 0.138187726962 
17.8111879789 13.3298594917 0.139894826325 
17.920773741 13.3372662033 0.139480566411 
18.0967318976 13.3476341928 0.172080278963 
18.2071213686 13.3568056787 0.277957338084 
18.3816709482 13.4018359149 0.649651773582 
18.5350148642 13.5154778923 1.03206461272 
18.6110272371 13.6193160976 1.29477863702 
18.6655223333 13.7912958826 1.64778704619 
18.6670434439 13.8858977521 1.74634827237 
18.6546144449 14.0037391151 1.74806269179 
18.6399803125 14.1352841819 1.75671382468 
18.6320788824 14.199663874 1.75637816679 
18.6073930227 14.4206016029 1.76797184102 
18.5842812025 14.6130480135 1.96433856733 
18.5221657717 14.7735721136 2.30276386864 
18.45815086 14.8619644011 2.37160887761 
18.3671522104 14.9664727415 2.39174058176 
18.2579100096 15.0910495038 2.43979809345 
18.1204583609 15.221360272 2.64286201517 
17.9747703039 15.3135775889 2.65377713011 
17.8621610367 15.3870225812 2.69307679556 
17.7287050449 15.4620898629 2.92064693674 
17.5671532118 15.5065399672 3.24579349034 
17.4328836166 15.4990188445 3.38357311965 
17.3609329426 15.4872423972 3.37991382189 
17.291095134 15.4782987351 3.36010269402 
17.2245919668 15.4687814082 3.35780926438 
17.1547989809 15.4582640494 3.36590694455 
17.0490455591 15.443799984 3.36894919401 
16.8622596228 15.4165185655 3.36886596885 
16.7044730746 15.3923813368 3.35811291904 
16.6129972303 15.3788426335 3.3551785568 
16.4517352545 15.3544714491 3.36167472551 
16.2416883671 15.3231685946 3.36002079933 
16.0734397137 15.2995251122 3.33955544922 
15.9633365163 15.2831133197 3.38937724314 
15.8165761345 15.2648805755 3.51592763218 
15.7078480535 15.2381332647 3.84862241239 
15.671501916 15.2164573132 4.01346753164 
15.6148713493 15.1819807368 4.42507300711 
15.5825298094 15.1727132464 -1.42317676936 
15.5651274287 15.1693055446 -1.14144071527 
15.5503928923 15.1612215976 -0.897244139278 
15.5354685151 15.1519983301 -0.639497491677 
15.5201774501 15.1317289958 -0.270598424599 
15.5164826476 15.1121759678 0.0339036749355 
15.5380226934 15.0995991642 0.246030129939 
15.5776598417 15.1042784418 0.287813056607 
15.6296627783 15.1157832781 0.296700059274 
15.7065973842 15.1331747437 0.285768699401 
15.8168019318 15.1573314259 0.291502232041 
15.8979335969 15.1746457035 0.274846089011 
15.9627106005 15.197414432 0.0646134874204 
15.9821456411 15.2079407463 -0.130878371513 
15.9936294669 15.2292517119 -0.495677546752 
15.9849169442 15.2684458813 -0.830436261209 
15.9851306641 15.2847783084 -0.964606493393 
15.9901516401 15.2869614477 -1.01826961544 
15.9877759555 15.2848927418 -1.00788301562 
15.987816427 15.2848383526 -1.00929365749 
15.9876634964 15.2850784364 -1.00615370705 
15.9877732584 15.2849326434 -1.00743756773 
15.9877559954 15.2849277782 -1.00731590784 
15.9877424427 15.2851431335 -1.00729916891 
15.987764109 15.2851373854 -1.0073217322 
15.9876441025 15.2853517982 -1.00670409924 
15.9877874964 15.2851126122 -1.00738002168 
15.9876389765 15.2853250208 -1.005862197 
15.9877897986 15.2850862073 -1.00738279006 
15.9876476267 15.2853237393 -1.00589171229 
15.9876870551 15.2852769049 -1.0061510506 
15.9877643475 15.2851363907 -1.00714747726 
15.9877248668 15.2852428297 -1.00914798483 
15.9877741301 15.2851241196 -1.00721182855 
15.9876536393 15.2853047627 -1.00604330442 
15.9876703733 15.2853128018 -1.00605496925 
15.9876752534 15.2853098961 -1.0064073327 
15.9880790004 15.2860712933 -1.00808530311 
15.987675097 15.2853110361 -1.00591298692 
15.9881394469 15.2851466762 -1.00306186561 
15.987661522 15.2852859611 -1.00654215853 
15.9880474099 15.2851723547 -1.00317565302 
15.9876483941 15.2852925959 -1.00612634965 
15.987785291 15.2851141433 -1.00735878566 
15.9877949544 15.2851171794 -1.00722403374 
