15.8400504367 15.1709858666 0.386802731612 
15.8400644661 15.1710060651 0.386754409667 
15.8414666728 15.1706179048 0.404702837999 
15.8398784177 15.1715840811 0.379342918321 
15.8400607632 15.1709827895 0.386820621093 
15.8397941888 15.1706391315 0.387869132979 
15.8397899197 15.1706230978 0.387886566742 
15.8400529028 15.1709705109 0.386874812642 
15.8398078271 15.1706046576 0.387696472461 
15.8400810027 15.17096952 0.386795743142 
15.839805253 15.1706123839 0.387570312112 
15.8400694319 15.1709506849 0.386656050015 
15.8400508763 15.1709540601 0.386561050351 
15.84007331 15.1709598194 0.386636252979 
15.8398041428 15.1706101338 0.387634400517 
15.8400674687 15.1709582845 0.386655373685 
15.8397995309 15.1706016103 0.387647771689 
15.8398087659 15.1706020723 0.387563226164 
15.8400525266 15.1709631572 0.38669319886 
15.8400553541 15.1709520856 0.386589126138 
15.8398064562 15.170624655 0.387713352257 
15.8400650249 15.1709701459 0.386807504911 
15.8398196996 15.1706138069 0.387721925539 
15.8398175352 15.1706151778 0.387522249477 
15.8400833124 15.1709401498 0.38645459042 
15.8398108372 15.1706106926 0.387540858292 
15.8398136758 15.1705988238 0.38736618142 
15.8399289065 15.1707316826 0.387323336767 
15.8400633522 15.1709679703 0.386493474805 
15.8400579878 15.1709767545 0.385902394974 
15.8400323243 15.1709497164 0.386404480995 
15.8399244064 15.1700620318 0.382588833551 
15.8399267533 15.1709885711 0.385804163371 
15.8400279434 15.1710682104 0.390347735993 
15.8397489377 15.1705603192 0.393328171501 
15.8397706487 15.1705637614 0.39301395535 
15.8397994639 15.1705775152 0.393170149868 
15.8395706714 15.1698689053 0.379129874743 
15.8397098893 15.1706422011 0.387063258725 
15.8399349378 15.1709926243 0.386119350119 
15.8397161999 15.1706368888 0.386801275849 
15.8397154884 15.1706211234 0.386840180185 
15.83963044 15.1697926039 0.37988759685 
15.8399458566 15.1708244199 0.384916408598 
15.8397165911 15.1706210564 0.38717214657 
15.8399966174 15.1709331612 0.385992760224 
15.8397404329 15.1706506724 0.387102691918 
15.8399965988 15.1709732155 0.385701945697 
15.8401443214 15.1709278787 0.383128043045 
15.8648284489 15.17838664 0.38159111055 
15.9011610375 15.19108516 0.329438662614 
15.9106301927 15.2122362799 0.0406112615476 
15.9338410833 15.2168812177 -0.0700895944312 
15.9757122734 15.2107472702 -0.0806395389525 
16.049433332 15.198689312 -0.0741784385617 
16.1648172998 15.1813826712 -0.0937669651897 
16.2737319135 15.1642743463 -0.069834826225 
16.4520039522 15.1387690569 -0.0812754111357 
16.5319156015 15.126137797 -0.0735869087486 
16.7212008202 15.096740451 -0.0743132754686 
16.9014896118 15.0686163569 -0.0762514359021 
17.0527172052 15.0457424636 -0.0744096879773 
17.1844449007 15.0262550528 -0.0645529015233 
17.3453410828 15.0022200609 -0.0906473589361 
17.4537405932 14.9851350153 -0.0909437901124 
17.6631797516 14.951863196 -0.0942057703049 
17.8234711849 14.9275198842 -0.0872996226952 
17.9834301436 14.9026132787 -0.0678306693118 
18.1553926432 14.8772817219 -0.171427151135 
18.2640237772 14.8543503548 -0.343082625164 
18.435914036 14.7664919759 -0.723099921506 
18.5414278471 14.6529700125 -1.02000490371 
18.6024842226 14.5284032191 -1.18453493918 
18.6476921999 14.3723353709 -1.19784803985 
18.6817243063 14.2659867967 -1.24380044624 
18.7253847086 14.0739253725 -1.52659612785 
18.7149302923 13.9155385459 4.64224693448 
18.7021074259 13.8254251445 4.63593676311 
18.6968305075 13.7869856323 4.62705429442 
18.6418726408 13.5539460147 4.23170873957 
18.6025338137 13.477897879 4.09625590721 
18.4860749209 13.2871360744 2.7474389188 
18.4860749209 13.2871360744 2.7474389188 
18.1848761999 13.2165583337 3.2171985489 
17.9522948229 13.2214935983 3.1680143707 
17.8286125624 13.2280918325 3.17138473542 
17.7257902586 13.2348014081 3.17469562795 
17.6423928702 13.2384835447 3.17101535596 
17.4032070601 13.2495534385 3.16405579009 
17.2748329603 13.2561769451 3.16353584226 
17.1556669438 13.2647662128 3.16594807676 
16.9763810598 13.2796908582 3.1890653246 
16.9188911879 13.2828433479 3.16580784224 
16.6486125552 13.2947659458 3.384396873 
16.4892688357 13.2692414487 3.4459185441 
16.3550091648 13.2316907609 3.39543526046 
16.2407311165 13.2068411077 3.17986930331 
16.1007592046 13.2149442399 3.00416929452 
16.009756636 13.2350665296 2.99323566802 
15.9023918175 13.2631751264 3.12393372042 
15.8181383797 13.2785848344 3.36929925234 
15.7290169114 13.2658758129 3.44242652644 
15.6109890306 13.2390891279 3.43473328636 
15.5122884774 13.2175372804 3.43656357332 
15.3547248804 13.181988355 3.41511323568 
15.1580740773 13.1472164358 3.14250168213 
15.0050145948 13.16045272 2.81343323184 
14.8442387545 13.2328125204 2.48769426552 
14.815631386 13.2550216878 2.44335765177 
14.815631386 13.2550216878 2.44335765177 
14.6282967293 13.5800255502 1.84617676755 
14.6252226793 13.6062695945 1.80774342207 
14.5807008707 13.8618254627 1.78488213969 
14.5717301333 13.918667909 1.74395039669 
14.5717301333 13.918667909 1.74395039669 
14.5163809025 14.3494425381 1.49412444602 
14.5249907934 14.4578487838 1.31008041599 
14.5788062775 14.5996862615 1.12566827068 
14.6599552595 14.7366870607 0.834402536548 
14.7908990347 14.8568382526 0.536230371949 
14.9175971114 14.9128334487 0.36480954329 
15.0842462146 14.9608998562 0.341502302579 
15.198616203 14.9933490867 0.345171749101 
15.3973890507 15.0491823817 0.328649162125 
15.5274059736 15.0812205935 0.357856836651 
15.7121852749 15.132803459 0.355317316498 
15.8329925352 15.1662434826 0.359290870441 
15.9520196171 15.2000295336 0.334914433512 
16.1253197306 15.2469157113 0.328913997661 
16.2861278319 15.2932400259 0.285289815838 
16.4126294815 15.3245034332 0.104444568747 
16.5161935055 15.3266812677 0.0610267933417 
16.7077830398 15.3255215252 0.0463223662148 
16.8169136607 15.322259743 0.0534701399689 
16.9876228535 15.3198164592 0.0432381481193 
17.1491885149 15.3156151737 0.0527930089009 
17.2923852169 15.3122479061 0.0704293692225 
17.4443329537 15.3100706602 0.0455204156278 
17.6483341419 15.3066913972 0.0414500969043 
17.8383586371 15.3040232922 0.0570483877448 
17.950022217 15.3020164708 0.0517144752979 
18.1240212881 15.2974681968 -0.129818805771 
18.2328705752 15.2782577167 -0.357898548424 
18.4198074305 15.1746276582 -0.787117087684 
18.4958853685 15.0913186635 -0.994460630321 
18.5699017012 14.9381315375 -1.30167535234 
18.5901150667 14.8237028981 -1.37302207641 
18.6155834162 14.6274638141 -1.38373194936 
18.6248059237 14.5305020774 -1.36527915237 
18.6532976591 14.3174936737 -1.50866166955 
18.6449322664 14.1407958234 4.61958862057 
18.6310169661 14.0642319883 4.6327133813 
18.6019723379 13.8844786848 4.59359680086 
18.5730731451 13.7220492328 4.38492295507 
18.5218257868 13.5939910377 4.15945677733 
18.4279110396 13.4737887348 3.82632378283 
18.2764949762 13.3759565319 3.47199335339 
18.2134938204 13.3567775453 3.38442441832 
18.017396208 13.3300505842 3.28760293882 
17.8339794838 13.3155351842 3.30560973597 
17.6757087671 13.3022990192 3.30748943856 
17.4561011755 13.2833133901 3.3033691206 
17.3397555315 13.2728154624 3.29608175309 
17.1316831076 13.2564823593 3.29703403008 
17.0189019405 13.2516219581 3.30409090057 
16.7743138039 13.2348548139 3.3415258209 
16.6435342991 13.2257128919 3.29824614257 
16.5127990806 13.215444919 3.29315628337 
16.2947411501 13.191976663 3.29504912609 
16.1205820405 13.1780008043 3.28510582275 
15.980482895 13.1671680177 3.28093260056 
15.7918765732 13.1531060899 3.29558391874 
15.6592360401 13.1434408391 3.29521563424 
15.4876944387 13.1301976408 3.25046967535 
15.3223881089 13.1195350851 3.06721480967 
15.1755644047 13.1406921113 2.76763583606 
15.0150373542 13.2254461015 2.42204295313 
14.9834307396 13.255783316 2.31710633731 
14.8129385674 13.5085256065 1.87980814592 
14.7779374086 13.6438925231 1.60826156002 
14.7855089867 13.7831542457 1.44596024468 
14.8234019243 13.9462621177 1.49233547615 
14.8450529539 14.0602718557 1.6290394636 
14.8469312155 14.1096267665 1.61023466444 
14.856223222 14.3061779703 1.59323242963 
14.8614989483 14.4059945906 1.63712956745 
14.8722574675 14.606257614 1.59316616016 
14.8791046106 14.7366664971 1.60362465393 
14.8840688431 14.8727177943 1.50384710371 
14.9251711332 15.0898640568 1.09871901717 
14.9814024531 15.1847642476 0.917017112995 
15.1155047977 15.3181073035 0.51626559317 
15.2325952613 15.3749519999 0.284983506504 
15.3762676084 15.4037996496 0.123208934327 
15.5321267509 15.4140914197 0.139136702962 
15.7035343015 15.4255209381 0.141845385826 
15.8364507557 15.4345859105 0.160371988144 
15.9976139778 15.4453090692 0.160395817098 
16.1413263046 15.4545170034 0.141257848888 
16.2844919228 15.4638618792 0.129427796689 
16.4685829246 15.4747077192 0.153529889274 
16.5848991239 15.4821948225 0.135972493899 
16.7583880388 15.4936433698 0.152009524432 
16.9196149075 15.5037252868 0.15138405892 
17.0573207104 15.5127567614 0.161283125049 
17.2118325197 15.5227616693 0.149774344293 
17.3845168316 15.5321271981 0.131560848471 
17.5226236546 15.5406708086 0.122948406773 
17.7153944933 15.5519740845 0.118911479477 
17.8687806093 15.5609962011 0.131127207402 
17.9999053442 15.56752136 0.137833127035 
18.2207279169 15.5790693725 0.13342427483 
18.3529362642 15.5872289206 0.129918850585 
18.5340013468 15.5953626896 0.132860118824 
18.6685836279 15.6021422709 0.125709842271 
18.809237715 15.6091543401 0.127733181425 
18.853934046 15.6093426312 0.121837150565 
18.853934046 15.6093426312 0.121837150565 
19.2061483824 15.6577810908 0.582800847242 
19.3383877241 15.733442005 0.878136415808 
19.3383877241 15.733442005 0.878136415808 
19.3383877241 15.733442005 0.878136415808 
19.3383877241 15.733442005 0.878136415808 
19.3383877241 15.733442005 0.878136415808 
19.3383877241 15.733442005 0.878136415808 
19.3383877241 15.733442005 0.878136415808 
19.3383877241 15.733442005 0.878136415808 
18.9713947737 16.6220092739 3.45969472387 
18.7866070234 16.5657471384 3.74409519104 
18.6823482477 16.5042469467 3.76361277451 
18.5623793566 16.4303835596 3.76416784155 
18.4256644213 16.3482025827 3.76396683205 
18.2717707121 16.2553787197 3.76482593394 
18.1136262381 16.1576683486 3.75066758922 
18.0190308058 16.0998538698 3.74518613865 
17.8619792425 16.0071166123 3.75510137931 
17.7055826151 15.9116901124 3.75474840204 
17.6031073296 15.8514128889 3.7559562397 
17.4792782032 15.7773960794 3.74237006173 
17.3423951828 15.6946862901 3.75886978535 
17.1834641659 15.6010501648 3.76074459382 
17.1259306633 15.5658308233 3.75360466883 
16.9560915196 15.4648960645 3.76595606472 
16.8044674956 15.3747356946 3.75077127383 
16.6646648013 15.291242786 3.72118018974 
16.5509871804 15.2234691728 3.57935829635 
16.4065253698 15.168632027 3.45861661639 
16.2702057623 15.1347388516 3.45421300023 
16.0805735254 15.087639686 3.4657383054 
15.9654390105 15.0594620521 3.46203711112 
15.8162974903 15.0228095467 3.47890505903 
15.6642072761 14.9857841695 3.4589864943 
15.4783825242 14.9415543641 3.45661864627 
15.354588505 14.9102217222 3.47900339823 
15.1374787652 14.8575998808 3.55806449246 
15.0154767596 14.820570674 3.7703653953 
14.8617202007 14.7227781976 4.10838297125 
14.7770514452 14.6214851106 4.36530479368 
14.7114880049 14.4716362918 4.66505837843 
14.7033137047 14.2833841408 -1.30474120587 
14.7630439961 14.0525445903 -1.18979742428 
14.8124915325 13.896080252 -1.21049483969 
14.8464606964 13.7679972614 -1.26481361026 
14.8733870947 13.6845971311 -1.15273939216 
14.8733870947 13.6845971311 -1.15273939216 
14.991050061 13.4457830156 -0.630758014776 
15.2700249517 13.2695561613 -0.291479648993 
15.3756780588 13.2299405302 -0.301850474305 
15.5355147981 13.1647173131 -0.254463548846 
15.7096375638 13.1110032762 -0.0314976187382 
15.9065881373 13.0916739667 -0.0102558993692 
16.0516717547 13.0792020524 0.00979067631598 
16.2271957957 13.0683561529 0.256520472659 
16.3864153885 13.102834102 0.447040208913 
16.5576904976 13.1665106977 0.400859375572 
16.6996871197 13.2200430597 0.355862784182 
16.8041025364 13.2575036252 0.232500675831 
16.9791871273 13.2800458635 0.162664085679 
17.1567193234 13.2875620092 0.134910275559 
17.3278008663 13.2982883419 0.142226377777 
17.4379531109 13.3066189254 0.140825567829 
17.6297651493 13.318301555 0.13863791224 
17.7817813122 13.3279011215 0.139403127338 
17.9123389685 13.3367098535 0.139433278597 
18.0315244162 13.3447120155 0.142904402754 
18.1850264036 13.3538361753 0.25037629711 
18.3699712717 13.3957272733 0.626896856693 
18.5350148642 13.5154778923 1.03206461272 
18.6203894579 13.6395752395 1.32035670871 
18.666295048 13.7990006174 1.66058523586 
18.6642177069 13.9320199455 1.76719395415 
18.6563026869 13.9862265552 1.74685408385 
18.6441574061 14.1011630262 1.75694865655 
18.626307007 14.2491004432 1.75608559549 
18.6073930227 14.4206016029 1.76797184102 
18.5946450197 14.5464248026 1.85453602304 
18.5500476324 14.7209870184 2.19672419854 
18.4766831362 14.8383893932 2.35695363631 
18.3671522104 14.9664727415 2.39174058176 
18.3040189707 15.0396421368 2.39881590312 
18.2035372221 15.1510504896 2.54239361175 
18.0918960535 15.240731058 2.64664082885 
17.9569196665 15.3251690979 2.64363672643 
17.7756767237 15.4391048069 2.82902220383 
17.6438831055 15.4931415583 3.10039922618 
17.5003060066 15.5066260363 3.34049972323 
17.4213076794 15.4977477456 3.38800465866 
17.314430114 15.4812907393 3.35298279393 
17.2734261715 15.4754246289 3.36383046828 
17.1856566631 15.4625610078 3.34874762856 
17.0656682217 15.4455235417 3.3590043008 
16.9868380987 15.4342477883 3.35204266369 
16.7504560315 15.39919078 3.35939501264 
16.5913597309 15.3766103054 3.35972289261 
16.4732733929 15.3581058348 3.34917520389 
16.3288079464 15.3347986827 3.36866704267 
16.1406030321 15.309427839 3.34142287601 
15.9454019853 15.2811188849 3.37748048246 
15.8245039025 15.26533803 3.50053166092 
15.6863516682 15.229374707 3.93788889341 
15.6463835054 15.2045086215 4.16199688527 
15.5945274496 15.1689088459 4.67578303404 
15.5709252321 15.1709258745 -1.24223597826 
15.5508619511 15.1614015142 -0.90593609245 
15.5342149102 15.1510504673 -0.611447539102 
15.5194875264 15.1288139636 -0.218349276826 
15.5164220595 15.1081254745 0.0963797642539 
15.5340760314 15.0998525436 0.22973305736 
15.5826103651 15.1053831691 0.286961106515 
15.6296627783 15.1157832781 0.296700059274 
15.686277371 15.1284330154 0.286818692841 
15.8313378209 15.1606230328 0.287486862456 
15.8866944347 15.1709682609 0.271425739923 
15.9561357462 15.1955578516 0.0981416086122 
15.9859424346 15.2106922998 -0.193897953241 
15.9923667276 15.2309152486 -0.512036323075 
15.9867032358 15.258811096 -0.780167939452 
15.9860233852 15.2866663786 -0.99709898546 
15.9901516401 15.2869614477 -1.01826961544 
15.9877759555 15.2848927418 -1.00788301562 
15.9878480622 15.2848416942 -1.00949269897 
15.9881447443 15.2856263707 -1.00998964961 
15.987863537 15.2851154583 -1.00819585623 
15.9877689519 15.284958266 -1.0074132378 
15.9877702707 15.2851009558 -1.00738322492 
15.9877334573 15.2851725819 -1.00707204587 
15.9876623192 15.2852858643 -1.00632880076 
15.9878046402 15.2851160357 -1.00757145248 
15.9876927921 15.2852769795 -1.00633706256 
15.9877559656 15.2851413118 -1.0071274653 
15.9877936878 15.2851098033 -1.00732200541 
15.9876870551 15.2852769049 -1.0061510506 
15.9876549655 15.285332043 -1.00585660437 
15.9876421952 15.2853096428 -1.00594858428 
15.9876275995 15.2853453907 -1.00563210225 
15.9877793008 15.2851079221 -1.00729500336 
15.9877813944 15.2851494069 -1.00708084326 
15.9881805294 15.2858340221 -1.00967053912 
15.9876456299 15.2853406931 -1.00575849193 
15.9876591453 15.2852825003 -1.00606283084 
15.9881394469 15.2851466762 -1.00306186561 
15.9877776914 15.2851112189 -1.00736095282 
15.9875744694 15.2852806116 -1.00576454594 
15.9876480364 15.2852887327 -1.00594507914 
15.9876330682 15.2853214035 -1.00559441878 
15.9877949544 15.2851171794 -1.00722403374 
