0.301251888275
0.278335094452
0.246346950531
0.307108879089
0.294667959213
0.279762983322
0.278941869736
0.220512866974
0.285193920135
0.204293012619
0.292684078217
0.273484945297
0.252249002457
0.357318878174
0.292948961258
0.313749790192
0.284197092056
0.26145195961
0.225984096527
0.239209890366
0.305078029633
0.302197933197
0.248707056046
0.281690120697
0.308290958405
0.33233499527
0.255182981491
0.327475070953
0.28858089447
0.25625705719
0.265535116196
0.298362016678
0.287885189056
0.279794931412
0.286200046539
0.303728103638
0.297032117844
0.27073097229
0.322200059891
0.285990953445
0.238403081894
0.30517911911
0.274757146835
0.280992984772
0.257048130035
0.303072929382
0.285665035248
0.285213947296
0.287740945816
0.259582042694
0.264086008072
0.276865959167
0.242518901825
0.273315906525
0.197197914124
0.282075881958
0.303961038589
0.288517951965
0.314683914185
0.291040182114
0.312923192978
0.347861051559
0.292949914932
0.363445997238
0.387740850449
0.297069072723
0.421213150024
0.294678926468
0.356108903885
0.287161111832
0.294019937515
0.243232011795
0.265281200409
0.27600812912
0.25403380394
0.237841129303
0.224674224854
0.215422868729
0.180620908737
0.238728046417
0.160062074661
0.20266699791
0.162974119186
0.106068849564
0.195363998413
0.157955884933
0.182157993317
0.119646072388
0.114594936371
0.171627044678
0.185459852219
0.217960834503
0.1986348629
0.174629926682
0.190346956253
0.188757896423
0.204164028168
0.228173017502
0.210136890411
0.166277885437
0.208250045776
0.185924053192
0.150619983673
0.186033010483
0.149478912354
0.201529979706
0.222737789154
0.231621980667
0.30442404747
0.26984000206
0.285573959351
0.314652919769
0.281424999237
0.271239995956
0.269788980484
0.278300046921
0.258426904678
0.238311052322
0.255434036255
0.268640041351
0.270360946655
0.228992938995
0.271059989929
0.252803087234
0.258027076721
0.24259185791
0.257584095001
0.26442193985
0.290848970413
0.212876081467
0.270783901215
0.234843015671
0.309104919434
0.279846906662
0.303056001663
0.303143024445
0.358300924301
0.307975053787
0.363934993744
0.33746099472
0.34525179863
0.235928058624
0.234481096268
0.246845006943
0.287425994873
0.166754007339
0.308387041092
0.196758031845
0.24947810173
0.243231058121
0.198887825012
0.161774873734
0.203351974487
0.158165931702
0.215893030167
0.211547136307
0.196156024933
0.217806100845
0.183293104172
0.254032850266
0.192163944244
0.204452991486
0.175749063492
0.178058862686
0.215174913406
0.194700956345
0.201035022736
0.218369007111
0.145516872406
0.182397127151
0.20839715004
0.174598932266
0.194839000702
0.120182991028
0.195208072662
0.221390962601
0.179164171219
0.294684886932
0.251574039459
0.233680009842
0.206683158875
0.227427005768
0.351087093353
0.304435968399
0.323338985443
0.315481185913
0.362845897675
0.396922826767
0.33175611496
0.273381948471
0.304961919785
0.236603975296
0.238116979599
0.239231824875
0.350214958191
0.29834985733
0.253972053528
0.267215013504
0.219727039337
0.266661882401
0.298444032669
0.303863048553
0.247012853622
0.336217880249
0.310429096222
0.35511803627
0.337956905365
0.333851099014
0.343995094299
0.37195110321
0.343324184418
0.297538042068
0.328588008881
0.339234828949
0.288066864014
0.309765815735
0.340255022049
0.289624929428
0.280888080597
0.213162899017
0.257633924484
0.209883928299
0.24174284935
0.138705968857
0.145611047745
0.154109954834
0.187878847122
0.149434089661
0.205136060715
0.200748920441
0.216454029083
0.259658098221
0.29279589653
0.29393696785
0.308946847916
0.219426870346
0.24397110939
0.304795026779
0.375527858734
0.30680513382
0.307871818542
0.350107908249
0.350528001785
0.342378139496
0.322686910629
0.267153024673
0.325151920319
0.296257972717
0.268774986267
0.277755022049
0.264162063599
0.257197141647
0.224403858185
0.334097146988
0.260105133057
0.312555789948
0.325685024261
0.311942815781
0.299855947495
0.330364942551
0.30783200264
0.356737852097
0.308878898621
0.349951028824
0.251420021057
0.254802942276
0.320886135101
0.32795214653
0.315953969955
0.296150922775
0.330775022507
0.227832078934
0.213137865067
0.267930030823
0.307657957077
0.287958860397
0.329163074493
0.357370138168
0.364525079727
0.299311161041
0.269471168518
0.270857095718
0.314899921417
0.290827035904
0.281019926071
0.1906208992
0.301197052002
0.340534925461
0.346621990204
0.409828901291
0.357316970825
0.390136957169
0.30178809166
0.357481956482
0.273386955261
0.366453170776
0.364075899124
0.298456907272
0.272570848465
0.33810210228
0.269255876541
0.312968015671
0.332526922226
0.370136976242
0.385782957077
0.308110952377
0.367138147354
0.335714101791
0.352092027664
0.353374958038
0.334062099457
0.314563989639
0.35312795639
0.303431034088
0.373949050903
0.283935070038
0.224936962128
0.293452978134
0.219235897064
0.294925928116
0.266262054443
0.327108860016
0.262711048126
0.310999155045
0.252616882324
0.293968915939
0.280255079269
0.255710840225
0.185070037842
0.252330064774
0.266961812973
0.258996963501
0.247893810272
0.248594045639
0.339340925217
0.247640132904
0.296688079834
0.222371816635
0.295273780823
0.263206005096
0.30375289917
0.232526063919
0.324234008789
0.261023044586
0.259580850601
0.322959899902
0.230782032013
0.273267030716
0.270498037338
0.250328063965
0.258526086807
0.315870046616
0.264081001282
0.295110940933
0.294883012772
0.300241947174
