0.215745210648
0.226475000381
0.267947912216
0.282668828964
0.217964172363
0.214047193527
0.269994020462
0.244446992874
0.306735992432
0.183543205261
0.285361051559
0.211585044861
0.236243009567
0.246335983276
0.253620862961
0.299958944321
0.257959127426
0.284816980362
0.22567820549
0.251698970795
0.234148025513
0.271881103516
0.257572889328
0.277992963791
0.213450908661
0.287775039673
0.278095006943
0.261663913727
0.21330499649
0.253654956818
0.208986997604
0.275547027588
0.269294023514
0.25652384758
0.251205921173
0.249372959137
0.219578027725
0.263032913208
0.264480829239
0.24093580246
0.275364160538
0.233648061752
0.184947013855
0.259544849396
0.228502035141
0.252298116684
0.294527053833
0.273844957352
0.277880907059
0.21186709404
0.216849803925
0.271718025208
0.246522903442
0.306509017944
0.304049015045
0.193825006485
0.283771038055
0.214740991592
0.256247997284
0.307116031647
0.273349046707
0.2791929245
0.233232021332
0.291328907013
0.266000986099
0.319349050522
0.31268286705
0.282315015793
0.316972017288
0.319149017334
0.307231903076
0.268248081207
0.252697944641
0.269067049026
0.251435041428
0.269575834274
0.27762389183
0.243253946304
0.234289884567
0.233690023422
0.242204904556
0.202641010284
0.20144200325
0.277508020401
0.268187999725
0.226779937744
0.220439195633
0.241415023804
0.241536855698
0.208219051361
0.197109937668
0.182926893234
0.156179904938
0.194828987122
0.164615154266
0.189999103546
0.185324192047
0.159343957901
0.215871095657
0.19813990593
0.151098966599
0.192440986633
0.219146966934
0.122649908066
0.154129981995
0.185558080673
0.102324962616
0.25447010994
0.218866825104
0.305190086365
0.251976013184
0.275444030762
0.243443965912
0.189908027649
0.209873914719
0.204825162888
0.274804115295
0.225367069244
0.260195016861
0.223311185837
0.226098060608
0.208333015442
0.195577144623
0.21039390564
0.168077945709
0.222388029099
0.222188949585
0.205410003662
0.259651899338
0.250552892685
0.256134986877
0.209856033325
0.262387990952
0.256389141083
0.214142084122
0.21852183342
0.209964036942
0.297194004059
0.238384962082
0.232973814011
0.292376995087
0.226114988327
0.210297822952
0.242929935455
0.252842903137
0.254559993744
0.237537145615
0.183402061462
0.204881906509
0.230940103531
0.176726102829
0.191539049149
0.192452907562
0.201864957809
0.183194160461
0.165511846542
0.181457996368
0.192579030991
0.181775808334
0.181467056274
0.183624982834
0.206321954727
0.178349971771
0.227810144424
0.223027944565
0.209099054337
0.162163972855
0.250371932983
0.227041006088
0.150914907455
0.142534017563
0.158137083054
0.173427820206
0.12819814682
0.172472000122
0.169500112534
0.191802978516
0.196859836578
0.2377140522
0.274213075638
0.247423171997
0.170594930649
0.174782037735
0.272529125214
0.182266950607
0.211395025253
0.270543813705
0.288800001144
0.215935230255
0.324881076813
0.37189912796
0.318416118622
0.264471054077
0.366551160812
0.261869192123
0.251944065094
0.274286985397
0.26015996933
0.224577903748
0.283627033234
0.223780870438
0.237302064896
0.201359987259
0.234210968018
0.188431978226
0.259660005569
0.273530960083
0.289705038071
0.2595911026
0.25322508812
0.28001499176
0.193662881851
0.255717992783
0.284508228302
0.204971075058
0.24996805191
0.217864990234
0.258510112762
0.246473073959
0.206498861313
0.274069786072
0.279380083084
0.271302938461
0.277591943741
0.265779018402
0.30193400383
0.261703014374
0.229655981064
0.262956142426
0.276308059692
0.259985923767
0.208998203278
0.20788192749
0.143738985062
0.220951080322
0.250293016434
0.22891998291
0.220515012741
0.262257814407
0.271643161774
0.218408823013
0.279177904129
0.22256398201
0.248361110687
0.193506002426
0.219858169556
0.217452049255
0.288056135178
0.248106956482
0.210355997086
0.205597877502
0.272046089172
0.251342058182
0.271687984467
0.245381116867
0.226358890533
0.259906053543
0.270180225372
0.201322078705
0.203503847122
0.209735155106
0.23059296608
0.183791160583
0.220963954926
0.174577951431
0.139679908752
0.155635118484
0.156629085541
0.222607851028
0.151751995087
0.192363977432
0.147489070892
0.221379041672
0.182487010956
0.196420192719
0.157806873322
0.17449092865
0.136658906937
0.228792905807
0.219940900803
0.191911935806
0.213568925858
0.185994148254
0.234304904938
0.217061042786
0.217688083649
0.227328062057
0.151985168457
0.183838844299
0.134449005127
0.198785066605
0.242506980896
0.203194856644
0.228877067566
0.251762866974
0.217017173767
0.286620140076
0.197890996933
0.30148100853
0.315915107727
0.347383975983
0.251197814941
0.200450897217
0.214516878128
0.256019830704
0.274922847748
0.257750988007
0.243860960007
0.298584222794
0.323127031326
0.23833990097
0.243428945541
0.239696979523
0.201935052872
0.199258089066
0.25838804245
0.322594881058
0.184344053268
0.216723918915
0.25181388855
0.263953924179
0.232336044312
0.23979306221
0.241337060928
0.19761800766
0.219778060913
0.319183111191
0.278965950012
0.263540029526
0.193592071533
0.23001909256
0.214935064316
0.210501909256
0.185672044754
0.166001081467
0.152493000031
0.175318002701
0.172846078873
0.247750997543
0.173588037491
0.171538829803
0.216984987259
0.151921033859
0.187547922134
0.25621509552
0.261759996414
0.200954914093
0.259634971619
0.22765994072
0.251906871796
0.25167798996
0.215079069138
0.223183870316
0.237972021103
0.228664875031
0.261810064316
0.170979976654
0.171717882156
0.227928876877
0.211561918259
0.260083913803
0.163375854492
0.266503095627
0.282757997513
0.19636297226
0.211796045303
0.241251945496
0.275094985962
0.249912977219
0.196010112762
0.231730937958
