0.241751194
0.332536935806
0.231622934341
0.247256994247
0.248088121414
0.283364057541
0.314661026001
0.290024995804
0.245249986649
0.242553949356
0.183526992798
0.244300127029
0.205612897873
0.264586925507
0.250987052917
0.275747060776
0.256279945374
0.276250839233
0.244735002518
0.337363004684
0.23694896698
0.251696825027
0.273473024368
0.228820085526
0.284965991974
0.258377075195
0.251497030258
0.204977035522
0.259827136993
0.306557893753
0.279688119888
0.246463060379
0.239460945129
0.269787073135
0.205725908279
0.239940166473
0.261725187302
0.278084993362
0.230548143387
0.255935192108
0.242240905762
0.223606109619
0.282346963882
0.247861146927
0.215396165848
0.219593048096
0.219266176224
0.24365401268
0.264927864075
0.250567913055
0.29333615303
0.244701147079
0.25003194809
0.250574111938
0.171123027802
0.208889007568
0.190026044846
0.221497058868
0.234397888184
0.273497104645
0.323662042618
0.302894830704
0.281488180161
0.306917905807
0.240761041641
0.270922899246
0.295816898346
0.288911104202
0.266112804413
0.252757072449
0.290330886841
0.266767024994
0.233329057693
0.242488861084
0.243396043777
0.266426086426
0.262264966965
0.233445882797
0.215752840042
0.159947156906
0.205430030823
0.196037054062
0.202121019363
0.182590007782
0.227639198303
0.104723215103
0.242339134216
0.252370119095
0.292343854904
0.242966175079
0.125882148743
0.250063896179
0.170203924179
0.270193815231
0.316667079926
0.27348613739
0.323621034622
0.282952070236
0.261324167252
0.254137992859
0.272555112839
0.319792985916
0.267410039902
0.230664014816
0.222400903702
0.211093902588
0.182749032974
0.191885948181
0.165726184845
0.186000823975
0.221662998199
0.141582965851
0.212223052979
0.186250209808
0.12687587738
0.174437999725
0.203774929047
0.148809909821
0.12425494194
0.191512107849
0.126452207565
0.152538061142
0.156688928604
0.240128993988
0.18274307251
0.177407026291
0.166255950928
0.15743803978
0.141962051392
0.140924930573
0.138475179672
0.181380033493
0.230368852615
0.240005970001
0.228939771652
0.219604969025
0.247181177139
0.184309005737
0.28729891777
0.228315830231
0.224268913269
0.238060951233
0.183658838272
0.203146219254
0.233488082886
0.259324073792
0.262541770935
0.206414937973
0.232521057129
0.23665189743
0.241068840027
0.158401012421
0.204598903656
0.221093893051
0.193532943726
0.194276809692
0.183543920517
0.190360069275
0.260104894638
0.295665979385
0.353225946426
0.344274044037
0.296967983246
0.267701864243
0.284679889679
0.269986152649
0.326205015182
0.289720058441
0.281542062759
0.329935789108
0.305768013
0.299984931946
0.280033826828
0.301340103149
0.294483184814
0.294059991837
0.21772813797
0.286748886108
0.257967948914
0.270375967026
0.249113082886
0.285664081573
0.264504909515
0.196750164032
0.217073917389
0.156186103821
0.184607028961
0.166186094284
0.154596805573
0.181203842163
0.212260007858
0.116539955139
0.0905930995941
0.163589000702
0.171580076218
0.200239896774
0.159955978394
0.173367977142
0.168104887009
0.171084165573
0.190681219101
0.0908288955688
0.208886146545
0.161700963974
0.28125500679
0.246006011963
0.308835983276
0.351932048798
0.318444013596
0.406491041183
0.31342792511
0.340925931931
0.361778974533
0.320963144302
0.360486030579
0.378993988037
0.341696977615
0.28591299057
0.300266027451
0.323652029037
0.214763879776
0.250456094742
0.220176935196
0.249668836594
0.266375780106
0.301186084747
0.294277906418
0.358773946762
0.309017181396
0.231586933136
0.263337850571
0.3483710289
0.259009122849
0.336185932159
0.253014087677
0.32874417305
0.228127002716
0.217648983002
0.190716028214
0.214468002319
0.258627176285
0.225353002548
0.261219978333
0.239356994629
0.221620082855
0.248947143555
0.269478082657
0.198794126511
0.17861199379
0.227299928665
0.189993143082
0.222419023514
0.21396613121
0.218397855759
0.171319007874
0.201719999313
0.162531137466
0.16398692131
0.298173189163
0.247210979462
0.304119110107
0.262457132339
0.250026941299
0.319768190384
0.276743888855
0.286780834198
0.272094011307
0.25941491127
0.293950796127
0.27569103241
0.252765893936
0.325565099716
0.301096200943
0.301753044128
0.299296140671
0.270410060883
0.266233921051
0.304831027985
0.318163871765
0.283128023148
0.284981012344
0.243141889572
0.259403944016
0.236403942108
0.222952127457
0.21817111969
0.262624025345
0.284585952759
0.24716591835
0.216497182846
0.213272094727
0.296257972717
0.282741069794
0.19620013237
0.256069898605
0.264190196991
0.235399007797
0.22127199173
0.27703499794
0.292299985886
0.315632104874
0.471259832382
0.391745090485
0.375487089157
0.328748941422
0.362550020218
0.373869895935
0.306211948395
0.350158929825
0.37259721756
0.39985203743
0.286118030548
0.393682003021
0.308138132095
0.333395004272
0.337601900101
0.320555925369
0.279233932495
0.289546966553
0.305437088013
0.285200119019
0.307186126709
0.290616035461
0.256490945816
0.365911006927
0.274518966675
0.320560932159
0.310976982117
0.347400903702
0.264838933945
0.307787895203
0.27999997139
0.312970161438
0.314408063889
0.281712055206
0.343955993652
0.255098104477
0.282543897629
0.344428062439
0.304548025131
0.31608581543
0.289602041245
0.262254953384
0.293183088303
0.335252046585
0.30686712265
0.261365175247
0.272988796234
0.296243906021
0.324882984161
0.331481933594
0.279318094254
0.28164100647
0.298048019409
0.31577205658
0.286400079727
0.321892023087
0.190675973892
0.308487892151
0.284641981125
