0.231014966965
0.261565923691
0.249452114105
0.222146034241
0.231737136841
0.281332969666
0.223903894424
0.216445922852
0.273904085159
0.230429887772
0.222649812698
0.256726980209
0.237684965134
0.263867855072
0.218776941299
0.207289934158
0.292042970657
0.222841978073
0.195104122162
0.24706697464
0.287925004959
0.281757831573
0.221331834793
0.280222892761
0.257470846176
0.193629980087
0.233583211899
0.239073991776
0.242718219757
0.241953849792
0.209701776505
0.225700139999
0.275478124619
0.273496866226
0.272873878479
0.24471116066
0.199059009552
0.237916946411
0.245827913284
0.223007917404
0.263511896133
0.245015859604
0.231267929077
0.274082183838
0.267359972
0.238336086273
0.239294052124
0.252031087875
0.224036216736
0.241891860962
0.264014959335
0.245193004608
0.225382804871
0.233886003494
0.238613128662
0.195796012878
0.196692943573
0.216552019119
0.255671024323
0.389472007751
0.290931940079
0.307284116745
0.303426027298
0.289782047272
0.315364837646
0.296115875244
0.27882194519
0.288208007812
0.257201194763
0.263826131821
0.237246990204
0.294072151184
0.223039150238
0.22901892662
0.235794067383
0.259203910828
0.25664806366
0.247817993164
0.258547782898
0.241300821304
0.245074033737
0.249965906143
0.200878858566
0.329554080963
0.352099180222
0.296573877335
0.235203027725
0.246721982956
0.253415107727
0.210608005524
0.172169208527
0.26095199585
0.306111097336
0.274755001068
0.267457008362
0.251681089401
0.259687900543
0.254533052444
0.202425003052
0.220284938812
0.177146911621
0.2437748909
0.236122131348
0.24766087532
0.228620052338
0.288550853729
0.24539399147
0.300009012222
0.341044902802
0.33193898201
0.26889705658
0.265058994293
0.400722980499
0.250080108643
0.286877155304
0.319161176682
0.197530031204
0.255569934845
0.233052968979
0.307055950165
0.269903182983
0.307399988174
0.24066901207
0.270105838776
0.247627019882
0.282936811447
0.292747974396
0.241776943207
0.366639137268
0.266160964966
0.250661849976
0.255292892456
0.268811941147
0.308240175247
0.286209106445
0.305583953857
0.299108028412
0.313431024551
0.282284975052
0.291522979736
0.274523973465
0.28270483017
0.278229951859
0.228676080704
0.273374080658
0.332393884659
0.315273046494
0.231029987335
0.230352878571
0.221576929092
0.217582941055
0.233937978745
0.221177101135
0.242078065872
0.263571977615
0.245936870575
0.207255125046
0.268309831619
0.257038116455
0.239624023438
0.303673028946
0.24412894249
0.256234884262
0.2522149086
0.293454885483
0.230185031891
0.262830972672
0.217283010483
0.257045030594
0.249114990234
0.212044000626
0.257876157761
0.246406078339
0.237318992615
0.328618049622
0.175210952759
0.318656921387
0.315630912781
0.335479974747
0.282915115356
0.314432144165
0.289824008942
0.330606937408
0.236477136612
0.276035070419
0.284482955933
0.289784908295
0.237327098846
0.264558076859
0.352601051331
0.311767101288
0.288403987885
0.259636163712
0.333292961121
0.220683097839
0.30557012558
0.285207986832
0.299784898758
0.241541147232
0.234123945236
0.222024202347
0.296535015106
0.215284824371
0.27521109581
0.297580957413
0.323082923889
0.243537902832
0.31364107132
0.253092050552
0.263015985489
0.336019039154
0.263867855072
0.336501121521
0.348587036133
0.20538687706
0.27500295639
0.30273103714
0.246944189072
0.318610906601
0.287640094757
0.25039601326
0.319265842438
0.345742940903
0.2673869133
0.316864013672
0.308777809143
0.386267900467
0.300431966782
0.296623945236
0.289858102798
0.198031187057
0.235827922821
0.240815877914
0.29300403595
0.295031070709
0.293761968613
0.322144031525
0.290094852448
0.24835896492
0.23953795433
0.310580968857
0.240904808044
0.297008037567
0.306762933731
0.257368087769
0.295881986618
0.311403036118
0.307880878448
0.278785943985
0.34632396698
0.326153039932
0.324637889862
0.338306903839
0.349459886551
0.284151077271
0.332370042801
0.254651069641
0.34000992775
0.346711874008
0.276118040085
0.287919998169
0.296196937561
0.236927032471
0.301587104797
0.253771066666
0.341327905655
0.310480117798
0.323525905609
0.313946962357
0.265772819519
0.268733978271
0.274868011475
0.282238006592
0.249439954758
0.241131067276
0.297688007355
0.257417917252
0.230835914612
0.225623130798
0.249572992325
0.273001909256
0.325647115707
0.253134965897
0.230390071869
0.231211900711
0.287364959717
0.329019069672
0.328353881836
0.284112930298
0.28515291214
0.206533908844
0.33492898941
0.330157995224
0.307512044907
0.337037801743
0.354809999466
0.317728996277
0.25767493248
0.270783901215
0.294313192368
0.19862985611
0.288360118866
0.342999219894
0.391155004501
0.263436079025
0.259264945984
0.21795296669
0.310590982437
0.358236074448
0.333384990692
0.322082996368
0.292597055435
0.370734930038
0.378692865372
0.335479974747
0.372567892075
0.28599190712
0.30314207077
0.32897901535
0.274296998978
0.288455963135
0.285521030426
0.254523038864
0.247445106506
0.269974946976
0.275635957718
0.207750082016
0.304841041565
0.234091997147
0.288785934448
0.372087955475
0.284737825394
0.287584066391
0.279793024063
0.241775989532
0.232489109039
0.255683898926
0.175227880478
0.274529218674
0.271200895309
0.205697059631
0.273701906204
0.295160770416
0.268881797791
0.320009946823
0.268162965775
0.208204030991
0.247987985611
0.222112178802
0.19789481163
0.278665065765
0.288010120392
0.264014005661
0.273622989655
0.32923579216
0.306892871857
0.252938985825
0.263590812683
0.297034025192
0.256753921509
0.293576955795
0.255384922028
0.254294157028
