0.340804100037
0.25418305397
0.23028087616
0.245420217514
0.303565979004
0.259111881256
0.230664968491
0.254187822342
0.267278194427
0.272567033768
0.239768028259
0.272156953812
0.262359857559
0.247056007385
0.22732591629
0.291032075882
0.281904935837
0.266760110855
0.206044912338
0.285816907883
0.308969020844
0.311033964157
0.208274126053
0.299878120422
0.27562379837
0.284038066864
0.298159122467
0.260154008865
0.251581907272
0.309475898743
0.230963945389
0.276355028152
0.306061983109
0.246659994125
0.261025190353
0.199970960617
0.254796981812
0.239518880844
0.259304046631
0.266716957092
0.237862110138
0.320569992065
0.298988103867
0.261903047562
0.266644001007
0.290465116501
0.218975782394
0.230560064316
0.24293422699
0.268900156021
0.30263209343
0.213875055313
0.257812976837
0.248997926712
0.243427991867
0.23766708374
0.228994846344
0.264457941055
0.315890073776
0.361815929413
0.290380954742
0.315798044205
0.317282915115
0.28842997551
0.326955080032
0.241669178009
0.269047021866
0.229675769806
0.278738021851
0.269439935684
0.211485147476
0.197851896286
0.230562210083
0.201420068741
0.216746091843
0.151175022125
0.220742940903
0.172605037689
0.118912935257
0.174506902695
0.172306060791
0.162096977234
0.172363996506
0.214579820633
0.179881095886
0.0925288200378
0.226905107498
0.197978019714
0.182446956635
0.199635028839
0.116597890854
0.171840906143
0.16045498848
0.176270961761
0.220319986343
0.206624984741
0.124841928482
0.165137052536
0.174510002136
0.204012870789
0.168450832367
0.223798036575
0.166472196579
0.187875032425
0.145614862442
0.168120861053
0.320379018784
0.307934999466
0.160845994949
0.197208881378
0.246443033218
0.204148054123
0.19028711319
0.198908805847
0.187511205673
0.244922876358
0.220983982086
0.213772058487
0.22091293335
0.305608987808
0.244383096695
0.203552007675
0.228023052216
0.207457065582
0.189860105515
0.231371879578
0.231644868851
0.255302190781
0.232083082199
0.243767976761
0.154491901398
0.229788064957
0.273843050003
0.238125085831
0.223721981049
0.249803066254
0.285883903503
0.312779188156
0.298768997192
0.310374975204
0.329466104507
0.294346809387
0.317264795303
0.300940036774
0.265592098236
0.309398889542
0.373369932175
0.298745155334
0.308880090714
0.270816087723
0.235467910767
0.263612031937
0.229186058044
0.288681030273
0.223136901855
0.200777053833
0.139235019684
0.24373793602
0.267822027206
0.268331050873
0.21874499321
0.244368076324
0.265944957733
0.263917922974
0.279050111771
0.329680919647
0.273058891296
0.366366863251
0.247669935226
0.310906887054
0.329557180405
0.365129947662
0.325383901596
0.385560035706
0.270849943161
0.319342136383
0.313189983368
0.357690095901
0.279047012329
0.264317035675
0.232231140137
0.234557151794
0.291879892349
0.321778059006
0.241942882538
0.203889846802
0.319049119949
0.33486199379
0.254158973694
0.249403953552
0.234985113144
0.171639919281
0.192703962326
0.247013092041
0.25969004631
0.190413951874
0.203773021698
0.24379491806
0.229246139526
0.127868890762
0.239587068558
0.255755901337
0.254801988602
0.174033880234
0.233313083649
0.22622013092
0.255133867264
0.206862926483
0.198486089706
0.224022865295
0.269593954086
0.265316009521
0.215924024582
0.242627859116
0.241447925568
0.20938205719
0.219388008118
0.173187017441
0.23740196228
0.240253925323
0.279903888702
0.313132047653
0.267755031586
0.268512964249
0.167098999023
0.238881826401
0.199949026108
0.195202112198
0.257156848907
0.186979055405
0.194535017014
0.19429898262
0.221476078033
0.221684932709
0.308666944504
0.279438972473
0.190460920334
0.194977045059
0.270700931549
0.169983148575
0.263239145279
0.275243997574
0.281898021698
0.237014055252
0.254630804062
0.281895875931
0.282962083817
0.295053958893
0.212405920029
0.309171199799
0.228441953659
0.256102085114
0.222579956055
0.206521034241
0.270483970642
0.215276956558
0.251848936081
0.310725212097
0.258465051651
0.227010011673
0.222145080566
0.281926870346
0.276458024979
0.248075008392
0.233936071396
0.254631996155
0.249290943146
0.2307741642
0.210958957672
0.2736120224
0.221269845963
0.284578084946
0.273756027222
0.28252196312
0.275266170502
0.2354991436
0.246505022049
0.304913043976
0.257704019547
0.277429103851
0.248978853226
0.218518972397
0.199355840683
0.226437091827
0.233834028244
0.252382040024
0.203956842422
0.310687065125
0.209038972855
0.286808013916
0.29598402977
0.266705036163
0.262968063354
0.317137002945
0.314556121826
0.281417131424
0.341328144073
0.356570959091
0.368392944336
0.316256046295
0.320340871811
0.231992959976
0.303893089294
0.339428901672
0.327239990234
0.350824832916
0.284754991531
0.312393903732
0.317191123962
0.340205907822
0.343329906464
0.329821825027
0.429571866989
0.343954801559
0.310412168503
0.35547709465
0.30800318718
0.360902070999
0.271374940872
0.346752882004
0.31685090065
0.323830127716
0.281537055969
0.353392124176
0.31106710434
0.376956939697
0.306502819061
0.245668172836
0.269986152649
0.271012067795
0.259084939957
0.319940090179
0.288135051727
0.286108970642
0.276661872864
0.265725135803
0.332885026932
0.290490865707
0.26229596138
0.294575929642
0.286952018738
0.305376052856
0.272730112076
0.321403026581
0.328187942505
0.305126905441
0.250213861465
0.2329890728
0.259212017059
0.244473934174
0.296398162842
0.344427108765
0.213406085968
0.278280973434
0.341835975647
0.340543031693
0.197900056839
0.25062084198
0.29590678215
0.245334148407
0.324079036713
0.299803972244
