0.309910058975
0.292661905289
0.282576084137
0.349370956421
0.289112091064
0.262552022934
0.315263032913
0.286880970001
0.3212018013
0.324868917465
0.305590867996
0.213147878647
0.298962831497
0.24751496315
0.234269142151
0.314646959305
0.236025094986
0.299418926239
0.281550168991
0.289389848709
0.351409912109
0.335220098495
0.333883047104
0.252929925919
0.289633989334
0.315299987793
0.264091014862
0.290493965149
0.247238874435
0.294116020203
0.295655965805
0.363728046417
0.320569038391
0.291309833527
0.325548171997
0.303602933884
0.331275939941
0.310726165771
0.346530199051
0.344702959061
0.278870105743
0.257952928543
0.37796998024
0.283638954163
0.310516119003
0.266295909882
0.294898033142
0.311507940292
0.299073934555
0.280071020126
0.246602058411
0.25808596611
0.185729980469
0.209505081177
0.275424003601
0.25189614296
0.293394088745
0.348575115204
0.30559015274
0.288922786713
0.361180067062
0.302155017853
0.409900903702
0.334504842758
0.356927156448
0.312599897385
0.220080137253
0.259047985077
0.287709951401
0.268750190735
0.267309904099
0.263458967209
0.276463985443
0.227409124374
0.219178915024
0.159558057785
0.191273927689
0.200828790665
0.158087968826
0.204021215439
0.216823101044
0.176078081131
0.174554109573
0.17546415329
0.174528121948
0.192507982254
0.197729110718
0.18942284584
0.137693881989
0.170005083084
0.232993125916
0.237845897675
0.260249137878
0.166124105453
0.226270914078
0.198666095734
0.256062984467
0.229044914246
0.19925403595
0.167795181274
0.195587873459
0.237280130386
0.231506109238
0.25214600563
0.236248970032
0.131968021393
0.182626008987
0.180310964584
0.234246969223
0.196682929993
0.21836400032
0.173591136932
0.224148035049
0.262459039688
0.228662014008
0.259979009628
0.290291070938
0.224934101105
0.294472932816
0.266072034836
0.342831134796
0.330878019333
0.196332931519
0.311336994171
0.368474006653
0.300404071808
0.356816053391
0.201485157013
0.276305913925
0.271015882492
0.362449884415
0.336333036423
0.36504983902
0.339473009109
0.382128000259
0.299036026001
0.365866184235
0.260564088821
0.323869943619
0.284379005432
0.303339958191
0.276766061783
0.273741960526
0.236477136612
0.262191057205
0.264844894409
0.298231124878
0.265354156494
0.237063169479
0.173239946365
0.183598041534
0.256263971329
0.241986989975
0.189796924591
0.182916879654
0.224110126495
0.210745096207
0.171009063721
0.231296062469
0.220907926559
0.178804159164
0.201148033142
0.247933864594
0.196100950241
0.238234996796
0.192715883255
0.177994012833
0.209283828735
0.182589054108
0.243858098984
0.135823011398
0.217226982117
0.214037179947
0.256291866302
0.284050941467
0.290399074554
0.240947008133
0.27655005455
0.375511884689
0.35328912735
0.303825139999
0.334460020065
0.301735877991
0.364798069
0.371879816055
0.328183174133
0.282907962799
0.22744512558
0.293339967728
0.353770971298
0.284347057343
0.246515989304
0.310409784317
0.33970785141
0.234169006348
0.279616117477
0.22264790535
0.303764820099
0.296529054642
0.28338599205
0.325183153152
0.33477807045
0.367257118225
0.290295124054
0.325206041336
0.337828159332
0.390711069107
0.328368186951
0.329550981522
0.340620994568
0.299684047699
0.308089971542
0.326387882233
0.349946022034
0.310590982437
0.326650857925
0.198832035065
0.337141036987
0.260601043701
0.254103183746
0.229692935944
0.289990901947
0.215158939362
0.161550998688
0.278106927872
0.177002906799
0.258205890656
0.23012804985
0.234603881836
0.204406023026
0.236608982086
0.220273971558
0.282395839691
0.247918128967
0.28941488266
0.247730016708
0.32820892334
0.332098960876
0.289504051208
0.329859972
0.347812891006
0.297019958496
0.314697027206
0.260416984558
0.295186042786
0.299167156219
0.218299150467
0.294881820679
0.307383060455
0.253114938736
0.25142288208
0.22224521637
0.193416118622
0.206135988235
0.166162967682
0.165941953659
0.218255996704
0.169811964035
0.262957811356
0.202127933502
0.190970897675
0.289482116699
0.258422136307
0.2622590065
0.285920143127
0.276348114014
0.267910957336
0.280018806458
0.230220794678
0.214178085327
0.295792102814
0.257328033447
0.249161958694
0.283979177475
0.219676017761
0.229085922241
0.170097112656
0.189602851868
0.167897939682
0.231532096863
0.23591709137
0.208221912384
0.218784093857
0.266934871674
0.243441104889
0.325828790665
0.362534046173
0.262474060059
0.367392063141
0.298938035965
0.269143104553
0.356857061386
0.292964935303
0.25669002533
0.169412136078
0.246723890305
0.34010887146
0.336548089981
0.312558174133
0.262511968613
0.285027980804
0.292604923248
0.297367811203
0.293418169022
0.313156843185
0.289619922638
0.382565975189
0.337646961212
0.352170944214
0.36617898941
0.332867860794
0.32159614563
0.306087970734
0.345723867416
0.373409032822
0.329830169678
0.262146949768
0.242964029312
0.303797960281
0.27943611145
0.271057844162
0.28034901619
0.430047035217
0.326101064682
0.304258823395
0.253955841064
0.277806997299
0.350651979446
0.359798908234
0.362932920456
0.307269096375
0.294991016388
0.34405708313
0.306305885315
0.381940841675
0.312793016434
0.283457994461
0.338335990906
0.280032157898
0.348634958267
0.34389090538
0.362331151962
0.350031137466
0.315070152283
0.24369597435
0.350013971329
0.331216096878
0.263767957687
0.309858083725
0.328632831573
0.245643138885
0.373878002167
0.300123929977
