0.270206928253
0.262802124023
0.329905986786
0.25377202034
0.255109071732
0.288017034531
0.226694822311
0.279278993607
0.293757915497
0.21991610527
0.231600999832
0.239538192749
0.294559001923
0.260166883469
0.286546945572
0.256337881088
0.268563985825
0.321415901184
0.292414188385
0.226253986359
0.233465909958
0.301670074463
0.234626054764
0.248363018036
0.256879806519
0.245547056198
0.239866018295
0.239241123199
0.280117034912
0.276168823242
0.246767997742
0.259799003601
0.220765829086
0.285459041595
0.201374053955
0.27358007431
0.264734983444
0.255252122879
0.276673078537
0.292689085007
0.257838010788
0.264378070831
0.281644105911
0.267566919327
0.229435920715
0.297590017319
0.300273895264
0.232309103012
0.297412872314
0.253816843033
0.217912912369
0.255500078201
0.246569871902
0.221171140671
0.265460014343
0.18964600563
0.201120138168
0.264518976212
0.264375925064
0.300666093826
0.310544967651
0.251243829727
0.284287929535
0.320657014847
0.295653820038
0.343193054199
0.308003902435
0.275293827057
0.320443153381
0.315062046051
0.281506061554
0.25007891655
0.277593135834
0.176328897476
0.243005037308
0.202866792679
0.239275932312
0.281388044357
0.255014896393
0.241234064102
0.240078926086
0.249931097031
0.186142206192
0.194951057434
0.26961016655
0.185297012329
0.188915014267
0.211707830429
0.252427101135
0.252097129822
0.177635908127
0.136440992355
0.198744058609
0.204949855804
0.218420028687
0.186873912811
0.2036049366
0.187500953674
0.15818810463
0.16409611702
0.183750867844
0.217500925064
0.223661899567
0.16467499733
0.164589881897
0.176197052002
0.236040830612
0.229825973511
0.270018100739
0.25354385376
0.228090047836
0.223438978195
0.262018203735
0.204827070236
0.204581022263
0.196470975876
0.236349105835
0.181121826172
0.182799100876
0.222315073013
0.157520055771
0.195011854172
0.205202817917
0.229550123215
0.205728054047
0.118990898132
0.163225889206
0.197910070419
0.183350801468
0.228358983994
0.201962947845
0.208950042725
0.228426933289
0.222130060196
0.311102151871
0.264944076538
0.2993080616
0.33341217041
0.410466194153
0.304458856583
0.319504976273
0.276667118073
0.35458612442
0.322000026703
0.309015989304
0.302868127823
0.328345775604
0.219642162323
0.21403002739
0.201639890671
0.273297071457
0.207597017288
0.249115943909
0.182356119156
0.213402986526
0.274263143539
0.221215009689
0.196758985519
0.212589979172
0.151028871536
0.208961009979
0.25208902359
0.144794940948
0.223451852798
0.2018699646
0.184742927551
0.24201798439
0.226802110672
0.227146148682
0.174635887146
0.207358121872
0.239675998688
0.1947889328
0.227014064789
0.27530002594
0.272717952728
0.312935113907
0.307896137238
0.148149013519
0.311841964722
0.28885602951
0.258150815964
0.341847896576
0.237118959427
0.279649972916
0.206448078156
0.239127874374
0.184261083603
0.271291971207
0.23695397377
0.13431096077
0.228251934052
0.171136140823
0.144978046417
0.174268007278
0.18593287468
0.184235095978
0.193396091461
0.186605930328
0.142637014389
0.179332971573
0.164345026016
0.175812959671
0.167568922043
0.230913162231
0.230884075165
0.311387062073
0.317255020142
0.355356931686
0.328966140747
0.337326049805
0.308753013611
0.304368019104
0.409983158112
0.347909927368
0.36726808548
0.325165987015
0.272489070892
0.256731033325
0.269114017487
0.335750102997
0.267789125443
0.300498008728
0.218295097351
0.212512016296
0.231630086899
0.222562074661
0.184239864349
0.190840959549
0.268136978149
0.148144006729
0.17680311203
0.217521905899
0.307031154633
0.248454093933
0.254894971848
0.296401977539
0.251484870911
0.204642057419
0.28986287117
0.272217988968
0.218554019928
0.256052017212
0.24946308136
0.240295886993
0.20623588562
0.244231939316
0.301847934723
0.309607982635
0.281705141068
0.337239980698
0.291326999664
0.256958961487
0.334301948547
0.204444885254
0.250043869019
0.279052972794
0.325423955917
0.26807308197
0.268302202225
0.32481098175
0.3054728508
0.26801609993
0.254545927048
0.263444900513
0.256067037582
0.258960962296
0.194921970367
0.284530878067
0.232272863388
0.290692090988
0.315143108368
0.247250080109
0.187192201614
0.282961845398
0.270146846771
0.240101099014
0.233641147614
0.242311954498
0.294415950775
0.243931055069
0.252249956131
0.260408878326
0.261745929718
0.222869873047
0.151980161667
0.206208944321
0.207071065903
0.243854045868
0.2531478405
0.359014034271
0.233158111572
0.216308116913
0.290711164474
0.3507771492
0.334650993347
0.335294961929
0.380089044571
0.279014825821
0.305295944214
0.282598972321
0.277656078339
0.241361141205
0.311098098755
0.304765939713
0.321161985397
0.251871824265
0.205150127411
0.283555030823
0.227756023407
0.316829919815
0.312772035599
0.322798013687
0.325619935989
0.295567989349
0.332366943359
0.336725950241
0.300542116165
0.388428926468
0.298609018326
0.289340019226
0.342734098434
0.352341175079
0.320654153824
0.326881170273
0.257843017578
0.285192966461
0.328233003616
0.288104057312
0.318026065826
0.3112180233
0.357376098633
0.370257139206
0.288017034531
0.367193937302
0.335944890976
0.302347183228
0.232879161835
0.34986615181
0.261941194534
0.343493938446
0.233392953873
0.316168069839
0.359025001526
0.310928821564
0.323867082596
0.298905849457
0.307182073593
0.330081939697
0.369901895523
0.2578561306
0.292283058167
0.28094792366
0.158480167389
0.273561954498
0.262463092804
0.34428191185
0.311774015427
0.276376962662
0.164319038391
0.25220489502
0.216647148132
