0.282740116119
0.254060029984
0.224585056305
0.218365907669
0.207462072372
0.242463111877
0.234165906906
0.251839876175
0.311310052872
0.30761885643
0.30561709404
0.240966081619
0.27823805809
0.316261053085
0.266859054565
0.299204111099
0.266394138336
0.289678096771
0.303652048111
0.30400800705
0.326621055603
0.243968963623
0.29486989975
0.246954917908
0.355329990387
0.264765024185
0.331897974014
0.261086940765
0.228672981262
0.272399902344
0.319917917252
0.229283094406
0.253021001816
0.345074176788
0.273463010788
0.306463003159
0.289371013641
0.31041097641
0.271137952805
0.328649044037
0.263431072235
0.235711812973
0.278955936432
0.226609945297
0.256932973862
0.241715908051
0.248528003693
0.338035106659
0.268728017807
0.302721977234
0.271368980408
0.24577498436
0.246962070465
0.167602062225
0.246221065521
0.233454942703
0.225146055222
0.324047088623
0.264841079712
0.250334978104
0.265012979507
0.279298067093
0.21777176857
0.259654998779
0.253195047379
0.288546800613
0.257088184357
0.224352121353
0.256862878799
0.256311178207
0.240635871887
0.190729141235
0.21556186676
0.232760906219
0.189940929413
0.191827058792
0.247890949249
0.223891019821
0.171856880188
0.214876174927
0.194802999496
0.232965946198
0.350946903229
0.197999000549
0.188644886017
0.255793094635
0.219556093216
0.193859100342
0.215801954269
0.155933141708
0.207549095154
0.153383016586
0.209959030151
0.279999017715
0.248549938202
0.232356071472
0.211370944977
0.213807821274
0.268050193787
0.219696998596
0.266944885254
0.229137897491
0.23335814476
0.199209928513
0.209043979645
0.182265043259
0.18088889122
0.18340587616
0.206957101822
0.206830024719
0.203490972519
0.152652025223
0.194877147675
0.201560020447
0.184707164764
0.15053319931
0.166505098343
0.109709978104
0.128280878067
0.126173973083
0.172985076904
0.157450914383
0.163942813873
0.119222164154
0.146648168564
0.154238939285
0.182312965393
0.223322153091
0.157818078995
0.155270814896
0.16139793396
0.27251791954
0.26607298851
0.34340596199
0.345960855484
0.354326963425
0.311051845551
0.307528972626
0.374253988266
0.282255172729
0.387241125107
0.288717985153
0.297446012497
0.270427942276
0.248214960098
0.190685033798
0.177803039551
0.197365999222
0.157589912415
0.176066875458
0.218320131302
0.135245084763
0.186774015427
0.176516056061
0.183851957321
0.16687297821
0.204046010971
0.198734998703
0.199465036392
0.219825029373
0.221420049667
0.184536933899
0.212303876877
0.233561992645
0.171527862549
0.212510108948
0.177121162415
0.166944980621
0.220213890076
0.202534198761
0.175681114197
0.160109996796
0.144366979599
0.181599855423
0.118144035339
0.179025173187
0.177254915237
0.175999879837
0.205333948135
0.158658981323
0.153808116913
0.154189109802
0.109389066696
0.175789117813
0.146060943604
0.155573129654
0.183620929718
0.247349977493
0.342518091202
0.163159132004
0.335972070694
0.275856018066
0.302722930908
0.300457954407
0.299142122269
0.219259977341
0.318025112152
0.235105037689
0.23032283783
0.248156070709
0.269478797913
0.217489004135
0.349150896072
0.324904918671
0.329107999802
0.295075893402
0.329034090042
0.342262983322
0.320703983307
0.31790304184
0.330835103989
0.308994054794
0.318153858185
0.324512004852
0.246345996857
0.25882601738
0.269713878632
0.281420946121
0.272397041321
0.244052886963
0.235383033752
0.249250173569
0.162783145905
0.193019151688
0.19625878334
0.149590969086
0.148849010468
0.168975830078
0.151017904282
0.136543035507
0.158699989319
0.296038866043
0.232053995132
0.325360059738
0.342958211899
0.391551017761
0.335085868835
0.279927015305
0.180703878403
0.288338899612
0.306864976883
0.289641857147
0.284126996994
0.236102104187
0.260754823685
0.281433105469
0.293519020081
0.267351150513
0.271927118301
0.243452787399
0.259499073029
0.235229969025
0.221182107925
0.231827020645
0.232010126114
0.184689998627
0.218403816223
0.238880157471
0.2240691185
0.200856924057
0.181501865387
0.164214849472
0.191642999649
0.228349924088
0.189715147018
0.214044094086
0.184323072433
0.211567878723
0.197780132294
0.19632101059
0.238240003586
0.274394035339
0.254376173019
0.220577955246
0.31306385994
0.289005994797
0.232640981674
0.251498937607
0.328039884567
0.322007894516
0.356231927872
0.289910078049
0.301701068878
0.215692043304
0.274966955185
0.260947942734
0.246021986008
0.192865848541
0.2334420681
0.151757955551
0.194837093353
0.27152299881
0.283446073532
0.313815116882
0.300045013428
0.344246149063
0.242697000504
0.232563018799
0.218073129654
0.290438890457
0.263728141785
0.319190979004
0.380056858063
0.308870077133
0.368649959564
0.291278123856
0.277209043503
0.297296047211
0.341679811478
0.313179016113
0.369238853455
0.293031930923
0.291949987411
0.267365932465
0.30316901207
0.412473917007
0.366832971573
0.257216930389
0.302227973938
0.344257831573
0.291763067245
0.304895162582
0.27266907692
0.317759990692
0.271367073059
0.220993041992
0.281760931015
0.264183044434
0.298224925995
0.357791900635
0.287508964539
0.331450939178
0.299073219299
0.29211306572
0.241526126862
0.252485990524
0.28477191925
0.277611970901
0.196497917175
0.26576089859
0.237581014633
0.300710916519
0.271608114243
0.241654872894
0.275125980377
0.285053014755
0.317370176315
0.250030040741
0.211355924606
0.230096101761
0.227369070053
0.231822967529
0.256440162659
0.220920085907
0.250746011734
0.286091089249
0.296174049377
0.232843160629
0.299046039581
0.293159008026
0.257724046707
0.23358798027
0.215827941895
