0.33797121048
0.338532924652
0.307351112366
0.311631917953
0.223911046982
0.248059034348
0.298222064972
0.328356027603
0.295214891434
0.265594005585
0.369323015213
0.253890991211
0.257700920105
0.276751995087
0.298741817474
0.272176027298
0.292719125748
0.343248128891
0.202316045761
0.309860944748
0.293943881989
0.333711862564
0.349744081497
0.326154947281
0.268765926361
0.275190830231
0.333279132843
0.247984886169
0.298624992371
0.248991966248
0.230429172516
0.214016914368
0.229801893234
0.303378105164
0.239017009735
0.296576976776
0.258888959885
0.305356025696
0.254128217697
0.261692047119
0.307330131531
0.28804397583
0.316156864166
0.246492862701
0.308223009109
0.293750047684
0.28884601593
0.276073932648
0.293209791183
0.275385141373
0.315453052521
0.227741003036
0.273694992065
0.255774974823
0.264261007309
0.192705154419
0.241338014603
0.316740036011
0.296741008759
0.358773946762
0.290251970291
0.245586156845
0.289514064789
0.335263967514
0.362314939499
0.340820074081
0.333232879639
0.30342912674
0.313491106033
0.294831991196
0.285493850708
0.245553970337
0.283622980118
0.273869037628
0.279562950134
0.2440969944
0.180708169937
0.217675924301
0.192521095276
0.170660018921
0.197345018387
0.224690914154
0.223909139633
0.153909921646
0.21652007103
0.172217130661
0.231103897095
0.177904129028
0.191431045532
0.200973987579
0.201691150665
0.186197042465
0.202572107315
0.213244915009
0.204779148102
0.248164892197
0.197329998016
0.179883003235
0.173184156418
0.231583118439
0.198271036148
0.195600032806
0.138291835785
0.197809934616
0.176177978516
0.176898956299
0.158937215805
0.181424856186
0.184845924377
0.221533060074
0.232929944992
0.198349952698
0.153714895248
0.16556596756
0.229607105255
0.259087085724
0.273674964905
0.293267011642
0.225984096527
0.275007009506
0.199658155441
0.267522096634
0.241546154022
0.172994852066
0.293864011765
0.271913051605
0.237676143646
0.243840932846
0.222769021988
0.230277061462
0.310854911804
0.32932806015
0.361154079437
0.400050163269
0.309427976608
0.350029945374
0.361480951309
0.316362857819
0.274595022202
0.284289121628
0.358947992325
0.304358959198
0.320542097092
0.322876930237
0.162727117538
0.231054067612
0.202368974686
0.236093044281
0.264870882034
0.213840961456
0.238915920258
0.241479158401
0.165740013123
0.228487968445
0.235110044479
0.219907999039
0.168326854706
0.224222898483
0.216976165771
0.135387897491
0.201863050461
0.256299972534
0.216578960419
0.203749895096
0.234460115433
0.234108924866
0.189090967178
0.19044303894
0.197600126266
0.191336154938
0.173521995544
0.242073059082
0.178951978683
0.233850002289
0.136748075485
0.23037481308
0.218054056168
0.287207126617
0.268910884857
0.201676845551
0.328258991241
0.39337182045
0.290246009827
0.216006040573
0.332338094711
0.347461938858
0.306512832642
0.325569868088
0.297180891037
0.341866970062
0.237067937851
0.259681940079
0.325502872467
0.324908971786
0.270159959793
0.296195983887
0.226630210876
0.185570955276
0.24618601799
0.27260017395
0.326110839844
0.225879907608
0.266667127609
0.235723972321
0.34499001503
0.347278833389
0.370903015137
0.376610994339
0.386216878891
0.333258867264
0.312366962433
0.301502943039
0.345263957977
0.351829051971
0.361317873001
0.337507009506
0.310385942459
0.195722103119
0.203976154327
0.193723201752
0.184309005737
0.179076910019
0.204950094223
0.209376096725
0.244760990143
0.165186882019
0.1639149189
0.198925971985
0.239930868149
0.245800018311
0.249420881271
0.222507953644
0.358873844147
0.333737850189
0.383019924164
0.315351009369
0.292885065079
0.404825925827
0.344992876053
0.32034611702
0.295699119568
0.310652971268
0.325493097305
0.322962999344
0.355118989944
0.289002895355
0.340930938721
0.287456035614
0.344542980194
0.30243396759
0.255494832993
0.274555921555
0.245809078217
0.324531078339
0.230829000473
0.233345985413
0.23046207428
0.129668951035
0.22770190239
0.208606958389
0.238066911697
0.197952032089
0.228057861328
0.234658956528
0.218271017075
0.202261209488
0.222518920898
0.235033988953
0.220769882202
0.289835929871
0.274418115616
0.239641904831
0.252572059631
0.243231058121
0.238919973373
0.28231883049
0.280210018158
0.259409189224
0.25426697731
0.229220867157
0.154794931412
0.316612005234
0.260542869568
0.364665031433
0.291831970215
0.224327802658
0.375096082687
0.274827957153
0.364058971405
0.339056968689
0.402387142181
0.261518955231
0.306110143661
0.247709035873
0.248869180679
0.183338880539
0.306711196899
0.341850996017
0.334136962891
0.399116039276
0.252558946609
0.27364897728
0.255093812943
0.305316925049
0.343569040298
0.324167013168
0.378238916397
0.302249193192
0.332742929459
0.294452905655
0.270979881287
0.240630149841
0.314070940018
0.286719083786
0.240462064743
0.292153120041
0.226457118988
0.289089918137
0.244479179382
0.353072166443
0.28936290741
0.237546920776
0.349691867828
0.236010074615
0.320394039154
0.353243112564
0.301626205444
0.320929050446
0.288941144943
0.299822092056
0.29550909996
0.329272031784
0.159979820251
0.256838798523
0.25476193428
0.361164093018
0.276132822037
0.301232099533
0.291280984879
0.244616031647
0.324360847473
0.285681009293
0.210734844208
0.261891126633
0.243319034576
0.256675958633
0.253166913986
0.334527015686
0.219717979431
0.324912071228
0.324442148209
0.173017978668
0.240746974945
0.309028148651
0.274873018265
0.265403032303
0.253094911575
