0.243776082993
0.247414827347
0.234513998032
0.258313894272
0.275650978088
0.24388718605
0.264443874359
0.290234088898
0.305461883545
0.253196954727
0.223443984985
0.242514133453
0.296269893646
0.243385076523
0.26099896431
0.271414995193
0.258781909943
0.290481090546
0.227463960648
0.216578960419
0.281589031219
0.245893001556
0.273735046387
0.319102048874
0.24845290184
0.261267900467
0.285402059555
0.324247837067
0.243879079819
0.287607908249
0.289839982986
0.23922586441
0.291606903076
0.275887012482
0.272570848465
0.29903793335
0.298194885254
0.268832921982
0.278491973877
0.260798931122
0.294111967087
0.273895025253
0.313241004944
0.282017946243
0.352945804596
0.302438020706
0.262870073318
0.277925014496
0.251247882843
0.233804941177
0.22688293457
0.218753814697
0.250976085663
0.254631996155
0.200084924698
0.196305990219
0.226903915405
0.212732076645
0.225694894791
0.242003917694
0.233151912689
0.254802942276
0.303923845291
0.250858068466
0.26000213623
0.267580032349
0.323373794556
0.232616901398
0.245620965958
0.245461940765
0.20041680336
0.210378885269
0.209728002548
0.227452039719
0.154587984085
0.198971986771
0.160269021988
0.209362983704
0.187091112137
0.148274183273
0.244049072266
0.255614995956
0.209568977356
0.28986787796
0.256499052048
0.243929862976
0.23381114006
0.194369077682
0.230758905411
0.231755971909
0.20386505127
0.169485807419
0.220097064972
0.223738908768
0.25731086731
0.364860057831
0.2521879673
0.225783824921
0.181077957153
0.220940113068
0.213958978653
0.25506901741
0.236033916473
0.252871990204
0.210424900055
0.2749979496
0.224587917328
0.209226131439
0.205966949463
0.215656042099
0.233016967773
0.189939975739
0.208035945892
0.162889003754
0.136594057083
0.245080947876
0.176847934723
0.172794818878
0.144423007965
0.145656108856
0.126627206802
0.138694047928
0.226771116257
0.166848897934
0.184580087662
0.146054029465
0.148057937622
0.182460069656
0.189618110657
0.180356025696
0.233731031418
0.176064968109
0.160485982895
0.168273925781
0.21493601799
0.295012950897
0.338706016541
0.401960134506
0.387768983841
0.337589979172
0.348181962967
0.33349609375
0.2415599823
0.291568994522
0.309421062469
0.318213939667
0.303003072739
0.243350982666
0.233495950699
0.250833034515
0.143653869629
0.177361011505
0.152813196182
0.197880029678
0.172074079514
0.180399894714
0.145128965378
0.195127010345
0.206788778305
0.214878082275
0.189253091812
0.198987007141
0.199359893799
0.18443107605
0.227519035339
0.210516929626
0.192670106888
0.176551103592
0.180897951126
0.136052846909
0.183124065399
0.110443115234
0.204324007034
0.17261505127
0.21750497818
0.177533864975
0.164650917053
0.143486976624
0.166033029556
0.169695138931
0.192466974258
0.153262853622
0.214802980423
0.152708053589
0.259757995605
0.349397182465
0.254451990128
0.312755823135
0.325904130936
0.326897859573
0.348232984543
0.237091064453
0.238438129425
0.279154062271
0.317719936371
0.301856040955
0.300706148148
0.300772190094
0.342567920685
0.266554117203
0.193680047989
0.258724927902
0.247519016266
0.303827047348
0.335386991501
0.333494186401
0.310503959656
0.348149061203
0.26070189476
0.317615032196
0.276895046234
0.24876499176
0.330075979233
0.296761989594
0.322808027267
0.344940185547
0.299901008606
0.284731149673
0.347875833511
0.325814962387
0.298199892044
0.271232843399
0.294890880585
0.224173069
0.281841039658
0.298011064529
0.22158908844
0.30871295929
0.32861495018
0.198890924454
0.284236907959
0.324582099915
0.235051870346
0.239439964294
0.226839065552
0.170429944992
0.289436101913
0.290663003922
0.2253677845
0.320178985596
0.242341041565
0.312680006027
0.285727024078
0.276871919632
0.262391090393
0.246719121933
0.293548822403
0.254746198654
0.256868839264
0.233059883118
0.264219999313
0.246777057648
0.245499134064
0.261214971542
0.259967088699
0.22811293602
0.196424007416
0.182808876038
0.210000991821
0.181309938431
0.178173065186
0.152577161789
0.168147087097
0.19033408165
0.230151176453
0.273785114288
0.251270055771
0.216120004654
0.317926168442
0.345653057098
0.266937017441
0.278088092804
0.264276981354
0.284445047379
0.269555091858
0.264293909073
0.256242036819
0.187134981155
0.259436845779
0.277997970581
0.224632024765
0.242944002151
0.228220939636
0.252665042877
0.201892852783
0.138792037964
0.215018987656
0.256732225418
0.253535032272
0.226373910904
0.228954076767
0.259586811066
0.28375005722
0.354265928268
0.376721858978
0.277986049652
0.296066999435
0.313396930695
0.28933095932
0.307848930359
0.365298032761
0.296924829483
0.323729991913
0.285915851593
0.34668302536
0.287093877792
0.281832933426
0.33456993103
0.349247932434
0.291301012039
0.315878152847
0.295044898987
0.379606962204
0.345371007919
0.365677118301
0.335294961929
0.352191925049
0.360129833221
0.326383113861
0.328824996948
0.301764011383
0.351110935211
0.353036880493
0.311300992966
0.401155948639
0.294212818146
0.35288476944
0.331394910812
0.322881937027
0.251662969589
0.274193048477
0.281979084015
0.337839126587
0.336853981018
0.31038403511
0.317368984222
0.210376977921
0.404810905457
0.226464986801
0.329102039337
0.305442094803
0.298189878464
0.370567083359
0.348879098892
0.294764041901
0.269894123077
0.311320066452
0.335803031921
0.333536148071
0.374987125397
0.338325977325
0.252979040146
0.341026067734
0.224924087524
0.164105892181
0.317035913467
0.272762060165
0.298167943954
0.313524007797
