0.294214963913
0.228875875473
0.211403131485
0.187358140945
0.208193063736
0.212109088898
0.19578909874
0.264738082886
0.236728906631
0.205455064774
0.266916036606
0.25261592865
0.290317058563
0.226534128189
0.194732904434
0.233829021454
0.240947961807
0.201143980026
0.202479124069
0.210488080978
0.225991010666
0.233247995377
0.199748039246
0.256792068481
0.199957132339
0.228623151779
0.227575063705
0.186655044556
0.271836042404
0.213845968246
0.216300964355
0.229949951172
0.209331035614
0.210279941559
0.208401918411
0.167804956436
0.231019973755
0.26359796524
0.306381940842
0.249464035034
0.199363946915
0.260575056076
0.209487915039
0.220749139786
0.279399871826
0.290872097015
0.25620007515
0.246211051941
0.221484899521
0.242813110352
0.195955038071
0.209165096283
0.203293085098
0.195087909698
0.165612220764
0.226123094559
0.15655207634
0.271697044373
0.227061986923
0.27348279953
0.322458028793
0.268034934998
0.295302152634
0.298289060593
0.282341003418
0.276633024216
0.286859989166
0.320109128952
0.302151918411
0.245973110199
0.217894077301
0.239493131638
0.267050981522
0.26110291481
0.242634773254
0.27049612999
0.23961186409
0.182650089264
0.267147064209
0.210103034973
0.186820983887
0.278245210648
0.142925977707
0.222589969635
0.252101898193
0.240167856216
0.222128868103
0.215229988098
0.15639090538
0.22230386734
0.191213130951
0.132436990738
0.140763044357
0.228489875793
0.19801902771
0.283760070801
0.204509019852
0.193837165833
0.214593887329
0.185534954071
0.177573919296
0.181118965149
0.192754030228
0.201589107513
0.200293064117
0.176520109177
0.196156978607
0.193546056747
0.206516027451
0.193097114563
0.156404018402
0.198745012283
0.20098400116
0.173099040985
0.184405088425
0.194657087326
0.244149923325
0.141097068787
0.14223408699
0.170491933823
0.246325016022
0.230832099915
0.251096963882
0.236363887787
0.227504014969
0.19460606575
0.205574989319
0.216957092285
0.158576011658
0.188591003418
0.237298965454
0.188843011856
0.257404088974
0.275326013565
0.255820989609
0.24704003334
0.288576841354
0.271430969238
0.335582971573
0.256737947464
0.41304397583
0.301327943802
0.317992925644
0.271888017654
0.269043922424
0.260451078415
0.248842954636
0.2384557724
0.246876955032
0.252090215683
0.265499830246
0.1945540905
0.219488143921
0.2406270504
0.172468185425
0.220191955566
0.175577878952
0.185818910599
0.185350179672
0.211567878723
0.19203209877
0.216418027878
0.177762031555
0.178064107895
0.217715024948
0.230999946594
0.334851026535
0.279984951019
0.328459024429
0.317129850388
0.170325994492
0.265647888184
0.262274980545
0.280649900436
0.274870157242
0.310255050659
0.235020160675
0.316806793213
0.367372989655
0.289479970932
0.258187055588
0.294363021851
0.274667978287
0.237010955811
0.226258039474
0.231452941895
0.228924036026
0.217512130737
0.278140068054
0.245959997177
0.278935909271
0.225317001343
0.318498134613
0.205808877945
0.230072975159
0.221117019653
0.220445871353
0.270151138306
0.237565994263
0.285722017288
0.240967035294
0.255141973495
0.180160999298
0.266789913177
0.251590013504
0.282485961914
0.168490171432
0.257924079895
0.25489115715
0.331870794296
0.337278842926
0.301028013229
0.259780883789
0.344790220261
0.327042102814
0.360710144043
0.299932003021
0.268560171127
0.310238838196
0.330345869064
0.287200927734
0.253355979919
0.221117019653
0.258828878403
0.169003009796
0.288311958313
0.224421977997
0.238226175308
0.269753932953
0.271039009094
0.242476940155
0.258136987686
0.162863016129
0.224396944046
0.243407011032
0.237306833267
0.246054887772
0.192373991013
0.281897068024
0.195622205734
0.20391201973
0.234102964401
0.172677993774
0.251644134521
0.220886945724
0.205036878586
0.210840940475
0.216479063034
0.210535049438
0.292064905167
0.28829407692
0.284462928772
0.259114980698
0.31951880455
0.254996061325
0.271437883377
0.264308929443
0.283111095428
0.27859210968
0.249038934708
0.280929088593
0.345942974091
0.313136100769
0.262476921082
0.299793958664
0.281113147736
0.351027965546
0.331362962723
0.318928956985
0.288646936417
0.209336996078
0.28010392189
0.246109962463
0.379095077515
0.331743955612
0.34771490097
0.341207027435
0.374330043793
0.287369966507
0.303930997849
0.324088096619
0.292793035507
0.28417301178
0.293417930603
0.229368925095
0.211416006088
0.23894906044
0.217877149582
0.230153799057
0.184177875519
0.243927001953
0.208422899246
0.130964040756
0.267046928406
0.292330026627
0.307082891464
0.313018083572
0.28141617775
0.248420000076
0.259000062943
0.223703861237
0.254127979279
0.261702060699
0.261994123459
0.244336128235
0.274117231369
0.257867097855
0.263134002686
0.252218008041
0.207041025162
0.259818077087
0.284286022186
0.270722150803
0.288480043411
0.223158836365
0.291951179504
0.333864927292
0.28279209137
0.296267986298
0.302077054977
0.304939985275
0.266581058502
0.267939090729
0.296729803085
0.262453079224
0.226942062378
0.285471916199
0.250278949738
0.143460988998
0.226550102234
0.293754816055
0.216116905212
0.245782852173
0.2961769104
0.260138988495
0.254861116409
0.265158176422
0.191423892975
0.2437479496
0.22685790062
0.21449804306
0.187875986099
0.253746032715
0.223230838776
0.215687990189
0.224374055862
0.252510786057
0.226500034332
0.19430398941
0.226462841034
0.201674938202
0.188508987427
0.194406032562
0.247730970383
0.25147485733
0.229974985123
0.209315061569
0.269530057907
0.191645860672
0.266005039215
0.232491970062
0.202685117722
0.1938560009
0.264595985413
0.219932794571
0.195145845413
0.2539498806
0.239081144333
