0.283365011215
0.290595054626
0.229664087296
0.289117097855
0.244892835617
0.296694993973
0.293908119202
0.274624109268
0.237336874008
0.266523122787
0.213084936142
0.232268095016
0.267290115356
0.275522947311
0.302046060562
0.265158891678
0.277713060379
0.246262073517
0.212802171707
0.267913103104
0.263759851456
0.308866024017
0.295545816422
0.271182060242
0.272570848465
0.231411933899
0.300813913345
0.240274906158
0.225101947784
0.272859811783
0.231641769409
0.273010969162
0.27251291275
0.238353013992
0.257339954376
0.21421289444
0.311630010605
0.224431037903
0.283238887787
0.25124001503
0.263553857803
0.274250984192
0.272431135178
0.274300098419
0.318389177322
0.256011009216
0.200778007507
0.34228014946
0.25248003006
0.300506830215
0.294354200363
0.302259922028
0.27299284935
0.245432853699
0.241364002228
0.241788864136
0.253237962723
0.24436879158
0.27268910408
0.295886993408
0.254634141922
0.274024963379
0.343167066574
0.230434894562
0.250545024872
0.275279045105
0.295703172684
0.282714128494
0.265043973923
0.227093935013
0.226676940918
0.210373878479
0.210646152496
0.214337825775
0.12310385704
0.224245071411
0.182646989822
0.161127090454
0.217434167862
0.229817867279
0.153564929962
0.19372010231
0.182049036026
0.216203927994
0.199687004089
0.177707910538
0.23893904686
0.166053056717
0.179077863693
0.205958127975
0.217632055283
0.172860145569
0.211215019226
0.221501111984
0.211010932922
0.179774999619
0.201986789703
0.173582077026
0.146407842636
0.177622795105
0.165578842163
0.210165977478
0.215532064438
0.141033172607
0.155091047287
0.196143865585
0.129087924957
0.229066848755
0.154751062393
0.191219091415
0.218073129654
0.147326946259
0.192286968231
0.188271045685
0.187757968903
0.166105031967
0.24076294899
0.247750997543
0.154139995575
0.190804958344
0.203783035278
0.189263105392
0.216053962708
0.199572086334
0.115695953369
0.157467126846
0.164057016373
0.218255996704
0.223386049271
0.248560190201
0.243854999542
0.257267951965
0.273572921753
0.323077201843
0.308777093887
0.274568080902
0.3078789711
0.246560096741
0.262045860291
0.282644033432
0.252673149109
0.241024971008
0.271856784821
0.24490904808
0.267565011978
0.260334014893
0.183717012405
0.245320796967
0.169032812119
0.231096982956
0.155639886856
0.224153995514
0.203699111938
0.225327968597
0.307090044022
0.233227968216
0.26137304306
0.240442991257
0.304558992386
0.250280857086
0.221237897873
0.312649965286
0.284307956696
0.227349042892
0.300670146942
0.335411071777
0.296101808548
0.293645858765
0.229176998138
0.274333000183
0.277574062347
0.261576890945
0.252470016479
0.258940935135
0.208484888077
0.284878015518
0.180764198303
0.232357978821
0.252034902573
0.254466056824
0.271609067917
0.32880115509
0.240326881409
0.201367855072
0.201094865799
0.210256099701
0.244984865189
0.234652996063
0.203862905502
0.284964084625
0.234477996826
0.138043880463
0.249811172485
0.207103013992
0.22346997261
0.258727073669
0.240746021271
0.23188996315
0.203672885895
0.195782184601
0.173165082932
0.199549913406
0.158130884171
0.160619020462
0.18360710144
0.240475177765
0.319188117981
0.294735193253
0.363880872726
0.308451890945
0.311551094055
0.318504095078
0.306885004044
0.320327043533
0.311218976974
0.283037900925
0.2720079422
0.321281909943
0.347108125687
0.241589069366
0.271092891693
0.245630979538
0.214272022247
0.204089164734
0.241209983826
0.211071014404
0.1516289711
0.197022914886
0.232349157333
0.268209218979
0.262621164322
0.276881933212
0.182765007019
0.201042890549
0.265185117722
0.284437894821
0.253041982651
0.248018980026
0.267822980881
0.218910932541
0.25834608078
0.286329984665
0.249881029129
0.223229169846
0.213132858276
0.26201581955
0.266890048981
0.198925018311
0.214595794678
0.288408041
0.284341812134
0.228408098221
0.265906095505
0.212916135788
0.263537168503
0.241194963455
0.238601922989
0.208224058151
0.252405881882
0.231464862823
0.290877819061
0.178781986237
0.218142986298
0.243873119354
0.288599967957
0.157346010208
0.24448299408
0.281992912292
0.280470132828
0.2618060112
0.192322015762
0.263375997543
0.197788953781
0.236680984497
0.309523105621
0.30627989769
0.175290107727
0.270728111267
0.237015008926
0.228253126144
0.194841146469
0.245307922363
0.292058944702
0.210829973221
0.281388998032
0.241097927094
0.275050163269
0.280925035477
0.269423007965
0.244038105011
0.249459028244
0.321487903595
0.37272810936
0.227360010147
0.233122110367
0.319509029388
0.351030111313
0.295736074448
0.346606969833
0.377238988876
0.349154949188
0.203949928284
0.299842834473
0.30206990242
0.253865003586
0.29903793335
0.317073822021
0.262120962143
0.214784145355
0.233990907669
0.234141111374
0.300559997559
0.276880979538
0.317081928253
0.386870861053
0.31524014473
0.278919935226
0.329591035843
0.342974901199
0.420217990875
0.296180009842
0.398022890091
0.301676988602
0.321795940399
0.285680055618
0.269162893295
0.292870998383
0.269468069077
0.263168096542
0.267446041107
0.283386945724
0.333208084106
0.318412065506
0.345372915268
0.290964841843
0.249895811081
0.239415884018
0.201750040054
0.3153860569
0.205887079239
0.310617923737
0.23859500885
0.309125185013
0.266337871552
0.241328954697
0.290313005447
0.263456106186
0.20715379715
0.31214594841
0.272875070572
0.231765031815
0.212761878967
0.297186136246
0.267026901245
0.231648921967
0.277009010315
0.218652963638
0.177207946777
0.268040895462
0.26481795311
0.297116041183
0.222653150558
0.336881160736
0.286532878876
0.218925952911
0.232347011566
0.274553060532
