0.2340528965
0.260710000992
0.272984027863
0.215219974518
0.284285068512
0.22391295433
0.298999071121
0.306604862213
0.287947893143
0.282818078995
0.303061962128
0.223478794098
0.267362833023
0.312479972839
0.243976831436
0.252830982208
0.268472909927
0.184087991714
0.278380870819
0.226865053177
0.274767875671
0.348639011383
0.236229896545
0.306388139725
0.306000947952
0.317634105682
0.286378145218
0.306076049805
0.318263053894
0.227975130081
0.28866314888
0.279910087585
0.218081951141
0.265331983566
0.258647918701
0.288235902786
0.23438501358
0.237911939621
0.224915981293
0.2732629776
0.24399805069
0.249811172485
0.257359027863
0.251347064972
0.216000080109
0.248449802399
0.256925821304
0.254644870758
0.260550022125
0.285552978516
0.224133968353
0.215129137039
0.240156173706
0.212635040283
0.27313709259
0.255753040314
0.299999952316
0.286801099777
0.230491876602
0.310124158859
0.313338041306
0.271937131882
0.274031162262
0.255823135376
0.249914884567
0.295719146729
0.281513929367
0.283560037613
0.223073005676
0.249569177628
0.263669967651
0.23020195961
0.209805011749
0.225975036621
0.226926088333
0.185487031937
0.177685022354
0.19039106369
0.165298938751
0.191776990891
0.13950586319
0.156010866165
0.184845924377
0.194578886032
0.196714162827
0.157808065414
0.175555944443
0.163504838943
0.195779800415
0.179018974304
0.160791873932
0.14341211319
0.172355175018
0.197674036026
0.24748301506
0.179148197174
0.177476882935
0.205672979355
0.209223985672
0.181403875351
0.180933952332
0.234783887863
0.236393928528
0.18571305275
0.189563035965
0.197504043579
0.143357038498
0.257902860641
0.185972929001
0.178483009338
0.232073068619
0.236541032791
0.215967178345
0.257726192474
0.205003023148
0.158180952072
0.18073797226
0.17258310318
0.200298070908
0.264232873917
0.234559059143
0.219837188721
0.243550777435
0.271109104156
0.283549785614
0.240125894547
0.259443998337
0.239852190018
0.271800994873
0.264663219452
0.285969018936
0.244387149811
0.306658029556
0.202794075012
0.233685016632
0.292479991913
0.293123006821
0.256417036057
0.292504072189
0.253357887268
0.298372983932
0.274252891541
0.266459941864
0.290183067322
0.257062911987
0.247446775436
0.307962179184
0.277849912643
0.204093933105
0.271217107773
0.257333040237
0.254288911819
0.191046953201
0.174742937088
0.176913976669
0.172791004181
0.170701980591
0.230864048004
0.22460103035
0.24199795723
0.261341094971
0.289109945297
0.308289051056
0.220530033112
0.244990825653
0.272869825363
0.225422143936
0.213023900986
0.270190000534
0.253298997879
0.241517066956
0.144296169281
0.217707872391
0.192398071289
0.252222061157
0.322849988937
0.318445920944
0.198580026627
0.234252929688
0.216378927231
0.24196600914
0.213380098343
0.279937028885
0.240803956985
0.205157995224
0.194589138031
0.194203138351
0.171660900116
0.20140504837
0.172636985779
0.193193912506
0.171489953995
0.180630922318
0.131742954254
0.13813495636
0.223529100418
0.238596200943
0.218715906143
0.195468902588
0.227207899094
0.267692089081
0.256000995636
0.184548139572
0.230338096619
0.184851884842
0.281165122986
0.264544963837
0.170642852783
0.212954998016
0.282269001007
0.284060001373
0.332477807999
0.311300992966
0.286150217056
0.271520137787
0.311249017715
0.348172903061
0.285161972046
0.260530948639
0.256492137909
0.252592802048
0.303473949432
0.281128168106
0.358114957809
0.255685091019
0.266190052032
0.275974035263
0.282572031021
0.341114997864
0.294684886932
0.285556077957
0.300816059113
0.295196056366
0.327018976212
0.361936092377
0.275002002716
0.328082084656
0.330557823181
0.295305967331
0.258805990219
0.279747962952
0.288506031036
0.292073965073
0.23564696312
0.227643966675
0.216022014618
0.253251075745
0.278395175934
0.284242868423
0.271353960037
0.271511077881
0.32693195343
0.417266845703
0.306735038757
0.30188202858
0.297220945358
0.332823991776
0.316176891327
0.330436944962
0.375761985779
0.297855138779
0.298480033875
0.364944934845
0.244358062744
0.324297904968
0.258260965347
0.275674104691
0.285714864731
0.298341035843
0.279872894287
0.323157072067
0.177396059036
0.264930963516
0.236349105835
0.238896846771
0.305168151855
0.241338014603
0.270617961884
0.263742923737
0.255158901215
0.251774072647
0.275177001953
0.257009029388
0.249340057373
0.230978012085
0.268468141556
0.251633882523
0.244266986847
0.297953128815
0.189311981201
0.271511077881
0.311232089996
0.195896148682
0.24483704567
0.303419828415
0.288618087769
0.324465990067
0.377942085266
0.395043849945
0.278895139694
0.288783073425
0.341361045837
0.144496917725
0.293148040771
0.328283071518
0.287237882614
0.302980899811
0.274361133575
0.303900957108
0.289489984512
0.299509048462
0.362562894821
0.383698940277
0.242212057114
0.306457996368
0.344861030579
0.311302900314
0.3651471138
0.312604904175
0.288840055466
0.357146024704
0.362540006638
0.30649805069
0.349819898605
0.298624992371
0.281439781189
0.237788915634
0.342985868454
0.241238832474
0.28644990921
0.238708972931
0.308999061584
0.304383993149
0.341168880463
0.329894065857
0.223935842514
0.249713897705
0.280519008636
0.318519830704
0.240163087845
0.304083108902
0.312031030655
0.21382689476
0.245847940445
0.293376922607
0.244054079056
0.297557830811
0.28626704216
0.246437072754
0.314131975174
0.299435853958
0.254508972168
0.30101108551
0.281058073044
0.308973073959
0.229589223862
0.300781965256
0.31137919426
0.236881971359
0.293659925461
0.310055017471
0.333365917206
0.19088602066
0.235686779022
0.317012071609
