0.249481916428
0.281774997711
0.256260871887
0.263284921646
0.290596008301
0.20529294014
0.249320983887
0.217491149902
0.229242086411
0.284363031387
0.255822896957
0.242510080338
0.220318078995
0.263096094131
0.192015886307
0.275880098343
0.217599868774
0.260549068451
0.277664899826
0.253880977631
0.245194196701
0.256448984146
0.191150903702
0.255344152451
0.27513718605
0.273764848709
0.250737905502
0.279231071472
0.299562931061
0.258427858353
0.256644010544
0.272546052933
0.249176025391
0.321871042252
0.264596939087
0.193076133728
0.284024000168
0.314315795898
0.272955179214
0.258130073547
0.271239995956
0.276890993118
0.253933191299
0.259890794754
0.188746929169
0.259811878204
0.281752109528
0.277373075485
0.294950008392
0.233371973038
0.208002090454
0.224420070648
0.244483947754
0.208909034729
0.270130157471
0.279451847076
0.266679048538
0.23623919487
0.299730062485
0.228805065155
0.315156936646
0.283231019974
0.243556976318
0.261950969696
0.312491893768
0.309883117676
0.224354982376
0.254238843918
0.270884990692
0.319473028183
0.26979804039
0.27699303627
0.248255968094
0.205597877502
0.223316907883
0.231049060822
0.191404104233
0.199933052063
0.182933807373
0.141498088837
0.188861131668
0.209747076035
0.180693864822
0.208966970444
0.211960077286
0.210279941559
0.20431303978
0.139537096024
0.184643983841
0.156577825546
0.188985109329
0.18358707428
0.17739200592
0.184324979782
0.202820062637
0.232571125031
0.218215942383
0.202381134033
0.175498008728
0.187086820602
0.153161048889
0.206259965897
0.214564800262
0.197236061096
0.20174407959
0.142070055008
0.174767971039
0.209403991699
0.20097899437
0.131660938263
0.207185983658
0.201355218887
0.248364210129
0.207849979401
0.23099398613
0.217554092407
0.291970014572
0.333718061447
0.226027011871
0.238919973373
0.216615915298
0.212390899658
0.345467805862
0.317955970764
0.233559131622
0.267408847809
0.272912979126
0.275631904602
0.254942893982
0.234693050385
0.311514854431
0.297569990158
0.298062086105
0.298578023911
0.326509952545
0.259886980057
0.249979019165
0.279684066772
0.313471078873
0.276325941086
0.308679819107
0.307898044586
0.314970016479
0.285281181335
0.265340089798
0.253268003464
0.253957033157
0.203706026077
0.156623840332
0.252815008163
0.19960808754
0.205273151398
0.16518497467
0.137341976166
0.184982061386
0.179974079132
0.179673910141
0.233714818954
0.2111120224
0.248648166656
0.183459997177
0.188271999359
0.227304935455
0.183327913284
0.228178024292
0.197064161301
0.168822050095
0.210572957993
0.183490991592
0.221382141113
0.193495035172
0.151600122452
0.17444896698
0.200963973999
0.168554782867
0.221155881882
0.162842988968
0.201179027557
0.172576904297
0.1251039505
0.175759077072
0.187412977219
0.174000024796
0.173606157303
0.274756193161
0.31498503685
0.367937088013
0.222551822662
0.328510046005
0.269326925278
0.312326908112
0.333096981049
0.329277992249
0.319221019745
0.290523052216
0.309019804001
0.316231012344
0.312642097473
0.2224650383
0.229323863983
0.223192930222
0.274194955826
0.318422079086
0.160629987717
0.278069019318
0.287459850311
0.362059116364
0.331748962402
0.35932302475
0.317646980286
0.350594997406
0.338417053223
0.36810708046
0.282700061798
0.319972038269
0.351310968399
0.315487146378
0.324728965759
0.274310112
0.308845996857
0.319962024689
0.303498029709
0.297341108322
0.273490905762
0.216165065765
0.266746997833
0.324674129486
0.35191488266
0.423881053925
0.337135076523
0.322244882584
0.327879905701
0.327588796616
0.39217710495
0.37936091423
0.283619880676
0.267159938812
0.326737165451
0.290319919586
0.270926952362
0.289146184921
0.286922931671
0.285861968994
0.228891849518
0.260839939117
0.260634183884
0.2360060215
0.250866889954
0.295657157898
0.253437995911
0.334151029587
0.254225969315
0.224909067154
0.247946977615
0.184585094452
0.287487030029
0.178018093109
0.262115955353
0.149973154068
0.236357212067
0.202278137207
0.134174108505
0.238780021667
0.324167013168
0.357934951782
0.23430109024
0.315218925476
0.365737915039
0.304111003876
0.29451084137
0.332093000412
0.289410829544
0.243310928345
0.324537038803
0.3071808815
0.273627996445
0.31419801712
0.346238136292
0.352202892303
0.270915985107
0.243892908096
0.273046016693
0.182265043259
0.179343938828
0.213735103607
0.131659030914
0.152429103851
0.202929019928
0.133803844452
0.135396003723
0.327033996582
0.395731210709
0.273123025894
0.375304937363
0.363662004471
0.29164981842
0.335572004318
0.334641933441
0.266767024994
0.284535169601
0.352071046829
0.350325107574
0.324152946472
0.26150894165
0.275059938431
0.325446128845
0.265053987503
0.250938177109
0.373692035675
0.256166934967
0.364705085754
0.319124937057
0.349138021469
0.330403089523
0.310230970383
0.366982221603
0.354548931122
0.314476013184
0.301331043243
0.250134944916
0.294209003448
0.26548409462
0.335130929947
0.295698881149
0.389534950256
0.366675138474
0.365760087967
0.287435054779
0.343559980392
0.314291000366
0.263767957687
0.346805095673
0.303221940994
0.317040205002
0.270596027374
0.271924972534
0.310221910477
0.288751125336
0.2552921772
0.297502994537
0.295896053314
0.250321149826
0.24675989151
0.369354963303
0.238200187683
0.306753158569
0.291229963303
0.336051940918
0.256187915802
0.287461996078
0.337213039398
0.280766963959
0.313886880875
0.277675151825
0.234225988388
0.277324914932
0.175998926163
0.19796204567
0.250962972641
