0.305154800415
0.298747062683
0.230369091034
0.25768494606
0.277662992477
0.305361032486
0.300487995148
0.235299110413
0.262018918991
0.262366056442
0.30210185051
0.244504928589
0.417812108994
0.300841093063
0.31240606308
0.274600028992
0.278736114502
0.24427318573
0.305157184601
0.260919809341
0.236155986786
0.29473900795
0.290520906448
0.291638851166
0.218108892441
0.250406980515
0.291556119919
0.337065935135
0.264678955078
0.315576076508
0.280850172043
0.259560823441
0.268705129623
0.224468946457
0.29661989212
0.255697965622
0.235030889511
0.282440900803
0.314179182053
0.313276052475
0.325560808182
0.276349067688
0.299483060837
0.268244981766
0.231534957886
0.270232915878
0.293249130249
0.323637962341
0.231831073761
0.261319875717
0.254739046097
0.249139070511
0.271885871887
0.222305059433
0.204572916031
0.241143941879
0.251314878464
0.211049079895
0.314543008804
0.350802898407
0.262979030609
0.335652112961
0.344191074371
0.284883022308
0.381806135178
0.33322095871
0.335134029388
0.320780992508
0.315979957581
0.354808807373
0.315519094467
0.290424108505
0.270051956177
0.24450802803
0.304371833801
0.269911050797
0.268708944321
0.29675412178
0.304466962814
0.254112005234
0.252104997635
0.273404121399
0.274739980698
0.243899106979
0.195242881775
0.286021947861
0.253846883774
0.217902898788
0.255995988846
0.20923614502
0.247575044632
0.246721982956
0.243452072144
0.28661108017
0.208733081818
0.221036911011
0.253488779068
0.3032310009
0.293264865875
0.310533046722
0.306477069855
0.245810985565
0.297638893127
0.312268018723
0.360184907913
0.296701908112
0.315608024597
0.343731880188
0.328269958496
0.323473930359
0.338641881943
0.318104982376
0.341747999191
0.270853996277
0.22904586792
0.282239198685
0.325107097626
0.335805177689
0.331351995468
0.314175128937
0.413076877594
0.306528091431
0.323561191559
0.313326120377
0.28354382515
0.300632953644
0.277833938599
0.300611019135
0.321732997894
0.275556087494
0.311174154282
0.308898925781
0.333336114883
0.34036397934
0.328650951385
0.311894893646
0.356515169144
0.284942150116
0.278857946396
0.273115873337
0.301995038986
0.230491876602
0.242765903473
0.244552135468
0.285790205002
0.329439878464
0.274626016617
0.317764997482
0.331861972809
0.296980857849
0.313139200211
0.35858798027
0.341897964478
0.298974990845
0.267206907272
0.289041042328
0.27238202095
0.295025110245
0.245077848434
0.205598115921
0.289649009705
0.256686925888
0.271037101746
0.247281074524
0.165078163147
0.264209985733
0.238478899002
0.275913000107
0.27960395813
0.284538984299
0.296167135239
0.336277961731
0.233515024185
0.294919967651
0.301657915115
0.3429479599
0.285305023193
0.275048971176
0.313513040543
0.379570007324
0.357293844223
0.353266000748
0.413237810135
0.301042795181
0.370862007141
0.237426996231
0.23272395134
0.303441047668
0.335572004318
0.297019958496
0.33965587616
0.278403997421
0.258392095566
0.276991844177
0.283236026764
0.246362924576
0.345811843872
0.294753074646
0.321495056152
0.317386865616
0.320289850235
0.393993139267
0.278997182846
0.269666910172
0.300333976746
0.318526029587
0.32603597641
0.329749107361
0.285500049591
0.287178993225
0.287681818008
0.248411178589
0.289173126221
0.253063201904
0.302127122879
0.294200181961
0.304314851761
0.297233104706
0.358093976974
0.257932901382
0.382251977921
0.312201976776
0.353059053421
0.320274114609
0.34317111969
0.248973846436
0.295087814331
0.319039106369
0.313071966171
0.238466978073
0.267374038696
0.229457139969
0.261496782303
0.233695030212
0.297378778458
0.286186933517
0.302925109863
0.341925859451
0.251080989838
0.314461946487
0.329816818237
0.373814105988
0.307103872299
0.334007978439
0.393037080765
0.339602947235
0.344999074936
0.314285039902
0.332875967026
0.338344097137
0.315814971924
0.328858852386
0.260028839111
0.311419010162
0.324830055237
0.289639949799
0.317847967148
0.339909076691
0.357453107834
0.299728870392
0.302361965179
0.333847999573
0.280622959137
0.270766973495
0.319837808609
0.274176120758
0.24408197403
0.28711104393
0.282915115356
0.264204978943
0.329788923264
0.288461923599
0.31986284256
0.301055192947
0.222295045853
0.167222976685
0.285938024521
0.193289995193
0.273674964905
0.291995048523
0.271790981293
0.267127990723
0.30882191658
0.301369905472
0.445466041565
0.346722841263
0.414067029953
0.364367008209
0.363895893097
0.344810009003
0.275447845459
0.320670127869
0.313191890717
0.43595290184
0.337949991226
0.32032585144
0.253936052322
0.3116979599
0.303633928299
0.391575098038
0.342272043228
0.395097970963
0.388347864151
0.273207187653
0.332026004791
0.311748981476
0.339344024658
0.319477081299
0.379878044128
0.317504167557
0.367120981216
0.325871944427
0.281355142593
0.257643938065
0.32253909111
0.275583028793
0.240764856339
0.351893901825
0.314070940018
0.372432947159
0.216758012772
0.302109956741
0.301470994949
0.290273189545
0.273577928543
0.181413173676
0.266049861908
0.353972196579
0.311163902283
0.354346990585
0.255006074905
0.350633859634
0.334668874741
0.218924999237
0.280342102051
0.18988609314
0.333500862122
0.304344177246
0.31942820549
0.314981937408
0.23152089119
0.284328937531
0.324769973755
0.294920921326
0.302711009979
0.294133901596
0.294328927994
0.240302085876
0.184529781342
0.297602891922
