0.300624132156
0.247063875198
0.213299036026
0.268674135208
0.246351003647
0.237743139267
0.281242847443
0.234195947647
0.244618177414
0.199644088745
0.207937002182
0.261400938034
0.218373060226
0.268210887909
0.229506969452
0.291347980499
0.249430894852
0.294078826904
0.21116900444
0.244910001755
0.301480054855
0.289537906647
0.224366903305
0.263512849808
0.25999879837
0.255002975464
0.235852003098
0.271547079086
0.236346006393
0.224694013596
0.24738407135
0.234791994095
0.235523939133
0.272793054581
0.278188943863
0.253996133804
0.267194032669
0.305175065994
0.312152862549
0.287024021149
0.248290777206
0.291058063507
0.271704912186
0.313910007477
0.24538898468
0.263251066208
0.260035037994
0.277754068375
0.266525030136
0.258123159409
0.293542146683
0.325815916061
0.192163944244
0.21154499054
0.269914865494
0.213786840439
0.247236013412
0.222242116928
0.223480224609
0.266174077988
0.261158943176
0.235026836395
0.251650810242
0.238772153854
0.265913009644
0.212951898575
0.172121047974
0.257074832916
0.182790994644
0.273716926575
0.214856863022
0.189465999603
0.168023109436
0.19370508194
0.211478233337
0.224519968033
0.243855953217
0.267232894897
0.262806177139
0.217445135117
0.230257034302
0.193777084351
0.201578140259
0.223749160767
0.245028972626
0.247132062912
0.216464996338
0.201792955399
0.222728013992
0.169641971588
0.188481092453
0.173023939133
0.190515995026
0.21830701828
0.215792894363
0.213697910309
0.208574056625
0.210233926773
0.142955780029
0.168478965759
0.177681207657
0.177074193954
0.186784982681
0.162498950958
0.187262058258
0.156190872192
0.157373905182
0.20655798912
0.196723937988
0.130537986755
0.158876895905
0.192050933838
0.203835010529
0.21625995636
0.235666036606
0.179015159607
0.208823204041
0.191549062729
0.20098900795
0.173359870911
0.242104053497
0.138138055801
0.164165019989
0.183176994324
0.222684860229
0.216763019562
0.181330919266
0.169929027557
0.234863996506
0.222726106644
0.294467926025
0.333950996399
0.222130060196
0.257916927338
0.236970901489
0.3787150383
0.301301002502
0.284152984619
0.308285951614
0.353823900223
0.298035144806
0.34578204155
0.321976900101
0.295794963837
0.283839941025
0.303918838501
0.270006895065
0.294636011124
0.197062969208
0.25041103363
0.138802051544
0.247685909271
0.293304204941
0.234902143478
0.228940010071
0.241672039032
0.217236995697
0.242881059647
0.219145059586
0.213584899902
0.203533887863
0.280701875687
0.251686096191
0.206609964371
0.229973077774
0.174716949463
0.138293027878
0.194582939148
0.238652944565
0.171627044678
0.238991975784
0.169621944427
0.193655014038
0.198040008545
0.183852910995
0.195317029953
0.191221952438
0.202260017395
0.203679084778
0.177426099777
0.174526929855
0.21924996376
0.217307090759
0.186225175858
0.239425182343
0.30569601059
0.274816036224
0.271510839462
0.243352890015
0.334070205688
0.339632987976
0.258850097656
0.301671028137
0.216659069061
0.214329004288
0.256396055222
0.310392141342
0.25803399086
0.228442192078
0.268643140793
0.239592790604
0.255928993225
0.14182806015
0.303223133087
0.31303691864
0.339529037476
0.213594913483
0.247699022293
0.268790006638
0.317836999893
0.381197929382
0.254079818726
0.325783967972
0.315357923508
0.342439889908
0.256912946701
0.306733846664
0.273830890656
0.344228982925
0.26670217514
0.308267116547
0.302638053894
0.2377409935
0.259655952454
0.219130039215
0.237467050552
0.25714802742
0.253815889359
0.345556974411
0.303978919983
0.328950881958
0.247555017471
0.277870893478
0.322904825211
0.244853019714
0.340159893036
0.244966983795
0.298919200897
0.29608297348
0.247408151627
0.305555105209
0.280569076538
0.278687953949
0.247326135635
0.252487897873
0.25038599968
0.265473127365
0.243999004364
0.258946180344
0.371156930923
0.345766067505
0.292817115784
0.343641996384
0.343147993088
0.334293842316
0.243445158005
0.261516094208
0.277846097946
0.2525370121
0.207598924637
0.205896139145
0.200634002686
0.200940847397
0.216002941132
0.150784015656
0.223850011826
0.226698160172
0.224582910538
0.197587966919
0.180646896362
0.25121307373
0.259439945221
0.283844947815
0.299648046494
0.332836866379
0.24817609787
0.288722038269
0.317321777344
0.244560956955
0.252120018005
0.261517047882
0.197915077209
0.249332904816
0.264169931412
0.267091035843
0.317675113678
0.24228978157
0.255707979202
0.275074958801
0.32876086235
0.265997886658
0.295814990997
0.250240087509
0.370535135269
0.35711812973
0.344394922256
0.35137295723
0.328273057938
0.27175784111
0.241679906845
0.187176942825
0.280269861221
0.315356969833
0.237398862839
0.333003997803
0.371340990067
0.271570920944
0.298778057098
0.27548289299
0.276439905167
0.244161128998
0.34107708931
0.369454860687
0.324255943298
0.312549114227
0.251034975052
0.267817020416
0.246160030365
0.251197099686
0.253129005432
0.243150949478
0.296750068665
0.319989919662
0.344304800034
0.237013101578
0.258312940598
0.338124036789
0.269577026367
0.25314283371
0.278138875961
0.387917041779
0.236876010895
0.312380075455
0.322953939438
0.281250953674
0.317543029785
0.322661876678
0.254153013229
0.260974884033
0.19600892067
0.273469924927
0.236479997635
0.20534992218
0.291766881943
0.243207931519
0.225207090378
0.322242021561
0.263234853745
0.181206941605
0.320194005966
0.331476926804
0.269436836243
0.358921051025
0.330236911774
0.253571987152
0.267708063126
0.29150390625
0.295161962509
0.17144203186
0.213744878769
0.278008937836
0.184376955032
0.276802062988
0.237787008286
