0.27806687355
0.255562067032
0.255400896072
0.273262023926
0.236627101898
0.245318174362
0.249310970306
0.257892847061
0.290313959122
0.287937164307
0.219630002975
0.239058017731
0.296247005463
0.279136896133
0.255639791489
0.236660957336
0.259322881699
0.267395973206
0.251482009888
0.229580163956
0.299982070923
0.259849071503
0.246647119522
0.217044830322
0.267433166504
0.231327056885
0.282753944397
0.2730281353
0.276659965515
0.228231906891
0.282503843307
0.279386997223
0.242141962051
0.238146066666
0.284293174744
0.249982118607
0.240093946457
0.303026199341
0.246864080429
0.222988128662
0.247189044952
0.269791841507
0.245540142059
0.283848047256
0.281415939331
0.277516126633
0.195116996765
0.266968011856
0.26947593689
0.247940063477
0.242294073105
0.261427879333
0.221492052078
0.208950042725
0.219820022583
0.221045970917
0.215204954147
0.239029884338
0.236657142639
0.216006040573
0.224863052368
0.267210960388
0.242825984955
0.268091201782
0.232160806656
0.275807142258
0.279878854752
0.237744092941
0.323305130005
0.298267841339
0.225461959839
0.280798912048
0.214375972748
0.227313995361
0.194422006607
0.207937955856
0.149637937546
0.212564945221
0.269752979279
0.243089199066
0.211817979813
0.220592021942
0.187490940094
0.196425914764
0.234085083008
0.210738897324
0.145410060883
0.198557138443
0.198124885559
0.203409910202
0.211122989655
0.158622980118
0.106637954712
0.207307100296
0.259876012802
0.282221078873
0.220116853714
0.187083005905
0.202386856079
0.203866004944
0.250565052032
0.164393901825
0.236545085907
0.212222099304
0.212743997574
0.165476083755
0.224884033203
0.184328079224
0.224509000778
0.239665985107
0.186595916748
0.258183956146
0.187901973724
0.192178010941
0.231819868088
0.145107984543
0.182687044144
0.179633140564
0.154098033905
0.160044908524
0.143661022186
0.144920110703
0.142596960068
0.1879529953
0.178455114365
0.182862043381
0.166651010513
0.133837938309
0.174560070038
0.173094034195
0.151627779007
0.155500888824
0.137274026871
0.211913824081
0.159648180008
0.213148117065
0.230581998825
0.35634803772
0.271725893021
0.282413005829
0.295010089874
0.241537094116
0.248852014542
0.268789052963
0.227135896683
0.253924131393
0.261649847031
0.22341299057
0.245600938797
0.196032047272
0.24397611618
0.235522031784
0.212527036667
0.254581212997
0.161024093628
0.168060064316
0.255882978439
0.168095827103
0.18577003479
0.190133094788
0.214113950729
0.199955940247
0.179910898209
0.202009916306
0.170082092285
0.212044000626
0.222970962524
0.220063924789
0.193145036697
0.157549858093
0.149262189865
0.125699043274
0.165642023087
0.144757986069
0.170525074005
0.131878137589
0.193653106689
0.105756998062
0.173640012741
0.166310787201
0.129534959793
0.260260820389
0.198910951614
0.244574069977
0.195970058441
0.273596048355
0.22737622261
0.251633167267
0.232714176178
0.240787029266
0.23189496994
0.259998083115
0.251036882401
0.226109027863
0.247563838959
0.196884870529
0.240974187851
0.234716892242
0.237124919891
0.184942007065
0.225696086884
0.21689414978
0.199912786484
0.181661844254
0.184638977051
0.236148118973
0.327195882797
0.377850055695
0.46160697937
0.298755884171
0.320321083069
0.330451965332
0.267439126968
0.328734874725
0.346329927444
0.321894884109
0.235254049301
0.272221088409
0.333333969116
0.253384828568
0.265797138214
0.208190917969
0.241544961929
0.203094959259
0.177971839905
0.217023134232
0.223814964294
0.225274085999
0.282387971878
0.196267843246
0.202769041061
0.27729010582
0.253098011017
0.128335952759
0.246549129486
0.300319910049
0.217449903488
0.240835905075
0.216986894608
0.270797967911
0.276122808456
0.26286482811
0.169485807419
0.263669967651
0.251025915146
0.290338039398
0.257995843887
0.216521978378
0.251179933548
0.284147024155
0.259728908539
0.242124795914
0.278902053833
0.259804010391
0.274163007736
0.309457063675
0.236855983734
0.256841182709
0.276584863663
0.320241928101
0.233934164047
0.225082159042
0.286904096603
0.236217021942
0.303295135498
0.239500999451
0.240161180496
0.24800992012
0.203783035278
0.257244825363
0.207875013351
0.304982185364
0.393537998199
0.295948982239
0.382114887238
0.329243183136
0.324830055237
0.294823884964
0.337896823883
0.270980119705
0.242275953293
0.222421884537
0.225103139877
0.213251113892
0.222377061844
0.224871873856
0.212012052536
0.174865007401
0.186560153961
0.180731058121
0.148084878922
0.150251865387
0.189196109772
0.108566045761
0.195489883423
0.230175018311
0.303472042084
0.246509075165
0.230083942413
0.246912002563
0.226962089539
0.247633934021
0.1984770298
0.216659069061
0.216919898987
0.171944856644
0.264355897903
0.283056974411
0.258334875107
0.1964199543
0.218595027924
0.191706895828
0.262980937958
0.307415008545
0.292657136917
0.272768974304
0.251127958298
0.266327857971
0.303517103195
0.210892915726
0.22688794136
0.301187992096
0.323633909225
0.355705022812
0.308180093765
0.29833483696
0.275403022766
0.274661064148
0.280272006989
0.254255056381
0.289797067642
0.263844966888
0.276045799255
0.245680809021
0.280189990997
0.219181060791
0.25218296051
0.21267414093
0.225478887558
0.260603904724
0.216508865356
0.187479019165
0.294653892517
0.27277302742
0.202089071274
0.24316906929
0.214615106583
0.278315067291
0.299420118332
0.241170167923
0.266106128693
0.270519971848
0.251493930817
0.259196996689
0.187564134598
0.272146940231
0.214238166809
0.233982801437
0.277986049652
0.236773967743
0.216919898987
0.284401893616
0.280229091644
0.286853075027
0.209367036819
0.316241025925
0.253441095352
0.192233085632
0.215129137039
0.24826002121
