0.258667945862
0.233033895493
0.27029800415
0.254229068756
0.206398010254
0.222855091095
0.264359951019
0.234469890594
0.293699979782
0.277035951614
0.306509017944
0.289163827896
0.226974964142
0.242286920547
0.25861287117
0.250092029572
0.207823991776
0.280483961105
0.226943016052
0.244215011597
0.285583019257
0.246191978455
0.231763839722
0.256273984909
0.260323047638
0.266534090042
0.254058122635
0.277015924454
0.249820947647
0.23294210434
0.284481048584
0.252007007599
0.193479061127
0.303462982178
0.301279067993
0.248506069183
0.276193141937
0.263466835022
0.250911951065
0.285211086273
0.246679067612
0.247375011444
0.23442697525
0.264843940735
0.240077972412
0.250267028809
0.279711008072
0.285310029984
0.259922981262
0.233592987061
0.212702035904
0.304112195969
0.272439002991
0.24200797081
0.238078117371
0.25825715065
0.213291883469
0.275285005569
0.175773859024
0.218476057053
0.250931978226
0.236945867538
0.20342206955
0.211282968521
0.221885919571
0.273596048355
0.303885936737
0.29519701004
0.311367988586
0.236041069031
0.285054922104
0.24916601181
0.248736143112
0.2681620121
0.195953845978
0.239937067032
0.246610164642
0.179928064346
0.236535072327
0.208312988281
0.227666139603
0.235713005066
0.209703922272
0.247861146927
0.251382112503
0.264084100723
0.164381027222
0.179916143417
0.176504135132
0.16806602478
0.183486938477
0.164651870728
0.180009126663
0.17508482933
0.214986085892
0.220658063889
0.211738109589
0.224304914474
0.165230989456
0.154433012009
0.161741018295
0.186585903168
0.19123506546
0.129104137421
0.121259212494
0.184196949005
0.169179916382
0.22575211525
0.19980096817
0.175151109695
0.167619943619
0.190546035767
0.190366029739
0.17933511734
0.167407989502
0.164819002151
0.205810070038
0.182854890823
0.159554958344
0.210907936096
0.20187997818
0.234245061874
0.222168922424
0.252814054489
0.256196975708
0.298201799393
0.253591060638
0.194854974747
0.237664937973
0.239887952805
0.285629034042
0.189398050308
0.251359939575
0.204196929932
0.244750976562
0.269337892532
0.242043972015
0.210588932037
0.329065799713
0.342269897461
0.250662088394
0.265691995621
0.224478960037
0.289674043655
0.258329868317
0.262632131577
0.20627617836
0.234102964401
0.222218036652
0.234302043915
0.270417928696
0.181713104248
0.192549943924
0.212153911591
0.191586971283
0.225167989731
0.217995166779
0.116249084473
0.169986009598
0.196864128113
0.249504089355
0.319526195526
0.282615184784
0.339730978012
0.2908680439
0.360900878906
0.281001091003
0.313365936279
0.346581935883
0.323293924332
0.283485889435
0.345480918884
0.244085073471
0.306161880493
0.315901041031
0.316122055054
0.345720052719
0.323192119598
0.280904054642
0.307222127914
0.320993900299
0.315368175507
0.32640504837
0.202727079391
0.285239934921
0.221027135849
0.279731035233
0.269520044327
0.289926052094
0.340296983719
0.212224006653
0.27015209198
0.236520051956
0.206973075867
0.22283911705
0.25334405899
0.263804912567
0.271794080734
0.233283996582
0.211661815643
0.242542028427
0.197887897491
0.235319137573
0.242238044739
0.256378889084
0.187179803848
0.321395874023
0.272024154663
0.288743019104
0.270312786102
0.277879953384
0.344235897064
0.267668962479
0.315313100815
0.29087805748
0.252034902573
0.297265768051
0.287333011627
0.245897054672
0.310104131699
0.24404001236
0.276632070541
0.196954011917
0.205499887466
0.240609169006
0.250831842422
0.23526597023
0.194294929504
0.234810113907
0.22531914711
0.183505058289
0.203596115112
0.235924005508
0.280477046967
0.211873054504
0.293866157532
0.314949035645
0.249305963516
0.228481054306
0.237542152405
0.27557182312
0.147454023361
0.211177825928
0.251183986664
0.241425991058
0.209043979645
0.216499090195
0.231549978256
0.272039175034
0.243457794189
0.206449985504
0.24925994873
0.256725072861
0.222727060318
0.322903871536
0.277697086334
0.324203014374
0.310488939285
0.319832086563
0.348989963531
0.389353990555
0.354219913483
0.303148031235
0.333674907684
0.259968042374
0.344954967499
0.306186199188
0.220456123352
0.228995084763
0.348315000534
0.283391952515
0.279523134232
0.304119110107
0.324636936188
0.329762935638
0.298089027405
0.241661071777
0.287842988968
0.339151859283
0.280288934708
0.244603157043
0.279199838638
0.27330994606
0.295441150665
0.328222036362
0.289887905121
0.27867102623
0.328231811523
0.291873931885
0.315402030945
0.303055047989
0.173119068146
0.214708089828
0.255628108978
0.266056060791
0.222395896912
0.266988039017
0.250016927719
0.293760061264
0.172626972198
0.159711837769
0.137448072433
0.148120164871
0.187968015671
0.198925971985
0.205546140671
0.193845033646
0.192991018295
0.153511047363
0.157857894897
0.186773061752
0.155514001846
0.259624958038
0.309994935989
0.2875020504
0.263151884079
0.295941114426
0.324738025665
0.294891119003
0.387643098831
0.280664920807
0.434529781342
0.351527929306
0.388297080994
0.270471096039
0.317360877991
0.284908771515
0.259965896606
0.253763914108
0.191139936447
0.141262054443
0.224188089371
0.168886184692
0.210180997849
0.180553913116
0.231617927551
0.165114879608
0.202577829361
0.184904098511
0.220466136932
0.199598073959
0.272124052048
0.237606048584
0.224063873291
0.265019893646
0.217067956924
0.249902009964
0.225161075592
0.188742876053
0.15779209137
0.214617013931
0.178062915802
0.246742963791
0.226027011871
0.270081996918
0.235728979111
0.259887933731
0.294360876083
0.170897006989
0.256591081619
0.246252059937
0.23804807663
0.237796068192
0.247466087341
0.175039052963
0.233579874039
