0.305462121964
0.232938051224
0.232969999313
0.276515007019
0.349239826202
0.314825057983
0.298864126205
0.277132987976
0.266582965851
0.307125091553
0.271898031235
0.259285926819
0.311336994171
0.295717000961
0.320227146149
0.311449050903
0.284674882889
0.240566968918
0.29315495491
0.270724058151
0.298009872437
0.256896018982
0.247851133347
0.336750030518
0.256750106812
0.299890995026
0.298676967621
0.304412126541
0.294121026993
0.292949914932
0.39339017868
0.309401988983
0.310824155807
0.268429994583
0.291891098022
0.262691020966
0.276647090912
0.199882984161
0.314819097519
0.251775979996
0.296830892563
0.286558866501
0.330816030502
0.330343961716
0.215615987778
0.253920078278
0.231391906738
0.206444978714
0.276285171509
0.310950040817
0.271823883057
0.27623796463
0.282508850098
0.256396055222
0.224693059921
0.236763000488
0.293148040771
0.3232421875
0.340124845505
0.323184013367
0.321054935455
0.266767024994
0.277569055557
0.299699068069
0.305974006653
0.282643079758
0.279119968414
0.274055957794
0.244384050369
0.259573936462
0.303012132645
0.230486154556
0.181955099106
0.208624124527
0.260811090469
0.16118812561
0.20198392868
0.0944559574127
0.184242963791
0.207589864731
0.141947031021
0.197505950928
0.160497903824
0.161834001541
0.20340180397
0.166544914246
0.175463199615
0.153267860413
0.134856939316
0.161143064499
0.233047008514
0.209662914276
0.206788063049
0.177462100983
0.15514087677
0.244483947754
0.219805955887
0.198473930359
0.240933179855
0.236469984055
0.282603025436
0.239056110382
0.185449123383
0.244985103607
0.142324924469
0.302468061447
0.213857889175
0.236459970474
0.222163915634
0.21550989151
0.201559066772
0.215986967087
0.1871778965
0.164963960648
0.184746980667
0.211141109467
0.207956075668
0.265465021133
0.235068082809
0.182480096817
0.211536169052
0.151207208633
0.178966999054
0.26397895813
0.217306137085
0.169818878174
0.204483985901
0.262654066086
0.275466918945
0.285513877869
0.260874032974
0.273542881012
0.289345026016
0.297264099121
0.323399066925
0.356270074844
0.28426194191
0.316781997681
0.310798168182
0.32728099823
0.259703159332
0.311146974564
0.23824095726
0.263282060623
0.316113948822
0.334702968597
0.271847009659
0.338092088699
0.329884052277
0.264691829681
0.352967977524
0.253563165665
0.329103946686
0.268950939178
0.284190893173
0.289683103561
0.367309093475
0.259391069412
0.336869001389
0.293479919434
0.352206945419
0.256964921951
0.225559949875
0.299941062927
0.330529928207
0.230917930603
0.287768125534
0.227725028992
0.278763055801
0.327790021896
0.310340881348
0.3006939888
0.371990919113
0.319437980652
0.265532016754
0.293003082275
0.309297084808
0.277456998825
0.334846019745
0.309340000153
0.359531164169
0.333790063858
0.374563932419
0.384104013443
0.318526029587
0.341602087021
0.320927858353
0.250803947449
0.355497121811
0.332875967026
0.235321998596
0.307550907135
0.334980010986
0.311007022858
0.290693044662
0.315424919128
0.280990123749
0.236554145813
0.312827110291
0.21475815773
0.406452894211
0.292284965515
0.338210105896
0.33182311058
0.331608057022
0.331954956055
0.398644208908
0.321840047836
0.379503965378
0.295550107956
0.28942990303
0.272176980972
0.335498094559
0.333770990372
0.290998935699
0.301142930984
0.280798196793
0.352078914642
0.329491853714
0.315191984177
0.270040035248
0.314132928848
0.30241894722
0.403526067734
0.329074144363
0.315649986267
0.315084934235
0.302212953568
0.305956840515
0.261476993561
0.276481151581
0.275121927261
0.266173124313
0.286135196686
0.266079902649
0.326747894287
0.290179014206
0.327857017517
0.263003110886
0.339101076126
0.355565071106
0.364807844162
0.306029081345
0.317208051682
0.389946937561
0.415288925171
0.352008104324
0.34872508049
0.332964897156
0.30485200882
0.306266069412
0.321568965912
0.266018867493
0.166417121887
0.267983913422
0.301050186157
0.316523075104
0.342231035233
0.349292039871
0.36775302887
0.270079135895
0.293943881989
0.309623003006
0.361507892609
0.254832029343
0.304897069931
0.247879981995
0.257876873016
0.248975038528
0.287944078445
0.310444831848
0.289415121078
0.26756811142
0.217928171158
0.316443920135
0.240542888641
0.315380096436
0.337955951691
0.292490005493
0.329043865204
0.254518032074
0.265074014664
0.297709941864
0.382237911224
0.351330041885
0.379227876663
0.330207109451
0.276551961899
0.337228059769
0.335341930389
0.290750026703
0.353299856186
0.3751039505
0.297514915466
0.317761898041
0.315403938293
0.270913124084
0.335853099823
0.384335041046
0.271662950516
0.348873853683
0.372704982758
0.341829061508
0.376482009888
0.363547086716
0.368276834488
0.380959033966
0.285129070282
0.345161914825
0.353146076202
0.310020923615
0.346711158752
0.249681949615
0.320910930634
0.336354017258
0.296496152878
0.327176094055
0.326545000076
0.30051112175
0.307621002197
0.323808908463
0.344362020493
0.295783042908
0.25701212883
0.301029920578
0.261718988419
0.285583019257
0.36438703537
0.197275161743
0.345255851746
0.308648109436
0.314348936081
0.327289819717
0.299987077713
0.312081098557
0.284565925598
0.285705804825
0.365229129791
0.342488050461
0.330384016037
0.341437101364
0.291790962219
0.334544897079
0.283663988113
0.32035112381
0.324440956116
0.372080802917
0.356374025345
0.357158184052
