0.33401799202
0.31836104393
0.287191867828
0.186245918274
0.275392055511
0.244804859161
0.311199188232
0.27756690979
0.228324890137
0.226082086563
0.22380900383
0.229620933533
0.299502849579
0.255290985107
0.279917955399
0.275843858719
0.211546182632
0.259070158005
0.2523458004
0.26667714119
0.344552993774
0.252051115036
0.263652086258
0.221711874008
0.257457017899
0.211749076843
0.301002979279
0.272598981857
0.309533834457
0.246710062027
0.286898136139
0.260043859482
0.265320062637
0.32594203949
0.305554866791
0.25515794754
0.260339021683
0.277060031891
0.261005878448
0.286238908768
0.273856878281
0.245106935501
0.316629171371
0.294338941574
0.258677005768
0.282037973404
0.32449388504
0.232052087784
0.224856853485
0.251111984253
0.254640102386
0.249476909637
0.231458902359
0.215453863144
0.180985927582
0.232335090637
0.231730937958
0.215759992599
0.210803985596
0.268923044205
0.292653083801
0.28840303421
0.269391775131
0.321099996567
0.292599201202
0.28281211853
0.31023311615
0.240308046341
0.277842998505
0.306233167648
0.186079978943
0.171941995621
0.204951047897
0.224941015244
0.200427055359
0.212913990021
0.212484836578
0.159768819809
0.164966106415
0.191201210022
0.172467947006
0.132717132568
0.160264015198
0.238561868668
0.144437074661
0.160776853561
0.216230154037
0.16367316246
0.183104038239
0.178915023804
0.139574050903
0.165648937225
0.183886051178
0.215960025787
0.202561855316
0.186454057693
0.160624027252
0.175158023834
0.193622112274
0.213576078415
0.184283971786
0.173842191696
0.182533979416
0.180277109146
0.162989139557
0.185510873795
0.174540042877
0.187996149063
0.191138029099
0.218746900558
0.187827110291
0.207362890244
0.236499071121
0.178779840469
0.196014881134
0.210130929947
0.230427980423
0.165976047516
0.157224178314
0.209493875504
0.196646928787
0.140970945358
0.206345081329
0.212098121643
0.162979125977
0.17342209816
0.187560796738
0.227615833282
0.214371919632
0.208285093307
0.227113008499
0.201961040497
0.262959957123
0.264203071594
0.222999095917
0.278613090515
0.277031183243
0.32928109169
0.301445007324
0.311674118042
0.255096912384
0.297068119049
0.345131158829
0.257636070251
0.25065112114
0.270014047623
0.218621015549
0.248380899429
0.249450922012
0.246529102325
0.200819969177
0.221243858337
0.227360963821
0.176468133926
0.127388000488
0.224195957184
0.167348861694
0.207705020905
0.17423582077
0.182884931564
0.188757896423
0.183353900909
0.223347902298
0.189481019974
0.192459106445
0.201200008392
0.228113889694
0.176503181458
0.207946062088
0.150767087936
0.205301046371
0.170278072357
0.167845964432
0.231777906418
0.194223165512
0.23277592659
0.14369893074
0.184197902679
0.18327498436
0.221483945847
0.268484830856
0.244272947311
0.270018815994
0.200783014297
0.201929092407
0.303206920624
0.350035905838
0.316378116608
0.327248096466
0.400367975235
0.291985034943
0.242203950882
0.31316113472
0.2098300457
0.269538879395
0.205181121826
0.190762996674
0.212570905685
0.325207948685
0.221434831619
0.235524892807
0.300544977188
0.250639915466
0.232704877853
0.289113998413
0.316833972931
0.240320920944
0.286927938461
0.274205207825
0.366159915924
0.270740032196
0.263455867767
0.314707994461
0.283289909363
0.26876282692
0.256357908249
0.270801782608
0.295996904373
0.264625072479
0.271177053452
0.266582012177
0.257004022598
0.239100933075
0.310589075089
0.312386035919
0.272629976273
0.342641115189
0.253422021866
0.285805225372
0.278591156006
0.291712999344
0.237658977509
0.291733980179
0.268966913223
0.289386034012
0.269118070602
0.336678981781
0.277000904083
0.224225997925
0.3386490345
0.344909906387
0.264522075653
0.338106870651
0.30813908577
0.296535968781
0.290120124817
0.270490169525
0.349303007126
0.325156927109
0.269860029221
0.281683206558
0.328301906586
0.28866815567
0.388375043869
0.291346073151
0.308586120605
0.276473999023
0.283854007721
0.261384963989
0.271210193634
0.27003288269
0.283586978912
0.25329208374
0.293242931366
0.237396001816
0.304017066956
0.259011030197
0.175883054733
0.147974014282
0.230377912521
0.214205980301
0.171751976013
0.273800849915
0.298137903214
0.276489019394
0.247541904449
0.341989994049
0.263360977173
0.317120075226
0.188734054565
0.206601142883
0.225558996201
0.235072851181
0.227048873901
0.202862977982
0.159169912338
0.207265853882
0.180269002914
0.193279027939
0.215922832489
0.272379159927
0.186560869217
0.171360015869
0.21405506134
0.244168043137
0.222945928574
0.243553876877
0.227962970734
0.279453992844
0.231142044067
0.227540016174
0.24907708168
0.282581090927
0.226043224335
0.287498950958
0.251662015915
0.206692934036
0.293246030807
0.270160913467
0.269834041595
0.200944185257
0.245440006256
0.347613096237
0.359685182571
0.184625148773
0.331410169601
0.334833145142
0.306216955185
0.266232013702
0.26282787323
0.303869009018
0.310080051422
0.35814499855
0.266648054123
0.304150104523
0.260061979294
0.269690990448
0.275018930435
0.229588985443
0.201997041702
0.308623790741
0.269338846207
0.243438005447
0.291975975037
0.28995513916
0.201693058014
0.238017082214
0.259731769562
0.282529115677
0.233490943909
0.314465045929
0.272578954697
0.206888914108
0.234477043152
0.253378868103
0.265306949615
0.260112047195
0.261652946472
0.243236064911
0.312742948532
0.259114980698
0.306334972382
0.252496004105
0.225497961044
0.249720096588
0.204904079437
0.275818109512
0.255460977554
0.23873591423
0.298951148987
0.259468078613
0.189486026764
0.289124011993
0.265625953674
0.224457979202
0.274577856064
0.282857894897
