0.271958112717
0.268685102463
0.223540067673
0.212813854218
0.239727973938
0.272245883942
0.342808008194
0.340934991837
0.246566057205
0.296093940735
0.282917022705
0.261835098267
0.258701086044
0.280369997025
0.316602945328
0.238098859787
0.282522916794
0.2875020504
0.278659105301
0.269514083862
0.274666070938
0.262622833252
0.28035902977
0.282534122467
0.298771858215
0.257975101471
0.243925094604
0.293585062027
0.278095006943
0.241484880447
0.318087100983
0.270061969757
0.246538162231
0.274871110916
0.269270896912
0.266602039337
0.260237216949
0.25285410881
0.197036981583
0.33519411087
0.253556013107
0.218008041382
0.240020990372
0.297574043274
0.204161167145
0.296965122223
0.282554149628
0.279350042343
0.303583145142
0.313141107559
0.285137891769
0.260932922363
0.2794008255
0.278799057007
0.223305940628
0.194916009903
0.26419878006
0.279814004898
0.290740013123
0.300014972687
0.310090065002
0.324968099594
0.343101978302
0.295356988907
0.331967830658
0.330253839493
0.334506988525
0.318549871445
0.293414831161
0.238409996033
0.231251001358
0.205285787582
0.217993974686
0.21129989624
0.195728063583
0.19677901268
0.225197076797
0.250407934189
0.193200111389
0.153232097626
0.214531898499
0.205703020096
0.177710056305
0.193123817444
0.204963922501
0.205037117004
0.172605991364
0.170905828476
0.205215930939
0.172377109528
0.183979034424
0.18016409874
0.217112064362
0.161062002182
0.214043855667
0.170804977417
0.142441987991
0.178977966309
0.197817087173
0.188122987747
0.174371004105
0.211568832397
0.175179958344
0.167690038681
0.152647018433
0.111302137375
0.191587924957
0.139713048935
0.191913127899
0.126702070236
0.167667150497
0.233718156815
0.186572790146
0.167199134827
0.155660152435
0.234166145325
0.218100070953
0.153544187546
0.16507601738
0.198401927948
0.201381921768
0.218405008316
0.136121988297
0.204623937607
0.253711938858
0.181752920151
0.1763651371
0.202264070511
0.260072946548
0.24998497963
0.2317070961
0.336400032043
0.34606719017
0.277029037476
0.32793211937
0.24715590477
0.291882038116
0.244979143143
0.319925069809
0.346015930176
0.326364994049
0.290066957474
0.297636032104
0.246268987656
0.265529870987
0.273490190506
0.260734081268
0.215638875961
0.183444976807
0.202174901962
0.168503046036
0.198554039001
0.147783994675
0.168879032135
0.221940040588
0.162030935287
0.161283969879
0.224615097046
0.241644144058
0.19221496582
0.180639982224
0.181220054626
0.185491085052
0.182776212692
0.180032968521
0.19401884079
0.171028852463
0.198776006699
0.165662050247
0.134589195251
0.134338855743
0.154550075531
0.275484085083
0.257965087891
0.256657838821
0.332640171051
0.305720806122
0.242527008057
0.237825870514
0.241060972214
0.215466976166
0.255709886551
0.21975684166
0.213546991348
0.27081990242
0.285140991211
0.254071950912
0.266261100769
0.272440195084
0.347589015961
0.293872833252
0.241336107254
0.274415016174
0.241925954819
0.242990970612
0.248538970947
0.305310964584
0.317790985107
0.257779836655
0.286329030991
0.277825832367
0.328444004059
0.227027893066
0.328320980072
0.298970937729
0.364142179489
0.370588064194
0.393136024475
0.250514030457
0.271759033203
0.316465854645
0.388703107834
0.372559070587
0.324877977371
0.309491157532
0.329584121704
0.313127994537
0.335189819336
0.269618988037
0.271489858627
0.259711027145
0.285373926163
0.334762096405
0.340948104858
0.314638137817
0.342056035995
0.323309183121
0.303404092789
0.235363960266
0.321674108505
0.242401838303
0.284100055695
0.299440860748
0.305233955383
0.289705991745
0.290685892105
0.338441848755
0.313777208328
0.314949989319
0.264593839645
0.229099988937
0.253520965576
0.260428905487
0.221060991287
0.289457798004
0.342276096344
0.343485116959
0.307176113129
0.365185022354
0.378283977509
0.341665029526
0.339778900146
0.24271607399
0.22712802887
0.284089803696
0.36443901062
0.39152598381
0.30318903923
0.267975091934
0.327465057373
0.332860946655
0.324865102768
0.335304021835
0.308990001678
0.237264871597
0.275785923004
0.305623054504
0.269267082214
0.285625934601
0.292049884796
0.278251886368
0.24915599823
0.287930965424
0.303198099136
0.216169118881
0.23580789566
0.292974948883
0.248511075974
0.257000207901
0.283578872681
0.209074020386
0.286424875259
0.260791063309
0.210896015167
0.294494867325
0.29142999649
0.269538879395
0.223618984222
0.191781044006
0.301831960678
0.340501785278
0.294677019119
0.362154960632
0.326144933701
0.334743022919
0.277452945709
0.261594057083
0.23565196991
0.258287191391
0.324769973755
0.342133998871
0.267865180969
0.232088088989
0.194350004196
0.248589038849
0.28541302681
0.235747098923
0.343232870102
0.391252994537
0.294708013535
0.319516181946
0.304542064667
0.415751934052
0.331389188766
0.325042963028
0.34334897995
0.318220853806
0.346791982651
0.293998003006
0.366412878036
0.300446033478
0.350037097931
0.265786170959
0.242212057114
0.304203033447
0.346386909485
0.220953941345
0.24896812439
0.20904302597
0.271172046661
0.238106012344
0.293665885925
0.194385051727
0.278548955917
0.276661872864
0.252664804459
0.277745962143
0.342744827271
0.261683940887
0.330261945724
0.299796104431
0.297188997269
0.286984920502
0.310930013657
0.293997049332
0.275745868683
0.270884990692
0.297564029694
0.298877000809
0.332432985306
0.264886140823
0.205744981766
0.235867977142
0.219414949417
0.35068488121
0.222997903824
0.317562103271
0.181715965271
0.306308984756
0.242562770844
