15.9877949544 15.2851171794 -1.00722403374 
15.8400680908 15.1709952096 0.386976349948 
15.8400635236 15.1709945912 0.386792517217 
15.8398927898 15.1715752224 0.379388760561 
15.8418935762 15.1708200018 0.40784695295 
15.8398059757 15.1706441383 0.387755175279 
15.8398107142 15.1706431622 0.387743752456 
15.8397796081 15.1706158335 0.387685269612 
15.8400452622 15.1709459836 0.386688875231 
15.8398032786 15.1706180165 0.387908519286 
15.8397954368 15.1706216449 0.387759527421 
15.8398065158 15.1706253479 0.387599773736 
15.8397931569 15.1706149245 0.387787606149 
15.8398000785 15.1706161613 0.387695820707 
15.8400519491 15.1709580685 0.386706303973 
15.8400603646 15.1709543655 0.386799436997 
15.8400615492 15.1709632168 0.386675149961 
15.8397923076 15.1706105287 0.387740786108 
15.8398095408 15.1706089939 0.387726957422 
15.8397860565 15.1705940629 0.387532500268 
15.8400588037 15.1709520931 0.386661945048 
15.8400635348 15.1709825883 0.386692417307 
15.8400604167 15.1709516312 0.386732419613 
15.8400865794 15.1709699745 0.38679655484 
15.8400708736 15.1709511767 0.386586383758 
15.8400491179 15.1709495897 0.386421240606 
15.8400837259 15.1709629784 0.386634962345 
15.8400808723 15.1709575991 0.386207347048 
15.840032816 15.1709697286 0.386268271286 
15.84006463 15.1710033754 0.385960446321 
15.8400531301 15.1709528829 0.386446169767 
15.8395484501 15.1706277544 0.386411498574 
15.8397391142 15.1706359203 0.386551864085 
15.84032451 15.1722925271 0.374363662116 
15.8397500591 15.1705401654 0.393006881681 
15.8397635632 15.1705758686 0.393080959078 
15.8397861348 15.170574751 0.393231915438 
15.8395961226 15.1698653216 0.37947648924 
15.8399252632 15.1708028803 0.384444365521 
15.8399351129 15.1709482933 0.385903343468 
15.8397057393 15.1706472079 0.386990253891 
15.8397155703 15.1706608499 0.386987146892 
15.8399806024 15.1709443072 0.385925330482 
15.8396533617 15.1698368157 0.380219078407 
15.8397173249 15.1706290732 0.387137611256 
15.8396563121 15.1704869683 0.38728789001 
15.8399064691 15.1700469146 0.381870496301 
15.8399965988 15.1709732155 0.385701945697 
15.8414541298 15.171652932 0.379610488363 
15.8728669697 15.1797513033 0.377542058156 
15.9044147256 15.1931305269 0.303213557885 
15.9102171009 15.2093924659 0.0751569961375 
15.9338410833 15.2168812177 -0.0700895944312 
15.9844923728 15.2090228873 -0.0765773570614 
16.0618007445 15.1966757367 -0.0744754099894 
16.1648172998 15.1813826712 -0.0937669651897 
16.2855611109 15.1627741719 -0.0702533231011 
16.4602962696 15.1377098302 -0.084773843025 
16.6123903954 15.1128118897 -0.0709740805819 
16.7622355187 15.0901965911 -0.0767857755672 
16.913982507 15.0667281414 -0.0767942660603 
17.0738092625 15.0424880947 -0.0736737057721 
17.2135658228 15.0213579799 -0.0749599837174 
17.3753330671 14.9974564279 -0.0817741932785 
17.5308568441 14.9734331037 -0.0797696027351 
17.6718039476 14.9512173797 -0.0782172922279 
17.8362522089 14.9251926506 -0.0733815587137 
17.9834301436 14.9026132787 -0.0678306693118 
18.1341881716 14.8806182409 -0.147673067558 
18.2884695494 14.845529374 -0.386679268866 
18.4292654955 14.7719061042 -0.708152691857 
18.5285689795 14.6706117357 -0.982248213079 
18.6024842226 14.5284032191 -1.18453493918 
18.6476921999 14.3723353709 -1.19784803985 
18.6943643057 14.2245465482 -1.28054499341 
18.7253847086 14.0739253725 -1.52659612785 
18.7149302923 13.9155385459 4.64224693448 
18.6968305075 13.7869856323 4.62705429442 
18.6968305075 13.7869856323 4.62705429442 
18.6217806303 13.511827823 4.13039392241 
18.6025338137 13.477897879 4.09625590721 
18.4860749209 13.2871360744 2.7474389188 
18.4860749209 13.2871360744 2.7474389188 
18.1848761999 13.2165583337 3.2171985489 
17.9480750525 13.2216190065 3.1680932659 
17.8286125624 13.2280918325 3.17138473542 
17.6464626753 13.2383388246 3.1727521171 
17.5229537451 13.2434395517 3.1647547412 
17.4032070601 13.2495534385 3.16405579009 
17.2748329603 13.2561769451 3.16353584226 
17.0461721384 13.271492597 3.16606134272 
16.9763810598 13.2796908582 3.1890653246 
16.7353822553 13.293282863 3.24578476059 
16.6230926478 13.2959094013 3.43639975597 
16.473120805 13.2632096971 3.41395848698 
16.3550091648 13.2316907609 3.39543526046 
16.2202041411 13.2040795053 3.12698105206 
16.0891170764 13.217329141 3.00239213741 
15.962211948 13.248003837 3.0339868931 
15.8599281294 13.2732802595 3.24668427004 
15.7868251168 13.2757644618 3.41242266514 
15.7098307275 13.2614170278 3.43848787647 
15.5861878359 13.2338615621 3.43574011975 
15.4248942101 13.198203441 3.43354174829 
15.2533420288 13.1596652235 3.31390738727 
15.1026063525 13.1459785665 3.01997647906 
14.960085746 13.1743849481 2.74867574325 
14.8366984093 13.238093015 2.45704980487 
14.815631386 13.2550216878 2.44335765177 
14.815631386 13.2550216878 2.44335765177 
14.6252226793 13.6062695945 1.80774342207 
14.6252226793 13.6062695945 1.80774342207 
14.5717301333 13.918667909 1.74395039669 
14.5717301333 13.918667909 1.74395039669 
14.5149496758 14.2787734235 1.61793638811 
14.5194611513 14.4143336977 1.37964568549 
14.5647197926 14.5646311606 1.18454925793 
14.624546405 14.6858500207 0.969028024255 
14.7054957115 14.7897646988 0.688455486514 
14.8446348869 14.8846826817 0.398692644076 
14.9663872683 14.9283221627 0.349361383212 
15.1285453403 14.971948501 0.34704934922 
15.2613922917 15.0092648382 0.391270931368 
15.4218428695 15.0541010464 0.342823018862 
15.5766183698 15.0942189957 0.35141944265 
15.7243649625 15.1355592946 0.348780058017 
15.8745295854 15.1780585463 0.357649036602 
16.0315443092 15.2227344106 0.316774843632 
16.1872158908 15.2637949197 0.332232239792 
16.3113943898 15.3009130324 0.261294655462 
16.4382733667 15.3264869864 0.0695159715763 
16.5853274428 15.3257492746 0.0514577711893 
16.7252140605 15.3241502757 0.0465307412062 
16.8769753539 15.3212442959 0.0720652175795 
17.0460230076 15.3179737742 0.0668063198773 
17.2098711693 15.3141590247 0.0451620375369 
17.3641756737 15.3117460648 0.0397612084564 
17.5243949854 15.3088780607 0.0462112328842 
17.6869226658 15.3058109249 0.0654352270917 
17.8383586371 15.3040232922 0.0570483877448 
17.9801764452 15.3019245605 0.0371005076281 
18.1411530935 15.2965025047 -0.167260531841 
18.2974717581 15.253932046 -0.495621805126 
18.4262540304 15.1688746626 -0.804551057535 
18.5197968447 15.0565648491 -1.08571527534 
18.5699017012 14.9381315375 -1.30167535234 
18.6037783587 14.7151058281 -1.37204319174 
18.6235425436 14.5561435188 -1.37689607958 
18.6426989996 14.4071354235 -1.40792318483 
18.6562075579 14.2396513189 4.67149940344 
18.6378123724 14.1010689701 4.62598225865 
18.6075618231 13.9235706295 4.61138387345 
18.5817792379 13.7623794044 4.46238854199 
18.5370624029 13.6224386657 4.18327610791 
18.493184086 13.5492389167 4.03623307209 
18.3247337305 13.3989888395 3.57344762404 
18.1790654623 13.3505049909 3.35609744194 
18.0390293562 13.3329763378 3.29775169102 
17.8772547209 13.3193060125 3.31147247254 
17.7177407705 13.3058692182 3.30379909848 
17.571220752 13.293563124 3.30493800873 
17.4123368227 13.2799866165 3.30221967691 
17.2295745575 13.2645889486 3.29998419213 
17.0690342152 13.2540969814 3.29854810067 
16.8999468052 13.2470186914 3.30158639498 
16.7673440539 13.2348226274 3.30169968325 
16.6099353993 13.2215291227 3.28341289739 
16.4239897096 13.2078946794 3.29566029422 
16.2653991842 13.1900566781 3.29757524724 
16.1205820405 13.1780008043 3.28510582275 
15.980482895 13.1671680177 3.28093260056 
15.8131439277 13.1546515192 3.29553467808 
15.6805369073 13.1450551713 3.29584589712 
15.4960599506 13.1309322084 3.25404278213 
15.3223881089 13.1195350851 3.06721480967 
15.1837032997 13.1382917131 2.78435363832 
15.0310847723 13.2129572595 2.46456234007 
14.9834307396 13.255783316 2.31710633731 
14.8361176216 13.4584884609 1.99195584852 
14.7779374086 13.6438925231 1.60826156002 
14.7855089867 13.7831542457 1.44596024468 
14.812884804 13.9113374914 1.46847196723 
14.8418729269 14.0244668687 1.61412845978 
14.8498806917 14.1754652227 1.65567994496 
14.8567377293 14.2846049632 1.65060702209 
14.8652617895 14.4811924065 1.59215346279 
14.874209162 14.626289543 1.60975638766 
14.8797424996 14.819156673 1.57654065888 
14.8856393063 14.9128641451 1.51587449956 
14.9394505584 15.1178521032 1.02806973001 
15.0244932735 15.2406224248 0.782292765538 
15.1655469501 15.345823061 0.411611141106 
15.3264860475 15.3977276648 0.1570700633 
15.4824039602 15.4103083427 0.135870262528 
15.6636016631 15.4221720363 0.153581053048 
15.8180919924 15.4337190355 0.155872029633 
15.9888277912 15.4448242898 0.16473215832 
16.1509496533 15.4553360308 0.131103474913 
16.2932368779 15.4644127453 0.124046069576 
16.4685829246 15.4747077192 0.153529889274 
16.6036508047 15.4831964041 0.128002978601 
16.7871932947 15.4960371817 0.136182316936 
16.928279277 15.5047220851 0.145127697661 
17.1081417763 15.5162253941 0.139516300218 
17.263806101 15.5251087213 0.14603698288 
17.4213780129 15.5344339872 0.121034418592 
17.5636910164 15.5431880916 0.135405894807 
17.6949468815 15.5504885579 0.137370488517 
17.936553713 15.5639961923 0.140661810369 
18.097753998 15.5727249647 0.134631208432 
18.2496976816 15.5808609391 0.136655595006 
18.3727235758 15.587411281 0.134976894952 
18.5949768984 15.5987991358 0.121535475219 
18.7707977259 15.6069264377 0.121957669764 
18.853934046 15.6093426312 0.121837150565 
18.853934046 15.6093426312 0.121837150565 
19.2542347872 15.6790140832 0.692825277598 
19.3383877241 15.733442005 0.878136415808 
19.3383877241 15.733442005 0.878136415808 
19.3383877241 15.733442005 0.878136415808 
19.3383877241 15.733442005 0.878136415808 
19.3383877241 15.733442005 0.878136415808 
19.3383877241 15.733442005 0.878136415808 
19.3383877241 15.733442005 0.878136415808 
19.0797328913 16.6318399871 3.17400903122 
18.92086887 16.6142272914 3.56118171047 
18.7212903463 16.5275908674 3.76615495149 
18.5623793566 16.4303835596 3.76416784155 
18.4150440657 16.3417321409 3.76521135386 
18.2897140944 16.2663170064 3.76476465968 
18.1651108229 16.189475056 3.7614926581 
18.051856991 16.1193209852 3.74250610085 
17.8793547117 16.0179766382 3.75614927482 
17.7055826151 15.9116901124 3.75474840204 
17.5914678537 15.8447114194 3.7589953698 
17.4367260897 15.7508553828 3.75813173489 
17.2659879887 15.6498310233 3.75634945353 
17.1064571106 15.5551997388 3.76814324764 
16.9745860064 15.4760680611 3.76665899104 
16.8541351521 15.4057602848 3.75705535781 
16.6986930334 15.3114965449 3.748430089 
16.5771611893 15.2374709634 3.61673490593 
16.4267559611 15.1741911362 3.45966292285 
16.2791306638 15.1366070847 3.47752076636 
16.1108235979 15.0947158451 3.46028759385 
15.893827242 15.0410702492 3.45586017229 
15.6973680073 14.9938499893 3.45979250761 
15.5288011694 14.9537692035 3.46798033139 
15.3394701445 14.9068272973 3.47994940989 
15.133920964 14.8564109767 3.56218922308 
14.9950877392 14.8111806775 3.80047934325 
14.9188045227 14.7685377265 3.95845618634 
14.7504982912 14.5783256854 4.44394429395 
14.7008804047 14.4022834862 -1.46289810531 
14.7178049051 14.2051277126 -1.24595299742 
14.7630439961 14.0525445903 -1.18979742428 
14.8124915325 13.896080252 -1.21049483969 
14.8464606964 13.7679972614 -1.26481361026 
14.8733870947 13.6845971311 -1.15273939216 
14.8733870947 13.6845971311 -1.15273939216 
14.991050061 13.4457830156 -0.630758014776 
15.2984486782 13.2589864696 -0.292175672225 
15.4399042391 13.2041779722 -0.29934253064 
15.5820344054 13.1462243761 -0.198518797964 
15.7397438103 13.106577989 -0.013065788807 
15.8783749697 13.0957370962 -0.017636570784 
16.0386744254 13.0808004106 0.00140624552716 
16.1951722467 13.0673159326 0.196746081121 
16.3440492415 13.0883470739 0.398652097243 
16.5102156961 13.1488229001 0.404345057087 
16.6729010903 13.2092195714 0.384658790042 
16.8041025364 13.2575036252 0.232500675831 
16.9380277359 13.2762051786 0.135162667343 
17.0886226856 13.2865903343 0.161494939098 
17.2773174011 13.2951979602 0.140565240701 
17.4679266178 13.3084336484 0.140761134011 
17.6134831869 13.3170100416 0.140238834289 
17.7817813122 13.3279011215 0.139403127338 
17.9507508242 13.3392655815 0.13940836271 
18.1265282595 13.3495537008 0.190704369427 
18.2717096769 13.3654109205 0.406499696581 
18.4165725672 13.4205270971 0.747164906884 
18.5350148642 13.5154778923 1.03206461272 
18.6238217318 13.6476036275 1.33156538976 
18.6655223333 13.7912958826 1.64778704619 
18.6651248896 13.923474666 1.76707638978 
18.6534469092 14.0217397178 1.75645960448 
18.6422750914 14.1178425516 1.75786301074 
18.626307007 14.2491004432 1.75608559549 
18.6073930227 14.4206016029 1.76797184102 
18.5688745939 14.6736115182 2.10243849689 
18.484247204 14.8280823494 2.35040560924 
18.3976299727 14.9332514668 2.39322997137 
18.2144718134 15.1386872421 2.50312360942 
18.1204583609 15.221360272 2.64286201517 
17.9662930929 15.3180061618 2.64943302882 
17.7943370306 15.4283132369 2.7991525129 
17.6438831055 15.4931415583 3.10039922618 
17.5073391163 15.5064436162 3.32675355797 
17.4098303282 15.4960381056 3.38875607891 
17.3175065481 15.4807882125 3.36412549692 
17.2687375509 15.4748657311 3.36865608619 
17.1664967501 15.4604717607 3.36897809616 
17.0587921106 15.4444068337 3.36841701885 
16.9009450638 15.4219959492 3.35786516911 
16.7128030622 15.3940822894 3.36229234813 
16.5536141359 15.3711579407 3.36981461324 
16.3668390476 15.3409809957 3.36876513991 
16.1621200108 15.3125515992 3.35492441482 
16.0012496227 15.2895306686 3.33287368925 
15.8587578033 15.2722923348 3.46068276701 
15.7434128785 15.2483021759 3.7241434147 
15.6701783204 15.214930732 4.01226337128 
15.6065733397 15.1756444837 4.51161201705 
15.5867893064 15.1694755594 -1.48026515964 
15.5683268869 15.1699977184 -1.19081922285 
15.5447391235 15.1604548583 -0.829007835797 
15.5258661174 15.1415907184 -0.442341959379 
15.5183363223 15.1252452622 -0.170253177306 
15.5185562932 15.1053646172 0.144904159697 
15.5574454033 15.1005362833 0.29221643444 
15.6190705561 15.1131333078 0.293315984766 
15.697406184 15.1315355788 0.276860753828 
15.8111298272 15.1567239578 0.27468259151 
15.8851538218 15.1717285703 0.272749821726 
15.9450200872 15.1907814408 0.154786345451 
15.9782971033 15.2046208831 -0.0728546142763 
15.9940681272 15.2188576872 -0.377608615685 
15.987470802 15.2550960875 -0.759105603054 
15.9884573334 15.2879807281 -0.999431688343 
15.9892405235 15.2872992458 -1.00390493087 
15.9877748304 15.284942169 -1.00759665184 
15.9879052975 15.2850607785 -1.00972650514 
15.9881752619 15.2856167185 -1.00985380934 
15.9877428302 15.2849815602 -1.00707208503 
15.9878177309 15.2850388552 -1.0070316541 
15.9878254497 15.2850830855 -1.00752863834 
15.9876853639 15.2853023822 -1.00617675 
15.9876686075 15.2852908264 -1.00616381549 
15.9876927921 15.2852769795 -1.00633706256 
15.9877947384 15.2851059551 -1.00754116429 
15.9878048935 15.2850856821 -1.00731184834 
15.9876700604 15.2852930317 -1.00602974827 
15.9876549655 15.285332043 -1.00585660437 
15.9876421952 15.2853096428 -1.00594858428 
15.9877900371 15.2851141992 -1.00732942047 
15.9877819234 15.2851424518 -1.00717224214 
15.9877475687 15.2851640771 -1.00705231002 
15.9877808058 15.2851340438 -1.0070980603 
15.9876855054 15.2852645221 -1.00614839902 
15.9878094011 15.2851471866 -1.00710315256 
15.9876321071 15.2853449958 -1.00579998983 
15.9891104662 15.2855199541 -0.986518818592 
15.9880338499 15.285179809 -1.00290138567 
15.9876870179 15.285298154 -1.00611615822 
15.9877949544 15.2851171794 -1.00722403374 
