15.9877949544 15.2851171794 -1.00722403374 
15.8398076856 15.170663398 0.387798198164 
15.8397997656 15.1706437359 0.387900642366 
15.8397949339 15.1706212054 0.387704892972 
15.8398085536 15.1706247295 0.387713659422 
15.8400599138 15.1709914247 0.386732847588 
15.8398204112 15.1706496964 0.387525613651 
15.8397796081 15.1706158335 0.387685269612 
15.8400452622 15.1709459836 0.386688875231 
15.8400488981 15.1709835047 0.386739630061 
15.8398150654 15.1706239695 0.387688403828 
15.8400539608 15.1709630827 0.386726342474 
15.8397912235 15.1706130619 0.387545716995 
15.840061661 15.1709755326 0.386714427063 
15.8400649914 15.1709612946 0.386923398002 
15.839806121 15.1706162358 0.387560422105 
15.8398027756 15.1706032718 0.387655830675 
15.8398060353 15.1706357265 0.387763483625 
15.8398053535 15.1705990399 0.387597572573 
15.8398048469 15.1706092248 0.387592821352 
15.8400671222 15.1709731261 0.386640427848 
15.8400757984 15.1709529648 0.386728379677 
15.8400689663 15.1709399785 0.386706797611 
15.8398206682 15.1706122572 0.38752319747 
15.8400650435 15.170959119 0.38662008557 
15.8400761933 15.1709794963 0.386634490056 
15.8398369924 15.1706102158 0.387280357943 
15.8399712184 15.1707195828 0.387212191666 
15.8397549019 15.1705489645 0.387610819193 
15.839802716 15.1706139038 0.387594022805 
15.8398763501 15.1699888448 0.381729944818 
15.8397113123 15.1706288646 0.387036046749 
15.839846708 15.1717395152 0.378020962306 
15.8401464858 15.1709064955 0.392252472817 
15.8397640513 15.1705464164 0.393129092855 
15.8397746795 15.1705638955 0.393454958819 
15.8400039078 15.1707517321 0.391860343577 
15.8397260384 15.1705377812 0.386286170878 
15.8397011423 15.1706377829 0.386996951342 
15.8399372102 15.1710083375 0.385927695275 
15.8399683164 15.1709924678 0.385899918624 
15.8399806024 15.1709443072 0.385925330482 
15.8396392689 15.1698279495 0.380427957812 
15.8399714382 15.1707872863 0.384601650942 
15.8397280463 15.1706151331 0.387175609537 
15.8395803609 15.1697658638 0.379360992099 
15.8397425265 15.1706220026 0.387050591725 
15.839754332 15.1706297735 0.38660620942 
15.8492105977 15.1735401566 0.382038965862 
15.888230323 15.1846422928 0.372659008565 
15.9117452149 15.201546252 0.199610035783 
15.9144046215 15.2156737729 -0.00555455684151 
15.9572298342 15.2122996471 -0.0626092640601 
16.0212888085 15.2028899642 -0.0739649369404 
16.1143437439 15.1888391862 -0.082497063623 
16.2290357613 15.1712510476 -0.0771974728311 
16.36491346 15.1523696149 -0.0837736320556 
16.5450197422 15.1246994997 -0.0840327541708 
16.6846543514 15.1026671345 -0.0612252303749 
16.8420565092 15.0781312401 -0.074725841942 
16.9934332335 15.0542814697 -0.0742868100137 
17.1418541634 15.0321954156 -0.0738555621499 
17.3030928337 15.0082792307 -0.0878381577948 
17.4281014168 14.9889294768 -0.0896635187991 
17.6057009661 14.9612510169 -0.0915189901833 
17.757563945 14.937319305 -0.0843608898766 
17.9040787184 14.9146014417 -0.074657052706 
18.0523848497 14.8905811871 -0.070158504211 
18.2016458475 14.8692522014 -0.228624707478 
18.3488912546 14.8201479281 -0.527436081254 
18.480974909 14.7257726158 -0.836549047048 
18.571970936 14.6007463301 -1.1152819162 
18.6217634642 14.4613674844 -1.20583955734 
18.6654083693 14.3154020275 -1.20739321221 
18.7102723086 14.1658089126 -1.36289129723 
18.7256996595 14.0052362646 4.67448408768 
18.7066910231 13.8561577762 4.63232116594 
18.6968305075 13.7869856323 4.62705429442 
18.6968305075 13.7869856323 4.62705429442 
18.6025338137 13.477897879 4.09625590721 
18.6025338137 13.477897879 4.09625590721 
18.4860749209 13.2871360744 2.7474389188 
18.4860749209 13.2871360744 2.7474389188 
18.0688276255 13.2157288755 3.16646555484 
17.9480750525 13.2216190065 3.1680932659 
17.7257902586 13.2348014081 3.17469562795 
17.6423928702 13.2384835447 3.17101535596 
17.424855467 13.2482396329 3.16479601577 
17.2748329603 13.2561769451 3.16353584226 
17.1556669438 13.2647662128 3.16594807676 
17.0376031363 13.2723946537 3.16905240319 
16.9188911879 13.2828433479 3.16580784224 
16.6767124498 13.2961814369 3.31697254342 
16.5445741379 13.2790507043 3.45375940984 
16.4128279054 13.2486300434 3.4237476499 
16.2695873344 13.2129000391 3.26308766189 
16.1571478808 13.2062147821 3.04153108808 
16.009756636 13.2350665296 2.99323566802 
15.8972026372 13.2644839252 3.13754531069 
15.8140882218 13.2783622707 3.37668944609 
15.7235414946 13.2646598781 3.44195539604 
15.6210635566 13.241380092 3.43568434819 
15.4918017649 13.2130285467 3.43536120684 
15.3255718314 13.1749244894 3.39440941635 
15.1829727852 13.1495071615 3.19437535451 
15.0050145948 13.16045272 2.81343323184 
14.8366984093 13.238093015 2.45704980487 
14.815631386 13.2550216878 2.44335765177 
14.6386654341 13.5375735725 1.83255414913 
14.6252226793 13.6062695945 1.80774342207 
14.5842122995 13.8413928712 1.83710119038 
14.5717301333 13.918667909 1.74395039669 
14.5717301333 13.918667909 1.74395039669 
14.5249907934 14.4578487838 1.31008041599 
14.5723574125 14.5819051231 1.16603570319 
14.6643440687 14.7450914348 0.835204654562 
14.7809879744 14.8501228953 0.556454190173 
14.9262434804 14.9164612258 0.352080915594 
15.0741429889 14.95625731 0.382037327592 
15.213941034 14.9955190981 0.372980995129 
15.3705025279 15.0391180927 0.389438628948 
15.5274059736 15.0812205935 0.357856836651 
15.6746059471 15.1215097422 0.351581826304 
15.8329925352 15.1662434826 0.359290870441 
15.969057303 15.2037259529 0.332192391078 
16.1253197306 15.2469157113 0.328913997661 
16.2695986294 15.2871625724 0.308988246614 
16.3885545694 15.3209899704 0.129795633327 
16.5195875728 15.3266110683 0.0425426843461 
16.6742303931 15.3244838084 0.0498130415401 
16.8044041359 15.3224153782 0.0526682313516 
16.9656708204 15.3193789239 0.0523864061529 
17.127980467 15.3161691169 0.0377639726703 
17.2974464857 15.3122416402 0.069079587853 
17.495111581 15.309191678 0.0446128765415 
17.6366562807 15.3069144304 0.0572994697438 
17.8295552694 15.3036372552 0.0638538363544 
18.0228414499 15.3029611001 -0.0035128185076 
18.1909944975 15.2890209744 -0.268662360475 
18.3286097014 15.2383099164 -0.56264210195 
18.4694373572 15.1248673911 -0.912476791363 
18.5535881483 14.9877660538 -1.22572407795 
18.5918323958 14.8073874975 -1.37208400711 
18.6155834162 14.6274638141 -1.38373194936 
18.6315612757 14.4892514909 -1.37251055406 
18.6528842413 14.3217649425 -1.50296678942 
18.6464908087 14.149121877 4.61968384384 
18.6160135233 13.9728056158 4.60558282184 
18.5909969771 13.8254114355 4.52729570906 
18.5550868475 13.6674551929 4.27946239281 
18.493184086 13.5492389167 4.03623307209 
18.3952054941 13.4426660503 3.73195625858 
18.2134938204 13.3567775453 3.38442441832 
18.0764992201 13.33564901 3.30629881554 
17.9154345953 13.3227826322 3.30788926167 
17.7961509192 13.3120710815 3.30208154221 
17.6414654219 13.2998675073 3.30781545703 
17.4731733763 13.2847268547 3.30291737197 
17.2808790171 13.2683874334 3.29881739262 
17.1316831076 13.2564823593 3.29703403008 
16.9676974976 13.2504017318 3.32888903675 
16.8276939356 13.239781257 3.30393698121 
16.6860071981 13.2282172407 3.29326259249 
16.4746771419 13.2108865942 3.2972128576 
16.3466790878 13.1958860124 3.28757675616 
16.1205820405 13.1780008043 3.28510582275 
15.9977872857 13.1685088838 3.28373396359 
15.8215782457 13.1553143228 3.29533158293 
15.667612102 13.1441179479 3.29553440636 
15.5257293248 13.1326426233 3.27488522444 
15.3341609799 13.1195956434 3.080786005 
15.1957171523 13.1350940431 2.80927277175 
15.0453422629 13.2031825746 2.49606943005 
14.9834307396 13.255783316 2.31710633731 
14.9834307396 13.255783316 2.31710633731 
14.7808678114 13.6146799291 1.68014605092 
14.7751017773 13.7144533361 1.56908691864 
14.7940243446 13.8398909534 1.39968902474 
14.8488261664 14.0522370304 1.60614512907 
14.8498806917 14.1754652227 1.65567994496 
14.859465357 14.3288105095 1.61360998566 
14.8674404585 14.5159048999 1.60291100284 
14.8734657728 14.6702746714 1.6057723308 
14.880975362 14.8619923557 1.52602729509 
14.8856393063 14.9128641451 1.51587449956 
14.9904515707 15.197539978 0.884919206768 
15.1073573792 15.3114385719 0.532554162797 
15.2842268908 15.3899369801 0.197683625763 
15.4423754775 15.4093487675 0.141458177968 
15.5830958747 15.4173010702 0.143323255627 
15.7177293712 15.425986957 0.165710090877 
15.8653152493 15.4369031454 0.169932233991 
16.0901796335 15.4517146314 0.14647591579 
16.2543489301 15.4621646071 0.127153005773 
16.3963840568 15.4699797595 0.154454873686 
16.553730067 15.4804068173 0.129659936336 
16.6979324185 15.4897113706 0.123557216355 
16.8596016132 15.499721166 0.152571375143 
16.9903440439 15.5089467431 0.150752626818 
17.1605267489 15.5192971791 0.148404233888 
17.3315972054 15.5285628105 0.145939037001 
17.4888218605 15.5385318364 0.114030770015 
17.6561498606 15.5483012165 0.121159432215 
17.8382699453 15.558800068 0.140401516078 
17.9663245642 15.565737095 0.137817209742 
18.1703894102 15.5765598978 0.138282008229 
18.3431770765 15.5856177772 0.139199462604 
18.5340013468 15.5953626896 0.132860118824 
18.7067043745 15.6036857332 0.128342555428 
18.8381223642 15.6099792684 0.127068477126 
18.853934046 15.6093426312 0.121837150565 
18.853934046 15.6093426312 0.121837150565 
19.3125071489 15.7137109304 0.81300806099 
19.3383877241 15.733442005 0.878136415808 
19.3383877241 15.733442005 0.878136415808 
19.3383877241 15.733442005 0.878136415808 
19.3383877241 15.733442005 0.878136415808 
19.3383877241 15.733442005 0.878136415808 
19.3383877241 15.733442005 0.878136415808 
19.3383877241 15.733442005 0.878136415808 
19.0610556566 16.6223882402 3.28082382864 
18.9125354254 16.612366196 3.57507912384 
18.7485868895 16.5450712408 3.77153851272 
18.5084881746 16.3985472883 3.76966961282 
18.3214790785 16.2854841913 3.76569576409 
18.2012135946 16.2119922007 3.7636489802 
18.063048836 16.1266302432 3.7454480321 
17.9216883146 16.0443792308 3.76337731274 
17.7923825943 15.9653157557 3.77459071439 
17.6297383272 15.8685302103 3.75801654274 
17.5050693714 15.7921247447 3.74972652544 
17.3515796625 15.7022929753 3.76048205401 
17.1954346859 15.6078301931 3.75437320211 
17.0701030457 15.5330331887 3.75700366619 
16.8986465895 15.4308877851 3.75343539734 
16.7682365739 15.3528818975 3.75014239151 
16.5914041364 15.2460923356 3.6375401066 
16.4431839549 15.1788881386 3.48079668002 
16.2791306638 15.1366070847 3.47752076636 
16.0722982847 15.0850940312 3.45687983677 
15.9143590314 15.0463341291 3.4591010938 
15.7648337 15.0103560055 3.45976596874 
15.5985288286 14.9698696698 3.45921942544 
15.4223661983 14.9264705742 3.47250461215 
15.2120895946 14.8745824958 3.48090627071 
15.0650093519 14.8377041186 3.65877854911 
14.8617202007 14.7227781976 4.10838297125 
14.7568106615 14.5885498489 4.4466247401 
14.700894829 14.4150483573 -1.50023534808 
14.7117596829 14.241724428 -1.24204527471 
14.7626012528 14.0600571598 -1.22161061754 
14.8159817421 13.8843992914 -1.20695065204 
14.8621569836 13.7187495197 -1.14229002664 
14.8733870947 13.6845971311 -1.15273939216 
14.8733870947 13.6845971311 -1.15273939216 
14.991050061 13.4457830156 -0.630758014776 
15.4399042391 13.2041779722 -0.29934253064 
15.5898024106 13.1431761945 -0.186363447854 
15.7226408833 13.1089485849 -0.0235386972068 
15.898434112 13.0926240648 -0.0113122856356 
16.029963907 13.0818723405 -0.00366343316948 
16.2077563965 13.067590114 0.226237639815 
16.3604547643 13.0930029119 0.423704860847 
16.4747565353 13.1348165239 0.398369622301 
16.6447865331 13.197879907 0.404394557555 
16.767948445 13.245208856 0.278282378708 
16.916811701 13.2760550941 0.17596698354 
17.1567193234 13.2875620092 0.134910275559 
17.3361084425 13.2989358867 0.143953036306 
17.4982899391 13.3102407421 0.141333715156 
17.6502076351 13.3196043933 0.138187726962 
17.8026136124 13.3293824161 0.141509323693 
17.9422140085 13.3387210334 0.139213482408 
18.1051175558 13.3481669391 0.175716024435 
18.2548465693 13.3619474138 0.380020322189 
18.4039823973 13.4144895042 0.706340833126 
18.5232570135 13.5033345188 0.997852165595 
18.6150970423 13.6276892389 1.30264563352 
18.6610848868 13.762674209 1.59713282388 
18.6673433745 13.8731266225 1.73626515761 
18.6584861242 13.9686148132 1.75209640168 
18.6502969229 14.0501502717 1.75802093169 
18.6243386232 14.2665347422 1.75552710574 
18.6008481943 14.4857441748 1.80578791771 
18.573022362 14.6621772016 2.07530646025 
18.4707279169 14.8461669351 2.36922504697 
18.356152054 14.9788575734 2.39252758984 
18.2579100096 15.0910495038 2.43979809345 
18.1204583609 15.221360272 2.64286201517 
17.9634518587 15.3202261964 2.63647829365 
17.8696533405 15.3818841542 2.68971218044 
17.740693804 15.4559481258 2.90650608175 
17.5073391163 15.5064436162 3.32675355797 
17.3609329426 15.4872423972 3.37991382189 
17.291095134 15.4782987351 3.36010269402 
17.2362658941 15.4699920083 3.3504557673 
17.1465262138 15.4569769914 3.36808592997 
16.9670686686 15.4321297223 3.36126117929 
16.8009809219 15.4079972173 3.36494538396 
16.6920680964 15.3907110209 3.36122263025 
16.4433397019 15.3528855408 3.3668274047 
16.2416883671 15.3231685946 3.36002079933 
16.0520556682 15.296824761 3.33219258315 
15.9158431851 15.2779602411 3.36918979602 
15.7856755146 15.258582257 3.59726674769 
15.6599474662 15.212279022 4.06915337679 
15.6022630894 15.1734259392 4.56606671739 
15.5748901927 15.1719246025 -1.30529226048 
15.5596602523 15.1671616475 -1.04095545784 
15.543921169 15.1593195836 -0.812218116313 
15.5291047656 15.1461001227 -0.51949674233 
15.517904725 15.1213991011 -0.109776529385 
15.5201358759 15.1044393147 0.162308172681 
15.5574454033 15.1005362833 0.29221643444 
15.6190705561 15.1131333078 0.293315984766 
15.7031979674 15.1315516944 0.260310799199 
15.8168019318 15.1573314259 0.291502232041 
15.925298635 15.1833660419 0.220613284871 
15.968552474 15.1997839736 0.0262054304409 
15.9910876268 15.215616964 -0.302229706234 
15.987470802 15.2550960875 -0.759105603054 
15.9845191204 15.286131602 -0.979360320024 
15.9888841623 15.2879920343 -1.01572420114 
15.9878334888 15.2848919074 -1.00804529929 
15.9879460299 15.2850325967 -1.0098525466 
15.9877345153 15.2849274802 -1.00732397256 
15.987669889 15.2850880849 -1.00618731073 
15.9877485448 15.2849316935 -1.00746110522 
15.9877343216 15.2851547042 -1.0070179111 
15.9877800533 15.285136495 -1.00718202893 
15.9877616056 15.2851714047 -1.00705770467 
15.9876166397 15.2853741164 -1.00821811973 
15.9877947384 15.2851059551 -1.00754116429 
15.9876554051 15.2852935719 -1.00627502212 
15.9877608084 15.285161786 -1.00697923539 
15.9877588042 15.2851478832 -1.00690420947 
15.9877502361 15.2851646917 -1.00733541496 
15.9876786211 15.2852765585 -1.0061113789 
15.9877424726 15.2851683686 -1.00686128214 
15.987650823 15.2853293831 -1.00580861017 
15.9876635038 15.285262611 -1.00622454817 
15.9876855054 15.2852645221 -1.00614839902 
15.9876516202 15.2853249314 -1.00581202082 
15.9877754488 15.2851562242 -1.0070017914 
15.9892428928 15.2853505353 -0.989236584145 
15.9877380395 15.2851267571 -1.00686861032 
15.9876330682 15.2853214035 -1.00559441878 
15.9877949544 15.2851171794 -1.00722403374 
