15.8398128675 15.1706082414 0.387615261671 
15.8398206272 15.1706232692 0.387755876974 
15.8398191148 15.1706133077 0.387569508993 
15.8400481419 15.1709352697 0.386357841995 
15.8398247288 15.1706203783 0.387667178589 
15.8400871941 15.1709568168 0.38611052511 
15.8400648945 15.170929272 0.38642881877 
15.8400658296 15.1709895025 0.385839311616 
15.8400323243 15.1709497164 0.386404480995 
15.8396685497 15.1706577952 0.387129675294 
15.8397299276 15.1706821064 0.386678241939 
15.8395383769 15.1710946004 0.382835222065 
15.8397623935 15.1705448444 0.39299785339 
15.8397764118 15.1705580617 0.393023726171 
15.839780301 15.170575347 0.393223111711 
15.8396758848 15.1704731772 0.385559649384 
15.8399490417 15.1709663833 0.385978374853 
15.8399531544 15.1709442178 0.385763567384 
15.8399532923 15.1709929819 0.386070895602 
15.8397361265 15.1706291551 0.386945561791 
15.83963044 15.1697926039 0.37988759685 
15.8398985193 15.1700657422 0.382300255132 
15.8399841973 15.1709663833 0.385938539675 
15.8396700137 15.1705017502 0.387416527828 
15.8399874271 15.1709653998 0.385989988194 
15.8399875463 15.1709887649 0.385691859179 
15.8414541298 15.171652932 0.379610488363 
15.8713987247 15.1794147941 0.396055961687 
15.9050329431 15.1932809095 0.309227705163 
15.9102171009 15.2093924659 0.0751569961375 
15.9338410833 15.2168812177 -0.0700895944312 
15.980971899 15.209717816 -0.0828267333704 
16.0676497483 15.1958525779 -0.0776338054152 
16.1581663453 15.1821594501 -0.0912223643811 
16.3015305662 15.1605911891 -0.0719431633109 
16.4520039522 15.1387690569 -0.0812754111357 
16.6045026743 15.114945818 -0.0838832133215 
16.7622355187 15.0901965911 -0.0767857755672 
16.9223283493 15.0654128904 -0.0775581631201 
17.0611028635 15.0444674159 -0.0744533409185 
17.251276251 15.0152846987 -0.0779074946776 
17.3753330671 14.9974564279 -0.0817741932785 
17.6057009661 14.9612510169 -0.0915189901833 
17.7657924854 14.9362342621 -0.0717517120694 
17.9330670797 14.9108883704 -0.0872935462143 
18.0915121996 14.8861507441 -0.079353625136 
18.2434577906 14.8593815232 -0.30721215758 
18.4044723475 14.7893544699 -0.645820022914 
18.5150585138 14.6882243122 -0.933789992986 
18.5920879805 14.55431157 -1.18666561858 
18.6333470308 14.4236634339 -1.2035672599 
18.676179167 14.2823877896 -1.22981960903 
18.721622225 14.1075212921 -1.47570627805 
18.7203581297 13.9547251428 4.647599653 
18.6990373098 13.8040449584 4.63413149705 
18.6968305075 13.7869856323 4.62705429442 
18.6217806303 13.511827823 4.13039392241 
18.6025338137 13.477897879 4.09625590721 
18.4860749209 13.2871360744 2.7474389188 
18.4860749209 13.2871360744 2.7474389188 
18.1848761999 13.2165583337 3.2171985489 
18.0688276255 13.2157288755 3.16646555484 
17.8330092394 13.228069898 3.16463061711 
17.7257902586 13.2348014081 3.17469562795 
17.5229537451 13.2434395517 3.1647547412 
17.4032070601 13.2495534385 3.16405579009 
17.2748329603 13.2561769451 3.16353584226 
17.1556669438 13.2647662128 3.16594807676 
16.9763810598 13.2796908582 3.1890653246 
16.9188911879 13.2828433479 3.16580784224 
16.6486125552 13.2947659458 3.384396873 
16.5095798933 13.2749725545 3.50328466007 
16.3618764841 13.2338958944 3.40587990106 
16.2548305654 13.2096897329 3.22370957505 
16.1273060852 13.2104152406 3.01717655342 
16.009756636 13.2350665296 2.99323566802 
15.8847079083 13.2678790058 3.17240441849 
15.8140882218 13.2783622707 3.37668944609 
15.7152866238 13.2627706493 3.44046191981 
15.6109890306 13.2390891279 3.43473328636 
15.4538001084 13.2048798765 3.43761683865 
15.3128160202 13.1722179616 3.38223336703 
15.1454925501 13.1463805402 3.109218716 
14.9935743773 13.1637102331 2.80319958819 
14.8554302418 13.2255824769 2.50889650367 
14.815631386 13.2550216878 2.44335765177 
14.815631386 13.2550216878 2.44335765177 
14.6252226793 13.6062695945 1.80774342207 
14.6252226793 13.6062695945 1.80774342207 
14.5717301333 13.918667909 1.74395039669 
14.5717301333 13.918667909 1.74395039669 
14.520994302 14.2343794073 1.69683084258 
14.5173593723 14.3912444676 1.42567467125 
14.5494421684 14.5196846093 1.3075481169 
14.5975023472 14.6358804668 1.06401929824 
14.6727083885 14.7535644735 0.768467423384 
14.7999458277 14.8614605928 0.477358718158 
14.9379460179 14.9199037815 0.354876116695 
15.0842462146 14.9608998562 0.341502302579 
15.213941034 14.9955190981 0.372980995129 
15.384730097 15.044658717 0.349239938779 
15.5274059736 15.0812205935 0.357856836651 
15.6746059471 15.1215097422 0.351581826304 
15.8329925352 15.1662434826 0.359290870441 
15.9813192302 15.2088929715 0.341220129038 
16.1253197306 15.2469157113 0.328913997661 
16.2695986294 15.2871625724 0.308988246614 
16.3960140311 15.3220253924 0.139240568847 
16.5336224997 15.3260403241 0.0668747857542 
16.687089082 15.3243921811 0.0499226564582 
16.8337110841 15.3218815739 0.0492075970804 
16.9948790037 15.3187458182 0.0631893197895 
17.1422216856 15.3158696632 0.0561999106729 
17.3141785824 15.3122915889 0.0513154609817 
17.4741800987 15.3096613328 0.0434008412515 
17.6180167162 15.3073301728 0.044475384577 
17.8295552694 15.3036372552 0.0638538363544 
17.9931788408 15.3030607517 0.0196361543776 
18.1532235109 15.2948329041 -0.192897469853 
18.2974717581 15.253932046 -0.495621805126 
18.4262540304 15.1688746626 -0.804551057535 
18.5235402548 15.0494026656 -1.10084538186 
18.5780467951 14.9039757217 -1.33775520537 
18.5992953741 14.74887478 -1.36871122123 
18.6181459391 14.611162957 -1.38949513369 
18.6359455549 14.454332527 -1.37720790971 
18.6554772818 14.2918877567 -1.54734676048 
18.6449322664 14.1407958234 4.61958862057 
18.6196896994 13.9924665655 4.6248926963 
18.5925841295 13.8329617942 4.51299793151 
18.566252228 13.7005276645 4.35547705773 
18.5001668894 13.5592302049 4.05475445286 
18.3952054941 13.4426660503 3.73195625858 
18.2554604971 13.3685805763 3.43985680263 
18.1169300043 13.341417786 3.32217541829 
17.9660041296 13.3263016904 3.30073648431 
17.7961509192 13.3120710815 3.30208154221 
17.6457978451 13.3002114261 3.30963205349 
17.4858195746 13.2857540811 3.30234318215 
17.3521788084 13.2746204103 3.29564385795 
17.1780555212 13.2601833309 3.29656318089 
17.0327603781 13.2488048042 3.29467210249 
16.8758742773 13.2430778707 3.35756882608 
16.7287498676 13.230369922 3.29087518349 
16.5720815026 13.2186063493 3.28027354348 
16.4121246898 13.2060149873 3.28759752434 
16.2740462982 13.1904402936 3.29528731349 
16.1129455232 13.1775418485 3.29195661533 
15.960400019 13.1661955083 3.29484893556 
15.8003309333 13.1536956991 3.29530144317 
15.650627684 13.1428581441 3.29527905934 
15.4960599506 13.1309322084 3.25404278213 
15.3223881089 13.1195350851 3.06721480967 
15.157068547 13.1471246446 2.74749922101 
14.9932929241 13.2464121545 2.36462608445 
14.9834307396 13.255783316 2.31710633731 
14.8361176216 13.4584884609 1.99195584852 
14.7788430416 13.6366243328 1.63717696625 
14.7855089867 13.7831542457 1.44596024468 
14.812884804 13.9113374914 1.46847196723 
14.837849375 14.0105419124 1.58317505007 
14.8477426731 14.1255235637 1.63166562773 
14.8513611519 14.2530568803 1.62990590168 
14.8614989483 14.4059945906 1.63712956745 
14.8716990912 14.5677901472 1.63333273029 
14.8779379093 14.709218439 1.6047057373 
14.8820455038 14.8666670288 1.53145345664 
14.8856393063 14.9128641451 1.51587449956 
14.9620267117 15.1577072258 0.949300480878 
15.0609257781 15.2771371531 0.641899157732 
15.1959229076 15.3608616332 0.356095782931 
15.3472483122 15.400542822 0.14364164952 
15.4746730888 15.4102138246 0.133671500093 
15.6518163347 15.4219291026 0.174109148742 
15.8068516591 15.4323339278 0.163446372994 
15.9606826418 15.4425353522 0.155557865766 
16.0990801417 15.4527250643 0.13603269359 
16.2630053126 15.4628949876 0.126244862157 
16.4192233049 15.4713781143 0.153292905384 
16.5742273295 15.4815804327 0.1287284416 
16.7263355219 15.4915500844 0.145259859702 
16.8679373824 15.5003404582 0.15479849134 
17.0408230984 15.5124710167 0.149711728912 
17.1912292206 15.5207481945 0.135282896989 
17.3534905874 15.5297764207 0.14556400158 
17.5077819788 15.5389651025 0.140329405358 
17.6454060042 15.5476910139 0.129691899883 
17.8034280502 15.5569626952 0.140572493329 
17.9578957522 15.5653196538 0.137910018565 
18.1192357504 15.5737783278 0.138692868509 
18.2626678907 15.5818292464 0.132449506585 
18.4117529356 15.5901259745 0.131023957326 
18.5687267744 15.5970210994 0.131241335414 
18.7278237307 15.604992416 0.134527089419 
18.853934046 15.6093426312 0.121837150565 
18.853934046 15.6093426312 0.121837150565 
19.1887657606 15.6508049036 0.553498611864 
19.3125071489 15.7137109304 0.81300806099 
19.3383877241 15.733442005 0.878136415808 
19.3383877241 15.733442005 0.878136415808 
19.3383877241 15.733442005 0.878136415808 
19.3383877241 15.733442005 0.878136415808 
19.3383877241 15.733442005 0.878136415808 
19.3383877241 15.733442005 0.878136415808 
19.3383877241 15.733442005 0.878136415808 
19.0226268732 16.6233744586 3.35048783762 
18.8711252176 16.6009603704 3.64173219017 
18.7421569788 16.5406068529 3.76873003973 
18.5938532316 16.450128075 3.76622907601 
18.4688563311 16.3743399347 3.76825769684 
18.3287880385 16.2895482744 3.76463897269 
18.2012135946 16.2119922007 3.7636489802 
18.0992953741 16.1484501923 3.74196262821 
17.9364614451 16.0530998672 3.76119049344 
17.7995574438 15.9698536361 3.75295976535 
17.6723440849 15.8929397429 3.75548075643 
17.5416831934 15.8134342397 3.75960215367 
17.4104310238 15.7361423934 3.76010812469 
17.2984700167 15.6689006353 3.75173165865 
17.1511108839 15.581110325 3.75612424942 
17.0113254749 15.4977300728 3.76648806002 
16.8804860079 15.4200058992 3.7524485391 
16.7499361002 15.3420715297 3.7513287766 
16.6289249026 15.2685218791 3.71445985106 
16.4431839549 15.1788881386 3.48079668002 
16.3039436304 15.1430755297 3.47121515483 
16.1439422333 15.1034333373 3.46168106653 
15.9865726345 15.064780813 3.46795100687 
15.8077977562 15.0204896892 3.47494015077 
15.6578706765 14.9838658238 3.47528312431 
15.5200606548 14.9516058529 3.46388014423 
15.4036064708 14.9225833977 3.47697019006 
15.2609534824 14.8868981863 3.46051705232 
15.1112918222 14.8508309091 3.57717163532 
14.9758384788 14.8022297884 3.84620367934 
14.9188045227 14.7685377265 3.95845618634 
14.7568106615 14.5885498489 4.4466247401 
14.6997004711 14.3348111475 -1.33981543775 
14.7405853235 14.1291646923 -1.22275792125 
14.7927374804 13.9540430273 -1.25421554581 
14.8621569836 13.7187495197 -1.14229002664 
14.8733870947 13.6845971311 -1.15273939216 
14.991050061 13.4457830156 -0.630758014776 
15.15808725 13.3304519618 1.27960665682 
15.3835639917 13.2269219125 -0.300997749712 
15.5549927914 13.1568800176 -0.233992427907 
15.6877680683 13.1146880353 -0.0472661676547 
15.8566914463 13.0978430475 -0.0194733266417 
16.0689073765 13.0768233503 0.0225072439206 
16.2169541978 13.0687972272 0.269155463381 
16.3796737456 13.099337932 0.440786588793 
16.5490931832 13.1639867986 0.394447828636 
16.7201779449 13.2269548143 0.346833741638 
16.9084997141 13.2723913158 0.149537828352 
17.0366982185 13.2831046546 0.156908147169 
17.2179063522 13.2907559837 0.144322616002 
17.3568210566 13.3005361522 0.143178094212 
17.5071765148 13.3107194866 0.140817684243 
17.658480283 13.3201540674 0.137172023598 
17.8026136124 13.3293824161 0.141509323693 
18.0017359221 13.3424938882 0.137678395989 
18.176413294 13.352307793 0.247546228632 
18.3129487002 13.3748676742 0.506721115945 
18.4613156283 13.4510070051 0.843555910182 
18.5800387823 13.5693358148 1.16303431409 
18.6496415102 13.7135244573 1.50309354585 
18.6678197348 13.8569508756 1.72036447355 
18.6596355402 13.9610331024 1.75601577253 
18.6493928396 14.0563565458 1.75691794787 
18.6334612333 14.187806722 1.75633057434 
18.6169455015 14.3319311107 1.75428433318 
18.6008481943 14.4857441748 1.80578791771 
18.5806777441 14.6343793834 2.02348519223 
18.5102188551 14.7913656498 2.32813145917 
18.4184753859 14.9089297021 2.38359697571 
18.3317797148 15.0065040107 2.38820402722 
18.2092981302 15.1451316963 2.52970322564 
18.0918960535 15.240731058 2.64664082885 
17.9662930929 15.3180061618 2.64943302882 
17.8374114 15.4026697541 2.72057809559 
17.7006915772 15.4733052219 2.99262302029 
17.548903104 15.5067455436 3.26604296036 
17.4328836166 15.4990188445 3.38357311965 
17.3499088251 15.4852984811 3.37889240818 
17.2779117787 15.4754742647 3.34842951711 
17.2082231009 15.4665059114 3.35144995915 
17.1052061283 15.4512056077 3.36713571828 
16.9903472626 15.434731182 3.35784902903 
16.8419885003 15.4134293909 3.36064867588 
16.6920680964 15.3907110209 3.36122263025 
16.5030165279 15.3629211898 3.34909623931 
16.3469002509 15.3375698889 3.35681588601 
16.1531488859 15.3118192742 3.34914857457 
16.0094723516 15.2907831112 3.33167297948 
15.8245039025 15.26533803 3.50053166092 
15.7155031377 15.2384391027 3.82846859991 
15.6320124232 15.1951846185 4.26588790713 
15.6013078653 15.1731589774 4.57238010914 
15.5748901927 15.1719246025 -1.30529226048 
15.5505847299 15.1628948415 -0.91000183737 
15.5334457123 15.1516130681 -0.609565110564 
15.5201774501 15.1317289958 -0.270598424599 
15.5162634813 15.1106378401 0.0526811605606 
15.5360861981 15.0994267131 0.235107843778 
15.5826103651 15.1053831691 0.286961106515 
15.639534887 15.1181221942 0.290018094997 
15.7194329613 15.1356276388 0.288015342057 
15.8259871566 15.1618630255 0.263616139775 
15.9021773442 15.1757467205 0.26393392009 
15.9561357462 15.1955578516 0.0981416086122 
15.9875836113 15.2126637327 -0.226249221504 
15.9923667276 15.2309152486 -0.512036323075 
15.9849169442 15.2684458813 -0.830436261209 
15.9880896547 15.2878529842 -0.993880119405 
15.9895509594 15.2878700348 -1.01231382487 
15.9878334888 15.2848919074 -1.00804529929 
15.9878391513 15.2848507839 -1.00952993072 
15.9877345153 15.2849274802 -1.00732397256 
15.9877621793 15.2848981063 -1.00728176443 
15.9876468965 15.2850920113 -1.00614917915 
15.9876764679 15.2852821017 -1.00895250732 
15.9877637887 15.2851242202 -1.00742735686 
15.9876274654 15.2853849682 -1.00801162204 
15.9877562412 15.2851608696 -1.00682584134 
15.9882013911 15.2858299615 -1.00995632278 
15.9877805897 15.285103217 -1.00745233002 
15.9876554051 15.2852935719 -1.00627502212 
15.9876936265 15.2852705049 -1.00620151919 
15.9876554796 15.2852817813 -1.00630670806 
15.9877824822 15.2851385551 -1.00729846382 
15.9876582437 15.2852953079 -1.00625928235 
15.9877784291 15.2851109619 -1.0073020586 
15.9877813944 15.2851494069 -1.00708084326 
15.9876681977 15.2853120344 -1.00597706 
15.9881634006 15.2859029027 -1.00989420873 
15.9878314325 15.285086971 -1.00743522877 
15.9889050313 15.2853840666 -0.995722006337 
15.9878088647 15.2850753742 -1.00749499793 
15.9877552205 15.2850995327 -1.00698483925 
