15.9877949544 15.2851171794 -1.00722403374 
15.8398076856 15.170663398 0.387798198164 
15.8400635236 15.1709945912 0.386792517217 
15.840063803 15.17097253 0.386886018222 
15.8418935762 15.1708200018 0.40784695295 
15.840076849 15.1709853674 0.386806752323 
15.8398107142 15.1706431622 0.387743752456 
15.8397796081 15.1706158335 0.387685269612 
15.8400601448 15.1709676797 0.386832894658 
15.8398006709 15.1705999638 0.387595864154 
15.8397965842 15.1706121753 0.387777733992 
15.8400560023 15.1709686036 0.386812366915 
15.8397912235 15.1706130619 0.387545716995 
15.8398044334 15.1706115196 0.387510727933 
15.8400575967 15.1709499548 0.386982760029 
15.8400523403 15.1709450598 0.386722840551 
15.8398070746 15.1705964322 0.387606687022 
15.8400663176 15.1709768812 0.386758370999 
15.8400670589 15.1709659065 0.386826104656 
15.8400452697 15.1709350387 0.38676039675 
15.8400657886 15.1709343905 0.38659986393 
15.8400581443 15.1709624122 0.386690804334 
15.8400653937 15.1709704588 0.386791844587 
15.84006219 15.1709555651 0.386631973548 
15.8400755488 15.1709511245 0.386445918563 
15.8398189136 15.1706116239 0.387630338168 
15.8398153746 15.1706058646 0.387690872283 
15.8400665485 15.170953315 0.386104385241 
15.8398374022 15.1706443469 0.387226601443 
15.8400579878 15.1709767545 0.385902394974 
15.8400548213 15.1709476078 0.386510848694 
15.8399371804 15.1709689836 0.386246864613 
15.8399480806 15.1710227172 0.385861646814 
15.8400279434 15.1710682104 0.390347735993 
15.8397565113 15.1705592314 0.393211768216 
15.8397786432 15.1705567578 0.393277281917 
15.8399934136 15.1707292909 0.391712271926 
15.8397260384 15.1705377812 0.386286170878 
15.8397030273 15.1706363673 0.387039846194 
15.8397081682 15.1706371347 0.386773861289 
15.8399683164 15.1709924678 0.385899918624 
15.8399806024 15.1709443072 0.385925330482 
15.8398968914 15.1700414682 0.382232448409 
15.839994874 15.1709475184 0.386374728123 
15.8399766312 15.170959946 0.38599535586 
15.8395803609 15.1697658638 0.379360992099 
15.8399775961 15.1709786693 0.385970817533 
15.8399906309 15.1709759946 0.385533311765 
15.861262167 15.1773283931 0.384027817674 
15.9023217141 15.1920500661 0.319226888625 
15.9102171009 15.2093924659 0.0751569961375 
15.92878389 15.2180056556 -0.0567407994639 
15.9844923728 15.2090228873 -0.0765773570614 
16.0618007445 15.1966757367 -0.0744754099894 
16.1648172998 15.1813826712 -0.0937669651897 
16.3015305662 15.1605911891 -0.0719431633109 
16.4311825001 15.1424222926 -0.0832793760252 
16.6123903954 15.1128118897 -0.0709740805819 
16.7539949977 15.0914487059 -0.0752354250025 
16.913982507 15.0667281414 -0.0767942660603 
17.0527172052 15.0457424636 -0.0744096879773 
17.2218418085 15.0199050719 -0.0783451362618 
17.4281014168 14.9889294768 -0.0896635187991 
17.5933833086 14.9637543524 -0.0834337168073 
17.757563945 14.937319305 -0.0843608898766 
17.887255665 14.9173378314 -0.0751198201664 
18.0823893511 14.8885981704 -0.0942698674029 
18.2233867609 14.8647417391 -0.260624162011 
18.3866090738 14.7999246682 -0.59590579483 
18.5101814234 14.6946174468 -0.918425524008 
18.589177128 14.5622646774 -1.17684376765 
18.6333470308 14.4236634339 -1.2035672599 
18.6817243063 14.2659867967 -1.24380044624 
18.720439192 14.1158505643 -1.45769936106 
18.7215583288 13.9630688394 4.64831047229 
18.7008306944 13.8171386684 4.63903418813 
18.6968305075 13.7869856323 4.62705429442 
18.6968305075 13.7869856323 4.62705429442 
18.6025338137 13.477897879 4.09625590721 
18.5200743639 13.3314963544 2.77452388214 
18.4860749209 13.2871360744 2.7474389188 
18.1848761999 13.2165583337 3.2171985489 
18.0688276255 13.2157288755 3.16646555484 
17.8423528635 13.2274883951 3.16630333524 
17.7257902586 13.2348014081 3.17469562795 
17.5314005577 13.2430328096 3.16503345092 
17.4032070601 13.2495534385 3.16405579009 
17.2748329603 13.2561769451 3.16353584226 
17.1556669438 13.2647662128 3.16594807676 
16.9763810598 13.2796908582 3.1890653246 
16.9188911879 13.2828433479 3.16580784224 
16.6486125552 13.2947659458 3.384396873 
16.5095798933 13.2749725545 3.50328466007 
16.3618764841 13.2338958944 3.40587990106 
16.246550765 13.2078815664 3.19768686518 
16.1347226464 13.2092567647 3.022338993 
16.009756636 13.2350665296 2.99323566802 
15.8847079083 13.2678790058 3.17240441849 
15.8047157862 13.2773523296 3.39190275056 
15.7152866238 13.2627706493 3.44046191981 
15.6042027139 13.2376266683 3.43438679637 
15.4538001084 13.2048798765 3.43761683865 
15.3039182984 13.1699444021 3.36216279028 
15.1580740773 13.1472164358 3.14250168213 
15.0050145948 13.16045272 2.81343323184 
14.8554302418 13.2255824769 2.50889650367 
14.815631386 13.2550216878 2.44335765177 
14.815631386 13.2550216878 2.44335765177 
14.6280285084 13.5886197055 1.82324733392 
14.6252226793 13.6062695945 1.80774342207 
14.5717301333 13.918667909 1.74395039669 
14.5717301333 13.918667909 1.74395039669 
14.5717301333 13.918667909 1.74395039669 
14.5181245768 14.3982522453 1.41741393838 
14.5522559845 14.5373029674 1.2226912573 
14.6048481428 14.6495259965 1.03835001584 
14.6793962681 14.7605321671 0.763965465619 
14.8092972004 14.8680132891 0.484382035523 
14.9602598512 14.9275017644 0.290763907533 
15.112039026 14.96858665 0.358681945632 
15.2450836265 15.0049154128 0.360779914692 
15.4133501613 15.0510546232 0.349953921927 
15.5478192532 15.0868088866 0.35513423914 
15.7036641353 15.1299619863 0.348775769934 
15.8546436654 15.1707587133 0.326135398413 
16.0030635112 15.2136309671 0.321875883603 
16.1581424439 15.2559141277 0.335115855207 
16.2861278319 15.2932400259 0.285289815838 
16.4126294815 15.3245034332 0.104444568747 
16.5560614431 15.3256623412 0.0499881930363 
16.7077830398 15.3255215252 0.0463223662148 
16.8465861642 15.3220748121 0.0530228834224 
17.017211076 15.318329003 0.0477372037154 
17.1802370512 15.3150455097 0.035157874778 
17.3342978918 15.3119167204 0.0444109141513 
17.4858980143 15.3093190009 0.0507843847209 
17.6366562807 15.3069144304 0.0572994697438 
17.7876870596 15.3050684969 0.0459215476224 
17.9201896155 15.3022390048 0.0554413354105 
18.0910744631 15.2998749802 -0.0727543726908 
18.2328705752 15.2782577167 -0.357898548424 
18.3789837324 15.2059216204 -0.690861520574 
18.4826104605 15.1085041429 -0.963403911105 
18.5645453894 14.9549151326 -1.27692536197 
18.5918323958 14.8073874975 -1.37208400711 
18.6118102038 14.656366166 -1.37916851769 
18.6309525931 14.4982484544 -1.3798885763 
18.6515283548 14.3345383371 -1.48496336984 
18.6493804419 14.1694911684 4.62817200583 
18.6247305834 14.0217747653 4.62564997017 
18.5994291269 13.871107098 4.61452591564 
18.5730731451 13.7220492328 4.38492295507 
18.5218257868 13.5939910377 4.15945677733 
18.493184086 13.5492389167 4.03623307209 
18.2851808035 13.3803360427 3.50105667378 
18.1422305071 13.3491492237 3.33972414337 
17.9746079409 13.3270831073 3.30141799806 
17.8254353964 13.3148422206 3.30472715411 
17.6966534817 13.304270264 3.30515849337 
17.5455572569 13.2911244596 3.30315222301 
17.3732429707 13.2764068807 3.30310502155 
17.2295745575 13.2645889486 3.29998419213 
17.0690342152 13.2540969814 3.29854810067 
16.92074072 13.2466479505 3.335405585 
16.7380841934 13.2300575937 3.27177942216 
16.5254901611 13.2161110605 3.30860420357 
16.3767667675 13.2038348878 3.3486055695 
16.2057522201 13.1857260431 3.29775648269 
16.0404280388 13.1731337274 3.27233529202 
15.8937509899 13.1611291135 3.2965406228 
15.7324194723 13.1489440168 3.29687815172 
15.5868489408 13.1382659639 3.29570855522 
15.4154461288 13.1234792436 3.20356606004 
15.2126313412 13.1310645307 2.8482181096 
15.0741165244 13.184972402 2.55063335257 
14.9834307396 13.255783316 2.31710633731 
14.9834307396 13.255783316 2.31710633731 
14.7926056349 13.5707679952 1.76207793479 
14.7751017773 13.7144533361 1.56908691864 
14.7940243446 13.8398909534 1.39968902474 
14.832817074 13.9963805641 1.54209191729 
14.8434157335 14.08253276 1.6075990898 
14.8530442679 14.2104978527 1.65558436745 
14.8580855095 14.3507158125 1.61850425412 
14.8674404585 14.5159048999 1.60291100284 
14.8734657728 14.6702746714 1.6057723308 
14.8807812893 14.8315870429 1.57316745361 
14.8856393063 14.9128641451 1.51587449956 
14.9442744219 15.1238773058 0.987274944547 
15.0244932735 15.2406224248 0.782292765538 
15.1515960061 15.3392264212 0.429513839385 
15.274720844 15.3876938636 0.236650531813 
15.4423754775 15.4093487675 0.141458177968 
15.5912123286 15.4184622581 0.152145062513 
15.7550661081 15.4293158765 0.160487729043 
15.906774223 15.43998478 0.160408011866 
16.0562346691 15.4496655429 0.141791585101 
16.1934303605 15.4583092595 0.136659993908 
16.3664756679 15.4683773632 0.153179667427 
16.5187220537 15.4781321699 0.135297522139 
16.6469631755 15.4862186874 0.130567824935 
16.8302540147 15.4979599381 0.150677260989 
16.9780837261 15.5082901979 0.144702047198 
17.1293030941 15.5171800817 0.142751261529 
17.2934598887 15.5278515483 0.125993639365 
17.4213780129 15.5344339872 0.121034418592 
17.5863653385 15.5437334145 0.131082958795 
17.7153944933 15.5519740845 0.118911479477 
17.8981192076 15.561921295 0.141877191674 
18.0501143896 15.5699434246 0.141208155249 
18.2001140082 15.5781376029 0.133255627635 
18.3529362642 15.5872289206 0.129918850585 
18.5000619852 15.5935156907 0.137656790788 
18.6563951933 15.6011100675 0.129625459539 
18.809237715 15.6091543401 0.127733181425 
18.853934046 15.6093426312 0.121837150565 
18.853934046 15.6093426312 0.121837150565 
19.2730791533 15.6907112564 0.702780730421 
19.3383877241 15.733442005 0.878136415808 
19.3383877241 15.733442005 0.878136415808 
19.3383877241 15.733442005 0.878136415808 
19.3383877241 15.733442005 0.878136415808 
19.3383877241 15.733442005 0.878136415808 
19.3383877241 15.733442005 0.878136415808 
19.3383877241 15.733442005 0.878136415808 
19.3383877241 15.733442005 0.878136415808 
18.9500923121 16.6196063722 3.50396065056 
18.8020980322 16.5732054676 3.72665605036 
18.6677670443 16.4953081573 3.76428587171 
18.5267469847 16.4092529977 3.76638592176 
18.3971765005 16.3309382165 3.76464191968 
18.2717707121 16.2553787197 3.76482593394 
18.1394350493 16.1733558143 3.76058362875 
18.0079419577 16.0925455655 3.73838185059 
17.8860642874 16.0224925245 3.76031947857 
17.7415745222 15.9339733685 3.76512121965 
17.6100231373 15.8562108243 3.75260870122 
17.4724006617 15.77280527 3.74702384172 
17.3423951828 15.6946862901 3.75886978535 
17.214030143 15.6189159418 3.75331990256 
17.0815429651 15.5397331382 3.75528907101 
16.941960212 15.4564110602 3.75359611893 
16.8117166721 15.3791325952 3.74955176888 
16.6791074836 15.300200511 3.72447130048 
16.5403540098 15.2182653269 3.65950074249 
16.3772160077 15.1612244512 3.45110540523 
16.2007728481 15.116765965 3.45656651946 
16.0722982847 15.0850940312 3.45687983677 
15.858130131 15.0338725115 3.43502444108 
15.6067458653 14.9718733991 3.45945131638 
15.4223661983 14.9264705742 3.47250461215 
15.2609534824 14.8868981863 3.46051705232 
15.0469310248 14.8329508568 3.67766381714 
14.8546560967 14.7161547507 4.12494172697 
14.7442785465 14.561762389 4.50363219608 
14.6989041531 14.3650164569 -1.3903312396 
14.7235492432 14.1846909488 -1.23981453409 
14.7738869154 14.0223902429 -1.22518716837 
14.8239470684 13.854974624 -1.19970888068 
14.8621569836 13.7187495197 -1.14229002664 
14.8733870947 13.6845971311 -1.15273939216 
14.991050061 13.4457830156 -0.630758014776 
14.991050061 13.4457830156 -0.630758014776 
15.3376758062 13.2445155347 -0.297464436319 
15.4680647218 13.1929441656 -0.295435492887 
15.6252927446 13.130608436 -0.124502433327 
15.7897479871 13.1016186441 -0.00116222298709 
15.9360512347 13.0893512929 -0.00803351815282 
16.0898646229 13.0745006765 0.0436760552501 
16.2479971909 13.0702670778 0.27937589037 
16.3864153885 13.102834102 0.447040208913 
16.5409156048 13.1612495149 0.392137227369 
16.679892596 13.2126182283 0.397168042455 
16.8240708673 13.2631044353 0.212776756007 
16.9791871273 13.2800458635 0.162664085679 
17.1402970516 13.2865667308 0.133997262138 
17.2858979666 13.2958025897 0.140509714903 
17.4080630505 13.3043808902 0.139136433025 
17.5718175137 13.314019915 0.140890260089 
17.7525514328 13.3258765901 0.139148149298 
17.9038667643 13.3360979522 0.139517027739 
18.0315244162 13.3447120155 0.142904402754 
18.2071213686 13.3568056787 0.277957338084 
18.3614222967 13.3926756347 0.604240133688 
18.484455105 13.4663087095 0.910432590448 
18.5839154684 13.5763784612 1.17770560656 
18.6496415102 13.7135244573 1.50309354585 
18.6678197348 13.8569508756 1.72036447355 
18.6584861242 13.9686148132 1.75209640168 
18.6480619871 14.065796491 1.75542627924 
18.6334612333 14.187806722 1.75633057434 
18.616286751 14.3408034409 1.74532275986 
18.6008481943 14.4857441748 1.80578791771 
18.5744037592 14.653669473 2.05002450951 
18.5102188551 14.7913656498 2.32813145917 
18.4249489271 14.9024718071 2.3870351812 
18.3245739901 15.014559027 2.40485994182 
18.2295591795 15.1231305862 2.48753363913 
18.1013505423 15.2327655212 2.64914707984 
17.9662930929 15.3180061618 2.64943302882 
17.8374114 15.4026697541 2.72057809559 
17.7006915772 15.4733052219 2.99262302029 
17.5604308807 15.5064600075 3.25669897642 
17.4415563309 15.4999554122 3.3830911033 
17.3331779205 15.482664373 3.35457685834 
17.2779117787 15.4754742647 3.34842951711 
17.1856566631 15.4625610078 3.34874762856 
17.0587921106 15.4444068337 3.36841701885 
16.9222874605 15.4256180341 3.36005260145 
16.7423014605 15.3986932749 3.36676719685 
16.5623367989 15.3715201879 3.34849316103 
16.3539632523 15.3387007604 3.38540904341 
16.1238584631 15.3077285776 3.34931492376 
15.9925630951 15.2888368929 3.33418671029 
15.8587578033 15.2722923348 3.46068276701 
15.7504002416 15.2496237338 3.68525672218 
15.6483222061 15.2060194577 4.13781799203 
15.6037968361 15.1740824992 4.54503751683 
15.5725518429 15.1711963306 -1.26966954818 
15.5508619511 15.1614015142 -0.90593609245 
15.527511146 15.1443127582 -0.485233365535 
15.5170902276 15.1158720891 -0.0214072869848 
15.5259977543 15.1010147298 0.204332445073 
15.5776598417 15.1042784418 0.287813056607 
15.64457066 15.1194276477 0.286284396937 
15.7476993614 15.1419909636 0.278259765625 
15.8711229322 15.1687902922 0.280394972445 
15.9450200872 15.1907814408 0.154786345451 
15.9821456411 15.2079407463 -0.130878371513 
15.9936294669 15.2292517119 -0.495677546752 
15.986427609 15.26168637 -0.798177284383 
15.9878008329 15.2876462417 -0.987509862782 
15.9895509594 15.2878700348 -1.01231382487 
15.9879097306 15.284855597 -1.00786584693 
15.9878332653 15.2848491075 -1.00935505297 
15.9877687507 15.2849269661 -1.00743929911 
15.9877487385 15.2849396656 -1.00743822307 
15.9878177309 15.2850388552 -1.0070316541 
15.9877671787 15.2851573194 -1.00711238543 
15.9877697193 15.2851178276 -1.00756299139 
15.9876495862 15.2853370833 -1.00579504881 
15.9877448716 15.2852040606 -1.00940610136 
15.9877631479 15.285101522 -1.00747750591 
15.9876181447 15.2853305081 -1.00585399782 
15.9876700604 15.2852930317 -1.00602974827 
15.9876549655 15.285332043 -1.00585660437 
15.9876589962 15.2853183041 -1.00607209283 
15.987773765 15.2851250956 -1.00730831142 
15.9877256491 15.2851616668 -1.00691390036 
15.9877475687 15.2851640771 -1.00705231002 
15.9878032618 15.2850920225 -1.0074287488 
15.987729583 15.2851746122 -1.0069507786 
15.9876591453 15.2852825003 -1.00606283084 
15.9876471573 15.2852742674 -1.00606247546 
15.9875816965 15.2853186878 -1.00572020209 
15.9884565809 15.2864685098 -1.00696016275 
15.9876699113 15.2852902452 -1.0062582631 
15.9877949544 15.2851171794 -1.00722403374 
