15.8397971616 15.1706459413 0.387734250271 
15.8397379146 15.1706361289 0.387156522793 
15.8398652786 15.1706402863 0.388386308242 
15.8419303597 15.1706150959 0.409236684985 
15.8398059757 15.1706441383 0.387755175279 
15.8400541657 15.1709967817 0.3865927542 
15.8400665411 15.1709623004 0.386874931576 
15.8400569336 15.1709735508 0.386959375143 
15.8398006709 15.1705999638 0.387595864154 
15.8400631101 15.1709590296 0.386873029873 
15.8400655837 15.1709696169 0.386649512581 
15.8400617019 15.1709479282 0.386741917475 
15.8397945539 15.1706136505 0.387473533385 
15.8400489689 15.1709512661 0.386758953852 
15.8398020045 15.1706227104 0.387653178054 
15.8398020939 15.1706112365 0.387576747042 
15.8400516139 15.1709503944 0.386794264099 
15.8400648126 15.1709580163 0.386685565009 
15.840056561 15.1709526295 0.386639494771 
15.8400671222 15.1709731261 0.386640427848 
15.8400757984 15.1709529648 0.386728379677 
15.8398262897 15.1706251095 0.387677024248 
15.8398206682 15.1706122572 0.38752319747 
15.8400650435 15.170959119 0.38662008557 
15.8400914335 15.170950454 0.386627294213 
15.8398408593 15.1706224869 0.387254027504 
15.8398196289 15.1706613044 0.387116863098 
15.8400579878 15.1709767545 0.385902394974 
15.8398763501 15.1699888448 0.381729944818 
15.8399566488 15.1709846223 0.38571156354 
15.8396668286 15.1705910454 0.38742727549 
15.8401464858 15.1709064955 0.392252472817 
15.8397675046 15.1705592761 0.392976087064 
15.8397799396 15.1705558489 0.393241009381 
15.8397227825 15.1707636456 0.388051747375 
15.8399490417 15.1709663833 0.385978374853 
15.8399444633 15.1709242428 0.385917104053 
15.8397161999 15.1706368888 0.386801275849 
15.8397144267 15.1706580112 0.386999030765 
15.8397012056 15.1707520078 0.385812649227 
15.8398985193 15.1700657422 0.382300255132 
15.8397240528 15.1706137399 0.387119165343 
15.839571111 15.1697736869 0.379651912646 
15.8397404329 15.1706506724 0.387102691918 
15.8397464977 15.1706232617 0.386624388788 
15.8459234798 15.1738794262 0.37326246801 
15.8990322315 15.1883178803 0.354047342216 
15.9119772409 15.2049953828 0.124038354389 
15.9176868555 15.2155582851 -0.0214247531047 
15.9520592579 15.2142426542 -0.0804370124708 
16.0618007445 15.1966757367 -0.0744754099894 
16.091447469 15.1925104971 -0.0767846798138 
16.2855611109 15.1627741719 -0.0702533231011 
16.4438484871 15.1401492546 -0.0821830474351 
16.6123903954 15.1128118897 -0.0709740805819 
16.7539949977 15.0914487059 -0.0752354250025 
16.9307596647 15.0641562159 -0.0772776118949 
17.0908793175 15.0397810454 -0.0740705523203 
17.2643352711 15.0133945609 -0.0835673918594 
17.4237693512 14.9893096502 -0.0911799534605 
17.5767736399 14.966559049 -0.0806604493013 
17.757563945 14.937319305 -0.0843608898766 
17.9526836836 14.9065717424 -0.0606608893426 
18.0398840868 14.8931980396 -0.05910608794 
18.2434577906 14.8593815232 -0.30721215758 
18.4116270506 14.7846718992 -0.663557935847 
18.5414278471 14.6529700125 -1.02000490371 
18.5920879805 14.55431157 -1.18666561858 
18.6333470308 14.4236634339 -1.2035672599 
18.6879987681 14.2449945177 -1.25843347119 
18.7261843645 14.0565593208 -1.54952402462 
18.7165307963 13.9275023902 4.64299583038 
18.6968305075 13.7869856323 4.62705429442 
18.6968305075 13.7869856323 4.62705429442 
18.6217806303 13.511827823 4.13039392241 
18.6025338137 13.477897879 4.09625590721 
18.4860749209 13.2871360744 2.7474389188 
18.4860749209 13.2871360744 2.7474389188 
18.0688276255 13.2157288755 3.16646555484 
17.9480750525 13.2216190065 3.1680932659 
17.8286125624 13.2280918325 3.17138473542 
17.7257902586 13.2348014081 3.17469562795 
17.5229537451 13.2434395517 3.1647547412 
17.4032070601 13.2495534385 3.16405579009 
17.1689695084 13.2623891796 3.15781496177 
17.0376031363 13.2723946537 3.16905240319 
16.9763810598 13.2796908582 3.1890653246 
16.7353822553 13.293282863 3.24578476059 
16.5872401559 13.2875626052 3.43833540298 
16.4443977439 13.2563484872 3.41978260687 
16.2980669403 13.2186700071 3.31792887245 
16.2202041411 13.2040795053 3.12698105206 
16.0813594722 13.2188404764 2.99965697772 
15.9353636877 13.2551007236 3.06522534368 
15.8345466369 13.2771247591 3.3305803108 
15.7561747992 13.2715855802 3.43681523013 
15.6578183734 13.2498211826 3.43700317963 
15.5325650239 13.2218602861 3.43452668256 
15.41251966 13.19560897 3.43291071577 
15.2247746551 13.154914018 3.26870382506 
15.0725499355 13.1487320627 2.97108045258 
14.960085746 13.1743849481 2.74867574325 
14.8366984093 13.238093015 2.45704980487 
14.815631386 13.2550216878 2.44335765177 
14.6343785488 13.5570380653 1.82419316302 
14.6252226793 13.6062695945 1.80774342207 
14.5942734444 13.7764185632 1.81648836512 
14.5717301333 13.918667909 1.74395039669 
14.5717301333 13.918667909 1.74395039669 
14.5717301333 13.918667909 1.74395039669 
14.5249907934 14.4578487838 1.31008041599 
14.5647197926 14.5646311606 1.18454925793 
14.6367231571 14.7040321792 0.917519956467 
14.7054957115 14.7897646988 0.688455486514 
14.8711669409 14.8970059122 0.381984951146 
14.979018923 14.9318285252 0.339976387237 
15.1503478849 14.9790244366 0.351314724233 
15.2831182444 15.0179119373 0.292164823652 
15.4218428695 15.0541010464 0.342823018862 
15.5766183698 15.0942189957 0.35141944265 
15.753159132 15.1437971259 0.35487187319 
15.9190855232 15.1904585885 0.338725430005 
16.0108891615 15.2166337597 0.320909812035 
16.1945028269 15.2657353564 0.338855517217 
16.355894413 15.3137212659 0.178551074042 
16.5065747463 15.3270680944 0.0395121735051 
16.6221172177 15.3257230783 0.0600364217002 
16.7963210308 15.3225733305 0.0570695820692 
16.9876228535 15.3198164592 0.0432381481193 
17.1422216856 15.3158696632 0.0561999106729 
17.3257062399 15.3119904141 0.0480195845622 
17.5755628311 15.3076738531 0.0383035969285 
17.7283985579 15.3050939853 0.0693971809005 
17.9110426867 15.3020650114 0.0686406026664 
18.1240212881 15.2974681968 -0.129818805771 
18.2328705752 15.2782577167 -0.357898548424 
18.4094808066 15.1827729459 -0.769872074516 
18.5276498758 15.0420836324 -1.11787322891 
18.5847649538 14.865071025 -1.37172435624 
18.5992953741 14.74887478 -1.36871122123 
18.6248059237 14.5305020774 -1.36527915237 
18.6426989996 14.4071354235 -1.40792318483 
18.6556765997 14.2305834259 4.66386516019 
18.6412165129 14.1211332048 4.62278279202 
18.6175498926 13.9801452125 4.62483847719 
18.5909969771 13.8254114355 4.52729570906 
18.5611696207 13.6883901323 4.30649092058 
18.493184086 13.5492389167 4.03623307209 
18.3435134852 13.4076410497 3.60643447042 
18.2134938204 13.3567775453 3.38442441832 
18.1169300043 13.341417786 3.32217541829 
17.9154345953 13.3227826322 3.30788926167 
17.7961509192 13.3120710815 3.30208154221 
17.625687834 13.2979880537 3.3054272307 
17.4430153334 13.2822849716 3.30258344 
17.2295745575 13.2645889486 3.29998419213 
17.0611412489 13.2518794502 3.30064234015 
16.92074072 13.2466479505 3.335405585 
16.7960423791 13.2365943159 3.33400558408 
16.6566281879 13.2237731184 3.26313516921 
16.491265949 13.2137120927 3.29894321923 
16.3466790878 13.1958860124 3.28757675616 
16.214235779 13.1864572729 3.29767117448 
16.0404280388 13.1731337274 3.27233529202 
15.9106061758 13.1624554361 3.29609224444 
15.7622081601 13.1510013307 3.29644279683 
15.5257293248 13.1326426233 3.27488522444 
15.3630066478 13.120312568 3.12447921133 
15.2324358189 13.1262019838 2.87699363805 
15.1021596753 13.1711078847 2.63426325266 
14.9834307396 13.255783316 2.31710633731 
14.9834307396 13.255783316 2.31710633731 
14.781237241 13.5950283969 1.81992200716 
14.7773379051 13.6861603225 1.5267393453 
14.7940243446 13.8398909534 1.39968902474 
14.8418729269 14.0244668687 1.61412845978 
14.8434841597 14.0730982984 1.61092680276 
14.8513611519 14.2530568803 1.62990590168 
14.8580855095 14.3507158125 1.61850425412 
14.8698602879 14.5461425746 1.63365551453 
14.8791046106 14.7366664971 1.60362465393 
14.8840688431 14.8727177943 1.50384710371 
14.9191275203 15.0733126367 1.15954459379 
14.9904515707 15.197539978 0.884919206768 
15.1515960061 15.3392264212 0.429513839385 
15.3130953872 15.396512937 0.194689908531 
15.4824039602 15.4103083427 0.135870262528 
15.6210076177 15.4199679906 0.143425824589 
15.7995153033 15.4315703327 0.163936478726 
15.980377745 15.4441088552 0.162013468157 
16.1584478581 15.4560949172 0.1448586129 
16.3357281649 15.4664084578 0.134562040094 
16.4274916613 15.4719403053 0.156431810233 
16.567274388 15.481044289 0.13893865074 
16.7795459592 15.4955232407 0.140052435733 
16.9196149075 15.5037252868 0.15138405892 
17.0874972307 15.5146176482 0.147369119235 
17.2192132437 15.523153689 0.143298243052 
17.3845168316 15.5321271981 0.131560848471 
17.543777939 15.5421379472 0.139907028462 
17.6561498606 15.5483012165 0.121159432215 
17.8252490723 15.5582302178 0.139200561598 
17.9999053442 15.56752136 0.137833127035 
18.1911117994 15.5771490599 0.13956535381 
18.3316392862 15.5858393575 0.131903347895 
18.4551989996 15.593253311 0.123650878024 
18.6685836279 15.6021422709 0.125709842271 
18.8306329214 15.6093259717 0.130252152085 
18.853934046 15.6093426312 0.121837150565 
18.853934046 15.6093426312 0.121837150565 
19.2801709139 15.6950946713 0.75889727877 
19.3383877241 15.733442005 0.878136415808 
19.3383877241 15.733442005 0.878136415808 
19.3383877241 15.733442005 0.878136415808 
19.3383877241 15.733442005 0.878136415808 
19.3383877241 15.733442005 0.878136415808 
19.3383877241 15.733442005 0.878136415808 
19.3383877241 15.733442005 0.878136415808 
19.0527663195 16.6228525604 3.29815758227 
18.879437443 16.6035666431 3.6272955003 
18.707101103 16.5186185802 3.76180930125 
18.5623793566 16.4303835596 3.76416784155 
18.4323151075 16.3534840311 3.74848490512 
18.3572251761 16.306806084 3.76394268485 
18.1651108229 16.189475056 3.7614926581 
18.0190308058 16.0998538698 3.74518613865 
17.8793547117 16.0179766382 3.75614927482 
17.7745116913 15.9542044366 3.75544412916 
17.6297383272 15.8685302103 3.75801654274 
17.4724006617 15.77280527 3.74702384172 
17.3515796625 15.7022929753 3.76048205401 
17.2029763424 15.6122629906 3.75336277169 
17.0366066658 15.512918886 3.76734690521 
16.8471476996 15.4011833633 3.75555138703 
16.7059850657 15.3160739804 3.74993431507 
16.6289249026 15.2685218791 3.71445985106 
16.4431839549 15.1788881386 3.48079668002 
16.2213607692 15.122071747 3.46266432695 
16.0940062666 15.0900185073 3.45926288059 
15.8864148502 15.0401793982 3.45066039033 
15.7436164432 15.0050933773 3.4566444624 
15.5703448021 14.9635174836 3.47040229515 
15.4304618501 14.9291731978 3.48002660065 
15.1374787652 14.8575998808 3.55806449246 
14.9513674938 14.788637575 3.87301234744 
14.7722399199 14.614460882 4.37953590175 
14.7038085425 14.4345200623 -1.54371771631 
14.7041814291 14.2725433076 -1.31514396718 
14.7437875235 14.1175105537 -1.20893313894 
14.7867850029 13.9735959733 -1.25280431829 
14.8338887655 13.8187476362 -1.23255798218 
14.8733870947 13.6845971311 -1.15273939216 
14.8733870947 13.6845971311 -1.15273939216 
14.991050061 13.4457830156 -0.630758014776 
14.991050061 13.4457830156 -0.630758014776 
15.2984486782 13.2589864696 -0.292175672225 
15.5159395301 13.172850963 -0.270398653563 
15.6744010114 13.1171432699 -0.0585543683544 
15.8356773109 13.0993970598 -0.0171076435493 
16.029963907 13.0818723405 -0.00366343316948 
16.2271957957 13.0683561529 0.256520472659 
16.3668811285 13.093497392 0.499811522865 
16.5490931832 13.1639867986 0.394447828636 
16.7083390319 13.2225018705 0.359797325107 
16.8680961096 13.2679632867 0.196746817288 
17.0157037937 13.2815175022 0.168711755843 
17.1770226919 13.2887818778 0.135909400359 
17.3823262417 13.302512523 0.13998838552 
17.4982899391 13.3102407421 0.141333715156 
17.671225425 13.3208662237 0.13912222371 
17.8826999628 13.3346677984 0.139285288862 
17.993226763 13.3420519794 0.138528415333 
18.176413294 13.352307793 0.247546228632 
18.2717096769 13.3654109205 0.406499696581 
18.4416449034 13.4349260295 0.748900820104 
18.5715861284 13.5610796178 1.11328301287 
18.6496415102 13.7135244573 1.50309354585 
18.6678981745 13.8505599464 1.71408395959 
18.6612265074 13.9506106342 1.76068892007 
18.6511948073 14.0440924133 1.75906829017 
18.6277425253 14.2363674606 1.75604280393 
18.6073930227 14.4206016029 1.76797184102 
18.5822071993 14.6268103088 2.00928186682 
18.5221657717 14.7735721136 2.30276386864 
18.3781812155 14.953893658 2.39333685053 
18.2778708899 15.068840083 2.42113947952 
18.0853412115 15.2455030105 2.65604954099 
17.9662930929 15.3180061618 2.64943302882 
17.8012274468 15.4238598312 2.78689690236 
17.6652623379 15.486380961 3.0503111088 
17.5604308807 15.5064600075 3.25669897642 
17.373031851 15.489188161 3.37938843348 
17.3331779205 15.482664373 3.35457685834 
17.2500177586 15.4724803085 3.37820562119 
17.1465262138 15.4569769914 3.36808592997 
16.9981185162 15.435663488 3.35449545543 
16.8419885003 15.4134293909 3.36064867588 
16.6427796447 15.3826125974 3.34679206832 
16.5030165279 15.3629211898 3.34909623931 
16.3362143898 15.337240618 3.35871927065 
16.1117137336 15.3063403482 3.3497224213 
15.9237589874 15.2790236326 3.36908358331 
15.7269881928 15.2427698725 3.79117406527 
15.6463835054 15.2045086215 4.16199688527 
15.6122149789 15.1796316507 4.45900144017 
15.5857008957 15.1699167977 -1.46381106837 
15.5691385233 15.1699650476 -1.20306317335 
15.5501927697 15.1626410897 -0.903537369655 
15.5354685151 15.1519983301 -0.639497491677 
15.5201461875 15.1308409909 -0.250592663177 
15.5185562932 15.1053646172 0.144904159697 
15.5668778681 15.1018771345 0.292279897866 
15.6296627783 15.1157832781 0.296700059274 
15.6798049622 15.1276976953 0.291393068505 
15.8111298272 15.1567239578 0.27468259151 
15.8866944347 15.1709682609 0.271425739923 
15.9561357462 15.1955578516 0.0981416086122 
15.9859424346 15.2106922998 -0.193897953241 
15.9922399634 15.2359831445 -0.572439778096 
15.9867032358 15.258811096 -0.780167939452 
15.9857335949 15.2864163669 -0.985905509251 
15.9888841623 15.2879920343 -1.01572420114 
15.9877385312 15.2849327887 -1.00737633532 
15.987800371 15.28483611 -1.0090156176 
15.9878499099 15.2851182784 -1.00810191902 
15.9877556303 15.284943756 -1.00727539415 
15.9877468609 15.2852696108 -1.00923064255 
15.9877758139 15.2851368154 -1.00729437422 
15.9877416753 15.2852234172 -1.00920018276 
15.9876686075 15.2852908264 -1.00616381549 
15.9877758288 15.2851100753 -1.00724548402 
15.9877669328 15.2851023453 -1.0073843293 
15.9876476267 15.2853237393 -1.00589171229 
15.9876700604 15.2852930317 -1.00602974827 
15.9877720216 15.2851489449 -1.00723109914 
15.987614561 15.2853463034 -1.00575145957 
15.9877974653 15.2851142811 -1.00735950169 
15.9877424726 15.2851683686 -1.00686128214 
15.9877787569 15.2854230593 -1.00690216765 
15.9878053033 15.2850965525 -1.00736798673 
15.9876804837 15.285260238 -1.006128565 
15.9877096751 15.2852623093 -1.00635504341 
15.9877776914 15.2851112189 -1.00736095282 
15.9877560848 15.2854592542 -1.00763623714 
15.9877171108 15.2852725203 -1.00646275777 
15.987785291 15.2851141433 -1.00735878566 
15.9877949544 15.2851171794 -1.00722403374 
