15.8397949339 15.1706212054 0.387704892972 
15.8400604838 15.1710039193 0.386802544019 
15.8400635236 15.1709945912 0.386792517217 
15.839761071 15.1706460605 0.387397448145 
15.8419303597 15.1706150959 0.409236684985 
15.8398059757 15.1706441383 0.387755175279 
15.8398204112 15.1706496964 0.387525613651 
15.8397681118 15.1706137548 0.387696963616 
15.8400452622 15.1709459836 0.386688875231 
15.8398006709 15.1705999638 0.387595864154 
15.8398083673 15.1706256608 0.387661240841 
15.8398065158 15.1706253479 0.387599773736 
15.8400669434 15.1709543283 0.3865560388 
15.8398044334 15.1706115196 0.387510727933 
15.8400519491 15.1709580685 0.386706303973 
15.839806121 15.1706162358 0.387560422105 
15.8398070746 15.1705964322 0.387606687022 
15.8398106584 15.1706086139 0.387734315431 
15.8398053535 15.1705990399 0.387597572573 
15.8398008571 15.1706137846 0.387630107685 
15.840068862 15.1709514523 0.386614193279 
15.8397966624 15.170604978 0.387572191027 
15.8398229965 15.1706125627 0.387556326961 
15.8398191334 15.1706031824 0.387712133044 
15.8398216517 15.1706125552 0.387563367837 
15.8398233541 15.1706003735 0.387478945656 
15.8398136758 15.1705988238 0.38736618142 
15.8399216161 15.170726348 0.387106030022 
15.8400572614 15.170971256 0.386314671597 
15.8398196624 15.170628954 0.387082161938 
15.8400323243 15.1709497164 0.386404480995 
15.8399371804 15.1709689836 0.386246864613 
15.8397068643 15.1706949512 0.386767136625 
15.8390160018 15.1702467317 0.404527612913 
15.839769926 15.1705635677 0.393215799492 
15.8397764118 15.1705580617 0.393023726171 
15.8397817687 15.1705670545 0.393207157926 
15.8396553883 15.1704890544 0.385631738334 
15.8397098893 15.1706422011 0.387063258725 
15.8396996559 15.1706138218 0.386750322514 
15.839716334 15.1706447268 0.386934672132 
15.8399804012 15.1709596107 0.385750098293 
15.83963044 15.1697926039 0.37988759685 
15.8396433369 15.1698261539 0.380276865969 
15.8397165911 15.1706210564 0.38717214657 
15.8396563121 15.1704869683 0.38728789001 
15.8399048113 15.170071047 0.382041361859 
15.8399965988 15.1709732155 0.385701945697 
15.8417639361 15.1715019459 0.387977969666 
15.8728669697 15.1797513033 0.377542058156 
15.9050329431 15.1932809095 0.309227705163 
15.9102844616 15.2104851755 0.0615205390277 
15.9395379239 15.2170976794 -0.0791046665015 
15.9934091085 15.2080917435 -0.0789312922377 
16.0722705835 15.1961786079 -0.0725842642998 
16.1648172998 15.1813826712 -0.0937669651897 
16.3136838936 15.15894321 -0.0719272898794 
16.4602962696 15.1377098302 -0.084773843025 
16.6045026743 15.114945818 -0.0838832133215 
16.7828875148 15.0869893248 -0.0721547676585 
16.9434214794 15.0620084966 -0.0727227495459 
17.1035354101 15.0378015603 -0.0732815137674 
17.2948880159 15.0098118449 -0.0837694428418 
17.4841591084 14.980311122 -0.0936411976752 
17.6842449867 14.9491950239 -0.078708347487 
17.8362522089 14.9251926506 -0.0733815587137 
17.9834301436 14.9026132787 -0.0678306693118 
18.2016458475 14.8692522014 -0.228624707478 
18.3751120531 14.8070220912 -0.577375024397 
18.5049645865 14.7009912694 -0.906546698326 
18.589177128 14.5622646774 -1.17684376765 
18.6306874716 14.4318272437 -1.20621160117 
18.6789965593 14.2742431129 -1.23360503378 
18.720439192 14.1158505643 -1.45769936106 
18.7203581297 13.9547251428 4.647599653 
18.6979660952 13.7955474819 4.63270615721 
18.6968305075 13.7869856323 4.62705429442 
18.6217806303 13.511827823 4.13039392241 
18.6025338137 13.477897879 4.09625590721 
18.5200743639 13.3314963544 2.77452388214 
18.4860749209 13.2871360744 2.7474389188 
18.1848761999 13.2165583337 3.2171985489 
17.9480750525 13.2216190065 3.1680932659 
17.8286125624 13.2280918325 3.17138473542 
17.6423928702 13.2384835447 3.17101535596 
17.5229537451 13.2434395517 3.1647547412 
17.3004581892 13.2548574174 3.16371181011 
17.1556669438 13.2647662128 3.16594807676 
17.0376031363 13.2723946537 3.16905240319 
16.9763810598 13.2796908582 3.1890653246 
16.6949234569 13.293852445 3.28695698598 
16.5872401559 13.2875626052 3.43833540298 
16.4538855517 13.2573249305 3.4041655657 
16.304644283 13.2200003828 3.32809798484 
16.1973186993 13.203480121 3.08852805237 
16.0427903348 13.2271462644 2.9929051884 
15.9297736735 13.2564583982 3.07300616023 
15.8345466369 13.2771247591 3.3305803108 
15.769735057 13.2735981906 3.42998581457 
15.6677692347 13.2518186534 3.43560384744 
15.4918017649 13.2130285467 3.43536120684 
15.3128160202 13.1722179616 3.38223336703 
15.1662534439 13.147958156 3.15981111697 
15.0359873139 13.1542988981 2.89821865203 
14.880494591 13.2101229394 2.58047492614 
14.815631386 13.2550216878 2.44335765177 
14.815631386 13.2550216878 2.44335765177 
14.6343785488 13.5570380653 1.82419316302 
14.6252226793 13.6062695945 1.80774342207 
14.5717301333 13.918667909 1.74395039669 
14.5717301333 13.918667909 1.74395039669 
14.5169602596 14.359065708 1.47848251753 
14.5340770447 14.4882739151 1.27085292388 
14.5901612007 14.6175158585 1.10056481805 
14.6643440687 14.7450914348 0.835204654562 
14.7730480396 14.8454051579 0.58986590671 
14.9039676153 14.9093069101 0.402254404884 
15.0454757177 14.9487554992 0.318168057503 
15.1903440916 14.9909556175 0.355175368725 
15.3637408578 15.0378186817 0.366532098581 
15.5478192532 15.0868088866 0.35513423914 
15.7243649625 15.1355592946 0.348780058017 
15.9314704464 15.1949758458 0.341427931682 
16.0970869922 15.2389204992 0.326347008645 
16.262078222 15.2847073043 0.314755957396 
16.3831630313 15.3196294496 0.155107240017 
16.5424376094 15.3259685303 0.0508539735157 
16.6964639389 15.3242132405 0.0789489727625 
16.854773637 15.3216197307 0.0498669543075 
16.9948790037 15.3187458182 0.0631893197895 
17.1422216856 15.3158696632 0.0561999106729 
17.356441375 15.3116513679 0.0605634724389 
17.5037404263 15.3089091147 0.0421133674313 
17.6277077162 15.307068419 0.054937698151 
17.8176097834 15.3047860304 0.0467591048399 
18.0737457239 15.3014059404 -0.0576832703602 
18.2116932833 15.2838566417 -0.313819962237 
18.3789837324 15.2059216204 -0.690861520574 
18.4958853685 15.0913186635 -0.994460630321 
18.5673978293 14.9465224112 -1.28966414101 
18.5918323958 14.8073874975 -1.37208400711 
18.6118102038 14.656366166 -1.37916851769 
18.6309525931 14.4982484544 -1.3798885763 
18.6532976591 14.3174936737 -1.50866166955 
18.6427688562 14.1292680467 4.62159069422 
18.6196896994 13.9924665655 4.6248926963 
18.5925841295 13.8329617942 4.51299793151 
18.5611696207 13.6883901323 4.30649092058 
18.493184086 13.5492389167 4.03623307209 
18.3982646429 13.4430568183 3.71762670796 
18.2637271845 13.3716223205 3.45459328158 
18.1422305071 13.3491492237 3.33972414337 
17.9364168608 13.3242081369 3.30303726818 
17.8046139443 13.3128282989 3.30195083978 
17.6837327444 13.3044998611 3.29277159966 
17.4561011755 13.2833133901 3.3033691206 
17.3230295145 13.2714010442 3.29490670556 
17.1696581804 13.2592998708 3.29338700129 
16.9880225622 13.2502211297 3.28748107226 
16.8032921517 13.239442941 3.29097951636 
16.6732694471 13.2251640523 3.32256461552 
16.4833243453 13.2115017141 3.28502394486 
16.2865352296 13.1915210451 3.29603865863 
16.1330696606 13.1790653432 3.28679990508 
15.980482895 13.1671680177 3.28093260056 
15.8215782457 13.1553143228 3.29533158293 
15.6592360401 13.1434408391 3.29521563424 
15.517180767 13.1327308382 3.26196488542 
15.3503666484 13.1199966634 3.10885022175 
15.1837032997 13.1382917131 2.78435363832 
15.0388002359 13.2079263891 2.47609574487 
14.9834307396 13.255783316 2.31710633731 
14.9834307396 13.255783316 2.31710633731 
14.781237241 13.5950283969 1.81992200716 
14.7751017773 13.7144533361 1.56908691864 
14.7940243446 13.8398909534 1.39968902474 
14.832817074 13.9963805641 1.54209191729 
14.8477426731 14.1255235637 1.63166562773 
14.8547028267 14.3099847401 1.6133262543 
14.8652617895 14.4811924065 1.59215346279 
14.8791046106 14.7366664971 1.60362465393 
14.8856393063 14.9128641451 1.51587449956 
14.9466887676 15.1337502266 1.00460298274 
15.0244932735 15.2406224248 0.782292765538 
15.1655469501 15.345823061 0.411611141106 
15.3130953872 15.396512937 0.194689908531 
15.4548378253 15.4099471981 0.145265866148 
15.6636016631 15.4221720363 0.153581053048 
15.8364507557 15.4345859105 0.160371988144 
15.9679635504 15.4437275196 0.159352913136 
16.1509496533 15.4553360308 0.131103474913 
16.345289793 15.4670599664 0.153731306986 
16.539070543 15.4794093485 0.130373072725 
16.6979324185 15.4897113706 0.123557216355 
16.8464512193 15.4988412524 0.154685667866 
17.0080057346 15.5095338191 0.151420034716 
17.1912292206 15.5207481945 0.135282896989 
17.3237318956 15.5282083417 0.140576962246 
17.4556443655 15.537008133 0.117664324914 
17.6907211506 15.550225463 0.138648695587 
17.8687806093 15.5609962011 0.131127207402 
17.9999053442 15.56752136 0.137833127035 
18.1786527598 15.5769697691 0.138064132217 
18.381854769 15.5881142879 0.13349335501 
18.5648775065 15.5970280434 0.123487989493 
18.7707977259 15.6069264377 0.121957669764 
18.853934046 15.6093426312 0.121837150565 
19.0967457258 15.6283334757 0.359878418358 
19.3028547728 15.7089969183 0.742846450303 
19.3383877241 15.733442005 0.878136415808 
19.3383877241 15.733442005 0.878136415808 
19.3383877241 15.733442005 0.878136415808 
19.3383877241 15.733442005 0.878136415808 
19.3383877241 15.733442005 0.878136415808 
19.3383877241 15.733442005 0.878136415808 
19.3383877241 15.733442005 0.878136415808 
19.0312824213 16.6228270496 3.33905392618 
18.8628098929 16.5980141128 3.65449556455 
18.7421569788 16.5406068529 3.76873003973 
18.5692717993 16.4346759284 3.76530154035 
18.4323151075 16.3534840311 3.74848490512 
18.2897140944 16.2663170064 3.76476465968 
18.1578729117 16.1849243606 3.76054297334 
18.0079419577 16.0925455655 3.73838185059 
17.8619792425 16.0071166123 3.75510137931 
17.7118344271 15.9166580404 3.75053066438 
17.5477380716 15.8181041444 3.75160174871 
17.4220178091 15.7421603168 3.75513212789 
17.2803964579 15.6582837368 3.75775641444 
17.1803482735 15.5985591377 3.75410456368 
17.0438049996 15.5173318351 3.76754871171 
16.8289898598 15.3906184102 3.75642366424 
16.6357691848 15.2729915048 3.71364190788 
16.5138548576 15.2049682441 3.54323023434 
16.3371292317 15.1520635153 3.45948119262 
16.172673341 15.1097330565 3.45937240475 
16.022703942 15.0735251273 3.48073489567 
15.8458544762 15.0311094935 3.43414525805 
15.6642072761 14.9857841695 3.4589864943 
15.4410969579 14.9333611096 3.44800123301 
15.2411757075 14.8808313573 3.45835470385 
15.0650093519 14.8377041186 3.65877854911 
14.9345468247 14.7788398827 3.91727074264 
14.7504982912 14.5783256854 4.44394429395 
14.7076183521 14.4506604041 4.699226922 
14.7033137047 14.2833841408 -1.30474120587 
14.7437875235 14.1175105537 -1.20893313894 
14.8124915325 13.896080252 -1.21049483969 
14.8621569836 13.7187495197 -1.14229002664 
14.8733870947 13.6845971311 -1.15273939216 
14.991050061 13.4457830156 -0.630758014776 
14.991050061 13.4457830156 -0.630758014776 
15.3452622854 13.2416526044 -0.297842034592 
15.4961169028 13.181377765 -0.283828069677 
15.6370495522 13.1267098154 -0.103255804027 
15.8188340404 13.1004313196 -0.011141601004 
15.9360512347 13.0893512929 -0.00803351815282 
16.1479573214 13.0697454179 0.115718773435 
16.3227132225 13.0825074876 0.384012828321 
16.4635438287 13.1286116804 0.463664237386 
16.6051380002 13.1838937963 0.399649104281 
16.756547805 13.2401591505 0.303211830739 
16.9084997141 13.2723913158 0.149537828352 
17.0581206047 13.2841449941 0.158988776057 
17.2054735386 13.2900284494 0.141664334178 
17.3568210566 13.3005361522 0.143178094212 
17.4896596634 13.3097903694 0.141232086759 
17.671225425 13.3208662237 0.13912222371 
17.8111879789 13.3298594917 0.139894826325 
17.9720387423 13.3407512868 0.137319176341 
18.1265282595 13.3495537008 0.190704369427 
18.2842228376 13.3682156766 0.42990597962 
18.4165725672 13.4205270971 0.747164906884 
18.5350148642 13.5154778923 1.03206461272 
18.6238217318 13.6476036275 1.33156538976 
18.6638689005 13.7791300977 1.62707047268 
18.6662983858 13.9080830778 1.76118272525 
18.6534469092 14.0217397178 1.75645960448 
18.6399803125 14.1352841819 1.75671382468 
18.6192638838 14.3105064596 1.75506700848 
18.6035683119 14.4609290923 1.78016075821 
18.5873396361 14.5966221655 1.93344544381 
18.5040819609 14.8019186223 2.33229712838 
18.3781812155 14.953893658 2.39333685053 
18.2579100096 15.0910495038 2.43979809345 
18.1091473066 15.2284187966 2.63437931252 
17.9747703039 15.3135775889 2.65377713011 
17.8374114 15.4026697541 2.72057809559 
17.6719475948 15.4844741041 3.033799645 
17.5427995884 15.5065349008 3.28644321823 
17.4273875916 15.498451438 3.3846500929 
17.3331779205 15.482664373 3.35457685834 
17.2659525835 15.4749480749 3.38020432159 
17.1547989809 15.4582640494 3.36590694455 
17.0414606297 15.44218139 3.35340315408 
16.8918418848 15.4208227808 3.36771344418 
16.7211691701 15.3947476114 3.35708141857 
16.5318419897 15.367160883 3.36690071688 
16.3469002509 15.3375698889 3.35681588601 
16.1531488859 15.3118192742 3.34914857457 
15.9706186318 15.2867643016 3.30068172078 
15.8464855851 15.2703081372 3.4539767941 
15.7298625075 15.2442678141 3.77633494824 
15.6599474662 15.212279022 4.06915337679 
15.6142179036 15.1799014586 4.4405495698 
15.5825298094 15.1727132464 -1.42317676936 
15.5651274287 15.1693055446 -1.14144071527 
15.543921169 15.1593195836 -0.812218116313 
15.5214591586 15.135089312 -0.327316000391 
15.5177081787 15.1056956465 0.129902022528 
15.5490342044 15.1007215793 0.263964470308 
15.6221266055 15.1136242116 0.291042065867 
15.686277371 15.1284330154 0.286818692841 
15.7736560666 15.1476664285 0.287863998599 
15.8851538218 15.1717285703 0.272749821726 
15.9604290539 15.1966829191 0.0751525066124 
15.9906654694 15.2148080862 -0.285997253649 
15.9922399634 15.2359831445 -0.572439778096 
15.9850038924 15.2794724668 -0.911884057627 
15.9903027677 15.2868688109 -1.02015447535 
15.9878141397 15.2848342287 -1.00708425729 
15.9877134451 15.2850173751 -1.00782143965 
15.9877469205 15.2849375571 -1.00739354625 
15.9877488204 15.2849291565 -1.00755834393 
15.9877485448 15.2849316935 -1.00746110522 
15.9877343216 15.2851547042 -1.0070179111 
15.9877800533 15.285136495 -1.00718202893 
15.9876973295 15.2852757427 -1.00593913868 
15.9876934626 15.2852638739 -1.00631873924 
15.9882013911 15.2858299615 -1.00995632278 
15.9877891951 15.2850992123 -1.00729169727 
15.9876476267 15.2853237393 -1.00589171229 
15.9877985903 15.2850920821 -1.0074775439 
15.9876892531 15.2852690222 -1.00612222911 
15.9877021724 15.2852711568 -1.00652465542 
15.9876668715 15.2852881553 -1.00598175264 
15.9877677971 15.2851126718 -1.00709603277 
15.9878820666 15.2852872911 -1.00803388634 
15.9877752626 15.2851044426 -1.00717604151 
15.9882863426 15.2861374209 -1.01084527991 
15.9877780491 15.2851174625 -1.00728070655 
15.9878117704 15.2851092669 -1.0074273758 
15.9877560848 15.2854592542 -1.00763623714 
15.9878088647 15.2850753742 -1.00749499793 
15.9877552205 15.2850995327 -1.00698483925 
