15.8398076856 15.170663398 0.387798198164 
15.8400635236 15.1709945912 0.386792517217 
15.839761071 15.1706460605 0.387397448145 
15.8400641346 15.1709916557 0.386902196757 
15.8397968189 15.1706411282 0.387799599202 
15.8400616498 15.1709954257 0.386620060435 
15.8400565908 15.1709625314 0.386818013115 
15.8400614449 15.1709701235 0.386824112215 
15.8397901655 15.1706019084 0.387739325332 
15.8400592582 15.1709597821 0.386897586739 
15.8398027384 15.1706136356 0.387785184598 
15.8398044334 15.1706115196 0.387510727933 
15.8400678599 15.1709786172 0.386721550326 
15.8400489689 15.1709512661 0.386758953852 
15.8397944906 15.1706040467 0.387661867757 
15.840029955 15.170950901 0.386489650121 
15.8400670589 15.1709659065 0.386826104656 
15.8400538639 15.1709524209 0.386668642273 
15.840068862 15.1709514523 0.386614193279 
15.8398197704 15.1706087927 0.387626675917 
15.8398135864 15.1706318895 0.38764568594 
15.8398209253 15.1706243942 0.38745071839 
15.8398216517 15.1706125552 0.387563367837 
15.839818027 15.170619596 0.387678264456 
15.8398265504 15.1706180761 0.387078403264 
15.8399485276 15.1706975664 0.387285103296 
15.8398199343 15.1706514249 0.387251968463 
15.8397914619 15.1706120113 0.387477222733 
15.8398763501 15.1699888448 0.381729944818 
15.839729719 15.1706669892 0.386624725042 
15.8409430647 15.1715840737 0.376810730385 
15.8397500591 15.1705401654 0.393006881681 
15.8397764118 15.1705580617 0.393023726171 
15.839780301 15.170575347 0.393223111711 
15.8396553883 15.1704890544 0.385631738334 
15.8399382682 15.1709489862 0.386151702382 
15.8399351129 15.1709482933 0.385903343468 
15.8397190721 15.1706391017 0.3868815911 
15.8397361265 15.1706291551 0.386945561791 
15.83963044 15.1697926039 0.37988759685 
15.8396646009 15.1698346774 0.380154378047 
15.8397173249 15.1706290732 0.387137611256 
15.8395688498 15.1697391311 0.379165067784 
15.8397404329 15.1706506724 0.387102691918 
15.8397620433 15.1706442351 0.386745787997 
15.8527618797 15.173087355 0.37407830407 
15.8977483205 15.187968638 0.356615961551 
15.9114122224 15.2086852586 0.0657293327695 
15.9257514776 15.2175572368 -0.0562523015484 
15.9844923728 15.2090228873 -0.0765773570614 
16.042101171 15.1997164416 -0.0716425631906 
16.1516555512 15.1833377744 -0.0920836825992 
16.2934842968 15.1616245026 -0.0703050458803 
16.4111469352 15.1452695096 -0.0852128453969 
16.5620420539 15.1220396275 -0.0848031818178 
16.8208954894 15.0815067554 -0.0747835633464 
16.960041877 15.0595008249 -0.0729714798493 
17.2135658228 15.0213579799 -0.0749599837174 
17.4031954968 14.9927457387 -0.0884706756203 
17.5432639086 14.9715464378 -0.0793116677707 
17.7141959631 14.9445887173 -0.0765739567866 
17.9662136995 14.9045643474 -0.0648878358697 
18.1553926432 14.8772817219 -0.171427151135 
18.2845668757 14.8474583293 -0.378373864364 
18.4745743239 14.7326607073 -0.822241026752 
18.534258362 14.6637809242 -0.998063969519 
18.6177985632 14.4732883538 -1.20219178493 
18.6600615942 14.331467923 -1.20263915934 
18.7192263567 14.1242221559 -1.43719980362 
18.7215583288 13.9630688394 4.64831047229 
18.7110693419 13.8867375816 4.63488746015 
18.6968305075 13.7869856323 4.62705429442 
18.6968305075 13.7869856323 4.62705429442 
18.6025338137 13.477897879 4.09625590721 
18.4860749209 13.2871360744 2.7474389188 
18.4860749209 13.2871360744 2.7474389188 
18.0688276255 13.2157288755 3.16646555484 
17.8423528635 13.2274883951 3.16630333524 
17.7334376537 13.233939525 3.16906072114 
17.6423928702 13.2384835447 3.17101535596 
17.4119125568 13.249005195 3.16460653594 
17.2748329603 13.2561769451 3.16353584226 
17.1556669438 13.2647662128 3.16594807676 
17.0376031363 13.2723946537 3.16905240319 
16.9763810598 13.2796908582 3.1890653246 
16.6949234569 13.293852445 3.28695698598 
16.5370340907 13.2779092754 3.44765815344 
16.3550091648 13.2316907609 3.39543526046 
16.2351260745 13.2059820856 3.16219133503 
16.1007592046 13.2149442399 3.00416929452 
15.9870738276 13.2414389814 3.0101730736 
15.8769359478 13.2697560752 3.19381468929 
15.7910376453 13.276233908 3.40795540405 
15.6838259065 13.2550380195 3.43294762813 
15.5205407107 13.2191683019 3.43444949474 
15.3838278019 13.1891540254 3.42878542413 
15.2247746551 13.154914018 3.26870382506 
15.0439874494 13.1530245508 2.91032663097 
14.8944509589 13.2023032869 2.61739574863 
14.815631386 13.2550216878 2.44335765177 
14.815631386 13.2550216878 2.44335765177 
14.6252226793 13.6062695945 1.80774342207 
14.5942734444 13.7764185632 1.81648836512 
14.5717301333 13.918667909 1.74395039669 
14.5717301333 13.918667909 1.74395039669 
14.5141980612 14.3705754841 1.48669943092 
14.5461885893 14.5066933001 1.34211255934 
14.5782524311 14.5922985638 1.18425612977 
14.6853795015 14.7699428464 0.78547504498 
14.7908990347 14.8568382526 0.536230371949 
14.9262434804 14.9164612258 0.352080915594 
15.1047285163 14.9663676883 0.344041068143 
15.2831182444 15.0179119373 0.292164823652 
15.442050364 15.0574147815 0.347069230357 
15.5889389777 15.0974714721 0.347683933624 
15.7243649625 15.1355592946 0.348780058017 
15.9190855232 15.1904585885 0.338725430005 
16.109181922 15.242741152 0.328922588104 
16.2519085073 15.2810344214 0.350389041592 
16.4126294815 15.3245034332 0.104444568747 
16.4950098955 15.3283528278 0.027121389833 
16.7077830398 15.3255215252 0.0463223662148 
16.854773637 15.3216197307 0.0498669543075 
17.0378311836 15.3182313556 0.0665710437246 
17.2554355824 15.3130918781 0.044543142295 
17.4235839808 15.3106960917 0.0397255145763 
17.5455629789 15.3085232938 0.0451686991527 
17.7075884306 15.3055690269 0.0703956965189 
17.9201896155 15.3022390048 0.0554413354105 
18.1909944975 15.2890209744 -0.268662360475 
18.3789837324 15.2059216204 -0.690861520574 
18.5077879393 15.0743048156 -1.03967803347 
18.5699017012 14.9381315375 -1.30167535234 
18.5964002573 14.7743700112 -1.37263073289 
18.6197798216 14.5985219444 -1.3905408882 
18.638289448 14.4372047747 -1.38393696498 
18.6550507509 14.2216964925 4.65649781245 
18.6341228449 14.0809617008 4.6309831245 
18.6032295191 13.893215176 4.59602988317 
18.5802543127 13.7542015279 4.44683477796 
18.5218257868 13.5939910377 4.15945677733 
18.493184086 13.5492389167 4.03623307209 
18.2764949762 13.3759565319 3.47199335339 
18.1422305071 13.3491492237 3.33972414337 
17.9954876864 13.3295540775 3.29855294007 
17.8046139443 13.3128282989 3.30195083978 
17.625687834 13.2979880537 3.3054272307 
17.4646203482 13.2840187515 3.30322758136 
17.2597306931 13.2670837606 3.30147267981 
17.0818799698 13.2537239755 3.30280513003 
16.9507520163 13.2502422298 3.31086936466 
16.8276939356 13.239781257 3.30393698121 
16.5720815026 13.2186063493 3.28027354348 
16.3949700558 13.2042492593 3.28370938775 
16.2524331176 13.1892138685 3.29790174385 
16.1424359643 13.1801842416 3.29597706425 
16.0026935526 13.1691883768 3.29251619873 
15.7918765732 13.1531060899 3.29558391874 
15.667612102 13.1441179479 3.29553440636 
15.5045790934 13.1316674913 3.25809192287 
15.3341609799 13.1195956434 3.080786005 
15.0901995265 13.1768575872 2.60218606823 
15.0150373542 13.2254461015 2.42204295313 
14.9834307396 13.255783316 2.31710633731 
14.7926056349 13.5707679952 1.76207793479 
14.7751017773 13.7144533361 1.56908691864 
14.7940243446 13.8398909534 1.39968902474 
14.837849375 14.0105419124 1.58317505007 
14.8464276754 14.1335439647 1.59247452507 
14.8562481367 14.2661545242 1.63200563112 
14.8630151713 14.4114576543 1.6472231827 
14.8716990912 14.5677901472 1.63333273029 
14.8765026295 14.6929171051 1.60609348619 
14.8856393063 14.9128641451 1.51587449956 
14.9221589529 15.080267709 1.13197148594 
14.9904515707 15.197539978 0.884919206768 
15.1655469501 15.345823061 0.411611141106 
15.3042045199 15.3934744711 0.194704455109 
15.4623094761 15.4091494645 0.122660677906 
15.6421078407 15.4214175756 0.150313388146 
15.7778327578 15.4302892948 0.163893717234 
15.980377745 15.4441088552 0.162013468157 
16.2028257513 15.4588045294 0.131009189158 
16.4192233049 15.4713781143 0.153292905384 
16.567274388 15.481044289 0.13893865074 
16.7583880388 15.4936433698 0.152009524432 
16.9196149075 15.5037252868 0.15138405892 
17.0874972307 15.5146176482 0.147369119235 
17.2510070765 15.5244331623 0.148979733514 
17.4073767626 15.5331034924 0.138012722861 
17.5636910164 15.5431880916 0.135405894807 
17.7570214235 15.5548879469 0.13444901079 
17.9066188299 15.562326696 0.142275249424 
18.1103625261 15.5731118287 0.139548843266 
18.2496976816 15.5808609391 0.136655595006 
18.4830567801 15.5928942228 0.137787562009 
18.7067043745 15.6036857332 0.128342555428 
18.853934046 15.6093426312 0.121837150565 
18.853934046 15.6093426312 0.121837150565 
19.1887657606 15.6508049036 0.553498611864 
19.3383877241 15.733442005 0.878136415808 
19.3383877241 15.733442005 0.878136415808 
19.3383877241 15.733442005 0.878136415808 
19.3383877241 15.733442005 0.878136415808 
19.3383877241 15.733442005 0.878136415808 
19.3383877241 15.733442005 0.878136415808 
19.3383877241 15.733442005 0.878136415808 
19.0098192656 16.6232802833 3.37890612231 
18.834137913 16.5872241224 3.69144896366 
18.7421569788 16.5406068529 3.76873003973 
18.5623793566 16.4303835596 3.76416784155 
18.4256644213 16.3482025827 3.76396683205 
18.3036925757 16.2749133075 3.76615425677 
18.1136262381 16.1576683486 3.75066758922 
17.9364614451 16.0530998672 3.76119049344 
17.8259885275 15.9849415387 3.76328653189 
17.6609073841 15.8868399228 3.75084480332 
17.4644079172 15.7686129774 3.75108742826 
17.2733287775 15.654013362 3.75460419292 
17.1329976284 15.5702281857 3.75509644594 
16.8986465895 15.4308877851 3.75343539734 
16.7499361002 15.3420715297 3.7513287766 
16.6357691848 15.2729915048 3.71364190788 
16.4652507269 15.1853325854 3.47579964588 
16.3498625123 15.1556940044 3.46603178386 
16.135330137 15.1009976084 3.46437363205 
15.9654390105 15.0594620521 3.46203711112 
15.7954902687 15.0176762308 3.47591541979 
15.5784042441 14.9649777676 3.46164995517 
15.4695728981 14.9389744664 3.45364766907 
15.2495632135 14.8833489383 3.46246288184 
15.0377232992 14.8285259868 3.69598823329 
14.9188045227 14.7685377265 3.95845618634 
14.7568106615 14.5885498489 4.4466247401 
14.7027803623 14.4235932792 -1.51481804641 
14.7159396374 14.2156954969 -1.22573917483 
14.7626012528 14.0600571598 -1.22161061754 
14.8303397858 13.8336318696 -1.20120856968 
14.8621569836 13.7187495197 -1.14229002664 
14.8733870947 13.6845971311 -1.15273939216 
14.8733870947 13.6845971311 -1.15273939216 
14.991050061 13.4457830156 -0.630758014776 
15.3642828428 13.2343045438 -0.301301969764 
15.4319197499 13.2073506082 -0.298993862168 
15.6174402797 13.1332586969 -0.138704928327 
15.8272135594 13.1000019277 -0.014188175427 
15.9873689526 13.0862444604 -0.0154783120188 
16.1661594176 13.0683342184 0.136283976783 
16.3604547643 13.0930029119 0.423704860847 
16.5302997791 13.1560722555 0.40602750962 
16.6996871197 13.2200430597 0.355862784182 
16.8041025364 13.2575036252 0.232500675831 
16.967169162 13.2790671552 0.149621353636 
17.1277841293 13.285798427 0.133775570124 
17.3568210566 13.3005361522 0.143178094212 
17.4896596634 13.3097903694 0.141232086759 
17.6927270853 13.3221689428 0.140918029624 
17.8195760214 13.3304448093 0.139803780031 
17.9507508242 13.3392655815 0.13940836271 
18.1479175055 13.3504533733 0.212262724954 
18.2548465693 13.3619474138 0.380020322189 
18.4528477156 13.4458025659 0.867121051509 
18.5800387823 13.5693358148 1.16303431409 
18.6432983839 13.6937249864 1.45613299401 
18.6677534544 13.8636254037 1.72683414549 
18.6584861242 13.9686148132 1.75209640168 
18.6493928396 14.0563565458 1.75691794787 
18.6277425253 14.2363674606 1.75604280393 
18.6053497755 14.4424937333 1.7795419483 
18.5891671145 14.5839885438 1.90926967551 
18.4942378962 14.81524786 2.34040808034 
18.4101109469 14.919091847 2.38435856972 
18.292520281 15.0526636357 2.40388324366 
18.1830787623 15.1718497018 2.58226463777 
18.0347378218 15.2761719714 2.6611355516 
17.9064869845 15.3576116155 2.66584213903 
17.719863888 15.4649610634 2.9308530921 
17.5671532118 15.5065399672 3.24579349034 
17.461373564 15.5034238363 3.38032325324 
17.3609329426 15.4872423972 3.37991382189 
17.2734261715 15.4754246289 3.36383046828 
17.1926346981 15.4648874516 3.37310791586 
17.1052061283 15.4512056077 3.36713571828 
16.9222874605 15.4256180341 3.36005260145 
16.6836084091 15.3901215012 3.36488103766 
16.5113627278 15.3639014179 3.35033366477 
16.3469002509 15.3375698889 3.35681588601 
16.1748003327 15.3142573426 3.35476627204 
15.9925630951 15.2888368929 3.33418671029 
15.8165761345 15.2648805755 3.51592763218 
15.6863516682 15.229374707 3.93788889341 
15.651784029 15.208962031 4.13820243089 
15.6058760249 15.1756868998 4.50853871796 
15.5804509782 15.1732776875 -1.39298899392 
15.5608608389 15.1681243742 -1.06875345182 
15.5342149102 15.1510504673 -0.611447539102 
15.5209789538 15.1332412104 -0.29252488139 
15.5175815487 15.1197710524 -0.0876347281621 
15.5259977543 15.1010147298 0.204332445073 
15.5668778681 15.1018771345 0.292279897866 
15.6336846614 15.1165535564 0.293982465812 
15.7065973842 15.1331747437 0.285768699401 
15.8643653003 15.1663166175 0.293082381362 
15.9392098264 15.1889723318 0.178218824218 
15.9782971033 15.2046208831 -0.0728546142763 
15.9933014997 15.226883813 -0.475083194027 
15.987470802 15.2550960875 -0.759105603054 
15.9858462327 15.286546916 -0.992417369864 
15.9888841623 15.2879920343 -1.01572420114 
15.9865870067 15.2852184551 -1.01099830587 
15.9878391513 15.2848507839 -1.00952993072 
15.9876455778 15.2851023453 -1.00616500596 
15.9877870643 15.2849251966 -1.00734972079 
15.9877559954 15.2849277782 -1.00731590784 
15.9877702707 15.2851009558 -1.00738322492 
15.9878171348 15.2851039732 -1.00757055721 
15.9877616056 15.2851714047 -1.00705770467 
15.9877994322 15.2851297858 -1.00802856123 
15.9876833075 15.2852607297 -1.00877070563 
15.9876181447 15.2853305081 -1.00585399782 
15.9877962508 15.2851067188 -1.0073524108 
15.9876390212 15.285341617 -1.0057988383 
15.9876392373 15.2853306646 -1.00571854662 
15.987614561 15.2853463034 -1.00575145957 
15.9876331725 15.2852959151 -1.00585953344 
15.9878061676 15.2851059737 -1.0074851965 
15.9876635038 15.285262611 -1.00622454817 
15.9878066519 15.2850780713 -1.00749814947 
15.9877972418 15.2851342561 -1.0072326743 
15.9876471573 15.2852742674 -1.00606247546 
15.987661522 15.2852859611 -1.00654215853 
15.9877174461 15.2851086336 -1.00690531834 
15.9876503685 15.2853020171 -1.0059316111 
15.9877949544 15.2851171794 -1.00722403374 
