15.8398076856 15.170663398 0.387798198164 
15.8398378716 15.170656685 0.388039940762 
15.839761071 15.1706460605 0.387397448145 
15.8398784177 15.1715840811 0.379342918321 
15.8397968189 15.1706411282 0.387799599202 
15.8398194649 15.1706179718 0.387614371809 
15.8414625787 15.1706159006 0.404582997059 
15.8397675754 15.1706341321 0.387487653033 
15.8398032786 15.1706180165 0.387908519286 
15.8400713318 15.1709655563 0.386882257164 
15.840058785 15.1709601025 0.386741626096 
15.8400519193 15.1709539259 0.386580396613 
15.8400536292 15.1709708462 0.386789140564 
15.8397944869 15.1706033165 0.387647323985 
15.8400497959 15.1709454695 0.386658109367 
15.8397941739 15.1706076751 0.387686065746 
15.8397923076 15.1706105287 0.387740786108 
15.8398095408 15.1706089939 0.387726957422 
15.8398018257 15.1705926026 0.38738083058 
15.8400588037 15.1709520931 0.386661945048 
15.8397979477 15.1706187988 0.387683730064 
15.8398102001 15.1706159825 0.387653275515 
15.8400689663 15.1709399785 0.386706797611 
15.8400726282 15.1709683577 0.38659464269 
15.8400620409 15.1709512437 0.386426329515 
15.8398108372 15.1706106926 0.387540858292 
15.8414882646 15.1705983768 0.403915259821 
15.8399305792 15.1707031841 0.387592044689 
15.839746155 15.1705351959 0.387568461565 
15.839816101 15.1706301237 0.387219339131 
15.840575371 15.1709545518 0.390177106236 
15.839727793 15.1706552918 0.386819366738 
15.8400954978 15.1711499135 0.387133788471 
15.8397500591 15.1705401654 0.393006881681 
15.8397635632 15.1705758686 0.393080959078 
15.8397746795 15.1705638955 0.393454958819 
15.8395961226 15.1698653216 0.37947648924 
15.839717921 15.1706592033 0.387035700092 
15.8397011423 15.1706377829 0.386996951342 
15.8397238293 15.1706469248 0.387019218911 
15.8399683164 15.1709924678 0.385899918624 
15.8399806024 15.1709443072 0.385925330482 
15.8399017641 15.1700703467 0.382219784233 
15.8397165911 15.1706210564 0.38717214657 
15.8399784454 15.1709436069 0.386178360155 
15.8399048113 15.170071047 0.382041361859 
15.8399931529 15.1709675903 0.385802332548 
15.8397596182 15.170630839 0.386558616635 
15.8527618797 15.173087355 0.37407830407 
15.9023217141 15.1920500661 0.319226888625 
15.9117452149 15.201546252 0.199610035783 
15.9176868555 15.2155582851 -0.0214247531047 
15.9757122734 15.2107472702 -0.0806395389525 
16.0212888085 15.2028899642 -0.0739649369404 
16.1057017111 15.1901905651 -0.0810757218839 
16.2290357613 15.1712510476 -0.0771974728311 
16.4438484871 15.1401492546 -0.0821830474351 
16.5829496944 15.1180042143 -0.0741293686974 
16.6846543514 15.1026671345 -0.0612252303749 
16.8719359004 15.0732802267 -0.0769411514114 
17.0228599274 15.0499732012 -0.0738870617796 
17.1418541634 15.0321954156 -0.0738555621499 
17.3327830994 15.0038405622 -0.0992218054142 
17.4841591084 14.980311122 -0.0936411976752 
17.6349472963 14.9571767117 -0.0803123301458 
17.80246472 14.9302104081 -0.0806108021827 
17.9526836836 14.9065717424 -0.0606608893426 
18.0915121996 14.8861507441 -0.079353625136 
18.2016458475 14.8692522014 -0.228624707478 
18.3866090738 14.7999246682 -0.59590579483 
18.4902691805 14.7169514264 -0.855331670838 
18.5759296381 14.5932300056 -1.12623566372 
18.6333470308 14.4236634339 -1.2035672599 
18.6720893347 14.2948766316 -1.21827436392 
18.720439192 14.1158505643 -1.45769936106 
18.7232553923 13.9757711853 4.65016383341 
18.7021074259 13.8254251445 4.63593676311 
18.6968305075 13.7869856323 4.62705429442 
18.6968305075 13.7869856323 4.62705429442 
18.6025338137 13.477897879 4.09625590721 
18.6025338137 13.477897879 4.09625590721 
18.4860749209 13.2871360744 2.7474389188 
18.1848761999 13.2165583337 3.2171985489 
18.0688276255 13.2157288755 3.16646555484 
17.9480750525 13.2216190065 3.1680932659 
17.8286125624 13.2280918325 3.17138473542 
17.6423928702 13.2384835447 3.17101535596 
17.424855467 13.2482396329 3.16479601577 
17.2748329603 13.2561769451 3.16353584226 
17.1556669438 13.2647662128 3.16594807676 
17.0376031363 13.2723946537 3.16905240319 
16.9188911879 13.2828433479 3.16580784224 
16.6767124498 13.2961814369 3.31697254342 
16.5095798933 13.2749725545 3.50328466007 
16.3864977324 13.2424977983 3.44711790193 
16.2607993149 13.2109562124 3.24091061114 
16.1607787573 13.2057820524 3.04513137355 
16.009756636 13.2350665296 2.99323566802 
15.921051886 13.2585865224 3.08545125612 
15.800955739 13.2770270074 3.39711099257 
15.761699062 13.2725087369 3.43467269002 
15.6277306342 13.2429591382 3.4361549951 
15.4248942101 13.198203441 3.43354174829 
15.2621719205 13.1613954271 3.32654940989 
15.1662534439 13.147958156 3.15981111697 
15.0359873139 13.1542988981 2.89821865203 
14.880494591 13.2101229394 2.58047492614 
14.815631386 13.2550216878 2.44335765177 
14.815631386 13.2550216878 2.44335765177 
14.632705208 13.5652540887 1.82172175742 
14.6252226793 13.6062695945 1.80774342207 
14.5717301333 13.918667909 1.74395039669 
14.5717301333 13.918667909 1.74395039669 
14.520994302 14.2343794073 1.69683084258 
14.5157798493 14.3825473155 1.44847424718 
14.5647197926 14.5646311606 1.18454925793 
14.6103934013 14.6599948967 1.01764397114 
14.6992776358 14.784169432 0.723639070524 
14.8446348869 14.8846826817 0.398692644076 
14.9379460179 14.9199037815 0.354876116695 
15.0842462146 14.9608998562 0.341502302579 
15.213941034 14.9955190981 0.372980995129 
15.4218428695 15.0541010464 0.342823018862 
15.5684349799 15.0922963286 0.350981384612 
15.6826728993 15.1238886158 0.348472645367 
15.8031778597 15.1587628911 0.363071818319 
16.0315443092 15.2227344106 0.316774843632 
16.1253197306 15.2469157113 0.328913997661 
16.3033687436 15.2989383789 0.259963586586 
16.3885545694 15.3209899704 0.129795633327 
16.5560614431 15.3256623412 0.0499881930363 
16.7161636912 15.3243099342 0.0518539706179 
16.8465861642 15.3220748121 0.0530228834224 
17.0257859194 15.318392847 0.0507485348899 
17.1585164034 15.3153936828 0.0394139039028 
17.3447780573 15.3116032446 0.056862429208 
17.5163730347 15.3087565939 0.0438627748895 
17.6483341419 15.3066913972 0.0414500969043 
17.8176097834 15.3047860304 0.0467591048399 
17.9801764452 15.3019245605 0.0371005076281 
18.102807995 15.2989435794 -0.0907553992043 
18.28186154 15.2606012879 -0.459641329532 
18.3608860933 15.2184630542 -0.648067687302 
18.5197968447 15.0565648491 -1.08571527534 
18.5609233343 14.9674489165 -1.26548536532 
18.6008262598 14.7363051141 -1.36946022562 
18.6158745253 14.6231849159 -1.38974126316 
18.6315612757 14.4892514909 -1.37251055406 
18.6567006075 14.2533650363 4.68701516743 
18.6493804419 14.1694911684 4.62817200583 
18.6111595595 13.9443063701 4.61294760403 
18.5839204752 13.774662372 4.48484599361 
18.5522589647 13.6591088737 4.26282663313 
18.493184086 13.5492389167 4.03623307209 
18.3952054941 13.4426660503 3.73195625858 
18.185013529 13.3509645427 3.35998665814 
18.0557098353 13.3331744636 3.29184536924 
17.8772547209 13.3193060125 3.31147247254 
17.7669557297 13.3099229301 3.30162646583 
17.5881305897 13.2952305044 3.30684887593 
17.4210931027 13.2807420457 3.30281982184 
17.2511496508 13.2664380039 3.3014882358 
17.0818799698 13.2537239755 3.30280513003 
16.8999468052 13.2470186914 3.30158639498 
16.7960423791 13.2365943159 3.33400558408 
16.6228280031 13.223163482 3.2843526272 
16.4323214852 13.208670255 3.29818702589 
16.2740462982 13.1904402936 3.29528731349 
16.1424359643 13.1801842416 3.29597706425 
15.9977872857 13.1685088838 3.28373396359 
15.8641276547 13.1588853563 3.29525424543 
15.7409551406 13.1494506563 3.29663881019 
15.517180767 13.1327308382 3.26196488542 
15.3422607743 13.1196120943 3.09325474845 
15.2126313412 13.1310645307 2.8482181096 
15.0310847723 13.2129572595 2.46456234007 
14.9834307396 13.255783316 2.31710633731 
14.9834307396 13.255783316 2.31710633731 
14.7779374086 13.6438925231 1.60826156002 
14.7855089867 13.7831542457 1.44596024468 
14.7940243446 13.8398909534 1.39968902474 
14.837849375 14.0105419124 1.58317505007 
14.8480532133 14.1546322072 1.63377507925 
14.8567377293 14.2846049632 1.65060702209 
14.8649830782 14.4705643619 1.61038440886 
14.8725825512 14.6194847787 1.62787830587 
14.8791046106 14.7366664971 1.60362465393 
14.8856393063 14.9128641451 1.51587449956 
14.9275431001 15.0960034842 1.07888495122 
15.0244932735 15.2406224248 0.782292765538 
15.1655469501 15.345823061 0.411611141106 
15.3130953872 15.396512937 0.194689908531 
15.4824039602 15.4103083427 0.135870262528 
15.6210076177 15.4199679906 0.143425824589 
15.8180919924 15.4337190355 0.155872029633 
15.9606826418 15.4425353522 0.155557865766 
16.1283910089 15.4539942558 0.144902457335 
16.2630053126 15.4628949876 0.126244862157 
16.4088873827 15.4703102524 0.155504570301 
16.567274388 15.481044289 0.13893865074 
16.7795459592 15.4955232407 0.140052435733 
16.8885875308 15.5015047158 0.157063754084 
17.0874972307 15.5146176482 0.147369119235 
17.2118325197 15.5227616693 0.149774344293 
17.4213780129 15.5344339872 0.121034418592 
17.543777939 15.5421379472 0.139907028462 
17.6949468815 15.5504885579 0.137370488517 
17.9278447592 15.5633467997 0.142667995025 
18.0891578161 15.5723239149 0.135238341456 
18.2123689615 15.5785099829 0.134063652444 
18.3529362642 15.5872289206 0.129918850585 
18.5778295958 15.5978027547 0.120739105596 
18.7665169203 15.6067543889 0.122671548859 
18.853934046 15.6093426312 0.121837150565 
18.853934046 15.6093426312 0.121837150565 
19.2459304297 15.6749755705 0.673870146831 
19.3383877241 15.733442005 0.878136415808 
19.3383877241 15.733442005 0.878136415808 
19.3383877241 15.733442005 0.878136415808 
19.3383877241 15.733442005 0.878136415808 
19.3383877241 15.733442005 0.878136415808 
19.3383877241 15.733442005 0.878136415808 
19.3383877241 15.733442005 0.878136415808 
19.080366131 16.6542450155 0.901079796798 
18.92086887 16.6142272914 3.56118171047 
18.7316040957 16.5338443483 3.77021865703 
18.5798139536 16.4413171972 3.76588499347 
18.4399480784 16.3568677867 3.76539590648 
18.3214790785 16.2854841913 3.76569576409 
18.1748506987 16.1964742506 3.77436603498 
18.063048836 16.1266302432 3.7454480321 
17.8932108843 16.0267795886 3.75991108985 
17.7312738859 15.9269876445 3.75971276113 
17.6297383272 15.8685302103 3.75801654274 
17.4464706146 15.7576818431 3.74951232875 
17.2803964579 15.6582837368 3.75775641444 
17.1177343094 15.5614756609 3.76139242416 
16.9745860064 15.4760680611 3.76665899104 
16.8541351521 15.4057602848 3.75705535781 
16.7170320713 15.3224853913 3.74769293928 
16.5771611893 15.2374709634 3.61673490593 
16.4920788371 15.1953435878 3.49493094993 
16.2870646679 15.1387506465 3.4768607033 
16.1229240262 15.0987290407 3.46481240175 
15.9227318132 15.0484554286 3.46284178428 
15.7268521601 15.0008670653 3.45786851384 
15.5288011694 14.9537692035 3.46798033139 
15.3470484578 14.9086755777 3.47849144268 
15.1460528338 14.8592852021 3.54528894951 
15.0154767596 14.820570674 3.7703653953 
14.9188045227 14.7685377265 3.95845618634 
14.7568106615 14.5885498489 4.4466247401 
14.7008804047 14.4022834862 -1.46289810531 
14.7159396374 14.2156954969 -1.22573917483 
14.7587444746 14.0718111957 -1.21817978666 
14.7901570761 13.9614506925 -1.25588545169 
14.8464606964 13.7679972614 -1.26481361026 
14.8733870947 13.6845971311 -1.15273939216 
14.8733870947 13.6845971311 -1.15273939216 
14.991050061 13.4457830156 -0.630758014776 
15.278223809 13.2663975919 -0.290466013822 
15.4116728866 13.2156029905 -0.29902210549 
15.4961169028 13.181377765 -0.283828069677 
15.6744010114 13.1171432699 -0.0585543683544 
15.8479567693 13.0985835756 -0.0198116484149 
16.0386744254 13.0808004106 0.00140624552716 
16.1756184661 13.068563577 0.150625881366 
16.3099431061 13.0795055593 0.36895812938 
16.4821020329 13.1384578908 0.40920409273 
16.6729010903 13.2092195714 0.384658790042 
16.8041025364 13.2575036252 0.232500675831 
16.916811701 13.2760550941 0.17596698354 
17.0581206047 13.2841449941 0.158988776057 
17.2560552322 13.293611523 0.141607704949 
17.4592677319 13.3078663314 0.141094860955 
17.5802525246 13.3146089281 0.140379277232 
17.7525514328 13.3258765901 0.139148149298 
17.9507508242 13.3392655815 0.13940836271 
18.1051175558 13.3481669391 0.175716024435 
18.2430288756 13.3604333366 0.351589892761 
18.3816709482 13.4018359149 0.649651773582 
18.5350148642 13.5154778923 1.03206461272 
18.5891029799 13.5839744771 1.20585434384 
18.6587331259 13.7503594125 1.57436258893 
18.6651248896 13.923474666 1.76707638978 
18.6554815733 13.9936286176 1.7459049376 
18.6473064386 14.0722336734 1.75500739525 
18.6277425253 14.2363674606 1.75604280393 
18.6094276869 14.3989600504 1.75825735225 
18.5744037592 14.653669473 2.05002450951 
18.484247204 14.8280823494 2.35040560924 
18.4101109469 14.919091847 2.38435856972 
18.2295591795 15.1231305862 2.48753363913 
18.1204583609 15.221360272 2.64286201517 
17.9747703039 15.3135775889 2.65377713011 
17.7943370306 15.4283132369 2.7991525129 
17.6719475948 15.4844741041 3.033799645 
17.5744458401 15.5055711831 3.22586956491 
17.4328836166 15.4990188445 3.38357311965 
17.3235858643 15.4823706562 3.34409322314 
17.2687375509 15.4748657311 3.36865608619 
17.1775728428 15.4623183871 3.35003429922 
17.072727915 15.447297659 3.38087650378 
16.9009450638 15.4219959492 3.35786516911 
16.7423014605 15.3986932749 3.36676719685 
16.5623367989 15.3715201879 3.34849316103 
16.4037368261 15.3461053486 3.37942886444 
16.2085559928 15.318368722 3.35919652159 
16.0607550257 15.2972573156 3.33136081225 
15.8660988753 15.2726567465 3.4658014593 
15.7607971096 15.2535755842 3.67556381606 
15.6744138562 15.2206447127 3.99478792417 
15.6065733397 15.1756444837 4.51161201705 
15.5925648176 15.1687598268 4.70295375999 
15.5691385233 15.1699650476 -1.20306317335 
15.5503928923 15.1612215976 -0.897244139278 
15.5334457123 15.1516130681 -0.609565110564 
15.5183363223 15.1252452622 -0.170253177306 
15.5162634813 15.1106378401 0.0526811605606 
15.5512159133 15.1002107228 0.287860685646 
15.5986813271 15.1090808178 0.297364996643 
15.6906795168 15.1296290571 0.289641814567 
15.806278404 15.1561168025 0.241030449856 
15.8743609154 15.1687222237 0.28774686715 
15.9327011855 15.1860431174 0.205919785538 
15.9706740492 15.2005544866 0.011871127588 
15.9936367386 15.2171462479 -0.334480290143 
15.9871210941 15.2535306944 -0.737498386946 
15.9878008329 15.2876462417 -0.987509862782 
15.9894758278 15.287828319 -1.01002917936 
15.9877720141 15.2849526892 -1.0077952071 
15.987816427 15.2848383526 -1.00929365749 
15.9877687507 15.2849269661 -1.00743929911 
15.9877487385 15.2849396656 -1.00743822307 
15.9877559954 15.2849277782 -1.00731590784 
15.9877702707 15.2851009558 -1.00738322492 
15.9877709636 15.2851086485 -1.0074638042 
15.9877616056 15.2851714047 -1.00705770467 
15.9877758288 15.2851100753 -1.00724548402 
15.9877380842 15.2851463521 -1.00697152808 
15.9878048935 15.2850856821 -1.00731184834 
15.9876476267 15.2853237393 -1.00589171229 
15.9877918475 15.2850955131 -1.00745349643 
15.9876421952 15.2853096428 -1.00594858428 
15.9877741301 15.2851241196 -1.00721182855 
15.9876331725 15.2852959151 -1.00585953344 
15.9878061676 15.2851059737 -1.0074851965 
15.9877622091 15.2851459796 -1.0070092126 
15.987729583 15.2851746122 -1.0069507786 
15.9876516202 15.2853249314 -1.00581202082 
15.9877630809 15.2851543839 -1.00704585408 
15.9881016948 15.2852284277 -1.00419631952 
15.9880338499 15.285179809 -1.00290138567 
15.9877709263 15.2851084548 -1.00719207019 
15.9877949544 15.2851171794 -1.00722403374 
15.9877949544 15.2851171794 -1.00722403374 
