15.8398135864 15.1706318895 0.38764568594 
15.8398191334 15.1706031824 0.387712133044 
15.8398173825 15.1706053282 0.387470083052 
15.839818027 15.170619596 0.387678264456 
15.8400808723 15.1709575991 0.386207347048 
15.8400648945 15.170929272 0.38642881877 
15.8400501833 15.1709924231 0.385991062467 
15.8400548213 15.1709476078 0.386510848694 
15.8395818734 15.1697420294 0.379932993131 
15.839729719 15.1706669892 0.386624725042 
15.839846708 15.1717395152 0.378020962306 
15.8397443109 15.1705495159 0.393108917377 
15.8397675232 15.1705530326 0.392779742124 
15.839780301 15.170575347 0.393223111711 
15.8396758848 15.1704731772 0.385559649384 
15.8399453984 15.1709878633 0.386215714162 
15.8396996559 15.1706138218 0.386750322514 
15.8399581389 15.1710224936 0.385858548337 
15.8399804012 15.1709596107 0.385750098293 
15.83963044 15.1697926039 0.37988759685 
15.8399458566 15.1708244199 0.384916408598 
15.8399788589 15.1709797497 0.386079472151 
15.8399966174 15.1709331612 0.385992760224 
15.8399064691 15.1700469146 0.381870496301 
15.8399775961 15.1709786693 0.385970817533 
15.8399906309 15.1709759946 0.385533311765 
15.861262167 15.1773283931 0.384027817674 
15.9044147256 15.1931305269 0.303213557885 
15.911664039 15.2005422043 0.218880538416 
15.9200169203 15.2161424907 -0.031279172305 
15.9650674575 15.2123348529 -0.0892822023942 
16.0542533362 15.1976328867 -0.0720685002297 
16.1516555512 15.1833377744 -0.0920836825992 
16.2855611109 15.1627741719 -0.0702533231011 
16.4111469352 15.1452695096 -0.0852128453969 
16.5829496944 15.1180042143 -0.0741293686974 
16.7622355187 15.0901965911 -0.0767857755672 
16.8719359004 15.0732802267 -0.0769411514114 
17.0228599274 15.0499732012 -0.0738870617796 
17.2428768837 15.016616028 -0.0775325612969 
17.3753330671 14.9974564279 -0.0817741932785 
17.5639284813 14.968391713 -0.0824740606356 
17.7346929276 14.9407812024 -0.0847519236299 
17.8750127518 14.9197037483 -0.0802657770112 
18.0740604364 14.8891118432 -0.0971027763762 
18.2434577906 14.8593815232 -0.30721215758 
18.3939132654 14.7956644858 -0.611083777607 
18.4960930311 14.7107710207 -0.871755923043 
18.571970936 14.6007463301 -1.1152819162 
18.614620682 14.4900821413 -1.21386322167 
18.6693363154 14.3030040229 -1.21603042487 
18.7192263567 14.1242221559 -1.43719980362 
18.7232553923 13.9757711853 4.65016383341 
18.7098016703 13.8780381645 4.63410894858 
18.6968305075 13.7869856323 4.62705429442 
18.6968305075 13.7869856323 4.62705429442 
18.6025338137 13.477897879 4.09625590721 
18.6025338137 13.477897879 4.09625590721 
18.4860749209 13.2871360744 2.7474389188 
18.2068147623 13.2186766828 3.24379492128 
18.0688276255 13.2157288755 3.16646555484 
17.9480750525 13.2216190065 3.1680932659 
17.8286125624 13.2280918325 3.17138473542 
17.6464626753 13.2383388246 3.1727521171 
17.5229537451 13.2434395517 3.1647547412 
17.4032070601 13.2495534385 3.16405579009 
17.1556669438 13.2647662128 3.16594807676 
17.0376031363 13.2723946537 3.16905240319 
16.9188911879 13.2828433479 3.16580784224 
16.6949234569 13.293852445 3.28695698598 
16.5599290096 13.2822753156 3.44776290876 
16.4443977439 13.2563484872 3.41978260687 
16.2756935918 13.214136001 3.27755398088 
16.1720794999 13.2047520841 3.05640251772 
16.0427903348 13.2271462644 2.9929051884 
15.915717261 13.2599637474 3.09498420445 
15.8504238055 13.2748608554 3.27650801728 
15.7798880675 13.2749063934 3.42003904633 
15.6677692347 13.2518186534 3.43560384744 
15.5122884774 13.2175372804 3.43656357332 
15.3754863107 13.1871634687 3.42532961009 
15.2167880499 13.1537495817 3.25297498396 
15.0725499355 13.1487320627 2.97108045258 
14.9368570411 13.1833540166 2.6885123096 
14.815631386 13.2550216878 2.44335765177 
14.815631386 13.2550216878 2.44335765177 
14.6252226793 13.6062695945 1.80774342207 
14.6252226793 13.6062695945 1.80774342207 
14.5807008707 13.8618254627 1.78488213969 
14.5717301333 13.918667909 1.74395039669 
14.5717301333 13.918667909 1.74395039669 
14.5169602596 14.359065708 1.47848251753 
14.5249907934 14.4578487838 1.31008041599 
14.5819401705 14.6035410131 1.10981127949 
14.6599552595 14.7366870607 0.834402536548 
14.7633808815 14.8386546041 0.616961982729 
14.9262434804 14.9164612258 0.352080915594 
15.0106988513 14.941687193 0.343328150342 
15.1614159309 14.9826741482 0.286677026915 
15.3461950981 15.0341062064 0.335582015267 
15.4640451634 15.0648184086 0.368434484601 
15.6050930881 15.101884302 0.351796760078 
15.7813494765 15.1530131439 0.363175722392 
15.8911905329 15.1830133835 0.33218409811 
16.1171818339 15.2450361305 0.331366510581 
16.2163839006 15.2716347652 0.318679632846 
16.3671733105 15.3162078972 0.1754725822 
16.4798138105 15.3272654007 0.0665236219341 
16.6108946764 15.3256604935 0.0581903319472 
16.7963210308 15.3225733305 0.0570695820692 
16.9271229469 15.3201309408 0.0511731610954 
17.0766326153 15.3169455717 0.0477361600991 
17.3141785824 15.3122915889 0.0513154609817 
17.4517637455 15.3099894191 0.0505809848563 
17.6064530575 15.3075025121 0.061487170939 
17.7876870596 15.3050684969 0.0459215476224 
17.9710171187 15.3023068572 0.0447907849191 
18.1326005423 15.2970163191 -0.150544060328 
18.2411384546 15.2757507155 -0.376693213436 
18.4094808066 15.1827729459 -0.769872074516 
18.4910204374 15.0980868901 -0.976240365497 
18.5729005301 14.920428809 -1.33782957298 
18.5972447359 14.7658402289 -1.37139499026 
18.6130297148 14.6481382812 -1.37600605374 
18.6340599024 14.4674530591 -1.37113903691 
18.6493985617 14.3563246692 -1.46413639852 
18.6556765997 14.2305834259 4.66386516019 
18.6291956865 14.0514105524 4.63012317493 
18.6062390768 13.9150663579 4.60765321614 
18.5802543127 13.7542015279 4.44683477796 
18.5218257868 13.5939910377 4.15945677733 
18.493184086 13.5492389167 4.03623307209 
18.3066391909 13.3889346088 3.53112640369 
18.1618971789 13.346443888 3.33597706551 
18.008646723 13.3294519151 3.28901494037 
17.8254353964 13.3148422206 3.30472715411 
17.6966534817 13.304270264 3.30515849337 
17.5881305897 13.2952305044 3.30684887593 
17.3860729897 13.2776552404 3.30228323663 
17.2295745575 13.2645889486 3.29998419213 
17.1106253826 13.256532904 3.29316638361 
16.9507520163 13.2502422298 3.31086936466 
16.7960423791 13.2365943159 3.33400558408 
16.6342121923 13.2241560186 3.34690541014 
16.4746771419 13.2108865942 3.2972128576 
16.3466790878 13.1958860124 3.28757675616 
16.2057522201 13.1857260431 3.29775648269 
16.032022711 13.1714140142 3.2829478913 
15.8726353386 13.1594823564 3.29574725515 
15.749488216 13.1500030721 3.29692436548 
15.5045790934 13.1316674913 3.25809192287 
15.3223881089 13.1195350851 3.06721480967 
15.1837032997 13.1382917131 2.78435363832 
14.9998599255 13.240820762 2.36814895209 
14.9834307396 13.255783316 2.31710633731 
14.9834307396 13.255783316 2.31710633731 
14.7859929764 13.5858319963 1.80317295955 
14.7769018376 13.6622226203 1.56814583838 
14.7940243446 13.8398909534 1.39968902474 
14.832817074 13.9963805641 1.54209191729 
14.8434841597 14.0730982984 1.61092680276 
14.8546748125 14.2183668579 1.64544067832 
14.8596382105 14.366108116 1.64457878627 
14.8673846686 14.5239685739 1.58781716748 
14.874209162 14.626289543 1.60975638766 
14.8793675863 14.8104845847 1.58929600518 
14.8856393063 14.9128641451 1.51587449956 
14.9191275203 15.0733126367 1.15954459379 
14.9904515707 15.197539978 0.884919206768 
15.1073573792 15.3114385719 0.532554162797 
15.2842268908 15.3899369801 0.197683625763 
15.4548378253 15.4099471981 0.145265866148 
15.6210076177 15.4199679906 0.143425824589 
15.7467693054 15.4282186295 0.137837158806 
15.8788559382 15.4376928026 0.156890873835 
16.0387171769 15.4485644812 0.143353106396 
16.1934303605 15.4583092595 0.136659993908 
16.3049985432 15.4645259196 0.148367989728 
16.4981558883 15.4770558293 0.154657308279 
16.6643826925 15.4876369203 0.125472139242 
16.7871932947 15.4960371817 0.136182316936 
16.9780837261 15.5082901979 0.144702047198 
17.0874972307 15.5146176482 0.147369119235 
17.2347069943 15.5227763916 0.136245327617 
17.4649814331 15.5368020202 0.13445041206 
17.5949764216 15.5439969862 0.133061969422 
17.7570214235 15.5548879469 0.13444901079 
17.8854486906 15.5612530972 0.138948534348 
18.0805892908 15.5721726085 0.135018064054 
18.2001140082 15.5781376029 0.133255627635 
18.3431770765 15.5856177772 0.139199462604 
18.5000619852 15.5935156907 0.137656790788 
18.6685836279 15.6021422709 0.125709842271 
18.8181164229 15.6087348724 0.130338154391 
18.853934046 15.6093426312 0.121837150565 
19.0967457258 15.6283334757 0.359878418358 
19.2730791533 15.6907112564 0.702780730421 
19.3383877241 15.733442005 0.878136415808 
19.3383877241 15.733442005 0.878136415808 
19.3383877241 15.733442005 0.878136415808 
19.3383877241 15.733442005 0.878136415808 
19.3383877241 15.733442005 0.878136415808 
19.3383877241 15.733442005 0.878136415808 
19.3383877241 15.733442005 0.878136415808 
19.3383877241 15.733442005 0.878136415808 
18.879437443 16.6035666431 3.6272955003 
18.7485868895 16.5450712408 3.77153851272 
18.623069998 16.4678091968 3.76672263727 
18.4760069811 16.3787170614 3.76989838998 
18.4076068365 16.3376067842 3.76640349724 
18.2717707121 16.2553787197 3.76482593394 
18.1136262381 16.1576683486 3.75066758922 
17.9810125792 16.0782307948 3.75943393194 
17.8259885275 15.9849415387 3.76328653189 
17.7118344271 15.9166580404 3.75053066438 
17.6100231373 15.8562108243 3.75260870122 
17.4464706146 15.7576818431 3.74951232875 
17.3423951828 15.6946862901 3.75886978535 
17.2473076546 15.6392409171 3.75743754039 
17.0438049996 15.5173318351 3.76754871171 
16.9487756455 15.4606750722 3.76409954026 
16.775462743 15.357205 3.74958936937 
16.6289249026 15.2685218791 3.71445985106 
16.4652507269 15.1853325854 3.47579964588 
16.3039436304 15.1430755297 3.47121515483 
16.2090870702 15.1189015026 3.4567499795 
16.022703942 15.0735251273 3.48073489567 
15.8249339276 15.0248237068 3.47793166991 
15.6766378098 14.9888069744 3.46125496545 
15.5288011694 14.9537692035 3.46798033139 
15.4036064708 14.9225833977 3.47697019006 
15.2895439231 14.8948915864 3.47715001599 
15.1112918222 14.8508309091 3.57717163532 
14.9868511521 14.8073000277 3.81342440141 
14.9188045227 14.7685377265 3.95845618634 
14.7568106615 14.5885498489 4.4466247401 
14.6994014942 14.3436084951 -1.35418060519 
14.731737014 14.1565104688 -1.23024206996 
14.7848794424 13.9818236793 -1.25743889235 
14.8464606964 13.7679972614 -1.26481361026 
14.8733870947 13.6845971311 -1.15273939216 
14.8733870947 13.6845971311 -1.15273939216 
14.991050061 13.4457830156 -0.630758014776 
15.3835639917 13.2269219125 -0.300997749712 
15.5355147981 13.1647173131 -0.254463548846 
15.6744010114 13.1171432699 -0.0585543683544 
15.8356773109 13.0993970598 -0.0171076435493 
16.0600317829 13.077988025 0.0161036399559 
16.186888721 13.0675398077 0.178185540196 
16.3668811285 13.093497392 0.499811522865 
16.5302997791 13.1560722555 0.40602750962 
16.691870507 13.2171250547 0.355416171544 
16.8854197228 13.2744929756 0.176826177081 
17.0157037937 13.2815175022 0.168711755843 
17.1974828207 13.2895553077 0.141457333116 
17.3568210566 13.3005361522 0.143178094212 
17.4379531109 13.3066189254 0.140825567829 
17.6419273579 13.3190453018 0.137939370285 
17.8026136124 13.3293824161 0.141509323693 
17.993226763 13.3420519794 0.138528415333 
18.1479175055 13.3504533733 0.212262724954 
18.2548465693 13.3619474138 0.380020322189 
18.4613156283 13.4510070051 0.843555910182 
18.5551319086 13.5366963113 1.08291977998 
18.6496415102 13.7135244573 1.50309354585 
18.6677467787 13.8240705694 1.69273075699 
18.6662983858 13.9080830778 1.76118272525 
18.6546144449 14.0037391151 1.74806269179 
18.6366772616 14.1610275472 1.75495949598 
18.6183199846 14.3191906179 1.75442362537 
18.602086302 14.4737406934 1.7818111469 
18.5860106909 14.6051219071 1.94718540622 
18.5500476324 14.7209870184 2.19672419854 
18.4329807722 14.8924161459 2.37874387308 
18.3506836855 14.9850283528 2.39172687598 
18.2579100096 15.0910495038 2.43979809345 
18.1347322428 15.211498501 2.63043564039 
18.0417966807 15.2718901003 2.65917476912 
17.917106148 15.350437891 2.67516788944 
17.7756767237 15.4391048069 2.82902220383 
17.6524593794 15.4906698431 3.08358166995 
17.4675408566 15.5039721991 3.37950355421 
17.4030288422 15.4948363865 3.38362421776 
17.30081689 15.4801881577 3.37794232687 
17.2441068852 15.4707782979 3.35777732304 
17.1640685761 15.4600979502 3.35468620873 
16.9903472626 15.434731182 3.35784902903 
16.87987661 15.4191901202 3.36159915144 
16.7211691701 15.3947476114 3.35708141857 
16.5536141359 15.3711579407 3.36981461324 
16.3469002509 15.3375698889 3.35681588601 
16.1621200108 15.3125515992 3.35492441482 
16.0094723516 15.2907831112 3.33167297948 
15.8345889078 15.2683621293 3.4986798833 
15.7192046755 15.2399010023 3.81601265091 
15.6411665195 15.1970490555 4.18681843675 
15.6022630894 15.1734259392 4.56606671739 
15.576762613 15.1725623573 -1.33177196936 
15.5506156945 15.1633203144 -0.912654208887 
15.5393480026 15.1549336875 -0.723005652371 
15.5230490529 15.1373197476 -0.36815182056 
15.5181637668 15.12415218 -0.153442868662 
15.5224692785 15.1028909499 0.181077455536 
15.5548763835 15.1002885217 0.289751659977 
15.6221266055 15.1136242116 0.291042065867 
15.6798049622 15.1276976953 0.291393068505 
15.7676417195 15.1462663601 0.286770411934 
15.8743609154 15.1687222237 0.28774686715 
15.925298635 15.1833660419 0.220613284871 
15.9782971033 15.2046208831 -0.0728546142763 
15.9928868302 15.2215987186 -0.400697855029 
15.9871210941 15.2535306944 -0.737498386946 
15.9849985802 15.283120882 -0.945549941238 
15.9891078809 15.2876493039 -1.01640042634 
15.9878383541 15.2849342229 -1.00743707435 
15.9878212401 15.2849472875 -1.00761868363 
15.9882105329 15.2856173294 -1.01135202878 
15.9878745564 15.2851150038 -1.00798377924 
15.9877487385 15.2849396656 -1.00743822307 
15.9876858779 15.2851486432 -1.00635996965 
15.9877671787 15.2851573194 -1.00711238543 
15.9875918367 15.2854106652 -1.00798331973 
15.9876973295 15.2852757427 -1.00593913868 
15.9877308422 15.2852010543 -1.00921254435 
15.9877380842 15.2851463521 -1.00697152808 
15.9878048935 15.2850856821 -1.00731184834 
15.9877917581 15.2851166765 -1.00732855004 
15.9877643475 15.2851363907 -1.00714747726 
15.9876403549 15.2853199991 -1.00578716065 
15.9876980894 15.2852782684 -1.00629550355 
15.9877852612 15.2851185615 -1.00717010095 
15.9877586478 15.285136726 -1.0072591998 
15.9881717452 15.2859115715 -1.00938949239 
15.9876725414 15.2852833385 -1.00606196424 
15.9880705067 15.286122259 -1.00807760361 
15.9876782634 15.2853105071 -1.00600577408 
15.9884565809 15.2864685098 -1.00696016275 
15.9881064334 15.2861136461 -1.00763206585 
15.9877949544 15.2851171794 -1.00722403374 
