15.8400392124 15.1709931905 0.386687797853 
15.8397997656 15.1706437359 0.387900642366 
15.8398652786 15.1706402863 0.388386308242 
15.8400619962 15.1709769855 0.386900836417 
15.8400607632 15.1709827895 0.386820621093 
15.8400616498 15.1709954257 0.386620060435 
15.8397681118 15.1706137548 0.387696963616 
15.8414632716 15.1708337257 0.402188675001 
15.8400394955 15.1709600131 0.386932405769 
15.8400736788 15.1709665994 0.386806114016 
15.8400606887 15.1709684769 0.386761133992 
15.8397961744 15.1706082637 0.387604504051 
15.8400527501 15.1709481517 0.386797452979 
15.8398202659 15.1706244836 0.387792514825 
15.8400513978 15.1709471534 0.386738145338 
15.8400615492 15.1709632168 0.386675149961 
15.8400663176 15.1709768812 0.386758370999 
15.8398053535 15.1705990399 0.387597572573 
15.8400517405 15.1709384585 0.386672618933 
15.8400750646 15.1709544624 0.386656738831 
15.840055328 15.1709744746 0.386625940483 
15.8400750012 15.1709446947 0.386799737067 
15.8400685528 15.1709594096 0.386727429166 
15.8398102411 15.1706123615 0.387693935365 
15.8398108372 15.1706106926 0.387540858292 
15.8400924691 15.1709708984 0.386527767173 
15.8399216161 15.170726348 0.387106030022 
15.8398289086 15.1706217716 0.387088865461 
15.8397962787 15.1706152449 0.387532060637 
15.840575371 15.1709545518 0.390177106236 
15.8396769353 15.1706383193 0.387306832967 
15.8397762553 15.1707934032 0.386630735677 
15.8398459257 15.1706275682 0.392881546863 
15.8397489377 15.1705603192 0.393328171501 
15.8397708723 15.1705547834 0.393397204789 
15.8397927323 15.1705734397 0.393226759844 
15.8396553883 15.1704890544 0.385631738334 
15.8399409206 15.1709497536 0.385878177375 
15.8397088313 15.1706513504 0.387074628032 
15.8399519474 15.1709890629 0.386107868512 
15.8399879673 15.1709334964 0.385942615441 
15.8398968914 15.1700414682 0.382232448409 
15.8399671243 15.1709616894 0.386110169377 
15.8397224211 15.1706204156 0.387136339411 
15.8396774941 15.1705166365 0.387449453547 
15.8397432381 15.1706272254 0.387141346689 
15.8399965988 15.1709732155 0.385701945697 
15.8459234798 15.1738794262 0.37326246801 
15.8792682049 15.1814576613 0.374212216323 
15.911664039 15.2005422043 0.218880538416 
15.9102171009 15.2093924659 0.0751569961375 
15.9482167551 15.2150218322 -0.0771711228378 
15.9934091085 15.2080917435 -0.0789312922377 
16.0857103729 15.1934225711 -0.0763889849237 
16.1516555512 15.1833377744 -0.0920836825992 
16.3219315076 15.1579470898 -0.0742153331245 
16.5107778871 15.1291960368 -0.0729409141492 
16.6553125941 15.1067244525 -0.0874531425618 
16.7622355187 15.0901965911 -0.0767857755672 
16.9307596647 15.0641562159 -0.0772776118949 
17.1333308184 15.0335024411 -0.0738065702739 
17.2344785893 15.0179431255 -0.0775962618714 
17.3753330671 14.9974564279 -0.0817741932785 
17.5308568441 14.9734331037 -0.0797696027351 
17.6842449867 14.9491950239 -0.078708347487 
17.8444608414 14.9234409595 -0.0734964582294 
17.9834301436 14.9026132787 -0.0678306693118 
18.1553926432 14.8772817219 -0.171427151135 
18.30043697 14.8414772118 -0.417041173631 
18.435914036 14.7664919759 -0.723099921506 
18.5528295004 14.6346631611 -1.05492609753 
18.6098575556 14.501061138 -1.20103913328 
18.645134207 14.3804537023 -1.19830893186 
18.7026333773 14.1952257122 -1.31794065721 
18.7242665255 14.0867831672 -1.50760989994 
18.7110693419 13.8867375816 4.63488746015 
18.6979660952 13.7955474819 4.63270615721 
18.6968305075 13.7869856323 4.62705429442 
18.6217806303 13.511827823 4.13039392241 
18.6025338137 13.477897879 4.09625590721 
18.4860749209 13.2871360744 2.7474389188 
18.4860749209 13.2871360744 2.7474389188 
18.1848761999 13.2165583337 3.2171985489 
17.9649763071 13.2210482324 3.16749018879 
17.8286125624 13.2280918325 3.17138473542 
17.7257902586 13.2348014081 3.17469562795 
17.5229537451 13.2434395517 3.1647547412 
17.4032070601 13.2495534385 3.16405579009 
17.2748329603 13.2561769451 3.16353584226 
17.0376031363 13.2723946537 3.16905240319 
16.9763810598 13.2796908582 3.1890653246 
16.9188911879 13.2828433479 3.16580784224 
16.5872401559 13.2875626052 3.43833540298 
16.4538855517 13.2573249305 3.4041655657 
16.2756935918 13.214136001 3.27755398088 
16.1571478808 13.2062147821 3.04153108808 
16.0542390906 13.2245932783 2.99463290568 
15.915717261 13.2599637474 3.09498420445 
15.8279796765 13.2779799665 3.34974681451 
15.769735057 13.2735981906 3.42998581457 
15.6344082021 13.2445589269 3.43741644166 
15.5043065512 13.2156542505 3.43404456422 
15.333835479 13.1768737997 3.40032366661 
15.2039293611 13.1519712175 3.23125534392 
15.0137138927 13.1587351526 2.83798278872 
14.8442387545 13.2328125204 2.48769426552 
14.815631386 13.2550216878 2.44335765177 
14.6386654341 13.5375735725 1.83255414913 
14.6252226793 13.6062695945 1.80774342207 
14.5844171011 13.8359746898 1.8497999737 
14.5717301333 13.918667909 1.74395039669 
14.5717301333 13.918667909 1.74395039669 
14.5274544918 14.4515066112 1.40447272575 
14.571033951 14.5786977375 1.17059587597 
14.6599552595 14.7366870607 0.834402536548 
14.7809879744 14.8501228953 0.556454190173 
14.8893729412 14.9029252792 0.37985492915 
15.0601604545 14.9532217945 0.366747375253 
15.198616203 14.9933490867 0.345171749101 
15.3705025279 15.0391180927 0.389438628948 
15.5072757268 15.0757477249 0.357868957508 
15.6455643737 15.1137392933 0.357443733624 
15.8031778597 15.1587628911 0.363071818319 
15.9401091897 15.1971373188 0.339389448077 
16.1171818339 15.2450361305 0.331366510581 
16.2430741751 15.2790814752 0.338885632435 
16.3732235992 15.3177060748 0.162642434696 
16.4950098955 15.3283528278 0.027121389833 
16.6221172177 15.3257230783 0.0600364217002 
16.8044041359 15.3224153782 0.0526682313516 
16.9586005175 15.3195742408 0.0352940038273 
17.0990209543 15.3165668661 0.038449026221 
17.2974464857 15.3122416402 0.069079587853 
17.4858980143 15.3093190009 0.0507843847209 
17.5836055243 15.3077302838 0.0485674797237 
17.8295552694 15.3036372552 0.0638538363544 
18.0019600355 15.3031258176 0.010343631527 
18.182615515 15.2905955764 -0.25315354434 
18.28186154 15.2606012879 -0.459641329532 
18.4633729422 15.1317340697 -0.910044089224 
18.5380010569 15.0234830792 -1.15354348466 
18.5901150667 14.8237028981 -1.37302207641 
18.61556625 14.6366208161 -1.35714380466 
18.6248059237 14.5305020774 -1.36527915237 
18.6528842413 14.3217649425 -1.50296678942 
18.653937813 14.2086098159 4.64705165666 
18.6175498926 13.9801452125 4.62483847719 
18.5953068697 13.8510179485 4.56427372709 
18.5730731451 13.7220492328 4.38492295507 
18.493184086 13.5492389167 4.03623307209 
18.4279110396 13.4737887348 3.82632378283 
18.227931019 13.36158013 3.41302335928 
18.1289551222 13.3431346382 3.32665908317 
17.9447157347 13.3248228992 3.30105801531 
17.7961509192 13.3120710815 3.30208154221 
17.6414654219 13.2998675073 3.30781545703 
17.5455572569 13.2911244596 3.30315222301 
17.293638941 13.2691965068 3.29686011956 
17.1316831076 13.2564823593 3.29703403008 
16.9880225622 13.2502211297 3.28748107226 
16.8352031076 13.2369631494 3.30406654849 
16.6940342748 13.2282139028 3.2862203079 
16.4833243453 13.2115017141 3.28502394486 
16.3466790878 13.1958860124 3.28757675616 
16.1330696606 13.1790653432 3.28679990508 
16.0231317097 13.1708272661 3.27766571159 
15.8301224151 13.1560877527 3.2954219896 
15.7193968856 13.1480184759 3.29680990047 
15.5480945968 13.134802934 3.29269542018 
15.3341609799 13.1195956434 3.080786005 
15.1957171523 13.1350940431 2.80927277175 
15.0815507137 13.1809037889 2.56647451364 
14.9834307396 13.255783316 2.31710633731 
14.9834307396 13.255783316 2.31710633731 
14.7859929764 13.5858319963 1.80317295955 
14.7751017773 13.7144533361 1.56908691864 
14.7940243446 13.8398909534 1.39968902474 
14.8478203976 14.041670915 1.61278944715 
14.8498806917 14.1754652227 1.65567994496 
14.8547028267 14.3099847401 1.6133262543 
14.8652617895 14.4811924065 1.59215346279 
14.8700098955 14.5735267366 1.59407022167 
14.880975362 14.8619923557 1.52602729509 
14.8856393063 14.9128641451 1.51587449956 
14.9868134224 15.192895409 0.88811412731 
15.0901017153 15.2999337206 0.578030891569 
15.274720844 15.3876938636 0.236650531813 
15.4049523437 15.4060821945 0.114281080517 
15.5830958747 15.4173010702 0.143323255627 
15.7035343015 15.4255209381 0.141845385826 
15.8446866275 15.4357369507 0.165328378076 
16.068690654 15.4504284526 0.14584569694 
16.231926527 15.4605864103 0.140622911912 
16.3664756679 15.4683773632 0.153179667427 
16.539070543 15.4794093485 0.130373072725 
16.6352944934 15.4851886893 0.154501984562 
16.8302540147 15.4979599381 0.150677260989 
16.9570798838 15.5063435698 0.153768174274 
17.1521742308 15.5177790488 0.144111210371 
17.2835841143 15.5265109206 0.127415860358 
17.4888218605 15.5385318364 0.114030770015 
17.614706155 15.5469588006 0.123472899615 
17.8034280502 15.5569626952 0.140572493329 
17.9663245642 15.565737095 0.137817209742 
18.1491270029 15.5753111208 0.134595580661 
18.3231754267 15.5854558314 0.131814944692 
18.5128979647 15.5945235158 0.129313864391 
18.6846709215 15.6027576591 0.13237929856 
18.8306329214 15.6093259717 0.130252152085 
18.853934046 15.6093426312 0.121837150565 
18.853934046 15.6093426312 0.121837150565 
19.2801709139 15.6950946713 0.75889727877 
19.3383877241 15.733442005 0.878136415808 
19.3383877241 15.733442005 0.878136415808 
19.3383877241 15.733442005 0.878136415808 
19.3383877241 15.733442005 0.878136415808 
19.3383877241 15.733442005 0.878136415808 
19.3383877241 15.733442005 0.878136415808 
19.3383877241 15.733442005 0.878136415808 
19.0731222593 16.6242749656 3.26856091569 
18.9416575396 16.6174783672 3.51162477824 
18.8020980322 16.5732054676 3.72665605036 
18.5267469847 16.4092529977 3.76638592176 
18.4076068365 16.3376067842 3.76640349724 
18.2012135946 16.2119922007 3.7636489802 
18.088221308 16.1418979729 3.74491266608 
17.9216883146 16.0443792308 3.76337731274 
17.7923825943 15.9653157557 3.77459071439 
17.6609073841 15.8868399228 3.75084480332 
17.5150309765 15.799085852 3.74968325236 
17.3667042219 15.7108299697 3.75716993324 
17.214030143 15.6189159418 3.75331990256 
17.1002192461 15.5506840015 3.75344866839 
16.9240719044 15.4457032199 3.75277288083 
16.775462743 15.357205 3.74958936937 
16.6095490419 15.2569457388 3.66304899447 
16.4431839549 15.1788881386 3.48079668002 
16.2791306638 15.1366070847 3.47752076636 
16.0805735254 15.087639686 3.4657383054 
15.9354392999 15.0528667385 3.46191232353 
15.787048977 15.0156591947 3.47498216448 
15.6286695563 14.9769782985 3.47016272285 
15.4223661983 14.9264705742 3.47250461215 
15.2120895946 14.8745824958 3.48090627071 
15.0725041592 14.8395942117 3.67170950781 
14.9188045227 14.7685377265 3.95845618634 
14.7614953482 14.5956140126 4.43004517431 
14.700894829 14.4150483573 -1.50023534808 
14.7062177622 14.2554641927 -1.2872317958 
14.7557800972 14.0796889032 -1.22913298567 
14.8102309668 13.9043312038 -1.21145620844 
14.8621569836 13.7187495197 -1.14229002664 
14.8733870947 13.6845971311 -1.15273939216 
14.8733870947 13.6845971311 -1.15273939216 
14.991050061 13.4457830156 -0.630758014776 
15.3995399439 13.2205885614 -0.299535929258 
15.5549927914 13.1568800176 -0.233992427907 
15.7096375638 13.1110032762 -0.0314976187382 
15.8479567693 13.0985835756 -0.0198116484149 
15.999710966 13.0851520265 -0.0158159634823 
16.1756184661 13.068563577 0.150625881366 
16.3529775703 13.0904298986 0.408094365735 
16.4635438287 13.1286116804 0.463664237386 
16.6323178374 13.194297191 0.396443951596 
16.747322973 13.2372883523 0.318910686456 
16.916811701 13.2760550941 0.17596698354 
17.1277841293 13.285798427 0.133775570124 
17.3361084425 13.2989358867 0.143953036306 
17.4679266178 13.3084336484 0.140761134011 
17.6009602511 13.3160445655 0.141089553822 
17.7901289427 13.3284796442 0.139617163042 
17.9038667643 13.3360979522 0.139517027739 
18.0836257898 13.347025987 0.162716086095 
18.2548465693 13.3619474138 0.380020322189 
18.3413724863 13.385562774 0.552110713882 
18.4613156283 13.4510070051 0.843555910182 
18.5629782641 13.5459372962 1.10489400017 
18.645921942 13.7012202705 1.47626010827 
18.6677534544 13.8636254037 1.72683414549 
18.6612265074 13.9506106342 1.76068892007 
18.6511948073 14.0440924133 1.75906829017 
18.6243386232 14.2665347422 1.75552710574 
18.6012973749 14.4816456402 1.79993276914 
18.5744037592 14.653669473 2.05002450951 
18.4707279169 14.8461669351 2.36922504697 
18.3671522104 14.9664727415 2.39174058176 
18.2579100096 15.0910495038 2.43979809345 
18.1273965799 15.2170681229 2.64106025939 
17.9662930929 15.3180061618 2.64943302882 
17.8696533405 15.3818841542 2.68971218044 
17.7700529062 15.4415355588 2.82321198153 
17.5073391163 15.5064436162 3.32675355797 
17.3609329426 15.4872423972 3.37991382189 
17.3101731503 15.480362531 3.35166466774 
17.2362658941 15.4699920083 3.3504557673 
17.1465262138 15.4569769914 3.36808592997 
16.9868380987 15.4342477883 3.35204266369 
16.8009809219 15.4079972173 3.36494538396 
16.6920680964 15.3907110209 3.36122263025 
16.4656399452 15.3577275837 3.3673697665 
16.2825097704 15.3315850238 3.35295362132 
16.08197416 15.3006707619 3.33763139309 
15.931134537 15.279974554 3.36670774927 
15.7856755146 15.258582257 3.59726674769 
15.6599474662 15.212279022 4.06915337679 
15.6022630894 15.1734259392 4.56606671739 
15.576762613 15.1725623573 -1.33177196936 
15.5620018804 15.1684392358 -1.09006236836 
15.543921169 15.1593195836 -0.812218116313 
15.5334457123 15.1516130681 -0.609565110564 
15.517904725 15.1213991011 -0.109776529385 
15.5177081787 15.1056956465 0.129902022528 
15.5490342044 15.1007215793 0.263964470308 
15.6190705561 15.1131333078 0.293315984766 
15.7031979674 15.1315516944 0.260310799199 
15.779859882 15.1491650308 0.289234545808 
15.9081075193 15.1785573962 0.260578443801 
15.968552474 15.1997839736 0.0262054304409 
15.9867040553 15.2119164153 -0.211621224266 
15.9889656195 15.2505680353 -0.725700433017 
15.9851123133 15.2806339937 -0.924766987003 
15.9887883404 15.2873312088 -1.02586162667 
15.9865870067 15.2852184551 -1.01099830587 
15.9877134451 15.2850173751 -1.00782143965 
15.9877364078 15.2849218997 -1.0073642651 
15.987669889 15.2850880849 -1.00618731073 
15.9877485448 15.2849316935 -1.00746110522 
15.9876887166 15.2852538566 -1.00892550848 
15.987772938 15.2851091812 -1.00761669075 
15.9877564796 15.2851999144 -1.00766524802 
15.9876927921 15.2852769795 -1.00633706256 
15.9876833075 15.2852607297 -1.00877070563 
15.987755675 15.2851705405 -1.00702685768 
15.9876936265 15.2852705049 -1.00620151919 
15.9877957964 15.2850984375 -1.00764434269 
15.9877248668 15.2852428297 -1.00914798483 
15.9876582437 15.2852953079 -1.00625928235 
15.9877706655 15.2851146387 -1.00731731443 
15.987794269 15.2850945483 -1.00729238015 
15.9876752534 15.2853098961 -1.0064073327 
15.9878066519 15.2850780713 -1.00749814947 
15.9877972418 15.2851342561 -1.0072326743 
15.9881394469 15.2851466762 -1.00306186561 
15.9879848623 15.28536227 -1.00129513891 
15.9877734521 15.2850880663 -1.00759666448 
15.9876699113 15.2852902452 -1.0062582631 
15.9877949544 15.2851171794 -1.00722403374 
15.9877949544 15.2851171794 -1.00722403374 
