15.8400392124 15.1709931905 0.386687797853 
15.8397912347 15.1706414709 0.387885109236 
15.8414666728 15.1706179048 0.404702837999 
15.8400641346 15.1709916557 0.386902196757 
15.8400603906 15.1709835345 0.386782356632 
15.8400507347 15.1709884594 0.386589614223 
15.8401937747 15.1710710863 0.387120318888 
15.8418712021 15.1706377606 0.4082208733 
15.8398006709 15.1705999638 0.387595864154 
15.840070855 15.1709626208 0.38668981539 
15.8398065158 15.1706253479 0.387599773736 
15.8400694319 15.1709506849 0.386656050015 
15.8400536292 15.1709708462 0.386789140564 
15.8398202659 15.1706244836 0.387792514825 
15.8398234734 15.1706209446 0.387654646214 
15.8400674687 15.1709582845 0.386655373685 
15.8400684894 15.1709662194 0.38676580147 
15.8400516139 15.1709503944 0.386794264099 
15.8400740774 15.1709729398 0.386776260054 
15.839813877 15.1706131215 0.387581917126 
15.8400635348 15.1709825883 0.386692417307 
15.8398215474 15.17061485 0.387530623384 
15.8398262897 15.1706251095 0.387677024248 
15.8398227842 15.170621563 0.387578987435 
15.8400620409 15.1709512437 0.386426329515 
15.8400914335 15.170950454 0.386627294213 
15.8398353645 15.1706216673 0.387184219716 
15.8400648945 15.170929272 0.38642881877 
15.8397549019 15.1705489645 0.387610819193 
15.8397919313 15.1706003363 0.387507706644 
15.8396868856 15.1706639046 0.387043347348 
15.8397035823 15.1706426183 0.386872452217 
15.8395383769 15.1710946004 0.382835222065 
15.839769926 15.1705635677 0.393215799492 
15.839761749 15.1705704818 0.393665847675 
15.8401324787 15.171425056 0.385901680529 
15.8395961226 15.1698653216 0.37947648924 
15.8397030161 15.1706509257 0.387062771635 
15.8397088313 15.1706513504 0.387074628032 
15.8397014738 15.1706382299 0.387044493703 
15.8399587722 15.1709496642 0.385728764807 
15.8396571727 15.1698324124 0.38028135834 
15.8399458566 15.1708244199 0.384916408598 
15.8397280463 15.1706151331 0.387175609537 
15.8395803609 15.1697658638 0.379360992099 
15.839745991 15.170616139 0.386788029736 
15.8397596182 15.170630839 0.386558616635 
15.8597715424 15.1768403801 0.378817773703 
15.9023217141 15.1920500661 0.319226888625 
15.9115649463 15.2072657014 0.0875577121348 
15.9233094939 15.2174164692 -0.0475834922101 
15.9650674575 15.2123348529 -0.0892822023942 
16.042101171 15.1997164416 -0.0716425631906 
16.1516555512 15.1833377744 -0.0920836825992 
16.2553608083 15.1676436851 -0.0852741054379 
16.3944101297 15.1468285213 -0.0714476761199 
16.6123903954 15.1128118897 -0.0709740805819 
16.7342759931 15.0950655008 -0.0883666672851 
16.8719359004 15.0732802267 -0.0769411514114 
17.0527172052 15.0457424636 -0.0744096879773 
17.2135658228 15.0213579799 -0.0749599837174 
17.4171043598 14.9911552484 -0.0809486826009 
17.5767736399 14.966559049 -0.0806604493013 
17.7141959631 14.9445887173 -0.0765739567866 
17.887255665 14.9173378314 -0.0751198201664 
18.0823893511 14.8885981704 -0.0942698674029 
18.2016458475 14.8692522014 -0.228624707478 
18.3672065699 14.8119020725 -0.565125756313 
18.480974909 14.7257726158 -0.836549047048 
18.5619544947 14.6197053159 -1.08480009131 
18.6177985632 14.4732883538 -1.20219178493 
18.6539401972 14.3520058955 -1.19672547804 
18.7102723086 14.1658089126 -1.36289129723 
18.7263460123 14.043569919 -1.56596978369 
18.7080159151 13.8649400438 4.63279828055 
18.6968305075 13.7869856323 4.62705429442 
18.6968305075 13.7869856323 4.62705429442 
18.6025338137 13.477897879 4.09625590721 
18.6025338137 13.477897879 4.09625590721 
18.4860749209 13.2871360744 2.7474389188 
18.4860749209 13.2871360744 2.7474389188 
18.0688276255 13.2157288755 3.16646555484 
17.9480750525 13.2216190065 3.1680932659 
17.8286125624 13.2280918325 3.17138473542 
17.6423928702 13.2384835447 3.17101535596 
17.5229537451 13.2434395517 3.1647547412 
17.4032070601 13.2495534385 3.16405579009 
17.1556669438 13.2647662128 3.16594807676 
17.0376031363 13.2723946537 3.16905240319 
16.9763810598 13.2796908582 3.1890653246 
16.7018130386 13.293714639 3.28913430898 
16.5995847547 13.2905462945 3.44008030952 
16.4378141725 13.2537989582 3.43556789458 
16.2695873344 13.2129000391 3.26308766189 
16.1973186993 13.203480121 3.08852805237 
16.0427903348 13.2271462644 2.9929051884 
15.8972026372 13.2644839252 3.13754531069 
15.8345466369 13.2771247591 3.3305803108 
15.7290169114 13.2658758129 3.44242652644 
15.6109890306 13.2390891279 3.43473328636 
15.4708501362 13.2084935869 3.43711685665 
15.3672946655 13.1851123537 3.42326257326 
15.2039293611 13.1519712175 3.23125534392 
15.0230629408 13.1568347181 2.86745846624 
14.9641275966 13.1730545724 2.75582890049 
14.815631386 13.2550216878 2.44335765177 
14.815631386 13.2550216878 2.44335765177 
14.6280285084 13.5886197055 1.82324733392 
14.6252226793 13.6062695945 1.80774342207 
14.5717301333 13.918667909 1.74395039669 
14.5717301333 13.918667909 1.74395039669 
14.5717301333 13.918667909 1.74395039669 
14.5141866171 14.3272121514 1.54867129323 
14.5461885893 14.5066933001 1.34211255934 
14.5788062775 14.5996862615 1.12566827068 
14.6599552595 14.7366870607 0.834402536548 
14.7999458277 14.8614605928 0.477358718158 
14.9039676153 14.9093069101 0.402254404884 
15.0106988513 14.941687193 0.343328150342 
15.1774555409 14.9874429072 0.362547244172 
15.3461950981 15.0341062064 0.335582015267 
15.5478192532 15.0868088866 0.35513423914 
15.6253741943 15.1073126758 0.349968602222 
15.7909737119 15.1549311394 0.358118168703 
15.9190855232 15.1904585885 0.338725430005 
16.1457583272 15.2526458886 0.329695723 
16.2430741751 15.2790814752 0.338885632435 
16.3430182302 15.3106680254 0.203061746313 
16.4950098955 15.3283528278 0.027121389833 
16.6314468944 15.3254610787 0.0474474410646 
16.8044041359 15.3224153782 0.0526682313516 
16.9876228535 15.3198164592 0.0432381481193 
17.1727206671 15.3150671611 0.06200889653 
17.2554355824 15.3130918781 0.044543142295 
17.4155216181 15.3108457665 0.0326944843293 
17.5978984797 15.3073495964 0.0538427557899 
17.7791702711 15.3046535219 0.0449231592516 
17.8989779913 15.3035662586 0.0501035166754 
17.9801764452 15.3019245605 0.0371005076281 
18.2038545572 15.2864701266 -0.297512066233 
18.3286097014 15.2383099164 -0.56264210195 
18.4356698954 15.1603253225 -0.832949257759 
18.5506348574 14.9958953823 -1.2128816874 
18.5855119192 14.856109109 -1.36876853156 
18.6008262598 14.7363051141 -1.36946022562 
18.6234021151 14.5473781193 -1.37218207708 
18.6444601976 14.3944752778 -1.41993663971 
18.6556765997 14.2305834259 4.66386516019 
18.6310169661 14.0642319883 4.6327133813 
18.6075618231 13.9235706295 4.61138387345 
18.5909969771 13.8254114355 4.52729570906 
18.5586655104 13.6802772249 4.29519402742 
18.493184086 13.5492389167 4.03623307209 
18.3952054941 13.4426660503 3.73195625858 
18.2464339697 13.3663893903 3.43775642778 
18.0390293562 13.3329763378 3.29775169102 
17.9364168608 13.3242081369 3.30303726818 
17.7751587593 13.3106454576 3.30151024297 
17.5881305897 13.2952305044 3.30684887593 
17.4123368227 13.2799866165 3.30221967691 
17.2511496508 13.2664380039 3.3014882358 
17.1106253826 13.256532904 3.29316638361 
16.9592738115 13.2492989267 3.33842054921 
16.7960423791 13.2365943159 3.33400558408 
16.5338386857 13.2152713502 3.30933436397 
16.4454495275 13.208384868 3.27328421692 
16.2227223479 13.1871050561 3.29783402783 
16.1129455232 13.1775418485 3.29195661533 
15.9106061758 13.1624554361 3.29609224444 
15.7324194723 13.1489440168 3.29687815172 
15.6169052982 13.140694734 3.29525365302 
15.4234290683 13.124090072 3.20670317166 
15.225287255 13.1283909048 2.8695270347 
15.1166278088 13.1636797155 2.63290919473 
14.9834307396 13.255783316 2.31710633731 
14.9834307396 13.255783316 2.31710633731 
14.8035736048 13.5250700677 1.90422762928 
14.7773379051 13.6861603225 1.5267393453 
14.7940243446 13.8398909534 1.39968902474 
14.8253585064 13.957470652 1.48274650933 
14.8478203976 14.041670915 1.61278944715 
14.8472953999 14.1642477478 1.6211231476 
14.8567377293 14.2846049632 1.65060702209 
14.8612139189 14.4197407926 1.65707292658 
14.8722574675 14.606257614 1.59316616016 
14.8779379093 14.709218439 1.6047057373 
14.8840688431 14.8727177943 1.50384710371 
14.9191275203 15.0733126367 1.15954459379 
14.977024492 15.1793943013 0.923820127988 
15.0901017153 15.2999337206 0.578030891569 
15.2160662377 15.3688611949 0.314997846714 
15.3638263309 15.4023229743 0.128621872543 
15.5195461773 15.4127121682 0.133288918394 
15.6862840765 15.4247008676 0.130596127902 
15.8653152493 15.4369031454 0.169932233991 
16.0090874695 15.4464624936 0.143239216463 
16.1584478581 15.4560949172 0.1448586129 
16.2703149879 15.4631427492 0.145496454524 
16.4088873827 15.4703102524 0.155504570301 
16.5938627088 15.4830287809 0.134156898562 
16.6860471928 15.4898965026 0.118987973738 
16.8885875308 15.5015047158 0.157063754084 
17.0790978634 15.5140754844 0.155339342259 
17.1605267489 15.5192971791 0.148404233888 
17.3845168316 15.5321271981 0.131560848471 
17.5153696501 15.5397489036 0.133002551094 
17.6648412907 15.5492778088 0.119722465194 
17.8687806093 15.5609962011 0.131127207402 
17.9578957522 15.5653196538 0.137910018565 
18.1103625261 15.5731118287 0.139548843266 
18.2926676237 15.5832858647 0.137676088855 
18.4590594732 15.5928896333 0.127624486157 
18.6045398676 15.5991157855 0.125323250677 
18.7278237307 15.604992416 0.134527089419 
18.853934046 15.6093426312 0.121837150565 
18.853934046 15.6093426312 0.121837150565 
19.2177555525 15.6639925505 0.592460677035 
19.3383877241 15.733442005 0.878136415808 
19.3383877241 15.733442005 0.878136415808 
19.3383877241 15.733442005 0.878136415808 
19.3383877241 15.733442005 0.878136415808 
19.3383877241 15.733442005 0.878136415808 
19.3383877241 15.733442005 0.878136415808 
19.3383877241 15.733442005 0.878136415808 
19.3383877241 15.733442005 0.878136415808 
19.0483708346 16.6225385631 3.29893950519 
18.9291276896 16.6160786117 3.54588548188 
18.7599558794 16.5510901178 3.76312186066 
18.5938532316 16.450128075 3.76622907601 
18.4940388167 16.3897501195 3.77070461208 
18.3827767336 16.3221005167 3.76204533986 
18.2012135946 16.2119922007 3.7636489802 
18.0707232916 16.1299412812 3.73289368491 
17.9290575945 16.0487288202 3.76134442973 
17.7995574438 15.9698536361 3.75295976535 
17.6837986672 15.8988190258 3.75048759239 
17.5477380716 15.8181041444 3.75160174871 
17.4104310238 15.7361423934 3.76010812469 
17.2911398375 15.6646876598 3.75611564088 
17.1329976284 15.5702281857 3.75509644594 
17.0113254749 15.4977300728 3.76648806002 
16.8724657261 15.4162231351 3.75399339046 
16.7059850657 15.3160739804 3.74993431507 
16.5659445488 15.2316840266 3.6009496369 
16.3933672869 15.1661192293 3.4570539861 
16.2090870702 15.1189015026 3.4567499795 
16.0940062666 15.0900185073 3.45926288059 
15.872900542 15.0366587306 3.45680963374 
15.6192126834 14.9748590256 3.45844256136 
15.4304618501 14.9291731978 3.48002660065 
15.2774758899 14.8915944363 3.46840709652 
15.0469310248 14.8329508568 3.67766381714 
14.9188045227 14.7685377265 3.95845618634 
14.7504982912 14.5783256854 4.44394429395 
14.6984971726 14.3738393749 -1.42104459076 
14.7178049051 14.2051277126 -1.24595299742 
14.7626012528 14.0600571598 -1.22161061754 
14.8218997681 13.8628399337 -1.20835024756 
14.8464606964 13.7679972614 -1.26481361026 
14.8733870947 13.6845971311 -1.15273939216 
14.8733870947 13.6845971311 -1.15273939216 
14.991050061 13.4457830156 -0.630758014776 
15.3181796038 13.2517476047 -0.29451803845 
15.4319197499 13.2073506082 -0.298993862168 
15.6174402797 13.1332586969 -0.138704928327 
15.7096375638 13.1110032762 -0.0314976187382 
15.8566914463 13.0978430475 -0.0194733266417 
16.0600317829 13.077988025 0.0161036399559 
16.186888721 13.0675398077 0.178185540196 
16.3529775703 13.0904298986 0.408094365735 
16.4821020329 13.1384578908 0.40920409273 
16.5849471056 13.1764734949 0.399107367968 
16.767948445 13.245208856 0.278282378708 
16.8777025306 13.2707931961 0.199769194146 
17.0668219292 13.2848684753 0.159437243646 
17.2179063522 13.2907559837 0.144322616002 
17.3361084425 13.2989358867 0.143953036306 
17.5289618933 13.3118759359 0.139848956485 
17.6502076351 13.3196043933 0.138187726962 
17.8406619989 13.3319036926 0.139975707903 
17.993226763 13.3420519794 0.138528415333 
18.1564378702 13.3507819141 0.223399743914 
18.2842228376 13.3682156766 0.42990597962 
18.4002280199 13.4123610223 0.699315476322 
18.5551319086 13.5366963113 1.08291977998 
18.6238217318 13.6476036275 1.33156538976 
18.6610848868 13.762674209 1.59713282388 
18.6662983858 13.9080830778 1.76118272525 
18.6550235712 13.9987171854 1.74626251165 
18.6422750914 14.1178425516 1.75786301074 
18.6253926718 14.2577977146 1.75591474633 
18.6066541636 14.429342326 1.7718524552 
18.5891671145 14.5839885438 1.90926967551 
18.5554580652 14.709537145 2.17752295171 
18.4443476164 14.8787414099 2.37607278748 
18.3506836855 14.9850283528 2.39172687598 
18.2426135504 15.1083142574 2.47228896424 
18.1273965799 15.2170681229 2.64106025939 
18.0086135828 15.2907288002 2.6552355983 
17.8443194592 15.3983056212 2.71243917328 
17.7502760851 15.4530120457 2.88252236103 
17.5744458401 15.5055711831 3.22586956491 
17.4675408566 15.5039721991 3.37950355421 
17.3499088251 15.4852984811 3.37889240818 
17.2808440888 15.4762200678 3.35520436132 
17.1856566631 15.4625610078 3.34874762856 
17.0656682217 15.4455235417 3.3590043008 
16.9222874605 15.4256180341 3.36005260145 
16.7504560315 15.39919078 3.35939501264 
16.6129972303 15.3788426335 3.3551785568 
16.381560322 15.3433737794 3.35404042083 
16.1326727235 15.3089045773 3.35609863147 
16.0094723516 15.2907831112 3.33167297948 
15.8587578033 15.2722923348 3.46068276701 
15.768741388 15.2548010482 3.62807538703 
15.6483222061 15.2060194577 4.13781799203 
15.6142179036 15.1799014586 4.4405495698 
15.5748901927 15.1719246025 -1.30529226048 
15.5505847299 15.1628948415 -0.91000183737 
15.5304055178 15.1457175131 -0.535192157617 
15.5175043308 15.118697528 -0.0654487102675 
15.5201358759 15.1044393147 0.162308172681 
15.5641484224 15.1014046187 0.293161939902 
15.6365436577 15.1171923319 0.290431577033 
15.7334395164 15.1387592743 0.288891694934 
15.8711229322 15.1687902922 0.280394972445 
15.9417202772 15.189978149 0.16707140057 
15.9706740492 15.2005544866 0.011871127588 
15.9933014997 15.226883813 -0.475083194027 
15.9871210941 15.2535306944 -0.737498386946 
15.9860233852 15.2866663786 -0.99709898546 
15.9902726525 15.2868303398 -1.01854286049 
15.9879097306 15.284855597 -1.00786584693 
15.9878684172 15.2848317588 -1.0092528945 
15.9877345153 15.2849274802 -1.00732397256 
15.9877472409 15.2849369908 -1.00738136123 
15.9878177309 15.2850388552 -1.0070316541 
15.9877758139 15.2851368154 -1.00729437422 
15.9877751881 15.2851266565 -1.00735716134 
15.9878056609 15.2851022857 -1.00725363541 
15.9876927921 15.2852769795 -1.00633706256 
15.9877631479 15.285101522 -1.00747750591 
15.9877891951 15.2850992123 -1.00729169727 
15.9876625129 15.285289217 -1.00616336238 
15.9877985903 15.2850920821 -1.0074775439 
15.9876589962 15.2853183041 -1.00607209283 
15.9877026716 15.285261296 -1.00625520847 
15.9877784291 15.2851109619 -1.0073020586 
15.9877677971 15.2851126718 -1.00709603277 
15.987702381 15.2852592545 -1.00632312189 
15.9881634006 15.2859029027 -1.00989420873 
15.9878314325 15.285086971 -1.00743522877 
15.9876471573 15.2852742674 -1.00606247546 
15.988505941 15.2859682443 -1.0063503507 
15.9880894684 15.2851727384 -1.00437787555 
15.9880667591 15.286079556 -1.00809444073 
15.9877949544 15.2851171794 -1.00722403374 
15.9877949544 15.2851171794 -1.00722403374 
