15.8400604838 15.1710039193 0.386802544019 
15.8397379146 15.1706361289 0.387156522793 
15.8397922033 15.1706348697 0.387847907847 
15.8400641346 15.1709916557 0.386902196757 
15.8398059757 15.1706441383 0.387755175279 
15.8398201616 15.1706267337 0.387559050842 
15.8414625787 15.1706159006 0.404582997059 
15.8400537745 15.1709756891 0.386939354789 
15.8398000897 15.1706140379 0.387720677332 
15.8397965842 15.1706121753 0.387777733992 
15.8400606887 15.1709684769 0.386761133992 
15.8397962638 15.1706259663 0.387890274993 
15.8400469535 15.1709371994 0.386721887511 
15.8400519491 15.1709580685 0.386706303973 
15.8400603646 15.1709543655 0.386799436997 
15.8398070746 15.1705964322 0.387606687022 
15.8398106584 15.1706086139 0.387734315431 
15.839801211 15.1706139261 0.387764820068 
15.8398022318 15.1706079582 0.387683498598 
15.8400750646 15.1709544624 0.386656738831 
15.8398108558 15.1706013049 0.387569027307 
15.8400653937 15.1709704588 0.386791844587 
15.8398175352 15.1706151778 0.387522249477 
15.8398167045 15.1706109087 0.387690286527 
15.8398189136 15.1706116239 0.387630338168 
15.8400826269 15.1709394495 0.386693033581 
15.8398408593 15.1706224869 0.387254027504 
15.8400536963 15.1709462369 0.386242159321 
15.8400579878 15.1709767545 0.385902394974 
15.8400602156 15.1709571446 0.386483124029 
15.8399244064 15.1700620318 0.382588833551 
15.8399566488 15.1709846223 0.38571156354 
15.8406418526 15.171681423 0.380937402521 
15.8397443407 15.1705271343 0.393114261955 
15.839764435 15.1705584491 0.39290986232 
15.839780301 15.170575347 0.393223111711 
15.8397020028 15.1706509183 0.38732105699 
15.8397012615 15.1706240589 0.386915024593 
15.8399351129 15.1709482933 0.385903343468 
15.8397057393 15.1706472079 0.386990253891 
15.8397155703 15.1706608499 0.386987146892 
15.8396622577 15.1705014522 0.387364172871 
15.83989767 15.1700433234 0.38240671182 
15.8399788589 15.1709797497 0.386079472151 
15.8399213889 15.1701642911 0.383493623775 
15.8386046143 15.1697172339 0.374922942483 
15.8399775961 15.1709786693 0.385970817533 
15.8399906309 15.1709759946 0.385533311765 
15.8648284489 15.17838664 0.38159111055 
15.9044147256 15.1931305269 0.303213557885 
15.9115957526 15.2054645273 0.107000750605 
15.9144046215 15.2156737729 -0.00555455684151 
15.9572298342 15.2122996471 -0.0626092640601 
16.0326709115 15.2014069187 -0.0740857821852 
16.1516555512 15.1833377744 -0.0920836825992 
16.266957786 15.1657703857 -0.088316344812 
16.4520039522 15.1387690569 -0.0812754111357 
16.6045026743 15.114945818 -0.0838832133215 
16.7622355187 15.0901965911 -0.0767857755672 
16.9307596647 15.0641562159 -0.0772776118949 
17.0823634827 15.0411032403 -0.0738969509962 
17.2725297176 15.0117623324 -0.0782424067694 
17.4760482275 14.9821129406 -0.0829457608694 
17.6718039476 14.9512173797 -0.0782172922279 
17.8234711849 14.9275198842 -0.0872996226952 
17.9737913572 14.9037828411 -0.0640246529196 
18.1931817495 14.8714717294 -0.209376146574 
18.3600311243 14.8152523304 -0.542800290087 
18.5049645865 14.7009912694 -0.906546698326 
18.5672993624 14.6078408922 -1.11665388386 
18.6242682898 14.4531694616 -1.20658845858 
18.6563408339 14.3438163365 -1.20108714923 
18.7026333773 14.1952257122 -1.31794065721 
18.7240283453 13.9840913976 4.65306086402 
18.7008306944 13.8171386684 4.63903418813 
18.6968305075 13.7869856323 4.62705429442 
18.6968305075 13.7869856323 4.62705429442 
18.6025338137 13.477897879 4.09625590721 
18.5200743639 13.3314963544 2.77452388214 
18.4860749209 13.2871360744 2.7474389188 
18.1848761999 13.2165583337 3.2171985489 
17.9480750525 13.2216190065 3.1680932659 
17.8286125624 13.2280918325 3.17138473542 
17.7257902586 13.2348014081 3.17469562795 
17.5229537451 13.2434395517 3.1647547412 
17.4032070601 13.2495534385 3.16405579009 
17.1689695084 13.2623891796 3.15781496177 
17.0376031363 13.2723946537 3.16905240319 
16.9763810598 13.2796908582 3.1890653246 
16.7178104484 13.293224212 3.26207574761 
16.5872401559 13.2875626052 3.43833540298 
16.4892688357 13.2692414487 3.4459185441 
16.3448373937 13.2291547025 3.38020077568 
16.2407311165 13.2068411077 3.17986930331 
16.1159372145 13.2122455801 3.01025524118 
15.9411522971 13.2536704505 3.05711961637 
15.8550726586 13.2741233076 3.26152200103 
15.7910376453 13.276233908 3.40795540405 
15.6677692347 13.2518186534 3.43560384744 
15.5402679705 13.2237325872 3.43559455509 
15.3672946655 13.1851123537 3.42326257326 
15.2447761261 13.1579593385 3.300699989 
15.1026063525 13.1459785665 3.01997647906 
14.9368570411 13.1833540166 2.6885123096 
14.815631386 13.2550216878 2.44335765177 
14.815631386 13.2550216878 2.44335765177 
14.6343785488 13.5570380653 1.82419316302 
14.6252226793 13.6062695945 1.80774342207 
14.5717301333 13.918667909 1.74395039669 
14.5717301333 13.918667909 1.74395039669 
14.5129653179 14.3372209633 1.57645723944 
14.5249907934 14.4578487838 1.31008041599 
14.566060301 14.5706716145 1.14614321945 
14.6295720303 14.6927376355 0.942322583796 
14.7634119951 14.8364556695 0.579213615352 
14.8711669409 14.8970059122 0.381984951146 
14.9969223106 14.936002549 0.293342552017 
15.1774555409 14.9874429072 0.362547244172 
15.3504450881 15.0356144721 0.334943112076 
15.5478192532 15.0868088866 0.35513423914 
15.7121852749 15.132803459 0.355317316498 
15.9190855232 15.1904585885 0.338725430005 
16.0692954325 15.2320447064 0.312707239091 
16.262078222 15.2847073043 0.314755957396 
16.3831630313 15.3196294496 0.155107240017 
16.5336224997 15.3260403241 0.0668747857542 
16.6073870027 15.3253466527 0.0727883509335 
16.8044041359 15.3224153782 0.0526682313516 
16.9948790037 15.3187458182 0.0631893197895 
17.127980467 15.3161691169 0.0377639726703 
17.3257062399 15.3119904141 0.0480195845622 
17.495111581 15.309191678 0.0446128765415 
17.5978984797 15.3073495964 0.0538427557899 
17.7876870596 15.3050684969 0.0459215476224 
18.0613880121 15.3016458193 -0.0375989411924 
18.2116932833 15.2838566417 -0.313819962237 
18.3789837324 15.2059216204 -0.690861520574 
18.4910204374 15.0980868901 -0.976240365497 
18.5535881483 14.9877660538 -1.22572407795 
18.5901150667 14.8237028981 -1.37302207641 
18.6063048803 14.6840230192 -1.35388477462 
18.6231794321 14.5693364109 -1.39183941372 
18.6528842413 14.3217649425 -1.50296678942 
18.6478104555 14.1573469604 4.61914504992 
18.628039118 14.0430349077 4.62819012544 
18.6075618231 13.9235706295 4.61138387345 
18.5802543127 13.7542015279 4.44683477796 
18.531694647 13.6112067665 4.16393652152 
18.4279110396 13.4737887348 3.82632378283 
18.292473551 13.3827743495 3.50635125006 
18.1790654623 13.3505049909 3.35609744194 
17.9570465052 13.325829264 3.29820664507 
17.8046139443 13.3128282989 3.30195083978 
17.6966534817 13.304270264 3.30515849337 
17.4943028652 13.2865161861 3.30240219771 
17.3314317429 13.2720047201 3.29472534954 
17.2122737133 13.2630225385 3.29953406058 
17.0189019405 13.2516219581 3.30409090057 
16.8276939356 13.239781257 3.30393698121 
16.6732694471 13.2251640523 3.32256461552 
16.5254901611 13.2161110605 3.30860420357 
16.3466790878 13.1958860124 3.28757675616 
16.1633769536 13.181767341 3.29375018035 
16.0026935526 13.1691883768 3.29251619873 
15.8641276547 13.1588853563 3.29525424543 
15.7409551406 13.1494506563 3.29663881019 
15.5352911019 13.1336394514 3.2908601506 
15.4234290683 13.124090072 3.20670317166 
15.2126313412 13.1310645307 2.8482181096 
15.0453422629 13.2031825746 2.49606943005 
14.9834307396 13.255783316 2.31710633731 
14.9834307396 13.255783316 2.31710633731 
14.7859929764 13.5858319963 1.80317295955 
14.7751017773 13.7144533361 1.56908691864 
14.7940243446 13.8398909534 1.39968902474 
14.8254154884 13.9678820337 1.48734479582 
14.847042557 14.1157710517 1.62649332557 
14.8567377293 14.2846049632 1.65060702209 
14.8649830782 14.4705643619 1.61038440886 
14.8791046106 14.7366664971 1.60362465393 
14.8856393063 14.9128641451 1.51587449956 
14.9442744219 15.1238773058 0.987274944547 
14.9868134224 15.192895409 0.88811412731 
15.1515960061 15.3392264212 0.429513839385 
15.2842268908 15.3899369801 0.197683625763 
15.4327939117 15.4077269102 0.130571776464 
15.6518163347 15.4219291026 0.174109148742 
15.7995153033 15.4315703327 0.163936478726 
15.9679635504 15.4437275196 0.159352913136 
16.1283910089 15.4539942558 0.144902457335 
16.3142164015 15.4657000864 0.130358122862 
16.5187220537 15.4781321699 0.135297522139 
16.6469631755 15.4862186874 0.130567824935 
16.7795459592 15.4955232407 0.140052435733 
16.9995417559 15.5089250768 0.152068330261 
17.1691555941 15.518754747 0.149306161347 
17.3237318956 15.5282083417 0.140576962246 
17.4213780129 15.5344339872 0.121034418592 
17.6648412907 15.5492778088 0.119722465194 
17.8466931545 15.5592586959 0.142176082436 
17.9790420496 15.566387024 0.137704693378 
18.1703894102 15.5765598978 0.138282008229 
18.381854769 15.5881142879 0.13349335501 
18.5476005041 15.5963794554 0.13231071287 
18.7665169203 15.6067543889 0.122671548859 
18.853934046 15.6093426312 0.121837150565 
19.0967457258 15.6283334757 0.359878418358 
19.3028547728 15.7089969183 0.742846450303 
19.3383877241 15.733442005 0.878136415808 
19.3383877241 15.733442005 0.878136415808 
19.3383877241 15.733442005 0.878136415808 
19.3383877241 15.733442005 0.878136415808 
19.3383877241 15.733442005 0.878136415808 
19.3383877241 15.733442005 0.878136415808 
19.3383877241 15.733442005 0.878136415808 
19.080366131 16.6542450155 0.901079796798 
18.879437443 16.6035666431 3.6272955003 
18.7485868895 16.5450712408 3.77153851272 
18.5692717993 16.4346759284 3.76530154035 
18.4507808649 16.3633336986 3.76678158508 
18.3572251761 16.306806084 3.76394268485 
18.2012135946 16.2119922007 3.7636489802 
18.0264186823 16.1041460598 3.74488652945 
17.8793547117 16.0179766382 3.75614927482 
17.7118344271 15.9166580404 3.75053066438 
17.5589156115 15.8245160545 3.74967351371 
17.4293475115 15.746546861 3.76162110457 
17.2984700167 15.6689006353 3.75173165865 
17.1834641659 15.6010501648 3.76074459382 
17.0438049996 15.5173318351 3.76754871171 
16.8541351521 15.4057602848 3.75705535781 
16.6607766115 15.2890925 3.71863210689 
16.5138548576 15.2049682441 3.54323023434 
16.3573724591 15.1571281145 3.45540340668 
16.1804053747 15.1120743419 3.46135690385 
16.022703942 15.0735251273 3.48073489567 
15.8645687868 15.0352844412 3.4544620909 
15.6642072761 14.9857841695 3.4589864943 
15.4485925102 14.9345226551 3.44666949579 
15.2495632135 14.8833489383 3.46246288184 
15.0848889315 14.8442637588 3.61957533215 
14.9345468247 14.7788398827 3.91727074264 
14.7614953482 14.5956140126 4.43004517431 
14.7088930571 14.4634456004 4.67665276293 
14.701362487 14.3136141265 -1.3134342076 
14.7437875235 14.1175105537 -1.20893313894 
14.8079665863 13.9125739301 -1.21288247241 
14.8464606964 13.7679972614 -1.26481361026 
14.8733870947 13.6845971311 -1.15273939216 
14.991050061 13.4457830156 -0.630758014776 
14.991050061 13.4457830156 -0.630758014776 
15.3259896004 13.2489492858 -0.295830022143 
15.4680647218 13.1929441656 -0.295435492887 
15.6252927446 13.130608436 -0.124502433327 
15.7897479871 13.1016186441 -0.00116222298709 
15.9277435691 13.0898104871 -0.00491297000003 
16.1385973209 13.0709010328 0.0873059311704 
16.3099431061 13.0795055593 0.36895812938 
16.3969107234 13.1045521463 0.453984628628 
16.5849471056 13.1764734949 0.399107367968 
16.747322973 13.2372883523 0.318910686456 
16.8854197228 13.2744929756 0.176826177081 
17.0239092075 13.2822887863 0.170095194802 
17.1485233271 13.287056681 0.134399928614 
17.3568210566 13.3005361522 0.143178094212 
17.4679266178 13.3084336484 0.140761134011 
17.5802525246 13.3146089281 0.140379277232 
17.7901289427 13.3284796442 0.139617163042 
17.9422140085 13.3387210334 0.139213482408 
18.0967318976 13.3476341928 0.172080278963 
18.2635083162 13.3634328807 0.394104217119 
18.3816709482 13.4018359149 0.649651773582 
18.4915854895 13.4756346906 0.927202392756 
18.6203894579 13.6395752395 1.32035670871 
18.6638689005 13.7791300977 1.62707047268 
18.6667480433 13.8954553569 1.7537472381 
18.6569118464 13.98124766 1.74745091239 
18.6422750914 14.1178425516 1.75786301074 
18.6202564203 14.3017929758 1.75486460548 
18.6035683119 14.4609290923 1.78016075821 
18.5873396361 14.5966221655 1.93344544381 
18.5174012148 14.781094637 2.32192028149 
18.3781812155 14.953893658 2.39333685053 
18.2579100096 15.0910495038 2.43979809345 
18.1204583609 15.221360272 2.64286201517 
17.9937896692 15.3030732537 2.63085889285 
17.8374114 15.4026697541 2.72057809559 
17.6922699177 15.477116477 3.00513275622 
17.5604308807 15.5064600075 3.25669897642 
17.4675408566 15.5039721991 3.37950355421 
17.3331779205 15.482664373 3.35457685834 
17.2659525835 15.4749480749 3.38020432159 
17.1664967501 15.4604717607 3.36897809616 
17.072727915 15.447297659 3.38087650378 
16.9222874605 15.4256180341 3.36005260145 
16.7709736192 15.4029339666 3.36790673861 
16.5536141359 15.3711579407 3.36981461324 
16.3539632523 15.3387007604 3.38540904341 
16.1531488859 15.3118192742 3.34914857457 
15.9925630951 15.2888368929 3.33418671029 
15.8729972729 15.2743181402 3.44415396991 
15.7298625075 15.2442678141 3.77633494824 
15.6599474662 15.212279022 4.06915337679 
15.6148713493 15.1819807368 4.42507300711 
15.5848906302 15.1696792583 -1.45308820209 
15.5662542843 15.169406798 -1.16190644059 
15.5447391235 15.1604548583 -0.829007835797 
15.5244326853 15.1395431499 -0.407341685387 
15.5162634813 15.1106378401 0.0526811605606 
15.5425996446 15.0990077967 0.269395524213 
15.6190705561 15.1131333078 0.293315984766 
15.686277371 15.1284330154 0.286818692841 
15.7534405404 15.1432250182 0.284413647522 
15.878344969 15.1701677556 0.281643590875 
15.9535228872 15.193500221 0.123647811333 
15.9898997509 15.2144402957 -0.264813936797 
15.9923667276 15.2309152486 -0.512036323075 
15.9844643214 15.2773445251 -0.896795380102 
15.9903027677 15.2868688109 -1.02015447535 
15.9882198163 15.2862159128 -1.01501275218 
15.9877748304 15.284942169 -1.00759665184 
15.9882105329 15.2856173294 -1.01135202878 
15.9881628269 15.2856513637 -1.00996391329 
15.9877485448 15.2849316935 -1.00746110522 
15.9877221325 15.2851617041 -1.00708315659 
15.9877800533 15.285136495 -1.00718202893 
15.9877416753 15.2852234172 -1.00920018276 
15.9876934626 15.2852638739 -1.00631873924 
15.9876100087 15.2853426228 -1.00566308427 
15.9877710604 15.2851113009 -1.00728362729 
15.9876554051 15.2852935719 -1.00627502212 
15.9878156969 15.2850968803 -1.00745593065 
15.9876217955 15.2853206138 -1.00579508127 
15.9876304903 15.2853400747 -1.00584964352 
15.9876668715 15.2852881553 -1.00598175264 
15.9877864608 15.2850979569 -1.00731837374 
15.9876982608 15.2852934601 -1.00600884966 
15.9878946358 15.2852875928 -1.0080631289 
15.9880790004 15.2860712933 -1.00808530311 
15.9877879881 15.2851137074 -1.00715188993 
15.9877630809 15.2851543839 -1.00704585408 
15.9877560848 15.2854592542 -1.00763623714 
15.9880667591 15.286079556 -1.00809444073 
15.9878152796 15.2850897613 -1.00740348775 
15.9877949544 15.2851171794 -1.00722403374 
