15.8400397898 15.170991231 0.386698246347 
15.8397997656 15.1706437359 0.387900642366 
15.8397949339 15.1706212054 0.387704892972 
15.8418935762 15.1708200018 0.40784695295 
15.8400620447 15.1709662641 0.386711749642 
15.8398183436 15.1706415976 0.387545127567 
15.8400514052 15.1709666739 0.386806058109 
15.8397675754 15.1706341321 0.387487653033 
15.8400394955 15.1709600131 0.386932405769 
15.8398083673 15.1706256608 0.387661240841 
15.8398107403 15.1706066171 0.387678337088 
15.8400669434 15.1709543283 0.3865560388 
15.840062786 15.1709760318 0.386746356398 
15.8397934289 15.1706393848 0.387415578781 
15.8400523403 15.1709450598 0.386722840551 
15.8400606328 15.170951877 0.386893225105 
15.8400684894 15.1709662194 0.38676580147 
15.8398053535 15.1705990399 0.387597572573 
15.8400740774 15.1709729398 0.386776260054 
15.8397979477 15.1706187988 0.387683730064 
15.8397966624 15.170604978 0.387572191027 
15.8398196996 15.1706138069 0.387721925539 
15.8400685528 15.1709594096 0.386727429166 
15.8398191148 15.1706133077 0.387569508993 
15.8398233541 15.1706003735 0.387478945656 
15.8398136758 15.1705988238 0.38736618142 
15.8399712184 15.1707195828 0.387212191666 
15.8400572614 15.170971256 0.386314671597 
15.8400602901 15.1709507296 0.386523387875 
15.8394800463 15.1705940182 0.386106358881 
15.8397113123 15.1706288646 0.387036046749 
15.839781657 15.1707552264 0.386551497257 
15.8400279434 15.1710682104 0.390347735993 
15.8397565113 15.1705592314 0.393211768216 
15.839761749 15.1705704818 0.393665847675 
15.8397994639 15.1705775152 0.393170149868 
15.8396651709 15.1699313263 0.380070233359 
15.8397030161 15.1706509257 0.387062771635 
15.839924805 15.1710130836 0.385865890225 
15.8397186325 15.1706288497 0.386903951762 
15.8399587722 15.1709496642 0.385728764807 
15.8398852871 15.1700427572 0.382108667335 
15.8397169077 15.1706432665 0.38725365235 
15.8399724105 15.1709559823 0.386070518435 
15.8395688498 15.1697391311 0.379165067784 
15.8397432381 15.1706272254 0.387141346689 
15.8397464977 15.1706232617 0.386624388788 
15.85188685 15.1734057705 0.373843301768 
15.888230323 15.1846422928 0.372659008565 
15.9075573665 15.1957788209 0.285806112222 
15.9149356653 15.2152426115 -0.00632461745308 
15.9423972891 15.2165449767 -0.0873157898367 
16.0168988072 15.2036258245 -0.0747159232413 
16.091447469 15.1925104971 -0.0767846798138 
16.2290357613 15.1712510476 -0.0771974728311 
16.3432377839 15.1546471233 -0.071463310038 
16.5533519947 15.1225664879 -0.0726640877774 
16.692841109 15.1016130264 -0.062825904026 
16.8420565092 15.0781312401 -0.074725841942 
17.0527172052 15.0457424636 -0.0744096879773 
17.1844449007 15.0262550528 -0.0645529015233 
17.316213485 15.006360587 -0.0997795948757 
17.5767736399 14.966559049 -0.0806604493013 
17.6926832163 14.9477226997 -0.0793886888458 
17.8657151425 14.919881549 -0.07459975091 
18.0915121996 14.8861507441 -0.079353625136 
18.2720267737 14.8519420291 -0.366661656498 
18.4686348402 14.7384429539 -0.811472062607 
18.5576012098 14.6271398629 -1.07197398258 
18.636097666 14.4102785552 -1.21628327983 
18.6720893347 14.2948766316 -1.21827436392 
18.7192263567 14.1242221559 -1.43719980362 
18.7259371245 14.0653768743 -1.53798942596 
18.6990373098 13.8040449584 4.63413149705 
18.6968305075 13.7869856323 4.62705429442 
18.6968305075 13.7869856323 4.62705429442 
18.6025338137 13.477897879 4.09625590721 
18.5200743639 13.3314963544 2.77452388214 
18.4860749209 13.2871360744 2.7474389188 
18.1848761999 13.2165583337 3.2171985489 
18.0688276255 13.2157288755 3.16646555484 
17.9480750525 13.2216190065 3.1680932659 
17.8286125624 13.2280918325 3.17138473542 
17.6423928702 13.2384835447 3.17101535596 
17.4032070601 13.2495534385 3.16405579009 
17.2748329603 13.2561769451 3.16353584226 
17.1556669438 13.2647662128 3.16594807676 
17.0376031363 13.2723946537 3.16905240319 
16.9188911879 13.2828433479 3.16580784224 
16.7287295425 13.2925633157 3.24501844402 
16.5370340907 13.2779092754 3.44765815344 
16.4085257017 13.2467025484 3.41181454678 
16.2607993149 13.2109562124 3.24091061114 
16.1571478808 13.2062147821 3.04153108808 
16.0352701062 13.2289239133 2.99161899052 
15.9023918175 13.2631751264 3.12393372042 
15.823881548 13.2783503498 3.35900318649 
15.7290169114 13.2658758129 3.44242652644 
15.6109890306 13.2390891279 3.43473328636 
15.5205407107 13.2191683019 3.43444949474 
15.333835479 13.1768737997 3.40032366661 
15.1955880487 13.1508372987 3.21665425551 
14.9641275966 13.1730545724 2.75582890049 
14.8366984093 13.238093015 2.45704980487 
14.815631386 13.2550216878 2.44335765177 
14.815631386 13.2550216878 2.44335765177 
14.6311540568 13.5732666219 1.82079941118 
14.6252226793 13.6062695945 1.80774342207 
14.5807008707 13.8618254627 1.78488213969 
14.5717301333 13.918667909 1.74395039669 
14.5717301333 13.918667909 1.74395039669 
14.5169602596 14.359065708 1.47848251753 
14.5249907934 14.4578487838 1.31008041599 
14.6010726654 14.6426711048 1.04932249614 
14.6643440687 14.7450914348 0.835204654562 
14.7633808815 14.8386546041 0.616961982729 
14.9379460179 14.9199037815 0.354876116695 
15.0741429889 14.95625731 0.382037327592 
15.2062815392 14.9960098828 0.3468546365 
15.3504450881 15.0356144721 0.334943112076 
15.4909267389 15.0726987983 0.342429610119 
15.6253741943 15.1073126758 0.349968602222 
15.8254462519 15.1628534014 0.328167751993 
15.9401091897 15.1971373188 0.339389448077 
16.1374453121 15.2503683244 0.332417626303 
16.262078222 15.2847073043 0.314755957396 
16.4056280219 15.3236694152 0.115049852738 
16.5112353527 15.3271737138 0.0651297330555 
16.7077830398 15.3255215252 0.0463223662148 
16.8169136607 15.322259743 0.0534701399689 
16.9876228535 15.3198164592 0.0432381481193 
17.1802370512 15.3150455097 0.035157874778 
17.2923852169 15.3122479061 0.0704293692225 
17.5243949854 15.3088780607 0.0462112328842 
17.7075884306 15.3055690269 0.0703956965189 
17.8469475472 15.3039181496 0.0572336670119 
18.0737457239 15.3014059404 -0.0576832703602 
18.2534086668 15.2715977954 -0.401322714779 
18.3536403143 15.2228131101 -0.633210148319 
18.5380010569 15.0234830792 -1.15354348466 
18.5780394041 14.8944653834 -1.35745389229 
18.6019287073 14.7278615201 -1.36900677575 
18.6244986021 14.5392779077 -1.3723792732 
18.6444601976 14.3944752778 -1.41993663971 
18.6559967959 14.2834671701 -1.56025770842 
18.6464908087 14.149121877 4.61968384384 
18.6160135233 13.9728056158 4.60558282184 
18.5852589571 13.7832208837 4.49888126155 
18.5586655104 13.6802772249 4.29519402742 
18.493184086 13.5492389167 4.03623307209 
18.2851808035 13.3803360427 3.50105667378 
18.1169300043 13.341417786 3.32217541829 
17.9746079409 13.3270831073 3.30141799806 
17.7833222115 13.3114207948 3.30595604301 
17.6457978451 13.3002114261 3.30963205349 
17.4646203482 13.2840187515 3.30322758136 
17.2426207029 13.2656242813 3.30126034062 
17.1399189198 13.257048365 3.29738060939 
16.9592738115 13.2492989267 3.33842054921 
16.7462297642 13.2300223077 3.26890885611 
16.5918518269 13.222424146 3.30342177733 
16.3558556699 13.1964586938 3.28520605134 
16.2439508402 13.1885186399 3.29803509965 
16.0522237533 13.1737741197 3.25306315493 
15.9106061758 13.1624554361 3.29609224444 
15.7706883067 13.1515930856 3.29610731911 
15.6082210207 13.1400700773 3.29554979895 
15.4024663233 13.1225978101 3.18881986057 
15.1957171523 13.1350940431 2.80927277175 
15.0310847723 13.2129572595 2.46456234007 
14.9834307396 13.255783316 2.31710633731 
14.9834307396 13.255783316 2.31710633731 
14.7859929764 13.5858319963 1.80317295955 
14.7855089867 13.7831542457 1.44596024468 
14.812884804 13.9113374914 1.46847196723 
14.837849375 14.0105419124 1.58317505007 
14.8539972269 14.1923012699 1.63534754455 
14.856223222 14.3061779703 1.59323242963 
14.8652617895 14.4811924065 1.59215346279 
14.8734657728 14.6702746714 1.6057723308 
14.8807812893 14.8315870429 1.57316745361 
14.8856393063 14.9128641451 1.51587449956 
14.9904515707 15.197539978 0.884919206768 
15.1022459232 15.30697668 0.524089357796 
15.1763606631 15.3512522245 0.395970512096 
15.3638263309 15.4023229743 0.128621872543 
15.5398876631 15.4150446768 0.140797475834 
15.6421078407 15.4214175756 0.150313388146 
15.8446866275 15.4357369507 0.165328378076 
16.0090874695 15.4464624936 0.143239216463 
16.1724604332 15.4563708271 0.129580681035 
16.3142164015 15.4657000864 0.130358122862 
16.4772034251 15.475244459 0.153941944301 
16.5848991239 15.4821948225 0.135972493899 
16.7956221664 15.4961557353 0.132174145208 
16.9099701607 15.5033333863 0.124969012891 
17.0790978634 15.5140754844 0.155339342259 
17.263806101 15.5251087213 0.14603698288 
17.4649814331 15.5368020202 0.13445041206 
17.6371051037 15.5470020438 0.13414198855 
17.816575762 15.5578052069 0.139774719261 
18.016475197 15.5683573152 0.133615424382 
18.3529362642 15.5872289206 0.129918850585 
18.6685836279 15.6021422709 0.125709842271 
18.809237715 15.6091543401 0.127733181425 
18.853934046 15.6093426312 0.121837150565 
19.2730791533 15.6907112564 0.702780730421 
19.3383877241 15.733442005 0.878136415808 
19.3383877241 15.733442005 0.878136415808 
19.3383877241 15.733442005 0.878136415808 
19.3383877241 15.733442005 0.878136415808 
19.0527663195 16.6228525604 3.29815758227 
18.7942264044 16.5696908201 3.73591180171 
18.6677670443 16.4953081573 3.76428587171 
18.4578731024 16.3677184547 3.76695654672 
18.3572251761 16.306806084 3.76394268485 
18.1831121409 16.2006512845 3.76206194054 
17.8688226902 16.0115303958 3.75267645232 
17.7484887802 15.9388472403 3.74806318349 
17.4293475115 15.746546861 3.76162110457 
17.2473076546 15.6392409171 3.75743754039 
17.0815429651 15.5397331382 3.75528907101 
16.8724657261 15.4162231351 3.75399339046 
16.7352035606 15.3335543985 3.75004287147 
16.6095490419 15.2569457388 3.66304899447 
16.3857244217 15.1633145849 3.45335592564 
16.1924993956 15.1149360726 3.45899613554 
15.9524676242 15.0565554912 3.46791955659 
15.7785852888 15.0134572948 3.47408600926 
15.6067458653 14.9718733991 3.45945131638 
15.3470484578 14.9086755777 3.47849144268 
15.1769021713 14.8660973574 3.48912867657 
14.96757954 14.7979727353 3.85767873908 
14.8473424875 14.7081121767 4.14220867049 
14.7477703058 14.5693229998 4.48632610997 
14.6997004711 14.3348111475 -1.33981543775 
14.7260200941 14.176708814 -1.2298758445 
14.7965607607 13.9466760124 -1.23051260385 
14.8464606964 13.7679972614 -1.26481361026 
14.8733870947 13.6845971311 -1.15273939216 
14.991050061 13.4457830156 -0.630758014776 
14.991050061 13.4457830156 -0.630758014776 
15.3642828428 13.2343045438 -0.301301969764 
15.4961169028 13.181377765 -0.283828069677 
15.6450891161 13.124318477 -0.0906081823213 
15.9189975784 13.0906680788 -0.00535576641017 
16.159417566 13.0693691934 0.118138912984 
16.3969107234 13.1045521463 0.453984628628 
16.5576904976 13.1665106977 0.400859375572 
16.8041025364 13.2575036252 0.232500675831 
17.0668219292 13.2848684753 0.159437243646 
17.3194084131 13.2977784837 0.142886314392 
17.6009602511 13.3160445655 0.141089553822 
17.9123389685 13.3367098535 0.139433278597 
18.1850264036 13.3538361753 0.25037629711 
18.3614222967 13.3926756347 0.604240133688 
18.5201981032 13.4986290897 0.975188662473 
18.6110272371 13.6193160976 1.29477863702 
18.6667480433 13.8954553569 1.7537472381 
18.6502969229 14.0501502717 1.75802093169 
18.6277425253 14.2363674606 1.75604280393 
18.6103472674 14.3904927338 1.75638782354 
18.5891671145 14.5839885438 1.90926967551 
18.4387321436 14.8856118287 2.37883823889 
18.284078356 15.0621311034 2.41403722713 
18.0492434466 15.2677549983 2.65551192303 
17.740693804 15.4559481258 2.90650608175 
17.5861980879 15.503971752 3.22270103791 
17.3893049919 15.4925208951 3.39027144084 
17.2734261715 15.4754246289 3.36383046828 
17.1436450445 15.4565129096 3.36480486021 
16.9868380987 15.4342477883 3.35204266369 
16.7337754333 15.3969849313 3.36092401939 
16.3962613308 15.3446272577 3.36418289801 
16.1117137336 15.3063403482 3.3497224213 
15.8660988753 15.2726567465 3.4658014593 
15.6744138562 15.2206447127 3.99478792417 
15.6013078653 15.1731589774 4.57238010914 
15.5779437387 15.1729106049 -1.34919798269 
15.5662542843 15.169406798 -1.16190644059 
15.5454704427 15.1574805419 -0.799366907685 
15.5244326853 15.1395431499 -0.407341685387 
15.5201358759 15.1044393147 0.162308172681 
15.6365436577 15.1171923319 0.290431577033 
15.7956567594 15.1532082448 0.294907443473 
15.9021773442 15.1757467205 0.26393392009 
15.9706740492 15.2005544866 0.011871127588 
15.9936294669 15.2292517119 -0.495677546752 
15.9860233852 15.2866663786 -0.99709898546 
15.9877862969 15.2849061976 -1.00787665506 
15.9882105329 15.2856173294 -1.01135202878 
15.9881628269 15.2856513637 -1.00996391329 
15.9877468609 15.2852696108 -1.00923064255 
15.9877334573 15.2851725819 -1.00707204587 
15.9876623192 15.2852858643 -1.00632880076 
15.9877308422 15.2852010543 -1.00921254435 
15.9877947384 15.2851059551 -1.00754116429 
15.9876554051 15.2852935719 -1.00627502212 
15.9878156969 15.2850968803 -1.00745593065 
15.9877957964 15.2850984375 -1.00764434269 
15.9877026716 15.285261296 -1.00625520847 
15.9877784291 15.2851109619 -1.0073020586 
15.9876609408 15.2852949801 -1.006105005 
15.9876725414 15.2852833385 -1.00606196424 
15.9876516202 15.2853249314 -1.00581202082 
15.9880894684 15.2851727384 -1.00437787555 
15.9879016617 15.2852954308 -1.00799438251 
