15.9877949544 15.2851171794 -1.00722403374 
15.8398094439 15.1706635023 0.387637069478 
15.8405479343 15.1709974299 0.391526390191 
15.840063803 15.17097253 0.386886018222 
15.8399587684 15.1710124204 0.385865487596 
15.8398059757 15.1706441383 0.387755175279 
15.8398107142 15.1706431622 0.387743752456 
15.8400565908 15.1709625314 0.386818013115 
15.8400569336 15.1709735508 0.386959375143 
15.8400640228 15.1709738935 0.38678381945 
15.8398150654 15.1706239695 0.387688403828 
15.8400650882 15.1709544475 0.386866078888 
15.8400511184 15.1709473694 0.386703022711 
15.840062786 15.1709760318 0.386746356398 
15.8400649914 15.1709612946 0.386923398002 
15.8400381879 15.170945544 0.386804660538 
15.8400618919 15.1709465201 0.386811647772 
15.8400754557 15.1709582473 0.386839229694 
15.8398073466 15.1705917085 0.387571242398 
15.8398023063 15.1706199388 0.387711124215 
15.8397979477 15.1706187988 0.387683730064 
15.839810595 15.1706017295 0.387647770416 
15.8398196996 15.1706138069 0.387721925539 
15.8398191334 15.1706031824 0.387712133044 
15.8398216517 15.1706125552 0.387563367837 
15.8400761933 15.1709794963 0.386634490056 
15.8398369924 15.1706102158 0.387280357943 
15.8399366067 15.1707394833 0.387247331974 
15.8398289086 15.1706217716 0.387088865461 
15.8400542551 15.1709523166 0.386413682971 
15.8400585094 15.1706238801 0.387220850779 
15.8396769353 15.1706383193 0.387306832967 
15.8399777563 15.1710295493 0.385849292544 
15.8400279434 15.1710682104 0.390347735993 
15.8397489377 15.1705603192 0.393328171501 
15.8397708723 15.1705547834 0.393397204789 
15.8401324787 15.171425056 0.385901680529 
15.8395713941 15.1698537881 0.378989818375 
15.8399457262 15.1709504391 0.385975008383 
15.8397081682 15.1706371347 0.386773861289 
15.8397186325 15.1706288497 0.386903951762 
15.8399543838 15.1709633062 0.385915088703 
15.8398968914 15.1700414682 0.382232448409 
15.8397169077 15.1706432665 0.38725365235 
15.8399675452 15.1709598044 0.385882429908 
15.8388188035 15.1697209219 0.375917459055 
15.839745991 15.170616139 0.386788029736 
15.839754332 15.1706297735 0.38660620942 
15.8527618797 15.173087355 0.37407830407 
15.8965139898 15.1884941051 0.339494964045 
15.9117452149 15.201546252 0.199610035783 
15.9161868413 15.2153021584 -0.0129493138384 
15.9543904477 15.2138395535 -0.0751811584156 
16.0212888085 15.2028899642 -0.0739649369404 
16.1143437439 15.1888391862 -0.082497063623 
16.2290357613 15.1712510476 -0.0771974728311 
16.36491346 15.1523696149 -0.0837736320556 
16.5234322512 15.1273750032 -0.0705411091396 
16.6846543514 15.1026671345 -0.0612252303749 
16.8420565092 15.0781312401 -0.074725841942 
17.0018153154 15.0530798698 -0.0742294512443 
17.1549034083 15.0308496917 -0.0645926314942 
17.2862824165 15.0108469839 -0.0827917236364 
17.4281014168 14.9889294768 -0.0896635187991 
17.6057009661 14.9612510169 -0.0915189901833 
17.757563945 14.937319305 -0.0843608898766 
17.9040787184 14.9146014417 -0.074657052706 
18.0313229525 14.8938276435 -0.0632757888711 
18.2233867609 14.8647417391 -0.260624162011 
18.3672065699 14.8119020725 -0.565125756313 
18.5049645865 14.7009912694 -0.906546698326 
18.589177128 14.5622646774 -1.17684376765 
18.6306874716 14.4318272437 -1.20621160117 
18.6789965593 14.2742431129 -1.23360503378 
18.720439192 14.1158505643 -1.45769936106 
18.7215583288 13.9630688394 4.64831047229 
18.7008306944 13.8171386684 4.63903418813 
18.6968305075 13.7869856323 4.62705429442 
18.6418726408 13.5539460147 4.23170873957 
18.6025338137 13.477897879 4.09625590721 
18.5200743639 13.3314963544 2.77452388214 
18.4860749209 13.2871360744 2.7474389188 
18.1848761999 13.2165583337 3.2171985489 
18.0688276255 13.2157288755 3.16646555484 
17.8286125624 13.2280918325 3.17138473542 
17.7257902586 13.2348014081 3.17469562795 
17.5229537451 13.2434395517 3.1647547412 
17.4032070601 13.2495534385 3.16405579009 
17.2748329603 13.2561769451 3.16353584226 
17.0461721384 13.271492597 3.16606134272 
16.9763810598 13.2796908582 3.1890653246 
16.7462847197 13.291573521 3.23665254301 
16.6321076715 13.2948199476 3.41616960909 
16.5095798933 13.2749725545 3.50328466007 
16.3448373937 13.2291547025 3.38020077568 
16.246550765 13.2078815664 3.19768686518 
16.1084594541 13.2134779657 3.00727373047 
15.9998004475 13.2376970018 2.99828043721 
15.8769359478 13.2697560752 3.19381468929 
15.7951515132 13.2765418256 3.40281144372 
15.7041085624 13.2599774564 3.43621917604 
15.5861878359 13.2338615621 3.43574011975 
15.4414015078 13.2019504274 3.43566782175 
15.2960512602 13.1686359609 3.36655027328 
15.1454925501 13.1463805402 3.109218716 
14.9853336775 13.166107055 2.78761042741 
14.8442387545 13.2328125204 2.48769426552 
14.815631386 13.2550216878 2.44335765177 
14.815631386 13.2550216878 2.44335765177 
14.6252226793 13.6062695945 1.80774342207 
14.6252226793 13.6062695945 1.80774342207 
14.5717301333 13.918667909 1.74395039669 
14.5717301333 13.918667909 1.74395039669 
14.520994302 14.2343794073 1.69683084258 
14.5181245768 14.3982522453 1.41741393838 
14.5494421684 14.5196846093 1.3075481169 
14.6010726654 14.6426711048 1.04932249614 
14.6889113152 14.7735930348 0.766109458717 
14.8092972004 14.8680132891 0.484382035523 
14.9262434804 14.9164612258 0.352080915594 
15.1047285163 14.9663676883 0.344041068143 
15.213941034 14.9955190981 0.372980995129 
15.3948710525 15.0451920296 0.371761482482 
15.5560273492 15.088697132 0.349447547562 
15.7036641353 15.1299619863 0.348775769934 
15.8546436654 15.1707587133 0.326135398413 
16.0030635112 15.2136309671 0.321875883603 
16.1457583272 15.2526458886 0.329695723 
16.2959815824 15.2956158223 0.285916842921 
16.4126294815 15.3245034332 0.104444568747 
16.5560614431 15.3256623412 0.0499881930363 
16.687089082 15.3243921811 0.0499226564582 
16.854773637 15.3216197307 0.0498669543075 
17.009080168 15.3186898867 0.0484548882717 
17.1727206671 15.3150671611 0.06200889653 
17.3141785824 15.3122915889 0.0513154609817 
17.495111581 15.309191678 0.0446128765415 
17.6578899586 15.3063493485 0.057621547036 
17.890702244 15.3037623281 0.0495822242836 
18.044303652 15.3028489018 -0.0266550036255 
18.2328705752 15.2782577167 -0.357898548424 
18.3719565832 15.2111256572 -0.671001411545 
18.4575600588 15.1381539072 -0.886794701162 
18.5421056711 15.0154696966 -1.17878725322 
18.5886249506 14.8360079492 -1.37146147341 
18.6118102038 14.656366166 -1.37916851769 
18.6371805632 14.4458068574 -1.38175288772 
18.6554772818 14.2918877567 -1.54734676048 
18.6449322664 14.1407958234 4.61958862057 
18.6196896994 13.9924665655 4.6248926963 
18.5953068697 13.8510179485 4.56427372709 
18.5611696207 13.6883901323 4.30649092058 
18.5048272574 13.5656489099 4.07211829603 
18.3952054941 13.4426660503 3.73195625858 
18.2464339697 13.3663893903 3.43775642778 
18.1169300043 13.341417786 3.32217541829 
17.9409689867 13.3244038785 3.3041281695 
17.7833222115 13.3114207948 3.30595604301 
17.6457978451 13.3002114261 3.30963205349 
17.4858195746 13.2857540811 3.30234318215 
17.3521788084 13.2746204103 3.29564385795 
17.1696581804 13.2592998708 3.29338700129 
17.0327603781 13.2488048042 3.29467210249 
16.8606848085 13.2443832124 3.3112813269 
16.7030207479 13.2285138334 3.28230403563 
16.5338386857 13.2152713502 3.30933436397 
16.3949700558 13.2042492593 3.28370938775 
16.2355337107 13.1879328454 3.29776414436 
16.0817767495 13.1759203638 3.24970000236 
15.9230699019 13.1633552278 3.29586368504 
15.7622081601 13.1510013307 3.29644279683 
15.5996916556 13.1393827165 3.29546125515 
15.4442391657 13.1262448991 3.23782218911 
15.2954742872 13.1202231611 3.01283107542 
15.148751136 13.150245067 2.72654877189 
15.0310847723 13.2129572595 2.46456234007 
14.9834307396 13.255783316 2.31710633731 
14.9834307396 13.255783316 2.31710633731 
14.7808678114 13.6146799291 1.68014605092 
14.7836840117 13.7714716161 1.44347239127 
14.7940243446 13.8398909534 1.39968902474 
14.837849375 14.0105419124 1.58317505007 
14.847042557 14.1157710517 1.62649332557 
14.8513611519 14.2530568803 1.62990590168 
14.8614989483 14.4059945906 1.63712956745 
14.8698602879 14.5461425746 1.63365551453 
14.8779379093 14.709218439 1.6047057373 
14.8840688431 14.8727177943 1.50384710371 
14.8856393063 14.9128641451 1.51587449956 
14.9687484467 15.1669159497 0.932501896323 
15.0830072128 15.2951852682 0.577811858833 
15.2160662377 15.3688611949 0.314997846714 
15.3638263309 15.4023229743 0.128621872543 
15.5028423929 15.4110794927 0.131815156548 
15.6862840765 15.4247008676 0.130596127902 
15.8364507557 15.4345859105 0.160371988144 
15.9888277912 15.4448242898 0.16473215832 
16.1413263046 15.4545170034 0.141257848888 
16.3049985432 15.4645259196 0.148367989728 
16.4398910963 15.4728141988 0.157048827266 
16.6036508047 15.4831964041 0.128002978601 
16.7583880388 15.4936433698 0.152009524432 
16.9099701607 15.5033333863 0.124969012891 
17.0698401892 15.5135435427 0.159806779484 
17.2118325197 15.5227616693 0.149774344293 
17.3751466238 15.5309959913 0.144373334264 
17.535105344 15.541203704 0.109203132559 
17.6949468815 15.5504885579 0.137370488517 
17.8771836722 15.5614207352 0.132111115403 
17.9999053442 15.56752136 0.137833127035 
18.2123689615 15.5785099829 0.134063652444 
18.4417200052 15.5917370285 0.131052747462 
18.6563951933 15.6011100675 0.129625459539 
18.8381223642 15.6099792684 0.127068477126 
18.853934046 15.6093426312 0.121837150565 
19.2177555525 15.6639925505 0.592460677035 
19.3383877241 15.733442005 0.878136415808 
19.3383877241 15.733442005 0.878136415808 
19.3383877241 15.733442005 0.878136415808 
19.3383877241 15.733442005 0.878136415808 
19.3383877241 15.733442005 0.878136415808 
19.3383877241 15.733442005 0.878136415808 
19.3383877241 15.733442005 0.878136415808 
19.3383877241 15.733442005 0.878136415808 
18.9713947737 16.6220092739 3.45969472387 
18.8219268286 16.5814152921 3.7029798739 
18.6823482477 16.5042469467 3.76361277451 
18.5447778666 16.4197859729 3.76310061105 
18.4150440657 16.3417321409 3.76521135386 
18.2793071234 16.2595318521 3.76083955353 
18.1468014681 16.1780474747 3.76016770226 
18.0079419577 16.0925455655 3.73838185059 
17.8793547117 16.0179766382 3.75614927482 
17.7312738859 15.9269876445 3.75971276113 
17.6031073296 15.8514128889 3.7559562397 
17.4543832504 15.7620819772 3.75254151019 
17.3276945316 15.6860520209 3.75323296954 
17.1954346859 15.6078301931 3.75437320211 
17.0624240601 15.5285625721 3.7595034485 
16.941960212 15.4564110602 3.75359611893 
16.8044674956 15.3747356946 3.75077127383 
16.6791074836 15.300200511 3.72447130048 
16.5403540098 15.2182653269 3.65950074249 
16.4065253698 15.168632027 3.45861661639 
16.2291379833 15.1235481913 3.45690007431 
16.0722982847 15.0850940312 3.45687983677 
15.9354392999 15.0528667385 3.46191232353 
15.7785852888 15.0134572948 3.47408600926 
15.6192126834 14.9748590256 3.45844256136 
15.4783825242 14.9415543641 3.45661864627 
15.298717376 14.8967847193 3.47676112298 
15.1580472552 14.8624802197 3.5372074348 
14.9758384788 14.8022297884 3.84620367934 
14.8473424875 14.7081121767 4.14220867049 
14.7341477835 14.5425612892 4.52560048165 
14.6993777716 14.3860354985 -1.43384985642 
14.7159396374 14.2156954969 -1.22573917483 
14.7626012528 14.0600571598 -1.22161061754 
14.8042365276 13.9252568449 -1.20940722106 
14.8464606964 13.7679972614 -1.26481361026 
14.8733870947 13.6845971311 -1.15273939216 
14.8733870947 13.6845971311 -1.15273939216 
14.991050061 13.4457830156 -0.630758014776 
15.15808725 13.3304519618 1.27960665682 
15.4116728866 13.2156029905 -0.29902210549 
15.5627333486 13.1538873876 -0.225026903667 
15.7096375638 13.1110032762 -0.0314976187382 
15.8566914463 13.0978430475 -0.0194733266417 
16.0083268919 13.0842565263 -0.0130312334098 
16.1385973209 13.0709010328 0.0873059311704 
16.3099431061 13.0795055593 0.36895812938 
16.4821020329 13.1384578908 0.40920409273 
16.6240728461 13.1909533704 0.398076655442 
16.767948445 13.245208856 0.278282378708 
16.9084997141 13.2723913158 0.149537828352 
17.0756324494 13.2859443391 0.125374892963 
17.2390460932 13.2922003234 0.143636334247 
17.3994122707 13.3037239278 0.13979805757 
17.541916486 13.3125035728 0.141002279296 
17.6927270853 13.3221689428 0.140918029624 
17.8826999628 13.3346677984 0.139285288862 
18.0445153677 13.345370766 0.146895314978 
18.1959457361 13.3553377355 0.290360232825 
18.3413724863 13.385562774 0.552110713882 
18.4811067545 13.4639238084 0.901549275211 
18.5891029799 13.5839744771 1.20585434384 
18.6644654238 13.7831671203 1.63295468401 
18.6651248896 13.923474666 1.76707638978 
18.6522750818 14.03529894 1.76060495919 
18.6375794375 14.1535216535 1.75514229097 
18.6192638838 14.3105064596 1.75506700848 
18.5971496069 14.5250703658 1.82864304158 
18.5633480513 14.6896656717 2.13658483577 
18.45815086 14.8619644011 2.37160887761 
18.3506836855 14.9850283528 2.39172687598 
18.2295591795 15.1231305862 2.48753363913 
18.1204583609 15.221360272 2.64286201517 
17.9747703039 15.3135775889 2.65377713011 
17.8548896277 15.3911875303 2.69973567818 
17.6652623379 15.486380961 3.0503111088 
17.5427995884 15.5065349008 3.28644321823 
17.4213076794 15.4977477456 3.38800465866 
17.3175065481 15.4807882125 3.36412549692 
17.2362658941 15.4699920083 3.3504557673 
17.1436450445 15.4565129096 3.36480486021 
17.0339256489 15.4405858035 3.36479792624 
16.8710175717 15.4178023751 3.36831882286 
16.6341189706 15.3814479376 3.34687278743 
16.4433397019 15.3528855408 3.3668274047 
16.292331841 15.3316974903 3.35317091918 
16.1326727235 15.3089045773 3.35609863147 
15.9237589874 15.2790236326 3.36908358331 
15.7856755146 15.258582257 3.59726674769 
15.66130979 15.2128616965 4.0642175145 
15.6180498862 15.183837984 4.39567859534 
15.5945274496 15.1689088459 4.67578303404 
15.5792407655 15.1734513904 -1.36787642101 
15.5506156945 15.1633203144 -0.912654208887 
15.5304055178 15.1457175131 -0.535192157617 
15.5201774501 15.1317289958 -0.270598424599 
15.5212773049 15.1034855808 0.167272013742 
15.5668778681 15.1018771345 0.292279897866 
15.639534887 15.1181221942 0.290018094997 
15.7142611855 15.1349649022 0.293836486818 
15.8168019318 15.1573314259 0.291502232041 
15.9081075193 15.1785573962 0.260578443801 
15.9751442188 15.2027460749 -0.0313161232277 
15.9940681272 15.2188576872 -0.377608615685 
15.9849169442 15.2684458813 -0.830436261209 
15.9884573334 15.2879807281 -0.999431688343 
15.9884775096 15.2865114028 -1.01470312767 
15.9877383822 15.2849206629 -1.00721122821 
15.9879052975 15.2850607785 -1.00972650514 
15.9878499099 15.2851182784 -1.00810191902 
15.9877485448 15.2849316935 -1.00746110522 
15.9877702707 15.2851009558 -1.00738322492 
15.98770969 15.2852482351 -1.0090026145 
15.9876973295 15.2852757427 -1.00593913868 
15.9876580277 15.2853291819 -1.00598700204 
15.9879099169 15.2853108237 -1.00798985551 
15.9877755531 15.2851148064 -1.00728308512 
15.9877886662 15.2851173917 -1.00720517272 
15.9877918475 15.2850955131 -1.00745349643 
15.9876392373 15.2853306646 -1.00571854662 
15.987773765 15.2851250956 -1.00730831142 
15.9877819234 15.2851424518 -1.00717224214 
15.9876609408 15.2852949801 -1.006105005 
15.987702381 15.2852592545 -1.00632312189 
15.9881634006 15.2859029027 -1.00989420873 
15.9876591453 15.2852825003 -1.00606283084 
15.9876471573 15.2852742674 -1.00606247546 
15.9891104662 15.2855199541 -0.986518818592 
15.9877380395 15.2851267571 -1.00686861032 
15.9877949544 15.2851171794 -1.00722403374 
