15.8398059682 15.1706566329 0.387694089224 
15.8398076856 15.170663398 0.387798198164 
15.8415090406 15.1706387813 0.404691314839 
15.840063803 15.17097253 0.386886018222 
15.8398085536 15.1706247295 0.387713659422 
15.8400509172 15.1709765459 0.38682030171 
15.8400541657 15.1709967817 0.3865927542 
15.8400613033 15.1709672178 0.386877002718 
15.8400457503 15.1709621663 0.386934804364 
15.8400736788 15.1709665994 0.386806114016 
15.8400606887 15.1709684769 0.386761133992 
15.8400719986 15.1709577332 0.386643325592 
15.8397952021 15.1706032718 0.387576097495 
15.8397969307 15.1706024821 0.387802978104 
15.839806121 15.1706162358 0.387560422105 
15.8398027756 15.1706032718 0.387655830675 
15.8400663176 15.1709768812 0.386758370999 
15.8400670589 15.1709659065 0.386826104656 
15.8400452697 15.1709350387 0.38676039675 
15.8400671222 15.1709731261 0.386640427848 
15.8398102001 15.1706159825 0.387653275515 
15.8398175315 15.1706239099 0.387875033591 
15.8398227842 15.170621563 0.387578987435 
15.8400620409 15.1709512437 0.386426329515 
15.839818027 15.170619596 0.387678264456 
15.8400808723 15.1709575991 0.386207347048 
15.8399305792 15.1707031841 0.387592044689 
15.839824699 15.1706583465 0.387104400146 
15.8400548213 15.1709476078 0.386510848694 
15.8396868856 15.1706639046 0.387043347348 
15.839729719 15.1706669892 0.386624725042 
15.8395383769 15.1710946004 0.382835222065 
15.839769926 15.1705635677 0.393215799492 
15.8397764118 15.1705580617 0.393023726171 
15.839780301 15.170575347 0.393223111711 
15.8395713941 15.1698537881 0.378989818375 
15.8399382682 15.1709489862 0.386151702382 
15.8399351129 15.1709482933 0.385903343468 
15.8397161999 15.1706368888 0.386801275849 
15.8399879673 15.1709334964 0.385942615441 
15.8398916946 15.1700367222 0.382190381953 
15.839994874 15.1709475184 0.386374728123 
15.8399841973 15.1709663833 0.385938539675 
15.839571111 15.1697736869 0.379651912646 
15.8397425265 15.1706220026 0.387050591725 
15.8397620433 15.1706442351 0.386745787997 
15.8551442103 15.1747137422 0.374451874312 
15.9023217141 15.1920500661 0.319226888625 
15.9102844616 15.2104851755 0.0615205390277 
15.9338410833 15.2168812177 -0.0700895944312 
15.9844923728 15.2090228873 -0.0765773570614 
16.0618007445 15.1966757367 -0.0744754099894 
16.1758611464 15.1793391744 -0.0982528399382 
16.3015305662 15.1605911891 -0.0719431633109 
16.4311825001 15.1424222926 -0.0832793760252 
16.5744196736 15.1192418079 -0.0721300793877 
16.8208954894 15.0815067554 -0.0747835633464 
16.960041877 15.0595008249 -0.0729714798493 
17.251276251 15.0152846987 -0.0779074946776 
17.4171043598 14.9911552484 -0.0809486826009 
17.5432639086 14.9715464378 -0.0793116677707 
17.7141959631 14.9445887173 -0.0765739567866 
17.9737913572 14.9037828411 -0.0640246529196 
18.1718604529 14.8746373917 -0.175550499487 
18.30043697 14.8414772118 -0.417041173631 
18.480974909 14.7257726158 -0.836549047048 
18.5759296381 14.5932300056 -1.12623566372 
18.6242682898 14.4531694616 -1.20658845858 
18.6654083693 14.3154020275 -1.20739321221 
18.721622225 14.1075212921 -1.47570627805 
18.7203581297 13.9547251428 4.647599653 
18.7040615046 13.8383827175 4.63407040293 
18.6968305075 13.7869856323 4.62705429442 
18.6217806303 13.511827823 4.13039392241 
18.6025338137 13.477897879 4.09625590721 
18.4860749209 13.2871360744 2.7474389188 
18.4860749209 13.2871360744 2.7474389188 
18.0688276255 13.2157288755 3.16646555484 
17.8330092394 13.228069898 3.16463061711 
17.7257902586 13.2348014081 3.17469562795 
17.5314005577 13.2430328096 3.16503345092 
17.4032070601 13.2495534385 3.16405579009 
17.2748329603 13.2561769451 3.16353584226 
17.1556669438 13.2647662128 3.16594807676 
16.9763810598 13.2796908582 3.1890653246 
16.9188911879 13.2828433479 3.16580784224 
16.6386620366 13.2941344942 3.3963060538 
16.5032650792 13.2703002656 3.46389472282 
16.3448373937 13.2291547025 3.38020077568 
16.2263759637 13.2047289575 3.13956004891 
16.1007592046 13.2149442399 3.00416929452 
15.9775512406 13.2440172399 3.01789231862 
15.8670634498 13.2717735733 3.2239273575 
15.7910376453 13.276233908 3.40795540405 
15.6578183734 13.2498211826 3.43700317963 
15.5122884774 13.2175372804 3.43656357332 
15.3464736306 13.1798926557 3.41179473265 
15.1746882164 13.1486231054 3.17679617617 
15.0137138927 13.1587351526 2.83798278872 
14.880494591 13.2101229394 2.58047492614 
14.815631386 13.2550216878 2.44335765177 
14.815631386 13.2550216878 2.44335765177 
14.6252226793 13.6062695945 1.80774342207 
14.5842122995 13.8413928712 1.83710119038 
14.5717301333 13.918667909 1.74395039669 
14.5717301333 13.918667909 1.74395039669 
14.5141980612 14.3705754841 1.48669943092 
14.5461885893 14.5066933001 1.34211255934 
14.5975023472 14.6358804668 1.06401929824 
14.6853795015 14.7699428464 0.78547504498 
14.8092972004 14.8680132891 0.484382035523 
14.9476250374 14.9210794235 0.365669550383 
15.1285453403 14.971948501 0.34704934922 
15.3048983776 15.0235216881 0.337222473743 
15.4640451634 15.0648184086 0.368434484601 
15.6050930881 15.101884302 0.351796760078 
15.7449769491 15.1414451341 0.349109411566 
15.9190855232 15.1904585885 0.338725430005 
16.1253197306 15.2469157113 0.328913997661 
16.2657116913 15.2859500873 0.312078731575 
16.4206799829 15.3249580974 0.112799402999 
16.5737512672 15.3254896666 0.0717858374758 
16.7161636912 15.3243099342 0.0518539706179 
16.8843759262 15.3209541405 0.0496937848065 
17.0596859419 15.3174850086 0.0508182665019 
17.2626156771 15.3126393373 0.064763380003 
17.4657280409 15.309731331 0.041479768238 
17.5836055243 15.3077302838 0.0485674797237 
17.7360879147 15.3050364892 0.0512190182846 
17.9417152369 15.3019951324 0.0535935356438 
18.2038545572 15.2864701266 -0.297512066233 
18.3857560122 15.2014118696 -0.705377552078 
18.5129640066 15.0671556259 -1.06088032215 
18.5718154871 14.9247729147 -1.33417693594 
18.5972447359 14.7658402289 -1.37139499026 
18.6212487185 14.5858583415 -1.38960003291 
18.6444601976 14.3944752778 -1.41993663971 
18.653937813 14.2086098159 4.64705165666 
18.6274163687 14.0388263429 4.62772376441 
18.6019723379 13.8844786848 4.59359680086 
18.5768885576 13.7344759668 4.40220493664 
18.5218257868 13.5939910377 4.15945677733 
18.493184086 13.5492389167 4.03623307209 
18.2637271845 13.3716223205 3.45459328158 
18.1169300043 13.341417786 3.32217541829 
17.9447157347 13.3248228992 3.30105801531 
17.7833222115 13.3114207948 3.30595604301 
17.5964037144 13.2959552968 3.30658500028 
17.4646203482 13.2840187515 3.30322758136 
17.2511496508 13.2664380039 3.3014882358 
17.0690342152 13.2540969814 3.29854810067 
16.9077197277 13.2457004751 3.28810847681 
16.7673440539 13.2348226274 3.30169968325 
16.5639372432 13.2180241312 3.28613074055 
16.3949700558 13.2042492593 3.28370938775 
16.2355337107 13.1879328454 3.29776414436 
16.0904466623 13.1767073835 3.25202361762 
15.9230699019 13.1633552278 3.29586368504 
15.7706883067 13.1515930856 3.29610731911 
15.6082210207 13.1400700773 3.29554979895 
15.5045790934 13.1316674913 3.25809192287 
15.3223881089 13.1195350851 3.06721480967 
15.0901995265 13.1768575872 2.60218606823 
14.9863710367 13.2527717317 2.32958990237 
14.9834307396 13.255783316 2.31710633731 
14.7859929764 13.5858319963 1.80317295955 
14.7751017773 13.7144533361 1.56908691864 
14.7940243446 13.8398909534 1.39968902474 
14.837849375 14.0105419124 1.58317505007 
14.8474376165 14.1401256288 1.61632850638 
14.8567377293 14.2846049632 1.65060702209 
14.8612139189 14.4197407926 1.65707292658 
14.8722574675 14.606257614 1.59316616016 
14.8779379093 14.709218439 1.6047057373 
14.8856393063 14.9128641451 1.51587449956 
14.9275431001 15.0960034842 1.07888495122 
14.9969102704 15.2024698409 0.838497803726 
15.1763606631 15.3512522245 0.395970512096 
15.3472483122 15.400542822 0.14364164952 
15.4623094761 15.4091494645 0.122660677906 
15.6636016631 15.4221720363 0.153581053048 
15.8068516591 15.4323339278 0.163446372994 
16.0090874695 15.4464624936 0.143239216463 
16.2543489301 15.4621646071 0.127153005773 
16.4398910963 15.4728141988 0.157048827266 
16.5938627088 15.4830287809 0.134156898562 
16.7871932947 15.4960371817 0.136182316936 
16.928279277 15.5047220851 0.145127697661 
17.1081417763 15.5162253941 0.139516300218 
17.2510070765 15.5244331623 0.148979733514 
17.418238517 15.5336491133 0.13223308621 
17.6059405768 15.5449849928 0.133529763274 
17.7570214235 15.5548879469 0.13444901079 
17.9278447592 15.5633467997 0.142667995025 
18.1192357504 15.5737783278 0.138692868509 
18.2798385584 15.5828726257 0.132194462067 
18.5000619852 15.5935156907 0.137656790788 
18.7362139189 15.6057732368 0.13340515729 
18.853934046 15.6093426312 0.121837150565 
18.853934046 15.6093426312 0.121837150565 
19.2061483824 15.6577810908 0.582800847242 
19.3383877241 15.733442005 0.878136415808 
19.3383877241 15.733442005 0.878136415808 
19.3383877241 15.733442005 0.878136415808 
19.3383877241 15.733442005 0.878136415808 
19.3383877241 15.733442005 0.878136415808 
19.3383877241 15.733442005 0.878136415808 
19.3383877241 15.733442005 0.878136415808 
18.9926564657 16.6227679218 3.41280145358 
18.834137913 16.5872241224 3.69144896366 
18.707101103 16.5186185802 3.76180930125 
18.5516595804 16.4231206144 3.74782560509 
18.4256644213 16.3482025827 3.76396683205 
18.2968435251 16.2705274785 3.76404435345 
18.0992953741 16.1484501923 3.74196262821 
17.9364614451 16.0530998672 3.76119049344 
17.8107688391 15.9762795533 3.75489012977 
17.6609073841 15.8868399228 3.75084480332 
17.4543832504 15.7620819772 3.75254151019 
17.2659879887 15.6498310233 3.75634945353 
17.1259306633 15.5658308233 3.75360466883 
16.8724657261 15.4162231351 3.75399339046 
16.7352035606 15.3335543985 3.75004287147 
16.6095490419 15.2569457388 3.66304899447 
16.4431839549 15.1788881386 3.48079668002 
16.2870646679 15.1387506465 3.4768607033 
16.135330137 15.1009976084 3.46437363205 
15.9524676242 15.0565554912 3.46791955659 
15.7559885943 15.0078743512 3.45762916385 
15.5784042441 14.9649777676 3.46164995517 
15.4223661983 14.9264705742 3.47250461215 
15.2282407248 14.8782317008 3.46161777746 
15.0377232992 14.8285259868 3.69598823329 
14.9188045227 14.7685377265 3.95845618634 
14.7504982912 14.5783256854 4.44394429395 
14.700894829 14.4150483573 -1.50023534808 
14.7211599314 14.1927859748 -1.24561159923 
14.7738869154 14.0223902429 -1.22518716837 
14.8326241934 13.8255897726 -1.20294993394 
14.8733870947 13.6845971311 -1.15273939216 
14.8733870947 13.6845971311 -1.15273939216 
14.991050061 13.4457830156 -0.630758014776 
14.991050061 13.4457830156 -0.630758014776 
15.3835639917 13.2269219125 -0.300997749712 
15.5079856777 13.1762536729 -0.276471463481 
15.6659435594 13.1189681257 -0.066041682652 
15.8479567693 13.0985835756 -0.0198116484149 
15.999710966 13.0851520265 -0.0158159634823 
16.1756184661 13.068563577 0.150625881366 
16.3796737456 13.099337932 0.440786588793 
16.5409156048 13.1612495149 0.392137227369 
16.7201779449 13.2269548143 0.346833741638 
16.8777025306 13.2707931961 0.199769194146 
17.0239092075 13.2822887863 0.170095194802 
17.1770226919 13.2887818778 0.135909400359 
17.365247842 13.3011929954 0.142984043996 
17.541916486 13.3125035728 0.141002279296 
17.7012777292 13.3227196897 0.142131299385 
17.8616871798 13.3332096303 0.139757327041 
18.0144920313 13.343417045 0.139989430065 
18.1479175055 13.3504533733 0.212262724954 
18.2920827829 13.3691217864 0.464128098426 
18.4745461905 13.4589128459 0.883412256119 
18.5800387823 13.5693358148 1.16303431409 
18.645921942 13.7012202705 1.47626010827 
18.6670434439 13.8858977521 1.74634827237 
18.6563026869 13.9862265552 1.74685408385 
18.6449000799 14.0946880544 1.75576827343 
18.626307007 14.2491004432 1.75608559549 
18.6053497755 14.4424937333 1.7795419483 
18.5873396361 14.5966221655 1.93344544381 
18.4942378962 14.81524786 2.34040808034 
18.4101109469 14.919091847 2.38435856972 
18.284078356 15.0621311034 2.41403722713 
18.1594672167 15.1931984502 2.62651748824 
18.0162453615 15.2858746725 2.6399440619 
17.892642256 15.367230233 2.68300375939 
17.7122007572 15.4681442494 2.95018814326 
17.5604308807 15.5064600075 3.25669897642 
17.4415563309 15.4999554122 3.3830911033 
17.3499088251 15.4852984811 3.37889240818 
17.2687375509 15.4748657311 3.36865608619 
17.1856566631 15.4625610078 3.34874762856 
17.072727915 15.447297659 3.38087650378 
16.9222874605 15.4256180341 3.36005260145 
16.6627144181 15.3863702233 3.36020739749 
16.5113627278 15.3639014179 3.35033366477 
16.3362143898 15.337240618 3.35871927065 
16.1621200108 15.3125515992 3.35492441482 
15.9706186318 15.2867643016 3.30068172078 
15.7990220525 15.261417147 3.55932835385 
15.6863516682 15.229374707 3.93788889341 
15.651784029 15.208962031 4.13820243089 
15.6005728507 15.1725633408 4.58873929572 
15.5792407655 15.1734513904 -1.36787642101 
15.5565050804 15.1645172949 -1.0095683022 
15.5329302215 15.1505768637 -0.599955114117 
15.5209789538 15.1332412104 -0.29252488139 
15.5164826476 15.1121759678 0.0339036749355 
15.5360861981 15.0994267131 0.235107843778 
15.5826103651 15.1053831691 0.286961106515 
15.6365436577 15.1171923319 0.290431577033 
15.7251565569 15.1373195017 0.295155745428 
15.8643653003 15.1663166175 0.293082381362 
15.9450200872 15.1907814408 0.154786345451 
15.9821456411 15.2079407463 -0.130878371513 
15.9928827399 15.2303826895 -0.518973522363 
15.9867221304 15.2661923973 -0.783165824332 
15.9858462327 15.286546916 -0.992417369864 
15.9888841623 15.2879920343 -1.01572420114 
15.9877759555 15.2848927418 -1.00788301562 
15.9879460299 15.2850325967 -1.0098525466 
15.9877564275 15.2849441546 -1.00734843695 
15.9877621793 15.2848981063 -1.00728176443 
15.9877859616 15.2849215421 -1.00636137013 
15.9877041393 15.285282355 -1.00664116664 
15.9877709636 15.2851086485 -1.0074638042 
15.9876495862 15.2853370833 -1.00579504881 
15.9877308422 15.2852010543 -1.00921254435 
15.9877559656 15.2851413118 -1.0071274653 
15.9877936878 15.2851098033 -1.00732200541 
15.9876263105 15.2853943559 -1.00801087444 
15.9876264149 15.2853326427 -1.00577352195 
15.9876671174 15.2853118035 -1.00611672982 
15.9876242765 15.2853455509 -1.00590586148 
15.9877784291 15.2851109619 -1.0073020586 
15.9876609408 15.2852949801 -1.006105005 
15.9878946358 15.2852875928 -1.0080631289 
15.9880790004 15.2860712933 -1.00808530311 
15.9876516202 15.2853249314 -1.00581202082 
15.9876295888 15.2853356639 -1.00578801093 
15.9876278379 15.2853324453 -1.00568512623 
15.9877171108 15.2852725203 -1.00646275777 
15.9876417034 15.2853118482 -1.00582326267 
