15.9877949544 15.2851171794 -1.00722403374 
15.8400604838 15.1710039193 0.386802544019 
15.8397997656 15.1706437359 0.387900642366 
15.8397949339 15.1706212054 0.387704892972 
15.8418935762 15.1708200018 0.40784695295 
15.840076849 15.1709853674 0.386806752323 
15.8400815056 15.1709910224 0.386650110104 
15.8400565908 15.1709625314 0.386818013115 
15.8397965768 15.1706185455 0.387914419116 
15.8398065158 15.1706042106 0.387814941212 
15.839805253 15.1706123839 0.387570312112 
15.8397961744 15.1706082637 0.387604504051 
15.8400581778 15.1709651987 0.386607309166 
15.8397979439 15.1706173609 0.387744974347 
15.8400603646 15.1709543655 0.386799436997 
15.8400606328 15.170951877 0.386893225105 
15.8400611059 15.1709400157 0.386767293823 
15.8398095408 15.1706089939 0.387726957422 
15.8397860565 15.1705940629 0.387532500268 
15.8400657886 15.1709343905 0.38659986393 
15.8400581443 15.1709624122 0.386690804334 
15.8400653937 15.1709704588 0.386791844587 
15.840074666 15.1709599237 0.386673357704 
15.8400858008 15.1709580089 0.386512247279 
15.8398189136 15.1706116239 0.387630338168 
15.8400914335 15.170950454 0.386627294213 
15.8398408593 15.1706224869 0.387254027504 
15.8398374022 15.1706443469 0.387226601443 
15.8398196624 15.170628954 0.387082161938 
15.8395818734 15.1697420294 0.379932993131 
15.8399267533 15.1709885711 0.385804163371 
15.8390500956 15.1701868887 0.404677322333 
15.8397457973 15.1705393831 0.393053112165 
15.8397689873 15.1705659891 0.393151205766 
15.8397889064 15.1705665256 0.393097246105 
15.8396001273 15.1698056723 0.379155545015 
15.8397012615 15.1706240589 0.386915024593 
15.8399443851 15.1709829832 0.385944913483 
15.8397161999 15.1706368888 0.386801275849 
15.8399761916 15.1709816048 0.385811218313 
15.8397265301 15.1706213246 0.386998230443 
15.8397219741 15.1706260706 0.387230509636 
15.8397280463 15.1706151331 0.387175609537 
15.8388188035 15.1697209219 0.375917459055 
15.8397432381 15.1706272254 0.387141346689 
15.8399901428 15.1709840263 0.385853653275 
15.8505895027 15.1732466857 0.376268594753 
15.9023217141 15.1920500661 0.319226888625 
15.9115957526 15.2054645273 0.107000750605 
15.9215390609 15.216712313 -0.0369020501222 
15.9677590692 15.2114593426 -0.080661688442 
16.0618007445 15.1966757367 -0.0744754099894 
16.1758611464 15.1793391744 -0.0982528399382 
16.2934842968 15.1616245026 -0.0703050458803 
16.4602962696 15.1377098302 -0.084773843025 
16.633789953 15.1094385351 -0.0731487095801 
16.7911370957 15.0858247692 -0.073402362764 
16.9434214794 15.0620084966 -0.0727227495459 
17.1035354101 15.0378015603 -0.0732815137674 
17.2862824165 15.0108469839 -0.0827917236364 
17.4537405932 14.9851350153 -0.0909437901124 
17.6140154564 14.9599207307 -0.0924734796902 
17.7743781769 14.9355437423 -0.0685941444507 
17.9526836836 14.9065717424 -0.0606608893426 
18.0823893511 14.8885981704 -0.0942698674029 
18.2640237772 14.8543503548 -0.343082625164 
18.4292654955 14.7719061042 -0.708152691857 
18.5528295004 14.6346631611 -1.05492609753 
18.604573723 14.5206274951 -1.20584471603 
18.6563408339 14.3438163365 -1.20108714923 
18.7082378828 14.1742979253 -1.34967808783 
18.7256996595 14.0052362646 4.67448408768 
18.7066910231 13.8561577762 4.63232116594 
18.6968305075 13.7869856323 4.62705429442 
18.6968305075 13.7869856323 4.62705429442 
18.6025338137 13.477897879 4.09625590721 
18.6025338137 13.477897879 4.09625590721 
18.4860749209 13.2871360744 2.7474389188 
18.1848761999 13.2165583337 3.2171985489 
18.0688276255 13.2157288755 3.16646555484 
17.9480750525 13.2216190065 3.1680932659 
17.8286125624 13.2280918325 3.17138473542 
17.6423928702 13.2384835447 3.17101535596 
17.424855467 13.2482396329 3.16479601577 
17.2748329603 13.2561769451 3.16353584226 
17.1556669438 13.2647662128 3.16594807676 
17.0376031363 13.2723946537 3.16905240319 
16.9188911879 13.2828433479 3.16580784224 
16.6767124498 13.2961814369 3.31697254342 
16.5661931598 13.2863084043 3.4675834906 
16.4295093977 13.2524397338 3.42630825077 
16.2818362081 13.2153633798 3.29046548414 
16.1273060852 13.2104152406 3.01717655342 
15.9925987461 13.2401055063 3.00607810544 
15.8895221815 13.2665680612 3.1582746377 
15.8106077501 13.2780171598 3.3833367367 
15.7235414946 13.2646598781 3.44195539604 
15.6109890306 13.2390891279 3.43473328636 
15.462216165 13.206718799 3.43799933407 
15.3128160202 13.1722179616 3.38223336703 
15.1662534439 13.147958156 3.15981111697 
15.0050145948 13.16045272 2.81343323184 
14.8629132473 13.2209578718 2.5265966705 
14.815631386 13.2550216878 2.44335765177 
14.815631386 13.2550216878 2.44335765177 
14.6252226793 13.6062695945 1.80774342207 
14.6252226793 13.6062695945 1.80774342207 
14.5807008707 13.8618254627 1.78488213969 
14.5717301333 13.918667909 1.74395039669 
14.5717301333 13.918667909 1.74395039669 
14.5141980612 14.3705754841 1.48669943092 
14.5461885893 14.5066933001 1.34211255934 
14.5901612007 14.6175158585 1.10056481805 
14.6643440687 14.7450914348 0.835204654562 
14.7730480396 14.8454051579 0.58986590671 
14.9175971114 14.9128334487 0.36480954329 
15.0601604545 14.9532217945 0.366747375253 
15.2062815392 14.9960098828 0.3468546365 
15.3504450881 15.0356144721 0.334943112076 
15.4909267389 15.0726987983 0.342429610119 
15.6536924356 15.1156219656 0.349651317005 
15.8031778597 15.1587628911 0.363071818319 
15.9520196171 15.2000295336 0.334914433512 
16.0893981272 15.2368173208 0.315571887245 
16.2430741751 15.2790814752 0.338885632435 
16.355894413 15.3137212659 0.178551074042 
16.5195875728 15.3266110683 0.0425426843461 
16.687089082 15.3243921811 0.0499226564582 
16.8337110841 15.3218815739 0.0492075970804 
16.9948790037 15.3187458182 0.0631893197895 
17.1585164034 15.3153936828 0.0394139039028 
17.3641756737 15.3117460648 0.0397612084564 
17.5836055243 15.3077302838 0.0485674797237 
17.7576161587 15.304613244 0.0558441811684 
17.9201896155 15.3022390048 0.0554413354105 
18.1240212881 15.2974681968 -0.129818805771 
18.2615935766 15.2686831134 -0.418881257988 
18.4262540304 15.1688746626 -0.804551057535 
18.5421056711 15.0154696966 -1.17878725322 
18.5847649538 14.865071025 -1.37172435624 
18.6063048803 14.6840230192 -1.35388477462 
18.6273617708 14.5185474123 -1.36142431373 
18.6505668127 14.3430184687 -1.47418021063 
18.6519021952 14.1868321861 4.63433781097 
18.6291956865 14.0514105524 4.63012317493 
18.6019723379 13.8844786848 4.59359680086 
18.5768885576 13.7344759668 4.40220493664 
18.5218257868 13.5939910377 4.15945677733 
18.493184086 13.5492389167 4.03623307209 
18.3066391909 13.3889346088 3.53112640369 
18.1618971789 13.346443888 3.33597706551 
17.9954876864 13.3295540775 3.29855294007 
17.8425282204 13.3161921466 3.30652278644 
17.6966534817 13.304270264 3.30515849337 
17.5455572569 13.2911244596 3.30315222301 
17.3860729897 13.2776552404 3.30228323663 
17.2208557093 13.2638044322 3.29887809223 
17.0406037533 13.250868317 3.29502553353 
16.8862922155 13.2460914815 3.30863088356 
16.7380841934 13.2300575937 3.27177942216 
16.5720815026 13.2186063493 3.28027354348 
16.4239897096 13.2078946794 3.29566029422 
16.2740462982 13.1904402936 3.29528731349 
16.1330696606 13.1790653432 3.28679990508 
15.960400019 13.1661955083 3.29484893556 
15.8215782457 13.1553143228 3.29533158293 
15.6381150746 13.1419941152 3.29502716926 
15.4876944387 13.1301976408 3.25046967535 
15.3341609799 13.1195956434 3.080786005 
15.1796804034 13.1394377912 2.77678712999 
15.0388002359 13.2079263891 2.47609574487 
14.9834307396 13.255783316 2.31710633731 
14.9834307396 13.255783316 2.31710633731 
14.781237241 13.5950283969 1.81992200716 
14.7751017773 13.7144533361 1.56908691864 
14.7940243446 13.8398909534 1.39968902474 
14.8440026009 14.0284624065 1.612740295 
14.8464276754 14.1335439647 1.59247452507 
14.8513611519 14.2530568803 1.62990590168 
14.861338731 14.3873223628 1.6736201984 
14.8725720608 14.595838126 1.60504817778 
14.8791046106 14.7366664971 1.60362465393 
14.8840688431 14.8727177943 1.50384710371 
14.9191275203 15.0733126367 1.15954459379 
15.0039779508 15.2135135683 0.843817723995 
15.1630994641 15.3455093841 0.383238920781 
15.3264860475 15.3977276648 0.1570700633 
15.490666058 15.4113281483 0.144177465105 
15.6636016631 15.4221720363 0.153581053048 
15.8279454821 15.4352113868 0.157685726917 
15.980377745 15.4441088552 0.162013468157 
16.181489166 15.4573538716 0.125192094297 
16.345289793 15.4670599664 0.153731306986 
16.4898526036 15.4762543554 0.152958301907 
16.6469631755 15.4862186874 0.130567824935 
16.7956221664 15.4961557353 0.132174145208 
16.9363563025 15.5049149061 0.15099275705 
17.1081417763 15.5162253941 0.139516300218 
17.263806101 15.5251087213 0.14603698288 
17.4213780129 15.5344339872 0.121034418592 
17.5636910164 15.5431880916 0.135405894807 
17.7153944933 15.5519740845 0.118911479477 
17.8771836722 15.5614207352 0.132111115403 
18.0375382864 15.5693573917 0.140888334701 
18.2001140082 15.5781376029 0.133255627635 
18.3529362642 15.5872289206 0.129918850585 
18.5128979647 15.5945235158 0.129313864391 
18.6685836279 15.6021422709 0.125709842271 
18.8381223642 15.6099792684 0.127068477126 
18.853934046 15.6093426312 0.121837150565 
18.853934046 15.6093426312 0.121837150565 
19.3028547728 15.7089969183 0.742846450303 
19.3383877241 15.733442005 0.878136415808 
19.3383877241 15.733442005 0.878136415808 
19.3383877241 15.733442005 0.878136415808 
19.3383877241 15.733442005 0.878136415808 
19.3383877241 15.733442005 0.878136415808 
19.3383877241 15.733442005 0.878136415808 
19.3383877241 15.733442005 0.878136415808 
19.0226268732 16.6233744586 3.35048783762 
18.8628098929 16.5980141128 3.65449556455 
18.707101103 16.5186185802 3.76180930125 
18.5516595804 16.4231206144 3.74782560509 
18.4076068365 16.3376067842 3.76640349724 
18.2897140944 16.2663170064 3.76476465968 
18.1468014681 16.1780474747 3.76016770226 
18.0079419577 16.0925455655 3.73838185059 
17.8688226902 16.0115303958 3.75267645232 
17.7415745222 15.9339733685 3.76512121965 
17.6100231373 15.8562108243 3.75260870122 
17.4543832504 15.7620819772 3.75254151019 
17.3349662983 15.6906513239 3.75810246439 
17.1954346859 15.6078301931 3.75437320211 
17.0182455742 15.502159294 3.76922542912 
16.8361019456 15.3950122262 3.75466612708 
16.6986930334 15.3114965449 3.748430089 
16.5659445488 15.2316840266 3.6009496369 
16.4136283958 15.1704501475 3.45556851907 
16.2213607692 15.122071747 3.46266432695 
16.0805735254 15.087639686 3.4657383054 
15.8864148502 15.0401793982 3.45066039033 
15.7354339325 15.0029939229 3.45621655424 
15.5491889381 14.9580444361 3.46435928254 
15.3826583588 14.917444166 3.47910025118 
15.1182215178 14.852751937 3.57956305122 
14.9345468247 14.7788398827 3.91727074264 
14.7614953482 14.5956140126 4.43004517431 
14.7038085425 14.4345200623 -1.54371771631 
14.714746114 14.2252429689 -1.23264007108 
14.7437875235 14.1175105537 -1.20893313894 
14.7901570761 13.9614506925 -1.25588545169 
14.8338887655 13.8187476362 -1.23255798218 
14.8733870947 13.6845971311 -1.15273939216 
14.8733870947 13.6845971311 -1.15273939216 
14.991050061 13.4457830156 -0.630758014776 
15.15808725 13.3304519618 1.27960665682 
15.356668111 13.2372094358 -0.300277133969 
15.5355147981 13.1647173131 -0.254463548846 
15.6964754277 13.1132186616 -0.0402007293794 
15.8356773109 13.0993970598 -0.0171076435493 
16.0600317829 13.077988025 0.0161036399559 
16.2479971909 13.0702670778 0.27937589037 
16.3864153885 13.102834102 0.447040208913 
16.5769930446 13.1736222471 0.394190250552 
16.747322973 13.2372883523 0.318910686456 
16.899882313 13.2711166109 0.162764832241 
17.0454875195 13.2840869392 0.16984647227 
17.1974828207 13.2895553077 0.141457333116 
17.4080630505 13.3043808902 0.139136433025 
17.5718175137 13.314019915 0.140890260089 
17.7314687931 13.3245594467 0.139783390333 
17.8910832369 13.3352562154 0.139510928665 
18.0315244162 13.3447120155 0.142904402754 
18.1959457361 13.3553377355 0.290360232825 
18.3209583723 13.3775355781 0.521753828388 
18.4528477156 13.4458025659 0.867121051509 
18.5891029799 13.5839744771 1.20585434384 
18.6519317591 13.7215567792 1.51805119753 
18.6677534544 13.8636254037 1.72683414549 
18.6563026869 13.9862265552 1.74685408385 
18.6449000799 14.0946880544 1.75576827343 
18.626307007 14.2491004432 1.75608559549 
18.604521271 14.451318797 1.78668335622 
18.5822071993 14.6268103088 2.00928186682 
18.5102188551 14.7913656498 2.32813145917 
18.3753170931 14.9570259417 2.39180398711 
18.2484955752 15.0999180491 2.44153192916 
18.0853412115 15.2455030105 2.65604954099 
17.9569196665 15.3251690979 2.64363672643 
17.7943370306 15.4283132369 2.7991525129 
17.6652623379 15.486380961 3.0503111088 
17.5427995884 15.5065349008 3.28644321823 
17.373031851 15.489188161 3.37938843348 
17.2980850899 15.4788555766 3.35095724595 
17.2500177586 15.4724803085 3.37820562119 
17.1321846211 15.4549968208 3.36344553668 
16.9903472626 15.434731182 3.35784902903 
16.8419885003 15.4134293909 3.36064867588 
16.6249674523 15.3805486674 3.35578184548 
16.4947277867 15.3614370043 3.34451024427 
16.3157361114 15.3326226364 3.38082656162 
16.0903688931 15.3028659935 3.35647370028 
15.9158431851 15.2779602411 3.36918979602 
15.7155031377 15.2384391027 3.82846859991 
15.6474395805 15.2034087519 4.17820947252 
15.6091429555 15.1779342482 4.49245253745 
15.5857008957 15.1699167977 -1.46381106837 
15.5691385233 15.1699650476 -1.20306317335 
15.5508619511 15.1614015142 -0.90593609245 
15.5334457123 15.1516130681 -0.609565110564 
15.5194875264 15.1288139636 -0.218349276826 
15.5201358759 15.1044393147 0.162308172681 
15.5668778681 15.1018771345 0.292279897866 
15.6296627783 15.1157832781 0.296700059274 
15.697406184 15.1315355788 0.276860753828 
15.8259871566 15.1618630255 0.263616139775 
15.8979335969 15.1746457035 0.274846089011 
15.9627106005 15.197414432 0.0646134874204 
15.9891527855 15.2136727518 -0.250023990074 
15.9922399634 15.2359831445 -0.572439778096 
15.9837870413 15.2760698127 -0.883653900059 
15.9878008329 15.2876462417 -0.987509862782 
15.9895509594 15.2878700348 -1.01231382487 
15.9877748304 15.284942169 -1.00759665184 
15.9878031575 15.2848516817 -1.00900724685 
15.9876341411 15.2851243841 -1.00578826463 
15.9877556303 15.284943756 -1.00727539415 
15.9877482915 15.2852422523 -1.00701310678 
15.9877194726 15.2852517555 -1.00899756797 
15.9877416753 15.2852234172 -1.00920018276 
15.9877874964 15.2851126122 -1.00738002168 
15.9876389765 15.2853250208 -1.005862197 
15.9877805897 15.285103217 -1.00745233002 
15.9876476267 15.2853237393 -1.00589171229 
15.9876307585 15.285329819 -1.00579229266 
15.9877957964 15.2850984375 -1.00764434269 
15.987614561 15.2853463034 -1.00575145957 
15.9877819234 15.2851424518 -1.00717224214 
15.9878061676 15.2851059737 -1.0074851965 
15.9877808058 15.2851340438 -1.0070980603 
15.9876167962 15.2853475625 -1.00565341721 
15.987675097 15.2853110361 -1.00591298692 
15.9876876363 15.2855411174 -1.00673648388 
15.988505941 15.2859682443 -1.0063503507 
15.9880474099 15.2851723547 -1.00317565302 
15.9876483941 15.2852925959 -1.00612634965 
15.9877977708 15.2850984188 -1.00745893043 
