15.8398059682 15.1706566329 0.387694089224 
15.8400464655 15.170985874 0.386675954901 
15.8400635236 15.1709945912 0.386792517217 
15.8398927898 15.1715752224 0.379388760561 
15.8418935762 15.1708200018 0.40784695295 
15.8400599138 15.1709914247 0.386732847588 
15.8398107142 15.1706431622 0.387743752456 
15.8398062513 15.1706167574 0.38758021643 
15.8400452622 15.1709459836 0.386688875231 
15.8400488981 15.1709835047 0.386739630061 
15.8400550486 15.1709634403 0.386904540903 
15.8398107403 15.1706066171 0.387678337088 
15.8400669434 15.1709543283 0.3865560388 
15.8400599548 15.1709733124 0.386789697231 
15.8400497661 15.1709572638 0.386894004268 
15.839792289 15.1706041435 0.387817283711 
15.8397994341 15.1705962459 0.387637421964 
15.8398106584 15.1706086139 0.387734315431 
15.8400585466 15.170959201 0.386629033925 
15.8400553541 15.1709520856 0.386589126138 
15.8397979477 15.1706187988 0.387683730064 
15.8397966624 15.170604978 0.387572191027 
15.8400683404 15.1709494407 0.3867326247 
15.8400685528 15.1709594096 0.386727429166 
15.8400833124 15.1709401498 0.38645459042 
15.8400761933 15.1709794963 0.386634490056 
15.839833703 15.1706222708 0.387417118093 
15.8399776966 15.1707168336 0.387396295277 
15.8397549019 15.1705489645 0.387610819193 
15.8397962787 15.1706152449 0.387532060637 
15.8395484501 15.1706277544 0.386411498574 
15.8399333694 15.1709588508 0.385873705485 
15.839846708 15.1717395152 0.378020962306 
15.8401464858 15.1709064955 0.392252472817 
15.839764435 15.1705584491 0.39290986232 
15.8397875206 15.170566086 0.393355915546 
15.8400039078 15.1707517321 0.391860343577 
15.8397260384 15.1705377812 0.386286170878 
15.8399409206 15.1709497536 0.385878177375 
15.8399372102 15.1710083375 0.385927695275 
15.8397144267 15.1706580112 0.386999030765 
15.8397012056 15.1707520078 0.385812649227 
15.8396392689 15.1698279495 0.380427957812 
15.8397231103 15.1706369335 0.387131562203 
15.8397513592 15.170619231 0.38715251271 
15.8388188035 15.1697209219 0.375917459055 
15.8399931529 15.1709675903 0.385802332548 
15.8397620433 15.1706442351 0.386745787997 
15.85188685 15.1734057705 0.373843301768 
15.890978651 15.1863925273 0.350829656156 
15.9104869721 15.1983378308 0.247254531921 
15.9176868555 15.2155582851 -0.0214247531047 
15.9650674575 15.2123348529 -0.0892822023942 
16.0373970383 15.2006734389 -0.0785725030492 
16.1263921821 15.1877448375 -0.0840099241399 
16.2553608083 15.1676436851 -0.0852741054379 
16.4111469352 15.1452695096 -0.0852128453969 
16.5744196736 15.1192418079 -0.0721300793877 
16.7048402392 15.0992552454 -0.0724795073215 
16.8719359004 15.0732802267 -0.0769411514114 
17.0738092625 15.0424880947 -0.0736737057721 
17.2052670681 15.023033526 -0.0659287544747 
17.3753330671 14.9974564279 -0.0817741932785 
17.5852012598 14.9652238155 -0.0808026711186 
17.7141959631 14.9445887173 -0.0765739567866 
17.8657151425 14.919881549 -0.07459975091 
18.1252672636 14.8811102177 -0.106895312365 
18.2845668757 14.8474583293 -0.378373864364 
18.4686348402 14.7384429539 -0.811472062607 
18.571970936 14.6007463301 -1.1152819162 
18.636097666 14.4102785552 -1.21628327983 
18.6789965593 14.2742431129 -1.23360503378 
18.721622225 14.1075212921 -1.47570627805 
18.718789097 13.9431993927 4.64469232021 
18.6990373098 13.8040449584 4.63413149705 
18.6968305075 13.7869856323 4.62705429442 
18.6217806303 13.511827823 4.13039392241 
18.6025338137 13.477897879 4.09625590721 
18.4860749209 13.2871360744 2.7474389188 
18.4860749209 13.2871360744 2.7474389188 
18.1848761999 13.2165583337 3.2171985489 
17.9649763071 13.2210482324 3.16749018879 
17.8286125624 13.2280918325 3.17138473542 
17.7257902586 13.2348014081 3.17469562795 
17.5229537451 13.2434395517 3.1647547412 
17.4032070601 13.2495534385 3.16405579009 
17.2748329603 13.2561769451 3.16353584226 
17.0461721384 13.271492597 3.16606134272 
16.9763810598 13.2796908582 3.1890653246 
16.7402937972 13.2924406494 3.23684082254 
16.6230926478 13.2959094013 3.43639975597 
16.4892688357 13.2692414487 3.4459185441 
16.3448373937 13.2291547025 3.38020077568 
16.2407311165 13.2068411077 3.17986930331 
16.1007592046 13.2149442399 3.00416929452 
15.962211948 13.248003837 3.0339868931 
15.8599281294 13.2732802595 3.24668427004 
15.7951515132 13.2765418256 3.40281144372 
15.6838259065 13.2550380195 3.43294762813 
15.5596249365 13.2281805242 3.43704230084 
15.4248942101 13.198203441 3.43354174829 
15.2533420288 13.1596652235 3.31390738727 
15.1026063525 13.1459785665 3.01997647906 
14.9444230163 13.1803139413 2.70951600934 
14.815631386 13.2550216878 2.44335765177 
14.815631386 13.2550216878 2.44335765177 
14.6418783629 13.5168459381 1.86472518254 
14.6252226793 13.6062695945 1.80774342207 
14.5849194491 13.8333884443 1.83242871218 
14.5717301333 13.918667909 1.74395039669 
14.5717301333 13.918667909 1.74395039669 
14.5153638088 14.2749412025 1.62646783284 
14.5225305521 14.4307728375 1.37865796524 
14.5574948752 14.5460686053 1.23237123191 
14.6103934013 14.6599948967 1.01764397114 
14.7138621771 14.7982738877 0.694721696782 
14.8388918602 14.8820008005 0.401601538496 
14.9859389627 14.9332322443 0.348509114027 
15.1285453403 14.971948501 0.34704934922 
15.2765538656 15.0151870216 0.351947201936 
15.4218428695 15.0541010464 0.342823018862 
15.5684349799 15.0922963286 0.350981384612 
15.7121852749 15.132803459 0.355317316498 
15.862417318 15.1748370121 0.357327949014 
16.0108891615 15.2166337597 0.320909812035 
16.1581424439 15.2559141277 0.335115855207 
16.3033687436 15.2989383789 0.259963586586 
16.4206799829 15.3249580974 0.112799402999 
16.5737512672 15.3254896666 0.0717858374758 
16.7161636912 15.3243099342 0.0518539706179 
16.8769753539 15.3212442959 0.0720652175795 
17.0257859194 15.318392847 0.0507485348899 
17.1936212742 15.3142859305 0.0711554840303 
17.3257062399 15.3119904141 0.0480195845622 
17.5455629789 15.3085232938 0.0451686991527 
17.7283985579 15.3050939853 0.0693971809005 
17.8774553501 15.3035877536 0.0564558331096 
18.0823569262 15.3007040287 -0.0687605685379 
18.2534086668 15.2715977954 -0.401322714779 
18.3857560122 15.2014118696 -0.705377552078 
18.5380010569 15.0234830792 -1.15354348466 
18.5847649538 14.865071025 -1.37172435624 
18.6037783587 14.7151058281 -1.37204319174 
18.6248059237 14.5305020774 -1.36527915237 
18.6472005808 14.3733978833 -1.44365101212 
18.653937813 14.2086098159 4.64705165666 
18.6310169661 14.0642319883 4.6327133813 
18.6062390768 13.9150663579 4.60765321614 
18.5817792379 13.7623794044 4.46238854199 
18.531694647 13.6112067665 4.16393652152 
18.493184086 13.5492389167 4.03623307209 
18.2637271845 13.3716223205 3.45459328158 
18.1169300043 13.341417786 3.32217541829 
17.9570465052 13.325829264 3.29820664507 
17.7590638363 13.3092622722 3.30660071016 
17.6046997273 13.2967387403 3.31023400451 
17.4386788571 13.2819478477 3.30246571702 
17.2426207029 13.2656242813 3.30126034062 
17.0900516474 13.2551649774 3.29488198261 
16.9592738115 13.2492989267 3.33842054921 
16.7380841934 13.2300575937 3.27177942216 
16.5639372432 13.2180241312 3.28613074055 
16.3466790878 13.1958860124 3.28757675616 
16.214235779 13.1864572729 3.29767117448 
16.0404280388 13.1731337274 3.27233529202 
15.8937509899 13.1611291135 3.2965406228 
15.749488216 13.1500030721 3.29692436548 
15.6082210207 13.1400700773 3.29554979895 
15.3858542406 13.1214731897 3.17016305883 
15.1837032997 13.1382917131 2.78435363832 
15.0310847723 13.2129572595 2.46456234007 
14.9834307396 13.255783316 2.31710633731 
14.9834307396 13.255783316 2.31710633731 
14.7859929764 13.5858319963 1.80317295955 
14.7855089867 13.7831542457 1.44596024468 
14.812884804 13.9113374914 1.46847196723 
14.837849375 14.0105419124 1.58317505007 
14.8539972269 14.1923012699 1.63534754455 
14.856223222 14.3061779703 1.59323242963 
14.8684239351 14.5085339511 1.65837172271 
14.8765026295 14.6929171051 1.60609348619 
14.8807812893 14.8315870429 1.57316745361 
14.9191275203 15.0733126367 1.15954459379 
14.9904515707 15.197539978 0.884919206768 
15.1073573792 15.3114385719 0.532554162797 
15.2452411615 15.378739428 0.267740093867 
15.4049523437 15.4060821945 0.114281080517 
15.5398876631 15.4150446768 0.140797475834 
15.7177293712 15.425986957 0.165710090877 
15.8788559382 15.4376928026 0.156890873835 
16.0306710267 15.4481740708 0.146295220528 
16.1934303605 15.4583092595 0.136659993908 
16.345289793 15.4670599664 0.153731306986 
16.4981558883 15.4770558293 0.154657308279 
16.6558946335 15.486862045 0.122478915222 
16.7956221664 15.4961557353 0.132174145208 
16.9476703369 15.5059219266 0.122047789075 
17.0990998709 15.5151008333 0.128453052509 
17.263806101 15.5251087213 0.14603698288 
17.473256346 15.5375455881 0.131981936622 
17.6561498606 15.5483012165 0.121159432215 
17.816575762 15.5578052069 0.139774719261 
18.0375382864 15.5693573917 0.140888334701 
18.3608236277 15.5872168804 0.132119037531 
18.6846709215 15.6027576591 0.13237929856 
18.809237715 15.6091543401 0.127733181425 
18.853934046 15.6093426312 0.121837150565 
19.2801709139 15.6950946713 0.75889727877 
19.3383877241 15.733442005 0.878136415808 
19.3383877241 15.733442005 0.878136415808 
19.3383877241 15.733442005 0.878136415808 
19.3383877241 15.733442005 0.878136415808 
19.0483708346 16.6225385631 3.29893950519 
18.7866070234 16.5657471384 3.74409519104 
18.6677670443 16.4953081573 3.76428587171 
18.4578731024 16.3677184547 3.76695654672 
18.3466253245 16.3002375329 3.76444785073 
18.1578729117 16.1849243606 3.76054297334 
17.8546534741 16.0026883448 3.75174051772 
17.7312738859 15.9269876445 3.75971276113 
17.4220178091 15.7421603168 3.75513212789 
17.2402223312 15.6347411836 3.75203636332 
17.0815429651 15.5397331382 3.75528907101 
16.8724657261 15.4162231351 3.75399339046 
16.7352035606 15.3335543985 3.75004287147 
16.5771611893 15.2374709634 3.61673490593 
16.3691767418 15.1592686439 3.45805580847 
16.1924993956 15.1149360726 3.45899613554 
15.9354392999 15.0528667385 3.46191232353 
15.7648337 15.0103560055 3.45976596874 
15.5985288286 14.9698696698 3.45921942544 
15.3470484578 14.9086755777 3.47849144268 
15.1580472552 14.8624802197 3.5372074348 
14.9638653957 14.7959367896 3.86425769361 
14.84091663 14.7020763124 4.16030357696 
14.7442785465 14.561762389 4.50363219608 
14.6997004711 14.3348111475 -1.33981543775 
14.7260200941 14.176708814 -1.2298758445 
14.8042365276 13.9252568449 -1.20940722106 
14.8464606964 13.7679972614 -1.26481361026 
14.8733870947 13.6845971311 -1.15273939216 
14.991050061 13.4457830156 -0.630758014776 
15.15808725 13.3304519618 1.27960665682 
15.3642828428 13.2343045438 -0.301301969764 
15.4961169028 13.181377765 -0.283828069677 
15.657378208 13.1209973062 -0.0747950107359 
15.9360512347 13.0893512929 -0.00803351815282 
16.159417566 13.0693691934 0.118138912984 
16.4076628649 13.10911214 0.418540140775 
16.5849471056 13.1764734949 0.399107367968 
16.8161427343 13.2612482275 0.221520593483 
17.0886226856 13.2865903343 0.161494939098 
17.3780615294 13.3021804059 0.140564565171 
17.6134831869 13.3170100416 0.140238834289 
17.920773741 13.3372662033 0.139480566411 
18.1850264036 13.3538361753 0.25037629711 
18.3614222967 13.3926756347 0.604240133688 
18.5232570135 13.5033345188 0.997852165595 
18.6110272371 13.6193160976 1.29477863702 
18.6667480433 13.8954553569 1.7537472381 
18.6493928396 14.0563565458 1.75691794787 
18.6243386232 14.2665347422 1.75552710574 
18.6094276869 14.3989600504 1.75825735225 
18.5891671145 14.5839885438 1.90926967551 
18.4329807722 14.8924161459 2.37874387308 
18.284078356 15.0621311034 2.41403722713 
18.0162453615 15.2858746725 2.6399440619 
17.740693804 15.4559481258 2.90650608175 
17.5671532118 15.5065399672 3.24579349034 
17.3893049919 15.4925208951 3.39027144084 
17.2687375509 15.4748657311 3.36865608619 
17.1436450445 15.4565129096 3.36480486021 
16.9714820349 15.431998756 3.35518985156 
16.7211691701 15.3947476114 3.35708141857 
16.3469002509 15.3375698889 3.35681588601 
16.0903688931 15.3028659935 3.35647370028 
15.8660988753 15.2726567465 3.4658014593 
15.6744138562 15.2206447127 3.99478792417 
15.6013078653 15.1731589774 4.57238010914 
15.5779437387 15.1729106049 -1.34919798269 
15.5620018804 15.1684392358 -1.09006236836 
15.5454704427 15.1574805419 -0.799366907685 
15.5230490529 15.1373197476 -0.36815182056 
15.5224692785 15.1028909499 0.181077455536 
15.6365436577 15.1171923319 0.290431577033 
15.806278404 15.1561168025 0.241030449856 
15.9021773442 15.1757467205 0.26393392009 
15.9706740492 15.2005544866 0.011871127588 
15.9928827399 15.2303826895 -0.518973522363 
15.9860233852 15.2866663786 -0.99709898546 
15.9881860578 15.285633594 -1.00990518045 
15.9879052975 15.2850607785 -1.00972650514 
15.9881628269 15.2856513637 -1.00996391329 
15.9877407068 15.2850993949 -1.00770743944 
15.9877800533 15.285136495 -1.00718202893 
15.9877564796 15.2851999144 -1.00766524802 
15.9877308422 15.2852010543 -1.00921254435 
15.9877631479 15.285101522 -1.00747750591 
15.9876449146 15.2853426042 -1.00588775156 
15.9876737633 15.285272565 -1.00606431001 
15.9877588042 15.2851478832 -1.00690420947 
15.987773765 15.2851250956 -1.00730831142 
15.9877784291 15.2851109619 -1.0073020586 
15.9877813944 15.2851494069 -1.00708084326 
15.9878053033 15.2850965525 -1.00736798673 
15.9876516202 15.2853249314 -1.00581202082 
15.9880474099 15.2851723547 -1.00317565302 
