15.8400464655 15.170985874 0.386675954901 
15.8397912347 15.1706414709 0.387885109236 
15.8397949339 15.1706212054 0.387704892972 
15.8419303597 15.1706150959 0.409236684985 
15.8398059757 15.1706441383 0.387755175279 
15.8398183436 15.1706415976 0.387545127567 
15.8400665411 15.1709623004 0.386874931576 
15.8400452622 15.1709459836 0.386688875231 
15.8400394955 15.1709600131 0.386932405769 
15.8398150654 15.1706239695 0.387688403828 
15.8400526942 15.1709598343 0.386824264735 
15.840066325 15.1709296967 0.386587280571 
15.840061661 15.1709755326 0.386714427063 
15.8397969307 15.1706024821 0.387802978104 
15.8400603646 15.1709543655 0.386799436997 
15.8400595264 15.1709651763 0.386811807873 
15.8398106584 15.1706086139 0.387734315431 
15.8398073466 15.1705917085 0.387571242398 
15.8400740774 15.1709729398 0.386776260054 
15.839813877 15.1706131215 0.387581917126 
15.839812521 15.1706145296 0.387675899227 
15.8398229965 15.1706125627 0.387556326961 
15.840074666 15.1709599237 0.386673357704 
15.8398102411 15.1706123615 0.387693935365 
15.8400761933 15.1709794963 0.386634490056 
15.8398326636 15.170611907 0.38771705906 
15.8399289065 15.1707316826 0.387323336767 
15.8400648945 15.170929272 0.38642881877 
15.839816101 15.1706301237 0.387219339131 
15.8400585094 15.1706238801 0.387220850779 
15.8396685497 15.1706577952 0.387129675294 
15.8399267533 15.1709885711 0.385804163371 
15.8390160018 15.1702467317 0.404527612913 
15.839754332 15.170533147 0.392971850864 
15.8397764118 15.1705580617 0.393023726171 
15.8402080053 15.1709507743 0.392379401319 
15.8396553883 15.1704890544 0.385631738334 
15.8399503269 15.170946982 0.385925228433 
15.8397081682 15.1706371347 0.386773861289 
15.8399532923 15.1709929819 0.386070895602 
15.8399806024 15.1709443072 0.385925330482 
15.8396571727 15.1698324124 0.38028135834 
15.8399714382 15.1707872863 0.384601650942 
15.8399657571 15.1709640289 0.386029457534 
15.8395798505 15.1697527657 0.379537860206 
15.8399989681 15.1709517057 0.385798327 
15.8399901428 15.1709840263 0.385853653275 
15.85188685 15.1734057705 0.373843301768 
15.8928370691 15.1859144906 0.368596037065 
15.9065473751 15.1945346745 0.295235506119 
15.9106301927 15.2122362799 0.0406112615476 
15.92878389 15.2180056556 -0.0567407994639 
15.9970458784 15.2067600938 -0.0737395442899 
16.0618007445 15.1966757367 -0.0744754099894 
16.2057150864 15.1756428669 -0.0813346908779 
16.3219315076 15.1579470898 -0.0742153331245 
16.472361263 15.1353784094 -0.0750824598638 
16.6422108376 15.1079612339 -0.070611198527 
16.8208954894 15.0815067554 -0.0747835633464 
16.9434214794 15.0620084966 -0.0727227495459 
17.1418541634 15.0321954156 -0.0738555621499 
17.2643352711 15.0133945609 -0.0835673918594 
17.4171043598 14.9911552484 -0.0809486826009 
17.5308568441 14.9734331037 -0.0797696027351 
17.7435697281 14.9394329751 -0.0683722990523 
17.8527419531 14.9218692447 -0.0733675534683 
17.993822571 14.9002380634 -0.0589013260086 
18.2233867609 14.8647417391 -0.260624162011 
18.30043697 14.8414772118 -0.417041173631 
18.480974909 14.7257726158 -0.836549047048 
18.5528295004 14.6346631611 -1.05492609753 
18.6160805189 14.4817331995 -1.20564819848 
18.6539401972 14.3520058955 -1.19672547804 
18.6992089712 14.2077923978 -1.30119123287 
18.7263460123 14.043569919 -1.56596978369 
18.7149302923 13.9155385459 4.64224693448 
18.6968305075 13.7869856323 4.62705429442 
18.6968305075 13.7869856323 4.62705429442 
18.6025338137 13.477897879 4.09625590721 
18.6025338137 13.477897879 4.09625590721 
18.4860749209 13.2871360744 2.7474389188 
18.1848761999 13.2165583337 3.2171985489 
18.0688276255 13.2157288755 3.16646555484 
17.8423528635 13.2274883951 3.16630333524 
17.7257902586 13.2348014081 3.17469562795 
17.6423928702 13.2384835447 3.17101535596 
17.4032070601 13.2495534385 3.16405579009 
17.2748329603 13.2561769451 3.16353584226 
17.1556669438 13.2647662128 3.16594807676 
17.0376031363 13.2723946537 3.16905240319 
16.9188911879 13.2828433479 3.16580784224 
16.6949234569 13.293852445 3.28695698598 
16.5599290096 13.2822753156 3.44776290876 
16.4128279054 13.2486300434 3.4237476499 
16.2695873344 13.2129000391 3.26308766189 
16.1607787573 13.2057820524 3.04513137355 
16.0352701062 13.2289239133 2.99161899052 
15.9297736735 13.2564583982 3.07300616023 
15.823881548 13.2783503498 3.35900318649 
15.7426164859 13.268829223 3.44100740744 
15.5899553859 13.2347141469 3.43550135601 
15.5122884774 13.2175372804 3.43656357332 
15.3255718314 13.1749244894 3.39440941635 
15.2329155767 13.1561063493 3.2834769512 
15.0946579539 13.146949407 3.01814432374 
14.9368570411 13.1833540166 2.6885123096 
14.815631386 13.2550216878 2.44335765177 
14.815631386 13.2550216878 2.44335765177 
14.6311540568 13.5732666219 1.82079941118 
14.6252226793 13.6062695945 1.80774342207 
14.5807008707 13.8618254627 1.78488213969 
14.5717301333 13.918667909 1.74395039669 
14.5717301333 13.918667909 1.74395039669 
14.5161652529 14.2955231036 1.60253039415 
14.5274544918 14.4515066112 1.40447272575 
14.5782524311 14.5922985638 1.18425612977 
14.6367231571 14.7040321792 0.917519956467 
14.7339677775 14.8131998743 0.627592965598 
14.8711669409 14.8970059122 0.381984951146 
15.0312080943 14.9447542096 0.362339431829 
15.1774555409 14.9874429072 0.362547244172 
15.3461950981 15.0341062064 0.335582015267 
15.4640451634 15.0648184086 0.368434484601 
15.6294674539 15.1089369024 0.341195283997 
15.7449769491 15.1414451341 0.349109411566 
15.9190855232 15.1904585885 0.338725430005 
16.0765267425 15.2345937227 0.327885455181 
16.1755695903 15.2603160965 0.319634639871 
16.3671733105 15.3162078972 0.1754725822 
16.5195875728 15.3266110683 0.0425426843461 
16.6073870027 15.3253466527 0.0727883509335 
16.7843321526 15.3228599394 0.0730665253212 
16.9656708204 15.3193789239 0.0523864061529 
17.1585164034 15.3153936828 0.0394139039028 
17.3141785824 15.3122915889 0.0513154609817 
17.4858980143 15.3093190009 0.0507843847209 
17.6366562807 15.3069144304 0.0572994697438 
17.8691757881 15.3038020174 0.0522808117264 
18.0019600355 15.3031258176 0.010343631527 
18.2204618418 15.2820732968 -0.333595586307 
18.3286097014 15.2383099164 -0.56264210195 
18.4478211367 15.1485190059 -0.866461429138 
18.5276498758 15.0420836324 -1.11787322891 
18.5886249506 14.8360079492 -1.37146147341 
18.6108014547 14.6644425357 -1.37971654916 
18.6340599024 14.4674530591 -1.37113903691 
18.6472005808 14.3733978833 -1.44365101212 
18.653937813 14.2086098159 4.64705165666 
18.6291956865 14.0514105524 4.63012317493 
18.604588505 13.9021940196 4.60547013565 
18.5730731451 13.7220492328 4.38492295507 
18.5272197687 13.6025730337 4.14027840583 
18.493184086 13.5492389167 4.03623307209 
18.3165879213 13.3938598598 3.55259746269 
18.185013529 13.3509645427 3.35998665814 
18.0256795847 13.3307889665 3.28939090711 
17.8254353964 13.3148422206 3.30472715411 
17.6457978451 13.3002114261 3.30963205349 
17.5455572569 13.2911244596 3.30315222301 
17.3732429707 13.2764068807 3.30310502155 
17.2511496508 13.2664380039 3.3014882358 
17.0900516474 13.2551649774 3.29488198261 
16.8999468052 13.2470186914 3.30158639498 
16.7523865068 13.2331377233 3.32346393216 
16.6342121923 13.2241560186 3.34690541014 
16.4323214852 13.208670255 3.29818702589 
16.2865352296 13.1915210451 3.29603865863 
16.1921623015 13.1842409337 3.28811516974 
16.0104599112 13.169556495 3.28182345443 
15.8726353386 13.1594823564 3.29574725515 
15.702168774 13.1466897691 3.29637377459 
15.5653319323 13.1363891328 3.29438026499 
15.3341609799 13.1195956434 3.080786005 
15.1755644047 13.1406921113 2.76763583606 
15.0388002359 13.2079263891 2.47609574487 
14.9834307396 13.255783316 2.31710633731 
14.9834307396 13.255783316 2.31710633731 
14.7926056349 13.5707679952 1.76207793479 
14.7751017773 13.7144533361 1.56908691864 
14.7940243446 13.8398909534 1.39968902474 
14.832817074 13.9963805641 1.54209191729 
14.8434841597 14.0730982984 1.61092680276 
14.8543733322 14.2364407743 1.66190352496 
14.859465357 14.3288105095 1.61360998566 
14.8685747349 14.5314011539 1.59310277122 
14.8765026295 14.6929171051 1.60609348619 
14.8781894409 14.8043060864 1.62430598993 
14.8856393063 14.9128641451 1.51587449956 
14.967002269 15.164436307 0.935382673866 
15.0780739152 15.2909219081 0.612405794996 
15.2043378913 15.3653011287 0.339731080416 
15.3264860475 15.3977276648 0.1570700633 
15.4824039602 15.4103083427 0.135870262528 
15.5613275432 15.4167839701 0.137328737942 
15.7778327578 15.4302892948 0.163893717234 
15.8874598035 15.4381520266 0.154215715406 
16.0990801417 15.4527250643 0.13603269359 
16.231926527 15.4605864103 0.140622911912 
16.3664756679 15.4683773632 0.153179667427 
16.539070543 15.4794093485 0.130373072725 
16.6979324185 15.4897113706 0.123557216355 
16.8086731398 15.4976483549 0.120578579478 
17.0493034088 15.512671795 0.166500051146 
17.1691555941 15.518754747 0.149306161347 
17.270732876 15.5257573987 0.160779079069 
17.4649814331 15.5368020202 0.13445041206 
17.6648412907 15.5492778088 0.119722465194 
17.8552768194 15.559767362 0.139860491222 
17.9999053442 15.56752136 0.137833127035 
18.1911117994 15.5771490599 0.13956535381 
18.3903720343 15.5888081456 0.138635169416 
18.6393151247 15.6002582277 0.128964080196 
18.8381223642 15.6099792684 0.127068477126 
18.853934046 15.6093426312 0.121837150565 
19.2061483824 15.6577810908 0.582800847242 
19.3383877241 15.733442005 0.878136415808 
19.3383877241 15.733442005 0.878136415808 
19.3383877241 15.733442005 0.878136415808 
19.3383877241 15.733442005 0.878136415808 
19.3383877241 15.733442005 0.878136415808 
19.3383877241 15.733442005 0.878136415808 
19.3383877241 15.733442005 0.878136415808 
19.3383877241 15.733442005 0.878136415808 
19.0483708346 16.6225385631 3.29893950519 
18.9125354254 16.612366196 3.57507912384 
18.7282576525 16.531938311 3.76721537034 
18.5798139536 16.4413171972 3.76588499347 
18.4399480784 16.3568677867 3.76539590648 
18.3642280066 16.3113367523 3.76530705967 
18.2195324862 16.2233669127 3.76341125738 
18.0190308058 16.0998538698 3.74518613865 
17.9290575945 16.0487288202 3.76134442973 
17.7415745222 15.9339733685 3.76512121965 
17.6100231373 15.8562108243 3.75260870122 
17.4910130465 15.7832893098 3.75844524574 
17.3777660095 15.7171972061 3.75478414502 
17.2803964579 15.6582837368 3.75775641444 
17.1404188835 15.574674722 3.75501629672 
16.9560915196 15.4648960645 3.76595606472 
16.8289898598 15.3906184102 3.75642366424 
16.7059850657 15.3160739804 3.74993431507 
16.584302839 15.2417851987 3.62453942664 
16.4267559611 15.1741911362 3.45966292285 
16.2291379833 15.1235481913 3.45690007431 
16.1229240262 15.0987290407 3.46481240175 
15.9739912638 15.0612439478 3.45500409149 
15.8249339276 15.0248237068 3.47793166991 
15.6286695563 14.9769782985 3.47016272285 
15.4910840058 14.944396999 3.47367301932 
15.298717376 14.8967847193 3.47676112298 
15.1685552561 14.8642259503 3.49571939896 
14.9868511521 14.8073000277 3.81342440141 
14.9188045227 14.7685377265 3.95845618634 
14.7442785465 14.561762389 4.50363219608 
14.7088930571 14.4634456004 4.67665276293 
14.7117379868 14.2342363561 -1.2250676913 
14.7463220322 14.1071623529 -1.21892747018 
14.7965607607 13.9466760124 -1.23051260385 
14.8418378794 13.7939966882 -1.21135833056 
14.8733870947 13.6845971311 -1.15273939216 
14.8733870947 13.6845971311 -1.15273939216 
14.991050061 13.4457830156 -0.630758014776 
14.991050061 13.4457830156 -0.630758014776 
15.4116728866 13.2156029905 -0.29902210549 
15.5355147981 13.1647173131 -0.254463548846 
15.6174402797 13.1332586969 -0.138704928327 
15.8188340404 13.1004313196 -0.011141601004 
15.9873689526 13.0862444604 -0.0154783120188 
16.1312312448 13.0711356367 0.0884205101491 
16.2769500577 13.0734263624 0.340006361693 
16.4528685176 13.1270469392 0.444861685432 
16.5769930446 13.1736222471 0.394190250552 
16.7083390319 13.2225018705 0.359797325107 
16.8545760476 13.2669873203 0.214698631093 
17.0668219292 13.2848684753 0.159437243646 
17.2179063522 13.2907559837 0.144322616002 
17.3568210566 13.3005361522 0.143178094212 
17.5071765148 13.3107194866 0.140817684243 
17.671225425 13.3208662237 0.13912222371 
17.8111879789 13.3298594917 0.139894826325 
17.9720387423 13.3407512868 0.137319176341 
18.1351273024 13.3498096431 0.199662583771 
18.2717096769 13.3654109205 0.406499696581 
18.4613156283 13.4510070051 0.843555910182 
18.5891029799 13.5839744771 1.20585434384 
18.6587331259 13.7503594125 1.57436258893 
18.6655712092 13.9174584115 1.76651159012 
18.6537871325 14.0165278877 1.75355294416 
18.6394436323 14.1389172042 1.75685067711 
18.6192638838 14.3105064596 1.75506700848 
18.5971496069 14.5250703658 1.82864304158 
18.5662422144 14.6816319192 2.12013912155 
18.4766831362 14.8383893932 2.35695363631 
18.356152054 14.9788575734 2.39252758984 
18.2380711996 15.1134213174 2.46830049199 
18.1204583609 15.221360272 2.64286201517 
17.9747703039 15.3135775889 2.65377713011 
17.8548896277 15.3911875303 2.69973567818 
17.6652623379 15.486380961 3.0503111088 
17.5427995884 15.5065349008 3.28644321823 
17.4415563309 15.4999554122 3.3830911033 
17.326192137 15.4825165237 3.35231435836 
17.2441068852 15.4707782979 3.35777732304 
17.1465262138 15.4569769914 3.36808592997 
17.0339256489 15.4405858035 3.36479792624 
16.8710175717 15.4178023751 3.36831882286 
16.654494282 15.3857441957 3.36525330196 
16.4517352545 15.3544714491 3.36167472551 
16.301561203 15.3316084186 3.34952604515 
16.1748003327 15.3142573426 3.35476627204 
15.931134537 15.279974554 3.36670774927 
15.7990220525 15.261417147 3.55932835385 
15.6701783204 15.214930732 4.01226337128 
15.6180498862 15.183837984 4.39567859534 
15.595338341 15.1684460829 4.6630656198 
15.5792407655 15.1734513904 -1.36787642101 
15.5516592228 15.164844055 -0.944146562325 
15.5354685151 15.1519983301 -0.639497491677 
15.5218483471 15.136222441 -0.343008469534 
15.5201358759 15.1044393147 0.162308172681 
15.5641484224 15.1014046187 0.293161939902 
15.6336846614 15.1165535564 0.293982465812 
15.697406184 15.1315355788 0.276860753828 
15.8111298272 15.1567239578 0.27468259151 
15.8979335969 15.1746457035 0.274846089011 
15.968552474 15.1997839736 0.0262054304409 
15.9936367386 15.2171462479 -0.334480290143 
15.9867032358 15.258811096 -0.780167939452 
15.9880896547 15.2878529842 -0.993880119405 
15.9884204828 15.2868941354 -1.00002401245 
15.9877383822 15.2849206629 -1.00721122821 
15.9882105329 15.2856173294 -1.01135202878 
15.9881752619 15.2856167185 -1.00985380934 
15.9877485448 15.2849316935 -1.00746110522 
15.9877832868 15.2851014997 -1.00747939064 
15.987764109 15.2851373854 -1.0073217322 
15.9877416753 15.2852234172 -1.00920018276 
15.9877874964 15.2851126122 -1.00738002168 
15.9882013911 15.2858299615 -1.00995632278 
15.9877631479 15.285101522 -1.00747750591 
15.9877917581 15.2851166765 -1.00732855004 
15.9877643475 15.2851363907 -1.00714747726 
15.9876540193 15.2853168997 -1.00596798858 
15.9876272046 15.2853240485 -1.00580141529 
15.9877974653 15.2851142811 -1.00735950169 
15.9877475687 15.2851640771 -1.00705231002 
15.9877787569 15.2854230593 -1.00690216765 
15.9881634006 15.2859029027 -1.00989420873 
15.9877995365 15.2851050387 -1.00752833322 
15.9877113813 15.2852706353 -1.00644202723 
15.9891104662 15.2855199541 -0.986518818592 
15.9878751227 15.2853439862 -1.00767744288 
15.9877949544 15.2851171794 -1.00722403374 
15.9877949544 15.2851171794 -1.00722403374 
