15.8400604838 15.1710039193 0.386802544019 
15.8419116215 15.1706427673 0.408887693041 
15.8398652786 15.1706402863 0.388386308242 
15.8398085536 15.1706247295 0.387713659422 
15.8397968189 15.1706411282 0.387799599202 
15.8398107142 15.1706431622 0.387743752456 
15.8398062513 15.1706167574 0.38758021643 
15.8418712021 15.1706377606 0.4082208733 
15.8400394955 15.1709600131 0.386932405769 
15.8400736788 15.1709665994 0.386806114016 
15.8398027384 15.1706136356 0.387785184598 
15.8400511184 15.1709473694 0.386703022711 
15.8397952021 15.1706032718 0.387576097495 
15.8400497661 15.1709572638 0.386894004268 
15.839806121 15.1706162358 0.387560422105 
15.8400618919 15.1709465201 0.386811647772 
15.8400663176 15.1709768812 0.386758370999 
15.8400516139 15.1709503944 0.386794264099 
15.8400740774 15.1709729398 0.386776260054 
15.840056561 15.1709526295 0.386639494771 
15.8400635348 15.1709825883 0.386692417307 
15.840062067 15.1709586347 0.386647319848 
15.84006219 15.1709555651 0.386631973548 
15.8398206682 15.1706122572 0.38752319747 
15.8400620409 15.1709512437 0.386426329515 
15.8400924691 15.1709708984 0.386527767173 
15.8398408593 15.1706224869 0.387254027504 
15.8398374022 15.1706443469 0.387226601443 
15.8400450872 15.1709638427 0.386369973701 
15.839809809 15.1706060881 0.387212914621 
15.8398673014 15.1700797717 0.382909267973 
15.8399267533 15.1709885711 0.385804163371 
15.8400279434 15.1710682104 0.390347735993 
15.839769926 15.1705635677 0.393215799492 
15.8397764118 15.1705580617 0.393023726171 
15.8402080053 15.1709507743 0.392379401319 
15.8395961226 15.1698653216 0.37947648924 
15.8399382682 15.1709489862 0.386151702382 
15.8399531544 15.1709442178 0.385763567384 
15.8397161999 15.1706368888 0.386801275849 
15.8397361265 15.1706291551 0.386945561791 
15.8396243342 15.1698196645 0.380255631771 
15.83989767 15.1700433234 0.38240671182 
15.8397173249 15.1706290732 0.387137611256 
15.8396700137 15.1705017502 0.387416527828 
15.8399874271 15.1709653998 0.385989988194 
15.8397596182 15.170630839 0.386558616635 
15.8527618797 15.173087355 0.37407830407 
15.87594728 15.1805331672 0.373378545935 
15.9118771312 15.2017917188 0.21036303561 
15.9161868413 15.2153021584 -0.0129493138384 
15.9482167551 15.2150218322 -0.0771711228378 
16.006668728 15.2054024304 -0.0703086299606 
16.091447469 15.1925104971 -0.0767846798138 
16.189417299 15.1775604526 -0.0998608294639 
16.3521771395 15.1547928641 -0.0877877032708 
16.5019452536 15.1305212418 -0.0721036089669 
16.6636220181 15.1054237301 -0.0657173300334 
16.8124993407 15.082756188 -0.0742373459611 
17.0018153154 15.0530798698 -0.0742294512443 
17.1418541634 15.0321954156 -0.0738555621499 
17.3030928337 15.0082792307 -0.0878381577948 
17.495660659 14.9781496788 -0.0895578323983 
17.7346929276 14.9407812024 -0.0847519236299 
17.80246472 14.9302104081 -0.0806108021827 
18.0313229525 14.8938276435 -0.0632757888711 
18.1931817495 14.8714717294 -0.209376146574 
18.3329694235 14.8282768393 -0.481418663734 
18.5101814234 14.6946174468 -0.918425524008 
18.5920879805 14.55431157 -1.18666561858 
18.6386499369 14.4020066823 -1.21269945948 
18.6789965593 14.2742431129 -1.23360503378 
18.721622225 14.1075212921 -1.47570627805 
18.7180521452 13.9349071945 4.63994055747 
18.6968305075 13.7869856323 4.62705429442 
18.6968305075 13.7869856323 4.62705429442 
18.6239006483 13.5148428644 4.14109199475 
18.6025338137 13.477897879 4.09625590721 
18.5200743639 13.3314963544 2.77452388214 
18.4860749209 13.2871360744 2.7474389188 
18.0857701265 13.2155982221 3.17411021368 
18.0688276255 13.2157288755 3.16646555484 
17.8330092394 13.228069898 3.16463061711 
17.6423928702 13.2384835447 3.17101535596 
17.5229537451 13.2434395517 3.1647547412 
17.4032070601 13.2495534385 3.16405579009 
17.2748329603 13.2561769451 3.16353584226 
17.0376031363 13.2723946537 3.16905240319 
16.9763810598 13.2796908582 3.1890653246 
16.7287295425 13.2925633157 3.24501844402 
16.5661931598 13.2863084043 3.4675834906 
16.460737642 13.2604247297 3.41412787579 
16.2548305654 13.2096897329 3.22370957505 
16.1720794999 13.2047520841 3.05640251772 
16.0736491346 13.2204724515 2.99795938374 
15.8895221815 13.2665680612 3.1582746377 
15.8047157862 13.2773523296 3.39190275056 
15.7098307275 13.2614170278 3.43848787647 
15.5596249365 13.2281805242 3.43704230084 
15.4835270607 13.2112740243 3.43558993435 
15.3255718314 13.1749244894 3.39440941635 
15.0946579539 13.146949407 3.01814432374 
14.960085746 13.1743849481 2.74867574325 
14.815631386 13.2550216878 2.44335765177 
14.815631386 13.2550216878 2.44335765177 
14.6252226793 13.6062695945 1.80774342207 
14.6252226793 13.6062695945 1.80774342207 
14.5717301333 13.918667909 1.74395039669 
14.5717301333 13.918667909 1.74395039669 
14.5137628281 14.318100747 1.55996660191 
14.5249907934 14.4578487838 1.31008041599 
14.5574948752 14.5460686053 1.23237123191 
14.646751877 14.7188557352 0.881392719077 
14.7633808815 14.8386546041 0.616961982729 
14.8711669409 14.8970059122 0.381984951146 
15.0106988513 14.941687193 0.343328150342 
15.1903440916 14.9909556175 0.355175368725 
15.3637408578 15.0378186817 0.366532098581 
15.5395612084 15.0841976816 0.349454657911 
15.7036641353 15.1299619863 0.348775769934 
15.8254462519 15.1628534014 0.328167751993 
15.989506472 15.2101434416 0.338890668565 
16.1171818339 15.2450361305 0.331366510581 
16.3033687436 15.2989383789 0.259963586586 
16.4480974638 15.3266789506 0.0742241356086 
16.5737512672 15.3254896666 0.0717858374758 
16.7552258932 15.3235745395 0.0781676968535 
16.914434191 15.3203623036 0.0585376619502 
17.1190741026 15.3171738426 0.0616771193451 
17.3141785824 15.3122915889 0.0513154609817 
17.4517637455 15.3099894191 0.0505809848563 
17.5978984797 15.3073495964 0.0538427557899 
17.8383586371 15.3040232922 0.0570483877448 
18.0101535284 15.3025416846 0.0100288513035 
18.1575493776 15.2944650019 -0.200611255486 
18.2974717581 15.253932046 -0.495621805126 
18.4633729422 15.1317340697 -0.910044089224 
18.558719393 14.975501057 -1.24753644172 
18.5940039122 14.7952722872 -1.37031483083 
18.61556625 14.6366208161 -1.35714380466 
18.6221725905 14.5774964059 -1.39019294485 
18.6515283548 14.3345383371 -1.48496336984 
18.653568741 14.2042622531 4.64402463173 
18.6378123724 14.1010689701 4.62598225865 
18.6032295191 13.893215176 4.59602988317 
18.568518635 13.7081520523 4.36472656276 
18.5001668894 13.5592302049 4.05475445286 
18.3982646429 13.4430568183 3.71762670796 
18.2764949762 13.3759565319 3.47199335339 
18.1169300043 13.341417786 3.32217541829 
17.9447157347 13.3248228992 3.30105801531 
17.7833222115 13.3114207948 3.30595604301 
17.6539875233 13.3007011379 3.3072689593 
17.4430153334 13.2822849716 3.30258344 
17.2726051771 13.2678961719 3.29983021681 
17.1191159451 13.2568038667 3.29279942494 
16.92074072 13.2466479505 3.335405585 
16.7523865068 13.2331377233 3.32346393216 
16.6138386094 13.2216778959 3.28007969961 
16.4833243453 13.2115017141 3.28502394486 
16.3558556699 13.1964586938 3.28520605134 
16.1549783909 13.1810282434 3.29311529726 
16.070641216 13.1741555894 3.28532325523 
15.8513137029 13.1579645837 3.29545785324 
15.7193968856 13.1480184759 3.29680990047 
15.5480945968 13.134802934 3.29269542018 
15.3716131413 13.1206008161 3.13708382376 
15.1646609866 13.1444267 2.75956989939 
15.0310847723 13.2129572595 2.46456234007 
14.9834307396 13.255783316 2.31710633731 
14.8109235727 13.5122982229 1.86904184753 
14.7772337162 13.7019923891 1.54038027394 
14.7940243446 13.8398909534 1.39968902474 
14.8293434345 13.978755113 1.49947724122 
14.8452253306 14.0960817302 1.62565440385 
14.8543733322 14.2364407743 1.66190352496 
14.861338731 14.3873223628 1.6736201984 
14.8685747349 14.5314011539 1.59310277122 
14.8765026295 14.6929171051 1.60609348619 
14.8856393063 14.9128641451 1.51587449956 
14.9221589529 15.080267709 1.13197148594 
14.9814024531 15.1847642476 0.917017112995 
15.1187366807 15.318944257 0.525405522021 
15.2957944238 15.3917922045 0.202749814797 
15.4548378253 15.4099471981 0.145265866148 
15.6210076177 15.4199679906 0.143425824589 
15.7550661081 15.4293158765 0.160487729043 
15.9679635504 15.4437275196 0.159352913136 
16.0901796335 15.4517146314 0.14647591579 
16.2932368779 15.4644127453 0.124046069576 
16.4564167821 15.4738613928 0.155519448438 
16.5848991239 15.4821948225 0.135972493899 
16.7666430437 15.4941113854 0.152147089321 
16.9196149075 15.5037252868 0.15138405892 
17.0493034088 15.512671795 0.166500051146 
17.2031164133 15.5214828814 0.154123016387 
17.3534905874 15.5297764207 0.14556400158 
17.614706155 15.5469588006 0.123472899615 
17.7074087822 15.5519117678 0.116034033307 
17.9578957522 15.5653196538 0.137910018565 
18.1703894102 15.5765598978 0.138282008229 
18.2926676237 15.5832858647 0.137676088855 
18.5128979647 15.5945235158 0.129313864391 
18.6685836279 15.6021422709 0.125709842271 
18.809237715 15.6091543401 0.127733181425 
18.853934046 15.6093426312 0.121837150565 
18.853934046 15.6093426312 0.121837150565 
19.2177555525 15.6639925505 0.592460677035 
19.3383877241 15.733442005 0.878136415808 
19.3383877241 15.733442005 0.878136415808 
19.3383877241 15.733442005 0.878136415808 
19.3383877241 15.733442005 0.878136415808 
19.3383877241 15.733442005 0.878136415808 
19.3383877241 15.733442005 0.878136415808 
19.3383877241 15.733442005 0.878136415808 
19.080366131 16.6542450155 0.901079796798 
18.9000985586 16.6084518398 3.58378381969 
18.7316040957 16.5338443483 3.77021865703 
18.5623793566 16.4303835596 3.76416784155 
18.3572251761 16.306806084 3.76394268485 
18.1394350493 16.1733558143 3.76058362875 
17.9923503363 16.0847493375 3.75008577228 
17.8369451725 15.9915071095 3.76534500011 
17.7118344271 15.9166580404 3.75053066438 
17.5914678537 15.8447114194 3.7589953698 
17.3667042219 15.7108299697 3.75716993324 
17.2733287775 15.654013362 3.75460419292 
17.1177343094 15.5614756609 3.76139242416 
16.9670528137 15.4717113788 3.76854863798 
16.7863264048 15.363871109 3.75078452014 
16.6716891491 15.2955184805 3.71926184278 
16.4652507269 15.1853325854 3.47579964588 
16.3292535209 15.1504793207 3.46815888439 
16.135330137 15.1009976084 3.46437363205 
15.9354392999 15.0528667385 3.46191232353 
15.7648337 15.0103560055 3.45976596874 
15.6192126834 14.9748590256 3.45844256136 
15.4410969579 14.9333611096 3.44800123301 
15.2411757075 14.8808313573 3.45835470385 
15.0494081342 14.8323845829 3.65653900905 
14.9188045227 14.7685377265 3.95845618634 
14.8061501944 14.664831456 4.24914276548 
14.7278304064 14.5217250551 4.58722452933 
14.6994014942 14.3436084951 -1.35418060519 
14.7405853235 14.1291646923 -1.22275792125 
14.7901570761 13.9614506925 -1.25588545169 
14.8464606964 13.7679972614 -1.26481361026 
14.8733870947 13.6845971311 -1.15273939216 
14.8733870947 13.6845971311 -1.15273939216 
14.991050061 13.4457830156 -0.630758014776 
15.2619727814 13.2727096046 -0.291746030334 
15.4399042391 13.2041779722 -0.29934253064 
15.5237730109 13.1695760454 -0.265178518225 
15.7226408833 13.1089485849 -0.0235386972068 
15.898434112 13.0926240648 -0.0113122856356 
16.0516717547 13.0792020524 0.00979067631598 
16.1479573214 13.0697454179 0.115718773435 
16.3604547643 13.0930029119 0.423704860847 
16.5222535693 13.1530786718 0.408300578254 
16.7083390319 13.2225018705 0.359797325107 
16.8680961096 13.2679632867 0.196746817288 
16.9791871273 13.2800458635 0.162664085679 
17.0886226856 13.2865903343 0.161494939098 
17.3361084425 13.2989358867 0.143953036306 
17.5071765148 13.3107194866 0.140817684243 
17.679789778 13.3214220966 0.139476171885 
17.8026136124 13.3293824161 0.141509323693 
17.9846637213 13.3415372337 0.13868500564 
18.0750524962 13.3465008701 0.158053050803 
18.2071213686 13.3568056787 0.277957338084 
18.433391329 13.4324356283 0.789490328045 
18.549731251 13.5303493703 1.06163932087 
18.6279954874 13.6542835201 1.37360062372 
18.6677467787 13.8240705694 1.69273075699 
18.6655712092 13.9174584115 1.76651159012 
18.6534469092 14.0217397178 1.75645960448 
18.6320788824 14.199663874 1.75637816679 
18.6082100832 14.4119996394 1.76335156082 
18.590472933 14.5756314958 1.89584218943 
18.5500476324 14.7209870184 2.19672419854 
18.4184753859 14.9089297021 2.38359697571 
18.2977182829 15.046421286 2.39974747842 
18.1594672167 15.1931984502 2.62651748824 
18.0086135828 15.2907288002 2.6552355983 
17.9064869845 15.3576116155 2.66584213903 
17.7287050449 15.4620898629 2.92064693674 
17.5861980879 15.503971752 3.22270103791 
17.4213076794 15.4977477456 3.38800465866 
17.3331779205 15.482664373 3.35457685834 
17.291095134 15.4782987351 3.36010269402 
17.2362658941 15.4699920083 3.3504557673 
17.072727915 15.447297659 3.38087650378 
16.9670686686 15.4321297223 3.36126117929 
16.8009809219 15.4079972173 3.36494538396 
16.5623367989 15.3715201879 3.34849316103 
16.3539632523 15.3387007604 3.38540904341 
16.1531488859 15.3118192742 3.34914857457 
15.931134537 15.279974554 3.36670774927 
15.8401489184 15.2695626693 3.50395954072 
15.7078480535 15.2381332647 3.84862241239 
15.6411665195 15.1970490555 4.18681843675 
15.6065733397 15.1756444837 4.51161201705 
15.5811261201 15.1726623292 -1.40623410795 
15.5672104323 15.1698716174 -1.17513042395 
15.5393480026 15.1549336875 -0.723005652371 
15.5211131835 15.1338437463 -0.308896188773 
15.5163451695 15.1090487952 0.0691237344332 
15.5512159133 15.1002107228 0.287860685646 
15.603921082 15.1098459179 0.293678317463 
15.6906795168 15.1296290571 0.289641814567 
15.7676417195 15.1462663601 0.286770411934 
15.8866944347 15.1709682609 0.271425739923 
15.9604290539 15.1966829191 0.0751525066124 
15.9867040553 15.2119164153 -0.211621224266 
15.9941116684 15.2220456491 -0.421330131623 
15.9837870413 15.2760698127 -0.883653900059 
15.9860233852 15.2866663786 -0.99709898546 
15.9894758278 15.287828319 -1.01002917936 
15.9879097306 15.284855597 -1.00786584693 
15.9883384147 15.2857664565 -1.01184672428 
15.9877564275 15.2849441546 -1.00734843695 
15.9877472409 15.2849369908 -1.00738136123 
15.9877859616 15.2849215421 -1.00636137013 
15.9878254497 15.2850830855 -1.00752863834 
15.9877709636 15.2851086485 -1.0074638042 
15.9876973295 15.2852757427 -1.00593913868 
15.9876198136 15.2853875088 -1.00858693263 
15.9877586552 15.2851174886 -1.007336415 
15.9876181447 15.2853305081 -1.00585399782 
15.9876625129 15.285289217 -1.00616336238 
15.9876390212 15.285341617 -1.0057988383 
15.9876540193 15.2853168997 -1.00596798858 
15.9877741301 15.2851241196 -1.00721182855 
15.9877852612 15.2851185615 -1.00717010095 
15.9877864608 15.2850979569 -1.00731837374 
15.9876982608 15.2852934601 -1.00600884966 
15.9877752626 15.2851044426 -1.00717604151 
15.9876666927 15.2852954979 -1.00593360903 
15.9877780491 15.2851174625 -1.00728070655 
15.9877113813 15.2852706353 -1.00644202723 
15.9891104662 15.2855199541 -0.986518818592 
15.9877709263 15.2851084548 -1.00719207019 
15.9877552205 15.2850995327 -1.00698483925 
15.9877949544 15.2851171794 -1.00722403374 
