15.9877949544 15.2851171794 -1.00722403374 
15.8400680908 15.1709952096 0.386976349948 
15.8400635236 15.1709945912 0.386792517217 
15.8398927898 15.1715752224 0.379388760561 
15.8418935762 15.1708200018 0.40784695295 
15.8397933432 15.1706477145 0.387905357263 
15.8398107142 15.1706431622 0.387743752456 
15.8400665411 15.1709623004 0.386874931576 
15.8400601448 15.1709676797 0.386832894658 
15.8400394955 15.1709600131 0.386932405769 
15.8400550486 15.1709634403 0.386904540903 
15.8398027384 15.1706136356 0.387785184598 
15.8397994266 15.1706167127 0.387736649797 
15.8398031258 15.1706155504 0.387702522771 
15.8398014494 15.1706037114 0.387610423001 
15.8398053871 15.1706174279 0.387642098569 
15.8400618919 15.1709465201 0.386811647772 
15.8398106584 15.1706086139 0.387734315431 
15.8398053535 15.1705990399 0.387597572573 
15.8398008571 15.1706137846 0.387630107685 
15.8398017735 15.1706278066 0.387875343447 
15.840055328 15.1709744746 0.386625940483 
15.839811504 15.1706111545 0.387719712872 
15.84006219 15.1709555651 0.386631973548 
15.8400858008 15.1709580089 0.386512247279 
15.8400617094 15.1709547753 0.386649297365 
15.8400826269 15.1709394495 0.386693033581 
15.8400665485 15.170953315 0.386104385241 
15.8400633522 15.1709679703 0.386493474805 
15.8400542551 15.1709523166 0.386413682971 
15.8400585094 15.1706238801 0.387220850779 
15.8399721497 15.170948569 0.385905848392 
15.8399777563 15.1710295493 0.385849292544 
15.8401730509 15.1709140877 0.392136937742 
15.839769926 15.1705635677 0.393215799492 
15.839761749 15.1705704818 0.393665847675 
15.8401324787 15.171425056 0.385901680529 
15.8397260384 15.1705377812 0.386286170878 
15.8397030161 15.1706509257 0.387062771635 
15.8397190721 15.1706391017 0.3868815911 
15.8399519474 15.1709890629 0.386107868512 
15.8399879673 15.1709334964 0.385942615441 
15.8396243342 15.1698196645 0.380255631771 
15.8399671243 15.1709616894 0.386110169377 
15.8397240528 15.1706137399 0.387119165343 
15.8396774941 15.1705166365 0.387449453547 
15.8397432381 15.1706272254 0.387141346689 
15.8397596182 15.170630839 0.386558616635 
15.8551442103 15.1747137422 0.374451874312 
15.8965139898 15.1884941051 0.339494964045 
15.9118693006 15.2037506031 0.170432973685 
15.9200169203 15.2161424907 -0.031279172305 
15.9617130199 15.2121766044 -0.0732420978374 
16.025755521 15.2022605727 -0.0742249859868 
16.120311197 15.1882572996 -0.0838380127541 
16.2406294608 15.1698841567 -0.0840222888285 
16.3944101297 15.1468285213 -0.0714476761199 
16.5450197422 15.1246994997 -0.0840327541708 
16.7048402392 15.0992552454 -0.0724795073215 
16.8506411874 15.0767440612 -0.0751996060239 
17.0228599274 15.0499732012 -0.0738870617796 
17.1633915865 15.0292368347 -0.0692169192903 
17.3030928337 15.0082792307 -0.0878381577948 
17.5266498291 14.9740842844 -0.0796442087641 
17.7346929276 14.9407812024 -0.0847519236299 
17.8960235083 14.9157664145 -0.0743324045646 
18.0398840868 14.8931980396 -0.05910608794 
18.2016458475 14.8692522014 -0.228624707478 
18.3413186037 14.8240666951 -0.51338393095 
18.5150585138 14.6882243122 -0.933789992986 
18.5958459341 14.547571894 -1.17267674121 
18.6411406958 14.3941077555 -1.21226151526 
18.6854484045 14.2532641853 -1.24824683039 
18.7232434713 14.0951305593 -1.49676724962 
18.7149302923 13.9155385459 4.64224693448 
18.6968305075 13.7869856323 4.62705429442 
18.6968305075 13.7869856323 4.62705429442 
18.6217806303 13.511827823 4.13039392241 
18.6025338137 13.477897879 4.09625590721 
18.4860749209 13.2871360744 2.7474389188 
18.4860749209 13.2871360744 2.7474389188 
18.0771529638 13.215784427 3.17349867349 
17.9480750525 13.2216190065 3.1680932659 
17.8286125624 13.2280918325 3.17138473542 
17.6423928702 13.2384835447 3.17101535596 
17.5229537451 13.2434395517 3.1647547412 
17.4032070601 13.2495534385 3.16405579009 
17.1556669438 13.2647662128 3.16594807676 
17.0376031363 13.2723946537 3.16905240319 
16.9188911879 13.2828433479 3.16580784224 
16.6870280468 13.2948949302 3.28319126151 
16.5510550701 13.2826136316 3.47001592575 
16.4196723663 13.2491226161 3.43851294212 
16.2548305654 13.2096897329 3.22370957505 
16.1273060852 13.2104152406 3.01717655342 
15.9925987461 13.2401055063 3.00607810544 
15.8895221815 13.2665680612 3.1582746377 
15.800955739 13.2770270074 3.39711099257 
15.6957853847 13.2578175033 3.4329393903 
15.5518656039 13.2264145578 3.43631819075 
15.4248942101 13.198203441 3.43354174829 
15.2836589777 13.1659122671 3.35373493583 
15.0845910871 13.1470881666 2.97547260237 
14.9368570411 13.1833540166 2.6885123096 
14.815631386 13.2550216878 2.44335765177 
14.815631386 13.2550216878 2.44335765177 
14.6252226793 13.6062695945 1.80774342207 
14.6252226793 13.6062695945 1.80774342207 
14.5717301333 13.918667909 1.74395039669 
14.5717301333 13.918667909 1.74395039669 
14.5141866171 14.3272121514 1.54867129323 
14.5249907934 14.4578487838 1.31008041599 
14.5819401705 14.6035410131 1.10981127949 
14.6599552595 14.7366870607 0.834402536548 
14.7633808815 14.8386546041 0.616961982729 
14.9039676153 14.9093069101 0.402254404884 
15.0523468816 14.9516383077 0.344730132149 
15.198616203 14.9933490867 0.345171749101 
15.3705025279 15.0391180927 0.389438628948 
15.5395612084 15.0841976816 0.349454657911 
15.7121852749 15.132803459 0.355317316498 
15.862417318 15.1748370121 0.357327949014 
16.020521667 15.2192292458 0.302850470725 
16.1581424439 15.2559141277 0.335115855207 
16.3185706102 15.3028821538 0.25514788556 
16.4480974638 15.3266789506 0.0742241356086 
16.5853274428 15.3257492746 0.0514577711893 
16.7668485605 15.3232992406 0.0518282742501 
16.9441508019 15.3197734396 0.0529807809765 
17.127980467 15.3161691169 0.0377639726703 
17.3141785824 15.3122915889 0.0513154609817 
17.4741800987 15.3096613328 0.0434008412515 
17.6277077162 15.307068419 0.054937698151 
17.8469475472 15.3039181496 0.0572336670119 
18.0228414499 15.3029611001 -0.0035128185076 
18.182615515 15.2905955764 -0.25315354434 
18.309581753 15.248123429 -0.517570717823 
18.4633729422 15.1317340697 -0.910044089224 
18.5673978293 14.9465224112 -1.28966414101 
18.594932791 14.7868420447 -1.36941545329 
18.6155834162 14.6274638141 -1.38373194936 
18.6332929098 14.4764004911 -1.37538391986 
18.6515283548 14.3345383371 -1.48496336984 
18.6519021952 14.1868321861 4.63433781097 
18.6291956865 14.0514105524 4.63012317493 
18.5984997713 13.8630608285 4.61507813124 
18.5611696207 13.6883901323 4.30649092058 
18.5001668894 13.5592302049 4.05475445286 
18.3952054941 13.4426660503 3.73195625858 
18.2464339697 13.3663893903 3.43775642778 
18.1169300043 13.341417786 3.32217541829 
17.9364168608 13.3242081369 3.30303726818 
17.7751587593 13.3106454576 3.30151024297 
17.6046997273 13.2967387403 3.31023400451 
17.4210931027 13.2807420457 3.30281982184 
17.2597306931 13.2670837606 3.30147267981 
17.0900516474 13.2551649774 3.29488198261 
16.92074072 13.2466479505 3.335405585 
16.7462297642 13.2300223077 3.26890885611 
16.5918518269 13.222424146 3.30342177733 
16.4323214852 13.208670255 3.29818702589 
16.2865352296 13.1915210451 3.29603865863 
16.1330696606 13.1790653432 3.28679990508 
15.980482895 13.1671680177 3.28093260056 
15.8215782457 13.1553143228 3.29533158293 
15.6592360401 13.1434408391 3.29521563424 
15.5352911019 13.1336394514 3.2908601506 
15.3341609799 13.1195956434 3.080786005 
15.1646609866 13.1444267 2.75956989939 
15.0150373542 13.2254461015 2.42204295313 
14.9834307396 13.255783316 2.31710633731 
14.8035736048 13.5250700677 1.90422762928 
14.7751017773 13.7144533361 1.56908691864 
14.7940243446 13.8398909534 1.39968902474 
14.832817074 13.9963805641 1.54209191729 
14.8452253306 14.0960817302 1.62565440385 
14.8513740265 14.2494721378 1.63315866246 
14.861338731 14.3873223628 1.6736201984 
14.8685747349 14.5314011539 1.59310277122 
14.8785537445 14.7248958314 1.60353837498 
14.8856393063 14.9128641451 1.51587449956 
14.9275431001 15.0960034842 1.07888495122 
15.0244932735 15.2406224248 0.782292765538 
15.1187366807 15.318944257 0.525405522021 
15.3130953872 15.396512937 0.194689908531 
15.490666058 15.4113281483 0.144177465105 
15.6421078407 15.4214175756 0.150313388146 
15.7995153033 15.4315703327 0.163936478726 
15.9679635504 15.4437275196 0.159352913136 
16.1127788984 15.4532044495 0.127218523584 
16.3049985432 15.4645259196 0.148367989728 
16.4772034251 15.475244459 0.153941944301 
16.6254925692 15.485350203 0.1355086025 
16.7666430437 15.4941113854 0.152147089321 
16.9363563025 15.5049149061 0.15099275705 
17.0990998709 15.5151008333 0.128453052509 
17.2347069943 15.5227763916 0.136245327617 
17.3667637074 15.5309179092 0.14190625158 
17.614706155 15.5469588006 0.123472899615 
17.7407199108 15.5531119371 0.156129501159 
17.9663245642 15.565737095 0.137817209742 
18.1786527598 15.5769697691 0.138064132217 
18.3016197645 15.584016111 0.131357521322 
18.51715469 15.594677862 0.129685906539 
18.6973853075 15.6037552024 0.132366466714 
18.809237715 15.6091543401 0.127733181425 
18.853934046 15.6093426312 0.121837150565 
18.853934046 15.6093426312 0.121837150565 
19.2730791533 15.6907112564 0.702780730421 
19.3383877241 15.733442005 0.878136415808 
19.3383877241 15.733442005 0.878136415808 
19.3383877241 15.733442005 0.878136415808 
19.3383877241 15.733442005 0.878136415808 
19.3383877241 15.733442005 0.878136415808 
19.3383877241 15.733442005 0.878136415808 
19.3383877241 15.733442005 0.878136415808 
19.0731222593 16.6242749656 3.26856091569 
18.9000985586 16.6084518398 3.58378381969 
18.7282576525 16.531938311 3.76721537034 
18.5267469847 16.4092529977 3.76638592176 
18.3287880385 16.2895482744 3.76463897269 
18.1205873453 16.163011011 3.72986936396 
17.9810125792 16.0782307948 3.75943393194 
17.8369451725 15.9915071095 3.76534500011 
17.7055826151 15.9116901124 3.75474840204 
17.5589156115 15.8245160545 3.74967351371 
17.3515796625 15.7022929753 3.76048205401 
17.221647259 15.6235220397 3.75624342132 
17.1002192461 15.5506840015 3.75344866839 
16.9240719044 15.4457032199 3.75277288083 
16.7682365739 15.3528818975 3.75014239151 
16.620757159 15.2645965165 3.6879049254 
16.4539295399 15.182658978 3.48233462715 
16.3292535209 15.1504793207 3.46815888439 
16.1229240262 15.0987290407 3.46481240175 
15.9354392999 15.0528667385 3.46191232353 
15.7648337 15.0103560055 3.45976596874 
15.6067458653 14.9718733991 3.45945131638 
15.4223661983 14.9264705742 3.47250461215 
15.2194122636 14.8757875825 3.46205498995 
15.0494081342 14.8323845829 3.65653900905 
14.9188045227 14.7685377265 3.95845618634 
14.8016266787 14.6569575633 4.2771893281 
14.7197999918 14.5014959539 4.6141157673 
14.6991831028 14.3227659429 -1.32534630728 
14.7437875235 14.1175105537 -1.20893313894 
14.7965607607 13.9466760124 -1.23051260385 
14.8464606964 13.7679972614 -1.26481361026 
14.8733870947 13.6845971311 -1.15273939216 
14.8733870947 13.6845971311 -1.15273939216 
14.991050061 13.4457830156 -0.630758014776 
15.2619727814 13.2727096046 -0.291746030334 
15.4600260818 13.1961492265 -0.297278722664 
15.5898024106 13.1431761945 -0.186363447854 
15.7480940038 13.1056121553 -0.00795832877202 
15.898434112 13.0926240648 -0.0113122856356 
16.0516717547 13.0792020524 0.00979067631598 
16.2077563965 13.067590114 0.226237639815 
16.3864153885 13.102834102 0.447040208913 
16.5302997791 13.1560722555 0.40602750962 
16.7083390319 13.2225018705 0.359797325107 
16.8680961096 13.2679632867 0.196746817288 
17.0239092075 13.2822887863 0.170095194802 
17.1687965357 13.2883106435 0.134954126118 
17.3484855854 13.2998423542 0.143504704871 
17.5289618933 13.3118759359 0.139848956485 
17.7012777292 13.3227196897 0.142131299385 
17.8531787359 13.3327937091 0.138360473084 
17.993226763 13.3420519794 0.138528415333 
18.1479175055 13.3504533733 0.212262724954 
18.3046469652 13.3724653686 0.489416001519 
18.4528477156 13.4458025659 0.867121051509 
18.5629782641 13.5459372962 1.10489400017 
18.6361069643 13.6738680566 1.41456331596 
18.6678986513 13.8408485616 1.70684156493 
18.6634213888 13.9374681676 1.76582558998 
18.6511948073 14.0440924133 1.75906829017 
18.6311294996 14.2076140607 1.75635132336 
18.6082100832 14.4119996394 1.76335156082 
18.590472933 14.5756314958 1.89584218943 
18.537322756 14.747748133 2.2475138006 
18.4101109469 14.919091847 2.38435856972 
18.292520281 15.0526636357 2.40388324366 
18.153072592 15.198640425 2.63361960042 
18.0004267656 15.2985675337 2.64060910797 
17.8696533405 15.3818841542 2.68971218044 
17.7122007572 15.4681442494 2.95018814326 
17.5861980879 15.503971752 3.22270103791 
17.4213076794 15.4977477456 3.38800465866 
17.326192137 15.4825165237 3.35231435836 
17.2863516771 15.4771326596 3.3505091279 
17.2101697886 15.4671308214 3.35935845992 
17.0587921106 15.4444068337 3.36841701885 
16.9222874605 15.4256180341 3.36005260145 
16.7709736192 15.4029339666 3.36790673861 
16.5536141359 15.3711579407 3.36981461324 
16.3539632523 15.3387007604 3.38540904341 
16.1531488859 15.3118192742 3.34914857457 
15.931134537 15.279974554 3.36670774927 
15.8245039025 15.26533803 3.50053166092 
15.7034510785 15.2348167056 3.87878976842 
15.6311398708 15.1923343691 4.3252249926 
15.6037968361 15.1740824992 4.54503751683 
15.5804509782 15.1732776875 -1.39298899392 
15.5662542843 15.169406798 -1.16190644059 
15.5385619664 15.1542035157 -0.70655915432 
15.5191222989 15.1291424299 -0.227955609399 
15.5169117117 15.1077751333 0.109320692004 
15.5548763835 15.1002885217 0.289751659977 
15.6074256861 15.1104758943 0.291891099416 
15.7065973842 15.1331747437 0.285768699401 
15.7956567594 15.1532082448 0.294907443473 
15.8866944347 15.1709682609 0.271425739923 
15.9627106005 15.197414432 0.0646134874204 
15.9898997509 15.2144402957 -0.264813936797 
15.992539432 15.2366489526 -0.595562040641 
15.9834618309 15.2769640128 -0.89355521837 
15.9891174623 15.2879292446 -1.00691965915 
15.989401687 15.2875972281 -1.00737985149 
15.9878212401 15.2849472875 -1.00761868363 
15.987816427 15.2848383526 -1.00929365749 
15.9878745564 15.2851150038 -1.00798377924 
15.9877487385 15.2849396656 -1.00743822307 
15.9880142921 15.2849068756 -1.00711174813 
15.9877758139 15.2851368154 -1.00729437422 
15.9876853639 15.2853023822 -1.00617675 
15.9877616056 15.2851714047 -1.00705770467 
15.9877758288 15.2851100753 -1.00724548402 
15.9877380842 15.2851463521 -1.00697152808 
15.987755675 15.2851705405 -1.00702685768 
15.9876700604 15.2852930317 -1.00602974827 
15.9876549655 15.285332043 -1.00585660437 
15.9876671174 15.2853118035 -1.00611672982 
15.9876623937 15.2853266189 -1.00592651421 
15.9877974653 15.2851142811 -1.00735950169 
15.9877475687 15.2851640771 -1.00705231002 
15.9877622091 15.2851459796 -1.0070092126 
15.9877879285 15.2851096059 -1.00733609984 
15.987675097 15.2853110361 -1.00591298692 
15.9883131498 15.2861553656 -1.00352914059 
15.9876691588 15.2853290106 -1.00579701953 
15.9880894684 15.2851727384 -1.00437787555 
15.9876480364 15.2852887327 -1.00594507914 
15.9877552205 15.2850995327 -1.00698483925 
