0.249250888824
0.216917991638
0.275884866714
0.285679101944
0.304568052292
0.34078001976
0.27433681488
0.332609891891
0.24506020546
0.308342933655
0.226974010468
0.278064012527
0.244059085846
0.29931306839
0.301465988159
0.299196958542
0.334219932556
0.259173870087
0.260734081268
0.293323040009
0.308660984039
0.230307102203
0.276766061783
0.291357040405
0.225815057755
0.224472999573
0.280032157898
0.290215969086
0.197099208832
0.218796014786
0.223107099533
0.291110992432
0.269315958023
0.278398990631
0.237885951996
0.293334007263
0.334281921387
0.266618967056
0.276659011841
0.344031095505
0.300571918488
0.364004850388
0.315943956375
0.27504992485
0.292367935181
0.336856842041
0.291866064072
0.26997089386
0.222134113312
0.198688030243
0.24552488327
0.275068998337
0.260080099106
0.214927911758
0.200421094894
0.176243066788
0.19470000267
0.212391853333
0.17329287529
0.196213960648
0.187958955765
0.245908975601
0.150681018829
0.15422296524
0.191188097
0.188781023026
0.200658082962
0.117401838303
0.188355922699
0.191886901855
0.200809955597
0.194455862045
0.231651067734
0.20353603363
0.189610004425
0.232079982758
0.202104091644
0.201056003571
0.191473007202
0.209538936615
0.197145938873
0.221385955811
0.166467905045
0.156419992447
0.213451862335
0.201913118362
0.310096979141
0.237731933594
0.290312051773
0.202302932739
0.197921991348
0.24075293541
0.235970020294
0.246711015701
0.242929935455
0.248153924942
0.294042825699
0.218008041382
0.177636146545
0.277386188507
0.224189996719
0.222589969635
0.210257053375
0.167573928833
0.300570964813
0.22878408432
0.250175952911
0.241469144821
0.184203863144
0.243628978729
0.23467707634
0.228883981705
0.319447994232
0.274737119675
0.309319019318
0.388575077057
0.293687105179
0.302195072174
0.267119884491
0.277106046677
0.223981142044
0.281018018723
0.278630971909
0.267864942551
0.284432172775
0.243187904358
0.187695980072
0.220695018768
0.169341087341
0.181623935699
0.213737010956
0.192481040955
0.208606004715
0.19112610817
0.190009117126
0.259249925613
0.255029916763
0.154469013214
0.219835042953
0.215125083923
0.189594984055
0.21043586731
0.190502882004
0.217917203903
0.220400094986
0.196173191071
0.187737941742
0.205403804779
0.231046915054
0.155946969986
0.305277824402
0.354064941406
0.333068132401
0.319893836975
0.285078048706
0.168040990829
0.236395120621
0.161848068237
0.173089027405
0.204823970795
0.223118066788
0.241852998734
0.238468885422
0.259968042374
0.170955896378
0.204612970352
0.240343809128
0.222372055054
0.179672956467
0.169937133789
0.215873003006
0.239916086197
0.255738019943
0.246753931046
0.179399967194
0.189861774445
0.197425127029
0.151697874069
0.184224843979
0.215155124664
0.166296958923
0.21701002121
0.147995948792
0.137130975723
0.236790895462
0.232844114304
0.217087030411
0.221372842789
0.232132911682
0.195708990097
0.205105066299
0.194300889969
0.220535993576
0.195576906204
0.19514298439
0.2616751194
0.246247053146
0.26656794548
0.232486009598
0.25297498703
0.245773077011
0.263148069382
0.236173868179
0.241679906845
0.23747587204
0.300173044205
0.258340120316
0.274851083755
0.28999209404
0.192431926727
0.204745769501
0.226279973984
0.264927864075
0.263781070709
0.250685930252
0.192119121552
0.237944126129
0.193926095963
0.192669868469
0.242333889008
0.197484016418
0.271376132965
0.297815084457
0.355821847916
0.314155101776
0.222415924072
0.278553009033
0.335828065872
0.290380954742
0.299879074097
0.338557958603
0.315047979355
0.314973115921
0.29916882515
0.286468029022
0.353353023529
0.401483058929
0.324078083038
0.340585947037
0.430350065231
0.325757026672
0.334440946579
0.403211116791
0.370200157166
0.33193898201
0.318339109421
0.34154510498
0.350907087326
0.326690912247
0.317574977875
0.330034971237
0.343923091888
0.344888210297
0.306384086609
0.310005187988
0.296588897705
0.259394884109
0.318624973297
0.313711881638
0.309657096863
0.284631967545
0.271079063416
0.314840078354
0.283169031143
0.311167001724
0.280588150024
0.215314865112
0.180621147156
0.267475128174
0.296235084534
0.275382041931
0.246614933014
0.210199117661
0.282871961594
0.235694169998
0.22678899765
0.238044977188
0.214738845825
0.184254169464
0.16477894783
0.163737773895
0.231137037277
0.167644023895
0.220319032669
0.197171926498
0.185080051422
0.283815145493
0.241906166077
0.330938100815
0.279935121536
0.339656829834
0.333961963654
0.347441911697
0.356112957001
0.348695039749
0.353566169739
0.345980167389
0.382763147354
0.4035820961
0.221970081329
0.209823846817
0.169229030609
0.182675123215
0.181482076645
0.211499929428
0.199218034744
0.174726009369
0.187618017197
0.18824505806
0.204428911209
0.196412801743
0.219101905823
0.194082975388
0.170933008194
0.195852994919
0.156454086304
0.176359891891
0.161836147308
0.14461183548
0.168100833893
0.167221784592
0.160056114197
0.139654874802
0.179592132568
0.193686962128
0.192800045013
0.181968212128
0.196734905243
0.194720983505
0.215194940567
0.154031991959
0.169232130051
0.196464061737
0.201071023941
0.199629068375
0.138662815094
0.158196926117
0.198490858078
0.20976805687
