0.278532028198
0.310282945633
0.263164043427
0.293418169022
0.216956138611
0.317980051041
0.324856996536
0.275185108185
0.323236942291
0.248775005341
0.24910402298
0.208365917206
0.271888971329
0.294114112854
0.279023885727
0.271198034286
0.350995063782
0.329571962357
0.34285402298
0.231462955475
0.244506120682
0.255255222321
0.309712171555
0.261693000793
0.275414228439
0.235898971558
0.257647037506
0.32547211647
0.309834957123
0.283226966858
0.260365009308
0.294461965561
0.297379016876
0.289537906647
0.275556087494
0.235131978989
0.221055984497
0.324858903885
0.263715982437
0.233824014664
0.24787402153
0.280421972275
0.27907204628
0.213194847107
0.274515151978
0.306715011597
0.234742164612
0.240549087524
0.325002908707
0.266280889511
0.201049089432
0.267872810364
0.222939014435
0.233312129974
0.178946971893
0.215523958206
0.305907964706
0.272368192673
0.237315177917
0.235870838165
0.288092851639
0.234492063522
0.226190090179
0.196739196777
0.232557058334
0.253975152969
0.219861984253
0.231549024582
0.230558872223
0.229918003082
0.257353067398
0.24973487854
0.21750998497
0.273573160172
0.184688806534
0.249059915543
0.186748027802
0.196875095367
0.209737062454
0.222077131271
0.226615190506
0.125452041626
0.198019981384
0.197427988052
0.156507015228
0.164321899414
0.169209003448
0.19020986557
0.172800779343
0.225990056992
0.168319940567
0.172110080719
0.242750883102
0.237704992294
0.325156927109
0.292674064636
0.24547290802
0.306868076324
0.277173042297
0.231763124466
0.287963867188
0.297012090683
0.306769132614
0.248543977737
0.327032089233
0.35449385643
0.288915872574
0.369874954224
0.372105121613
0.292979955673
0.362867116928
0.36122918129
0.394232988358
0.319072961807
0.341076135635
0.320415019989
0.267374992371
0.306160926819
0.279565811157
0.314623117447
0.293106079102
0.277383089066
0.279366016388
0.259001970291
0.291599035263
0.277601957321
0.282509088516
0.250628948212
0.216950893402
0.28293299675
0.289081811905
0.279927015305
0.34711098671
0.350191116333
0.234931945801
0.352591991425
0.357570171356
0.322637796402
0.285218954086
0.340605020523
0.275879144669
0.338447809219
0.35048699379
0.270737171173
0.337013959885
0.268827915192
0.344950914383
0.298524856567
0.261755943298
0.294258117676
0.276156902313
0.314049005508
0.246849060059
0.274728059769
0.297899007797
0.286231994629
0.253049850464
0.346315860748
0.307615041733
0.301232099533
0.3118019104
0.302488088608
0.340246915817
0.325858831406
0.358958005905
0.265594959259
0.317473173141
0.211368083954
0.293422937393
0.328970909119
0.308292865753
0.282686948776
0.357182979584
0.284181118011
0.2834649086
0.266891956329
0.338365077972
0.372448921204
0.325608968735
0.29011297226
0.364153146744
0.236520051956
0.349123001099
0.310098171234
0.403965950012
0.276821136475
0.37677693367
0.275851011276
0.305006980896
0.26219201088
0.297978878021
0.344815015793
0.292083978653
0.275860786438
0.280385971069
0.221751928329
0.255466938019
0.264631986618
0.312088012695
0.254986047745
0.33404302597
0.27237200737
0.340923070908
0.293250083923
0.343010902405
0.305826187134
0.34384894371
0.323500871658
0.298363924026
0.320466995239
0.307535171509
0.309270143509
0.296464920044
0.299027919769
0.349692106247
0.252424955368
0.301523208618
0.274942159653
0.298346996307
0.339014053345
0.283881902695
0.274039983749
0.446887016296
0.242115020752
0.307513952255
0.277622938156
0.313472032547
0.322525024414
0.32906794548
0.305088996887
0.344374895096
0.332268953323
0.22945189476
0.351203918457
0.351155996323
0.348826885223
0.323364973068
0.351606845856
0.361383199692
0.311896085739
0.313226938248
0.31442284584
0.351292848587
0.389404058456
0.34045290947
0.412948846817
0.350992918015
0.345970869064
0.37975692749
0.322183847427
0.3312458992
0.361897945404
0.382135868073
0.307055950165
0.325340032578
0.464485883713
0.254276990891
0.302896976471
0.272316932678
0.254642009735
0.322377920151
0.307811021805
0.300302028656
0.312131166458
0.289300918579
0.309288978577
0.350168943405
0.3218998909
0.26078414917
0.242560148239
0.288268089294
0.224179983139
0.287853002548
0.287190914154
0.207210063934
0.229946136475
0.13672709465
0.252077817917
0.328970909119
0.279971837997
0.287008047104
0.384141921997
0.381195783615
0.365368843079
0.372477769852
0.325217962265
0.3244099617
0.341677904129
0.365988969803
0.291855812073
0.288144826889
0.454786777496
0.368836164474
0.271044969559
0.321371078491
0.307802915573
0.36140203476
0.323652982712
0.311275005341
0.402678012848
0.420620918274
0.349370002747
0.330784082413
0.331885099411
0.442033052444
0.387557029724
0.377066135406
0.29226899147
0.29992389679
0.310303926468
0.35273194313
0.279454946518
0.303591966629
0.342498064041
0.323641061783
0.30153799057
0.380728960037
0.331669807434
0.268553972244
0.363395214081
0.260401964188
0.308449983597
0.282559871674
0.257391214371
0.352902889252
0.314629077911
0.293817996979
0.300724029541
0.277925014496
0.318587779999
0.348838090897
0.274890184402
0.380467891693
0.329638004303
0.310379981995
0.302961826324
0.28825712204
0.30868601799
0.252242088318
0.301012992859
0.255280971527
0.288367986679
0.224021911621
0.357042789459
0.257122039795
0.228792905807
0.245254039764
0.274260997772
