0.330909013748
0.237515926361
0.237634181976
0.308583974838
0.299489974976
0.25535607338
0.2995698452
0.226963996887
0.242979049683
0.271706104279
0.282196998596
0.254362821579
0.247621059418
0.308632850647
0.310497999191
0.359081029892
0.337623119354
0.232501029968
0.229419946671
0.316320180893
0.272820949554
0.291300058365
0.308381080627
0.266638040543
0.249294042587
0.293292999268
0.25553894043
0.219171047211
0.290857076645
0.286381959915
0.277617931366
0.228091955185
0.278889894485
0.274527072906
0.24120092392
0.29593205452
0.297379016876
0.293013095856
0.275747060776
0.271218061447
0.244076967239
0.283396959305
0.300999879837
0.273987054825
0.283355951309
0.264142036438
0.2517619133
0.244624853134
0.298326969147
0.309070110321
0.253530979156
0.187781095505
0.200776100159
0.211507081985
0.229103088379
0.251336097717
0.287985086441
0.31498003006
0.321038007736
0.296684026718
0.33084487915
0.348351955414
0.346058130264
0.371078968048
0.319937944412
0.300879955292
0.380946874619
0.350638151169
0.317667007446
0.266903877258
0.257638931274
0.243192195892
0.238951206207
0.330702066422
0.322105884552
0.307695865631
0.232149124146
0.281788110733
0.282626152039
0.286777019501
0.316784858704
0.330053806305
0.254895925522
0.2034740448
0.196391105652
0.207808971405
0.262763977051
0.297075986862
0.195291996002
0.262579917908
0.302232027054
0.276718139648
0.273345947266
0.224570035934
0.240621805191
0.280097007751
0.284263849258
0.228589057922
0.318317890167
0.311528921127
0.254331111908
0.220266103745
0.209536075592
0.233040809631
0.289727926254
0.319473981857
0.30494594574
0.364511966705
0.332460165024
0.347820997238
0.369243860245
0.296277046204
0.253895044327
0.228425979614
0.281954050064
0.282574176788
0.223783969879
0.327773094177
0.344815015793
0.354862928391
0.352684020996
0.383854866028
0.319365024567
0.316701889038
0.312757015228
0.328732967377
0.180803060532
0.26656293869
0.300290107727
0.335246086121
0.326240062714
0.313274860382
0.269202232361
0.335051059723
0.413798809052
0.302738189697
0.353260993958
0.318458795547
0.26495718956
0.321495056152
0.274885892868
0.264400005341
0.314041852951
0.301887989044
0.249225139618
0.21719288826
0.241101980209
0.236053943634
0.285596847534
0.268373012543
0.26663517952
0.327895879745
0.306442022324
0.298230886459
0.333323955536
0.299799919128
0.274736881256
0.294319868088
0.307806015015
0.313336133957
0.339295148849
0.325037002563
0.263365983963
0.280128002167
0.267076015472
0.223448991776
0.279437065125
0.240597009659
0.310697078705
0.31861281395
0.299134016037
0.358882904053
0.319854974747
0.289761066437
0.343688011169
0.284636974335
0.348499059677
0.345710992813
0.365004062653
0.432816982269
0.404928922653
0.338591814041
0.242908000946
0.335906028748
0.275414943695
0.303364992142
0.381814002991
0.289614915848
0.301933050156
0.332458019257
0.335562944412
0.336720943451
0.216980934143
0.216494083405
0.327636003494
0.336342811584
0.298135995865
0.286903858185
0.378576040268
0.342293977737
0.295032024384
0.313382863998
0.373403072357
0.399278879166
0.357331037521
0.376085042953
0.371284008026
0.319991111755
0.327302932739
0.284729003906
0.257670879364
0.272130012512
0.303788900375
0.279239177704
0.266830205917
0.236124992371
0.33482003212
0.274673938751
0.352139949799
0.286649942398
0.185305833817
0.253922939301
0.324770927429
0.325665950775
0.36895108223
0.357623815536
0.307481050491
0.318156003952
0.288716077805
0.343810796738
0.354355812073
0.36332988739
0.306535005569
0.319979190826
0.3517370224
0.301503181458
0.367030858994
0.365385055542
0.400904893875
0.379580020905
0.372984886169
0.358819961548
0.410696983337
0.302629947662
0.348311185837
0.354119777679
0.363289117813
0.353907108307
0.279338121414
0.411800861359
0.314543962479
0.327808141708
0.287060976028
0.315988063812
0.319432020187
0.298805952072
0.346966028214
0.322675943375
0.227375984192
0.28097987175
0.303648948669
0.286313056946
0.25802898407
0.265326023102
0.291787862778
0.289447069168
0.247618913651
0.256295919418
0.277816057205
0.275650024414
0.28661608696
0.233278989792
0.263833999634
0.295922994614
0.300676107407
0.30771613121
0.235549926758
0.278719902039
0.352323055267
0.328522920609
0.310943841934
0.431665897369
0.358947992325
0.351206064224
0.33533000946
0.280190944672
0.339559078217
0.332759141922
0.261681079865
0.258913040161
0.325408935547
0.318440914154
0.385179042816
0.247624158859
0.312711000443
0.32321190834
0.340586900711
0.382073879242
0.387619972229
0.335464000702
0.320188999176
0.367782115936
0.330224990845
0.332182168961
0.373528957367
0.332477807999
0.321568012238
0.352339029312
0.392618179321
0.305438041687
0.319957017899
0.31037402153
0.282961130142
0.316176891327
0.357769012451
0.348124980927
0.259606122971
0.33441400528
0.36147403717
0.31244802475
0.323194026947
0.2439930439
0.242061853409
0.350583076477
0.323385000229
0.323895931244
0.334645032883
0.299585103989
0.30372595787
0.232359886169
0.297114849091
0.311012029648
0.323807001114
0.288800954819
0.296057939529
0.325729131699
0.276826143265
0.301534175873
0.291578054428
0.362287998199
0.28129196167
0.313771009445
0.307671785355
0.276731014252
0.275688171387
