0.329550981522
0.28554391861
0.26279592514
0.288684844971
0.305513143539
0.28547501564
0.31628203392
0.291562080383
0.288653850555
0.302196979523
0.279864788055
0.226701974869
0.310958862305
0.276690006256
0.254921913147
0.340343952179
0.341187953949
0.28359413147
0.263829946518
0.23495388031
0.252895116806
0.320466995239
0.298436880112
0.307410001755
0.32763004303
0.269898176193
0.298197984695
0.237982988358
0.29178404808
0.300421953201
0.274912118912
0.239237070084
0.304065942764
0.2645008564
0.262825012207
0.316721916199
0.291953802109
0.322860002518
0.334493160248
0.251243829727
0.331899166107
0.252587080002
0.293827056885
0.300290822983
0.308860063553
0.280179977417
0.284363031387
0.298148155212
0.294622182846
0.238543987274
0.244234800339
0.254174947739
0.242849826813
0.184825897217
0.258058071136
0.231360912323
0.258536100388
0.276968002319
0.306975126266
0.25056385994
0.291638851166
0.2873711586
0.271944046021
0.238121032715
0.290385007858
0.243231058121
0.248838186264
0.310491085052
0.23509812355
0.294079065323
0.231971979141
0.246963024139
0.212235927582
0.179688930511
0.196561098099
0.169085025787
0.186969995499
0.179022073746
0.280789852142
0.246263980865
0.33078789711
0.283653974533
0.199726104736
0.270086050034
0.195896148682
0.193175077438
0.230503797531
0.20613193512
0.214857816696
0.206612110138
0.178594112396
0.194733858109
0.206404924393
0.224772930145
0.235061168671
0.256337881088
0.199214935303
0.218607902527
0.227019071579
0.190671920776
0.302000045776
0.199732065201
0.259539842606
0.158625841141
0.14050412178
0.191029071808
0.207441091537
0.205768108368
0.234143972397
0.179116010666
0.248409032822
0.207626104355
0.182843208313
0.151621103287
0.18418097496
0.186503887177
0.177711963654
0.227313995361
0.166142940521
0.199921131134
0.187075138092
0.232755899429
0.174089193344
0.201178073883
0.135530948639
0.183667898178
0.178013086319
0.143343925476
0.202728033066
0.260938882828
0.159198045731
0.242269992828
0.250961065292
0.29593205452
0.307401895523
0.35454082489
0.32785320282
0.395174026489
0.284853935242
0.352762937546
0.269186019897
0.293382883072
0.290675878525
0.348440885544
0.334170103073
0.326277971268
0.214890003204
0.24697303772
0.236665010452
0.196605920792
0.240404129028
0.211300849915
0.215268135071
0.232464075089
0.193580150604
0.194582939148
0.245109081268
0.296128988266
0.234319925308
0.241438150406
0.236114025116
0.202044010162
0.275601148605
0.245338916779
0.226042985916
0.22468495369
0.215152025223
0.150427103043
0.152668952942
0.13973402977
0.153695106506
0.146383047104
0.237901926041
0.289258003235
0.300140857697
0.260751962662
0.232056856155
0.265234947205
0.249986886978
0.267951011658
0.288823127747
0.247658014297
0.291404008865
0.228052139282
0.301831960678
0.33128285408
0.227699995041
0.240602970123
0.307586193085
0.317093849182
0.295530080795
0.244848966599
0.24484705925
0.186748027802
0.235548973083
0.178020000458
0.275188922882
0.198373794556
0.172621965408
0.191756010056
0.203658103943
0.162791013718
0.294371128082
0.278161048889
0.240761041641
0.256466150284
0.31942486763
0.332399129868
0.298572063446
0.408586978912
0.376258134842
0.386736154556
0.365696907043
0.382481813431
0.363238811493
0.342509031296
0.316112041473
0.246100902557
0.267146110535
0.200750112534
0.225004196167
0.283737897873
0.295563936234
0.268766880035
0.218754053116
0.262002229691
0.260160923004
0.261121988297
0.164673089981
0.210766077042
0.329684972763
0.23409986496
0.338613986969
0.30485200882
0.282150030136
0.245923995972
0.206337928772
0.202579021454
0.28302192688
0.267225980759
0.238855838776
0.231003046036
0.247164964676
0.322271108627
0.229872941971
0.254902839661
0.269725084305
0.307313919067
0.295380115509
0.36044383049
0.3024289608
0.331321001053
0.259496927261
0.35986495018
0.222516059875
0.326085090637
0.266053199768
0.261782884598
0.297482013702
0.291548013687
0.26009106636
0.37397813797
0.245559930801
0.320003986359
0.280807971954
0.231416940689
0.258363008499
0.267912864685
0.295156955719
0.309254169464
0.291253089905
0.25795507431
0.221041917801
0.267863988876
0.318732023239
0.293256044388
0.279148101807
0.27455496788
0.317347049713
0.265392065048
0.24978685379
0.247481822968
0.239001989365
0.322838068008
0.332480192184
0.39951300621
0.333191871643
0.301160097122
0.316014051437
0.343735933304
0.389821052551
0.331392049789
0.369597911835
0.308079004288
0.346638202667
0.320152044296
0.331211090088
0.30021905899
0.398948907852
0.325236082077
0.312118053436
0.320633888245
0.356674909592
0.312896966934
0.316477060318
0.346004962921
0.411510944366
0.360975027084
0.318672180176
0.320927143097
0.366760969162
0.377603054047
0.411290884018
0.331325054169
0.335650920868
0.305643081665
0.351123094559
0.328196048737
0.28037405014
0.452026844025
0.329950094223
0.345180034637
0.28279209137
0.300006866455
0.333532810211
0.379410028458
0.338500022888
0.365787029266
0.343678951263
0.334757089615
0.316956996918
0.325151920319
0.346019983292
0.364356994629
0.377184152603
0.275339126587
0.283056020737
0.291910886765
0.349777936935
0.242871999741
0.299818992615
0.340798139572
0.280351877213
0.295564174652
0.332018852234
0.335658073425
0.285248994827
0.325122117996
0.347635984421
0.367969989777
0.345013856888
0.347189903259
0.382035017014
0.27414393425
