0.3342628479
0.237202882767
0.261265039444
0.286410093307
0.234736919403
0.328088998795
0.312716007233
0.249336004257
0.279616117477
0.237376928329
0.369597911835
0.284667015076
0.275475978851
0.305783033371
0.265515089035
0.300544023514
0.275052070618
0.224112987518
0.273857831955
0.268952846527
0.22138094902
0.262581110001
0.292904853821
0.216060161591
0.229187965393
0.326307058334
0.318073034286
0.308282852173
0.315564870834
0.290058135986
0.237151145935
0.227566957474
0.311866044998
0.275810003281
0.296808004379
0.328545093536
0.234263181686
0.255609989166
0.26313996315
0.247216939926
0.29452586174
0.310783863068
0.242448091507
0.253283023834
0.306192874908
0.273508787155
0.329394817352
0.301832914352
0.223297834396
0.289103984833
0.27089881897
0.267733097076
0.245273828506
0.242194890976
0.216183185577
0.259016990662
0.26325917244
0.292230844498
0.274543046951
0.317545175552
0.331518888474
0.305572032928
0.348279953003
0.387676000595
0.246088027954
0.289632081985
0.333088159561
0.319089889526
0.379077911377
0.302153110504
0.315220832825
0.310683965683
0.300811052322
0.309649944305
0.284812927246
0.258992910385
0.237684965134
0.25837802887
0.27742600441
0.313107013702
0.314902067184
0.244444131851
0.225830078125
0.31235408783
0.248600006104
0.25533914566
0.256207942963
0.27800989151
0.230808019638
0.259377002716
0.330543994904
0.269883871078
0.351092100143
0.269773960114
0.215652227402
0.311173200607
0.306990861893
0.34263086319
0.335284948349
0.225041866302
0.267924070358
0.344178915024
0.291358947754
0.351706981659
0.330528020859
0.363234043121
0.327076911926
0.331869125366
0.319262981415
0.435472011566
0.338610887527
0.236032962799
0.284822940826
0.309570074081
0.248140096664
0.289683103561
0.293218135834
0.336321115494
0.334040880203
0.34706902504
0.259522914886
0.314049959183
0.278790950775
0.292721986771
0.322557926178
0.256217002869
0.340688943863
0.324456930161
0.352185964584
0.341586112976
0.335593938828
0.302930116653
0.367550134659
0.332683086395
0.348701953888
0.295663833618
0.329451799393
0.339082956314
0.31148481369
0.314868927002
0.219939947128
0.297668933868
0.295158147812
0.262073993683
0.308593988419
0.324171066284
0.290209770203
0.292574882507
0.277679920197
0.290476799011
0.315864086151
0.365937948227
0.27259016037
0.331971883774
0.322219848633
0.28716301918
0.341930150986
0.32592010498
0.281949996948
0.272521018982
0.213317155838
0.275876998901
0.184853076935
0.300918102264
0.233422994614
0.291473150253
0.357522964478
0.34107708931
0.324648141861
0.326657056808
0.341377019882
0.351977109909
0.330332994461
0.32715010643
0.33943104744
0.315517902374
0.31530380249
0.309663057327
0.392335176468
0.390835046768
0.296704769135
0.23161816597
0.295129060745
0.338767051697
0.305248022079
0.27702999115
0.266387939453
0.337045907974
0.295626163483
0.341526985168
0.327018022537
0.24661898613
0.326798915863
0.277008056641
0.264464855194
0.277117013931
0.304619073868
0.422589063644
0.273722887039
0.38371515274
0.399954080582
0.312542915344
0.393857002258
0.375352859497
0.297961950302
0.334448814392
0.260965108871
0.251582145691
0.260125160217
0.275462865829
0.289572000504
0.324272155762
0.318721055984
0.3188829422
0.304918050766
0.315232992172
0.312089920044
0.344638109207
0.364823102951
0.358449220657
0.401459932327
0.314679861069
0.352491140366
0.315893173218
0.319739103317
0.409681081772
0.258543014526
0.300307035446
0.324589967728
0.36038184166
0.266700029373
0.357671022415
0.260302066803
0.370208024979
0.373774051666
0.357156038284
0.321974039078
0.344138860703
0.384649038315
0.342748880386
0.328965902328
0.347356081009
0.364583969116
0.357517004013
0.362812995911
0.316582202911
0.394150972366
0.233964920044
0.308397054672
0.348150014877
0.295727014542
0.344258069992
0.205429792404
0.355412960052
0.329390048981
0.320703983307
0.267565965652
0.280036211014
0.306310892105
0.342254161835
0.29963183403
0.273271799088
0.253545045853
0.318602085114
0.333068847656
0.30154800415
0.247381925583
0.268507003784
0.214709997177
0.199154138565
0.294801950455
0.306118011475
0.308656930923
0.32778096199
0.271912813187
0.221893072128
0.377175092697
0.369449853897
0.353137016296
0.318124055862
0.397457122803
0.341498851776
0.384485960007
0.342848062515
0.266002178192
0.348482847214
0.316035032272
0.378968000412
0.31361913681
0.303086042404
0.278602838516
0.327280044556
0.269809007645
0.317095994949
0.404079914093
0.388422966003
0.36962389946
0.434154987335
0.332117080688
0.369755983353
0.325072050095
0.330029010773
0.336948156357
0.284389972687
0.391701936722
0.334467887878
0.311634063721
0.329096078873
0.312125921249
0.367098093033
0.275787115097
0.333684921265
0.338694810867
0.279193878174
0.209019899368
0.306163787842
0.228521108627
0.287413835526
0.27123093605
0.281462907791
0.233855962753
0.312865018845
0.309952974319
0.336616039276
0.280618190765
0.249768972397
0.261072158813
0.338792800903
0.338469982147
0.230978012085
0.235023975372
0.256743907928
0.315500974655
0.213600873947
0.259253025055
0.210416078568
0.260348081589
0.307181835175
0.253674983978
0.156439065933
0.230861902237
0.260184049606
0.311308860779
0.286561012268
