0.310477972031
0.345736026764
0.288784980774
0.297587156296
0.298383951187
0.332687139511
0.361549139023
0.30100107193
0.327237129211
0.323302984238
0.289058208466
0.397099018097
0.269876003265
0.288336038589
0.314012050629
0.250119924545
0.326164960861
0.328053951263
0.389153957367
0.334740161896
0.320847988129
0.315804958344
0.262942075729
0.324715137482
0.303535938263
0.26905798912
0.363835811615
0.327716112137
0.253321886063
0.31868314743
0.330459117889
0.244292974472
0.301270961761
0.29851102829
0.314322948456
0.31569814682
0.297210931778
0.24297785759
0.323961019516
0.276032924652
0.258066177368
0.282642841339
0.399837970734
0.279950141907
0.327308893204
0.310567140579
0.332030057907
0.348073005676
0.285006999969
0.298352003098
0.266042947769
0.265290975571
0.285106182098
0.250262975693
0.330561161041
0.427805900574
0.346497058868
0.458651065826
0.328948020935
0.311497926712
0.365308046341
0.419178009033
0.341909170151
0.299694061279
0.376724004745
0.216265916824
0.299244880676
0.324959993362
0.366746902466
0.31214594841
0.261054039001
0.33035993576
0.223288059235
0.352581977844
0.291843175888
0.254529953003
0.366400003433
0.3875041008
0.220363140106
0.296224117279
0.284215927124
0.291428804398
0.300430059433
0.200408935547
0.227563858032
0.211400985718
0.285104990005
0.342958211899
0.326287031174
0.308192968369
0.326148033142
0.3032579422
0.30389380455
0.344586133957
0.331738948822
0.284828901291
0.277343988419
0.307199001312
0.293203115463
0.418100118637
0.307168006897
0.34202003479
0.275519132614
0.321221113205
0.345919847488
0.352352142334
0.306981086731
0.293015003204
0.328871965408
0.323478937149
0.291002988815
0.349863052368
0.34095287323
0.30908203125
0.310132980347
0.289537906647
0.350825071335
0.346930980682
0.312335014343
0.366152048111
0.219727993011
0.311299085617
0.306976795197
0.332678079605
0.382563114166
0.383481025696
0.28599190712
0.282030820847
0.382508993149
0.412554979324
0.38560795784
0.346326828003
0.31055521965
0.320113897324
0.358689069748
0.350651025772
0.33842420578
0.242578983307
0.299421072006
0.312211036682
0.299440145493
0.247582912445
0.341414928436
0.302211046219
0.229622125626
0.322556972504
0.376127004623
0.304264068604
0.354825973511
0.312642097473
0.279631137848
0.270504951477
0.366042137146
0.328927993774
0.298989057541
0.223065137863
0.209182024002
0.291752099991
0.254585981369
0.310707807541
0.328583955765
0.424237966537
0.285845041275
0.341378927231
0.325989961624
0.287799119949
0.259616136551
0.347230911255
0.344846963882
0.317195892334
0.365915060043
0.27089381218
0.309571027756
0.390450000763
0.336822032928
0.322751045227
0.391607999802
0.333754062653
0.319450139999
0.329075813293
0.291290998459
0.348922967911
0.351520061493
0.334250211716
0.294867992401
0.308409929276
0.304239034653
0.323004961014
0.299967050552
0.355673074722
0.362992048264
0.366954088211
0.315491914749
0.3610060215
0.332171916962
0.368506908417
0.356261968613
0.321254014969
0.374964952469
0.295679092407
0.322912931442
0.27016711235
0.312059879303
0.239860773087
0.357954025269
0.316982984543
0.344728946686
0.331500053406
0.302851915359
0.281688928604
0.314845085144
0.310423851013
0.318238019943
0.411348104477
0.341193914413
0.340417861938
0.355134963989
0.41676402092
0.364940166473
0.333172082901
0.396940946579
0.293258905411
0.278388977051
0.334696054459
0.240394830704
0.329756975174
0.349529027939
0.362712144852
0.369609832764
0.318696975708
0.356245040894
0.387838125229
0.382919073105
0.346112012863
0.347604990005
0.370043039322
0.343852043152
0.364765882492
0.313020944595
0.21139216423
0.312171936035
0.348165035248
0.360983848572
0.243968963623
0.316910028458
0.317054033279
0.296836853027
0.36146903038
0.346574068069
0.320500135422
0.333531856537
0.260684013367
0.248287916183
0.2608730793
0.375628948212
0.252947807312
0.336640119553
0.268126010895
0.243279933929
0.280725955963
0.282324075699
0.331255912781
0.337224006653
0.298347949982
0.34968996048
0.262459993362
0.2385160923
0.348111867905
0.375670909882
0.349384069443
0.413319826126
0.305644989014
0.357297897339
0.333633184433
0.331899166107
0.2892370224
0.347270011902
0.308008909225
0.284804821014
0.31472492218
0.347326040268
0.368978023529
0.322453975677
0.361049175262
0.420762062073
0.316239118576
0.347331047058
0.333311080933
0.36362695694
0.362722158432
0.376451015472
0.309575080872
0.359633922577
0.312056064606
0.323005914688
0.332638025284
0.300849199295
0.233911991119
0.249809980392
0.285702943802
0.29718708992
0.311993122101
0.417205095291
0.350239992142
0.313807964325
0.32347202301
0.2837870121
0.313428878784
0.299795866013
0.263180017471
0.296630144119
0.316107988358
0.320894956589
0.281303882599
0.34234380722
0.307123184204
0.354714870453
0.265242815018
0.284122943878
0.347208023071
0.255120038986
0.225567817688
0.326099872589
0.28040599823
0.319458961487
0.346637964249
0.364137887955
0.285677194595
0.34846997261
0.307727098465
0.288874149323
0.340579032898
0.34894490242
0.309027194977
