0.331959962845
0.215913057327
0.291731119156
0.27756023407
0.249372005463
0.24994802475
0.240597963333
0.260730981827
0.281074047089
0.277009963989
0.224920034409
0.291426897049
0.28599190712
0.277220010757
0.242343902588
0.229275941849
0.300832986832
0.321728944778
0.247616052628
0.295703887939
0.233542919159
0.295184135437
0.257117986679
0.260568857193
0.334523916245
0.227396011353
0.291161060333
0.282833814621
0.288690090179
0.226317167282
0.250996828079
0.337882995605
0.285781860352
0.315475940704
0.335447072983
0.244709014893
0.304457902908
0.269595146179
0.281657934189
0.292793989182
0.29812002182
0.310739040375
0.315502166748
0.318199157715
0.276372909546
0.294137001038
0.266949892044
0.225214004517
0.221565008163
0.265523910522
0.2533659935
0.203456878662
0.27191400528
0.222353935242
0.208097934723
0.211097002029
0.316078901291
0.264686107635
0.19113779068
0.246963024139
0.257495164871
0.220534086227
0.262804985046
0.253291845322
0.246146917343
0.260627985001
0.265451908112
0.265273094177
0.206161975861
0.221683979034
0.229654073715
0.201136112213
0.223418951035
0.197722911835
0.226645946503
0.217773914337
0.196240901947
0.202824831009
0.12769818306
0.166051864624
0.199184894562
0.171999931335
0.191596984863
0.196792840958
0.175137042999
0.107316970825
0.168695926666
0.158101081848
0.215432882309
0.155328989029
0.157829999924
0.145219087601
0.171160936356
0.216733932495
0.196250915527
0.251885890961
0.163524866104
0.184657096863
0.168359041214
0.263160943985
0.178616046906
0.264718055725
0.307553052902
0.320472955704
0.239033937454
0.227880954742
0.229537010193
0.235957145691
0.237671136856
0.179445028305
0.307889938354
0.281205892563
0.225322961807
0.252975940704
0.198127031326
0.31281208992
0.263705968857
0.233818054199
0.297848939896
0.219084024429
0.220925807953
0.271547794342
0.293234109879
0.281888961792
0.247075796127
0.177193164825
0.307302951813
0.217913866043
0.277644872665
0.238843917847
0.245166063309
0.283988952637
0.236877202988
0.290344953537
0.260489225388
0.275747060776
0.311977148056
0.282436132431
0.276549816132
0.294214963913
0.27757191658
0.303444862366
0.244770050049
0.316684961319
0.306063890457
0.327383041382
0.240858078003
0.232728004456
0.316084861755
0.207586050034
0.322479963303
0.310999155045
0.251070022583
0.266848087311
0.265508174896
0.285076141357
0.290911912918
0.293416976929
0.264907836914
0.27951002121
0.289638996124
0.340409994125
0.32434797287
0.329622030258
0.28355717659
0.298285961151
0.318149805069
0.29469704628
0.285928010941
0.264739990234
0.277718067169
0.173726797104
0.321426153183
0.309092998505
0.293984889984
0.319670915604
0.333493947983
0.309910058975
0.350198030472
0.280616998672
0.270699977875
0.296719074249
0.348994970322
0.299805879593
0.33021402359
0.320431947708
0.255029916763
0.294505119324
0.318342924118
0.293715000153
0.341598033905
0.331674814224
0.301167964935
0.308739900589
0.313080072403
0.288926839828
0.290261030197
0.245527029037
0.253900051117
0.230894088745
0.3286049366
0.236903905869
0.325202941895
0.215526819229
0.328322172165
0.300961017609
0.303707122803
0.378463029861
0.311324119568
0.260416984558
0.330629110336
0.345201015472
0.33837890625
0.328196048737
0.269636869431
0.310533046722
0.245719909668
0.274172067642
0.306669950485
0.273036956787
0.34637093544
0.266680002213
0.314937114716
0.365694046021
0.321007013321
0.328876018524
0.303815126419
0.329575061798
0.240179777145
0.274266004562
0.299488067627
0.351465940475
0.339526176453
0.26464509964
0.316600084305
0.344918966293
0.349130153656
0.322262048721
0.291569948196
0.310628175735
0.295267105103
0.245592832565
0.322854995728
0.343033075333
0.370970964432
0.372100830078
0.351947069168
0.383417129517
0.386382102966
0.273000955582
0.285665035248
0.355805158615
0.372109889984
0.355988025665
0.336297035217
0.22251200676
0.310158014297
0.346420049667
0.258808135986
0.374362230301
0.284439086914
0.267338991165
0.229290962219
0.230979919434
0.285705089569
0.333696842194
0.289363145828
0.272812843323
0.315796136856
0.305172920227
0.291210889816
0.296012163162
0.27373790741
0.340039014816
0.329230070114
0.284571886063
0.354755878448
0.291782855988
0.276182889938
0.279709100723
0.229918956757
0.306127071381
0.192698955536
0.281538963318
0.332373857498
0.232606172562
0.221415996552
0.31963801384
0.350187063217
0.418118000031
0.358320951462
0.324099063873
0.419875144958
0.298659086227
0.352819919586
0.355936050415
0.277348041534
0.223801136017
0.269590854645
0.326825857162
0.301099061966
0.324213027954
0.287504911423
0.348927021027
0.329609870911
0.347934007645
0.338816165924
0.378142118454
0.265554189682
0.354184865952
0.31023311615
0.31210899353
0.376477003098
0.277746915817
0.338625907898
0.334294080734
0.228328943253
0.282132863998
0.272612810135
0.316008090973
0.257490158081
0.347789049149
0.323298931122
0.295034885406
0.283935070038
0.273763895035
0.334028959274
0.308351993561
0.332705974579
0.306661128998
0.365054130554
0.285441160202
0.257063865662
0.312710046768
0.258492946625
0.280972957611
0.304646015167
0.294960975647
0.31072306633
0.34606218338
0.292815923691
0.229913949966
0.29682302475
0.328783988953
0.276393890381
0.279052019119
0.320608139038
0.337692975998
0.357734918594
0.341237068176
0.311676025391
0.288506031036
0.287286043167
0.232412099838
0.242882013321
0.338165998459
