0.290822982788
0.336380958557
0.242604017258
0.271239995956
0.279755115509
0.26455283165
0.286863088608
0.265235185623
0.299723863602
0.237361907959
0.315685033798
0.24610710144
0.295949220657
0.328921794891
0.266767024994
0.192461013794
0.290146112442
0.204673051834
0.288596868515
0.282053947449
0.273571968079
0.287364959717
0.30272603035
0.237286090851
0.268615007401
0.286888837814
0.305500030518
0.266760826111
0.211344003677
0.295347929001
0.345472097397
0.226718902588
0.324573993683
0.313374042511
0.312121868134
0.324033975601
0.238583087921
0.304506063461
0.316372871399
0.307407140732
0.272625923157
0.268736124039
0.286117076874
0.320087194443
0.299515962601
0.324578046799
0.289397954941
0.329230070114
0.31189084053
0.328752040863
0.267202854156
0.269432067871
0.264698028564
0.263655900955
0.250287055969
0.229308843613
0.329211950302
0.279252052307
0.277062177658
0.286041975021
0.347361087799
0.353375911713
0.311115980148
0.261168003082
0.307198047638
0.362195014954
0.284246921539
0.296247959137
0.259793996811
0.231813192368
0.240144968033
0.18942284584
0.229890108109
0.194381952286
0.225380897522
0.246243000031
0.233748197556
0.2026450634
0.182579040527
0.205325841904
0.188899993896
0.210559129715
0.151017904282
0.168659925461
0.199517965317
0.204534053802
0.172958850861
0.2052090168
0.162873029709
0.17080616951
0.188949108124
0.187062978745
0.2003262043
0.255680799484
0.209359884262
0.29180598259
0.286624908447
0.232683181763
0.272213935852
0.300868034363
0.272760868073
0.229341983795
0.211663961411
0.2655210495
0.171199083328
0.26348900795
0.226576089859
0.291843175888
0.287316083908
0.337913036346
0.286746025085
0.239148139954
0.236064910889
0.270447015762
0.224112033844
0.221729040146
0.291735887527
0.249356985092
0.180678844452
0.214726924896
0.185976982117
0.290038108826
0.221204042435
0.20671916008
0.204135894775
0.291404008865
0.22830915451
0.186413049698
0.229495048523
0.210730075836
0.26885509491
0.267812013626
0.309875011444
0.239433050156
0.233919858932
0.256385803223
0.29407787323
0.286826848984
0.185493946075
0.244297027588
0.244213819504
0.20064997673
0.265315055847
0.236389875412
0.207912921906
0.269859075546
0.226238012314
0.22298002243
0.232838153839
0.218703985214
0.172961950302
0.133880138397
0.16508603096
0.210787057877
0.142729997635
0.213521003723
0.189036130905
0.182196140289
0.267050981522
0.264780044556
0.27910399437
0.274368047714
0.27663898468
0.342065095901
0.376378059387
0.254977941513
0.311455011368
0.230609893799
0.307221889496
0.314653873444
0.286945819855
0.314013004303
0.361825942993
0.217852115631
0.303276062012
0.361139059067
0.257766962051
0.254471063614
0.257168054581
0.228589057922
0.215328931808
0.200823068619
0.216865062714
0.202447891235
0.199230194092
0.135563850403
0.194177865982
0.203122854233
0.155445098877
0.18759894371
0.147498130798
0.219206094742
0.196180105209
0.198448896408
0.227807044983
0.234839916229
0.219133853912
0.208764076233
0.151184082031
0.173841953278
0.153470039368
0.209732055664
0.233155965805
0.0925848484039
0.216209173203
0.237195014954
0.23455119133
0.282157897949
0.19213104248
0.187577009201
0.20965385437
0.226892948151
0.240238904953
0.169857025146
0.215801000595
0.204169034958
0.22511100769
0.213634967804
0.200878143311
0.236397027969
0.18932390213
0.248628854752
0.217139005661
0.21321105957
0.175165891647
0.161192893982
0.134717941284
0.152075052261
0.171499967575
0.148390054703
0.0797929763794
0.178985834122
0.172045946121
0.199038982391
0.216156005859
0.176892995834
0.192171096802
0.190372943878
0.162280797958
0.183900117874
0.218287944794
0.205446958542
0.254724025726
0.321985006332
0.347413063049
0.339601039886
0.312601089478
0.392270088196
0.431229114532
0.382743835449
0.367559194565
0.399437904358
0.415091991425
0.347378969193
0.397593975067
0.345413208008
0.332582950592
0.358905076981
0.301307916641
0.222455024719
0.2293009758
0.274334192276
0.321177005768
0.27228808403
0.308698892593
0.238932847977
0.21407699585
0.261390924454
0.246091842651
0.238645076752
0.231627941132
0.185659885406
0.234069108963
0.172664165497
0.200893878937
0.221517801285
0.206871032715
0.235203027725
0.226579189301
0.22695183754
0.195492982864
0.225472927094
0.221127986908
0.15239906311
0.228706121445
0.199191808701
0.181084156036
0.171135902405
0.151554107666
0.188162088394
0.18791103363
0.229804992676
0.227527856827
0.198226928711
0.252093076706
0.261430025101
0.236213922501
0.267447948456
0.248142004013
0.286737918854
0.229333162308
0.260574817657
0.274655103683
0.340674877167
0.302561998367
0.354919195175
0.340101003647
0.334687948227
0.390784978867
0.273277997971
0.388924121857
0.384279966354
0.316938877106
0.353123903275
0.321139097214
0.417751789093
0.342957019806
0.413444042206
0.373999834061
0.285290002823
0.379127979279
0.272984981537
0.347925186157
0.318305015564
0.357237100601
0.341319084167
0.347374916077
0.259068012238
0.345657110214
0.290954828262
0.324532985687
0.250622987747
0.324985980988
0.264008045197
0.324949026108
0.332615852356
0.306537151337
0.332062005997
0.335994958878
0.24920296669
0.30432510376
0.324184894562
0.237902879715
0.251009941101
0.234422922134
0.305776834488
0.3461561203
0.350125074387
0.272341012955
0.323179006577
0.279059886932
0.288498878479
0.333919048309
0.289565086365
0.323422908783
0.229910135269
0.263769865036
0.314329862595
