0.245814085007
0.263341903687
0.289011955261
0.33550786972
0.322374105453
0.316391944885
0.30214715004
0.314850091934
0.288378000259
0.363602161407
0.265211105347
0.263818025589
0.359017133713
0.363972902298
0.272737026215
0.306254863739
0.28272986412
0.283194065094
0.348797082901
0.226899147034
0.215138912201
0.310304880142
0.234725952148
0.238023996353
0.316979169846
0.354243993759
0.288110017776
0.339528083801
0.379526853561
0.355664968491
0.262274026871
0.25267291069
0.315480947495
0.296550035477
0.29061293602
0.318863153458
0.303985834122
0.318192958832
0.28933095932
0.30406498909
0.37993311882
0.315732002258
0.364395141602
0.243767023087
0.304419994354
0.314819812775
0.340601921082
0.322542190552
0.308298826218
0.268200874329
0.33422088623
0.204277992249
0.294885873795
0.310023069382
0.291669845581
0.284546852112
0.318681001663
0.321757078171
0.328074932098
0.317134141922
0.35237288475
0.334053039551
0.338974952698
0.274055957794
0.330127954483
0.313914060593
0.311434030533
0.242606878281
0.247816085815
0.248969078064
0.250011920929
0.232126951218
0.217474937439
0.23667383194
0.207137107849
0.217977046967
0.218391895294
0.190671920776
0.268088102341
0.233293056488
0.206345081329
0.215823173523
0.198877811432
0.215138912201
0.220967054367
0.243035078049
0.163694143295
0.217456817627
0.286766052246
0.365401983261
0.294513940811
0.191665887833
0.186662197113
0.229188919067
0.223410844803
0.22082400322
0.213291883469
0.205075025558
0.14253282547
0.199240922928
0.196911811829
0.175962924957
0.184494972229
0.193154096603
0.226065158844
0.190304994583
0.168712854385
0.207088947296
0.234966993332
0.163379907608
0.23397898674
0.188966035843
0.217316865921
0.170644044876
0.220595121384
0.177848815918
0.209135055542
0.20734500885
0.214000940323
0.211233854294
0.242444992065
0.253716945648
0.21247792244
0.271229982376
0.266443967819
0.331573009491
0.237224817276
0.238698005676
0.317586183548
0.315680980682
0.34347319603
0.400131940842
0.341341018677
0.334781169891
0.390904188156
0.275361061096
0.336400032043
0.330094099045
0.343780994415
0.266745090485
0.332004070282
0.207054138184
0.258074045181
0.167223930359
0.189167022705
0.178457021713
0.174227952957
0.21013712883
0.223047018051
0.198534965515
0.174977064133
0.209949016571
0.218147993088
0.241079092026
0.259332180023
0.345683813095
0.307281017303
0.278108119965
0.202372074127
0.229444980621
0.223489046097
0.198289871216
0.189863920212
0.210610866547
0.176052093506
0.169919013977
0.231250047684
0.25553393364
0.223608970642
0.242699861526
0.258547067642
0.294569969177
0.356971025467
0.261454105377
0.313575983047
0.354859113693
0.218914985657
0.304712057114
0.270550966263
0.33430814743
0.304847002029
0.333154201508
0.395929098129
0.330826997757
0.342688798904
0.302199840546
0.332173109055
0.269130945206
0.305414915085
0.314563035965
0.350609064102
0.289779901505
0.221747875214
0.17869591713
0.272409915924
0.26460313797
0.317409992218
0.211965799332
0.258454084396
0.267126083374
0.251163005829
0.269541025162
0.269411802292
0.314831018448
0.288104057312
0.251978874207
0.325792074203
0.303716897964
0.281816005707
0.305558919907
0.339236974716
0.332367897034
0.302496910095
0.28924202919
0.263833999634
0.314502000809
0.275151968002
0.291948080063
0.303870916367
0.314687013626
0.326899051666
0.324100971222
0.280435085297
0.183896780014
0.280292987823
0.317203998566
0.31206703186
0.25864982605
0.290071964264
0.329741954803
0.288707971573
0.320760965347
0.368171930313
0.39018702507
0.30307507515
0.252990961075
0.315670013428
0.398791790009
0.304369211197
0.390291929245
0.329812049866
0.372953891754
0.375422000885
0.425203800201
0.358155012131
0.423654079437
0.360009908676
0.352333068848
0.302463054657
0.307754993439
0.303228139877
0.306178092957
0.313408136368
0.34993481636
0.311346054077
0.263078927994
0.295481920242
0.360301971436
0.322333812714
0.344763994217
0.337419986725
0.285144805908
0.312895059586
0.28360581398
0.316634178162
0.277615070343
0.290452003479
0.331027984619
0.244382858276
0.263322114944
0.315042972565
0.263510942459
0.283814907074
0.252124071121
0.29563999176
0.356331110001
0.294517040253
0.304789066315
0.253929138184
0.216969013214
0.33998799324
0.369473934174
0.354459047318
0.352291107178
0.411936044693
0.366608858109
0.39506816864
0.302536010742
0.347796916962
0.313505887985
0.292562961578
0.382412910461
0.229455947876
0.298689126968
0.353057861328
0.333527803421
0.339142084122
0.394253015518
0.307661056519
0.383208036423
0.386389017105
0.372735023499
0.441511154175
0.354741811752
0.294150829315
0.321064949036
0.297693014145
0.332815170288
0.284372091293
0.314425945282
0.338825941086
0.379646062851
0.316966056824
0.268562078476
0.347692966461
0.251134157181
0.337380886078
0.281852960587
0.311718940735
0.230327129364
0.308562994003
0.288076877594
0.355633020401
0.303961038589
0.336003065109
0.312664985657
0.284322023392
0.296595096588
0.333357095718
0.266482114792
0.240487098694
0.302953004837
0.354678153992
0.325592041016
0.316015005112
0.359878063202
0.352593898773
0.245530843735
0.289172172546
0.26512503624
0.336713075638
0.238322973251
0.265076160431
0.264336109161
0.19704413414
0.341639041901
0.341373920441
