0.280986785889
0.336998939514
0.302481889725
0.2972240448
0.257121086121
0.290870904922
0.204913139343
0.292014837265
0.30922293663
0.320382118225
0.29857301712
0.352084159851
0.312533140182
0.237295866013
0.296416044235
0.243055820465
0.279321193695
0.329580068588
0.220528841019
0.322047948837
0.308006048203
0.282742023468
0.304618120193
0.228900909424
0.301774024963
0.297353982925
0.350603818893
0.248306035995
0.286624908447
0.321120023727
0.307904005051
0.287132978439
0.263340950012
0.232000827789
0.22514796257
0.239705085754
0.323376178741
0.27520108223
0.305560112
0.273550987244
0.234221935272
0.291312932968
0.314670085907
0.24079990387
0.259344100952
0.294465065002
0.233351945877
0.294336080551
0.299768924713
0.286077022552
0.327970981598
0.231699943542
0.248398065567
0.208505868912
0.295026063919
0.250376939774
0.295377969742
0.300401926041
0.314131975174
0.354665994644
0.307857036591
0.286869049072
0.359032869339
0.324225902557
0.323136806488
0.41233921051
0.342451810837
0.396270990372
0.301448106766
0.384222984314
0.302738904953
0.282438993454
0.212732076645
0.289405107498
0.259974956512
0.247490882874
0.20245885849
0.233134031296
0.21626496315
0.251816987991
0.240306854248
0.19247508049
0.149903059006
0.213326931
0.248016834259
0.22160410881
0.173696994781
0.151499986649
0.176325082779
0.130553007126
0.225949048996
0.220992088318
0.247044086456
0.264545917511
0.154031991959
0.219392061234
0.203576087952
0.208168029785
0.213399171829
0.155972003937
0.175653934479
0.161909818649
0.277493000031
0.289072990417
0.307887077332
0.272039890289
0.201236963272
0.226133108139
0.192764043808
0.18816113472
0.199757814407
0.225221157074
0.164394140244
0.233365058899
0.192947864532
0.191731929779
0.234289884567
0.22500705719
0.197221040726
0.205496072769
0.199658155441
0.186736106873
0.227078914642
0.24461889267
0.279576063156
0.231384992599
0.31255698204
0.251278877258
0.274490118027
0.205693006516
0.268028020859
0.305062770844
0.335206985474
0.357908010483
0.320766925812
0.29384803772
0.397680044174
0.339249849319
0.262232065201
0.436892986298
0.306785106659
0.298003911972
0.364506006241
0.281034946442
0.226042985916
0.148817062378
0.207690954208
0.262950897217
0.248385906219
0.350328207016
0.35217499733
0.348659038544
0.284957885742
0.360378026962
0.248198032379
0.304017066956
0.367401123047
0.247951984406
0.298678159714
0.383666992188
0.333059072495
0.405004024506
0.277871847153
0.31726193428
0.267762184143
0.291858911514
0.325872898102
0.342495918274
0.373793125153
0.37360906601
0.35252904892
0.279974222183
0.292939901352
0.308315038681
0.308416843414
0.299381971359
0.430912971497
0.334501981735
0.329028129578
0.311063051224
0.294280052185
0.430274963379
0.317237854004
0.307237148285
0.211807966232
0.25714802742
0.310324907303
0.2520570755
0.304986000061
0.28685092926
0.29480099678
0.261494874954
0.259216070175
0.204201936722
0.292768001556
0.263020992279
0.311964988708
0.328485965729
0.364860057831
0.424683094025
0.505333185196
0.470355987549
0.669078826904
0.559520959854
0.431308031082
0.440324068069
0.447082996368
0.457519054413
0.413358211517
0.424580097198
0.467178106308
0.414044141769
0.399607896805
0.328618049622
0.422482013702
0.389477014542
0.511218070984
0.476388931274
0.408231973648
0.545862913132
0.470446109772
0.366003990173
0.395622968674
0.380014896393
0.348526000977
0.39697098732
0.405214071274
0.43768787384
0.328201055527
0.414183855057
0.431982040405
0.387773990631
0.386327028275
0.313275814056
0.323843002319
0.421557188034
0.407233953476
0.419310092926
0.436300039291
0.409326076508
0.448375940323
0.571694850922
0.411675930023
0.612775087357
0.482748031616
0.640038013458
0.434751987457
0.446109056473
0.431618213654
0.542120933533
0.52568602562
0.448199033737
0.470877885818
0.45480799675
0.47346496582
0.423877954483
0.497586011887
0.382438898087
0.551789999008
0.60329914093
0.489556789398
0.394913911819
0.38277888298
0.38752913475
0.402308225632
0.522314071655
0.614841938019
0.405282974243
0.431384086609
0.363395929337
0.500153779984
0.558671951294
0.503835916519
0.516030073166
0.605674028397
0.464016914368
0.449276924133
0.499813079834
0.365578889847
0.249228000641
0.512330055237
0.420176029205
0.502739906311
0.484683990479
0.485337018967
0.512288808823
0.451041936874
0.468261957169
0.423896074295
0.549115180969
0.458871126175
0.344393014908
0.576537132263
0.388206005096
0.465254068375
0.430372953415
0.33349108696
0.448664188385
0.470769166946
0.41823887825
0.396942138672
0.531358003616
0.436477899551
0.499710083008
0.455673933029
0.573539018631
0.534585952759
