15.8800144346 15.2400045854 0.0431103284644 
15.8800038613 15.2399952957 0.0432317204151 
15.880012259 15.240003379 0.0431510390082 
15.8804593423 15.2403802595 0.0455418410812 
15.8800119461 15.2400198105 0.0432187994652 
15.8799872372 15.2400078528 0.0431970809495 
15.8799856139 15.2400171963 0.0431852424724 
15.8799844618 15.2400171665 0.0431605880329 
15.8799782331 15.2399912045 0.0431960894802 
15.8799799775 15.2400039913 0.0431101614406 
15.8803461605 15.2403149824 0.044669528148 
15.8799687793 15.2400038128 0.0431220323664 
15.8800684541 15.2400981258 0.0433354953954 
15.8799457607 15.2400003214 0.0430685446994 
15.8799575913 15.2400247641 0.0428512871192 
15.8804262356 15.2404067589 0.0453134807511 
15.8803834022 15.2403711092 0.0450371434165 
15.880392559 15.2403882444 0.0451722215985 
15.880391067 15.240397966 0.0449364157935 
15.8803796499 15.2403845445 0.0449928968868 
15.880386687 15.2403813042 0.0451531574089 
15.8803796415 15.2403838663 0.0450955311777 
15.8803774753 15.2403844397 0.0448948962897 
15.8803825752 15.2403958403 0.0449413014851 
15.880371241 15.2403828874 0.0449695327068 
15.8803982242 15.2404033183 0.04510576208 
15.8803699763 15.2403967052 0.0450333960705 
15.88028296 15.2403121097 0.0445639742981 
15.8803748154 15.2403975229 0.0449539019474 
15.8803838614 15.2404022818 0.0450395521474 
15.8803644498 15.2403936796 0.0451351180993 
15.8803638137 15.2403899811 0.0451507835275 
15.8802914919 15.2404671365 0.0453750572116 
15.8800218339 15.2400777999 0.0434471798444 
15.8799177977 15.2400042939 0.0430542339039 
15.8799461584 15.2400287305 0.0430179630693 
15.8799524131 15.2400215771 0.042845111454 
15.8800640079 15.2400801246 0.04314981746 
15.8799129996 15.2400049998 0.0431700876965 
15.8800513904 15.2400474426 0.0426429361538 
15.8800868607 15.2400674709 0.0425313410942 
15.8800888035 15.2400693528 0.0425475199134 
15.880085922 15.240068507 0.0425936437324 
15.8800814674 15.2400576356 0.0426265870891 
15.8801016539 15.2400686952 0.0426080116689 
15.880085691 15.2400729712 0.0424110267065 
15.8800888566 15.2400744765 0.0425743851344 
15.8801013428 15.2400687586 0.0424536449971 
15.8803673704 15.2403999164 0.0451927172784 
15.8800916561 15.2400594424 0.0423949919171 
15.8800940477 15.2400697584 0.0424139637684 
15.8803551897 15.2403766003 0.0450918800856 
15.8800922168 15.2400715761 0.0425589077064 
15.8800781883 15.240050268 0.0424830066308 
15.8801201825 15.2401119939 0.0429298497934 
15.8800864444 15.240075907 0.0425647572176 
15.8800963835 15.2400574671 0.042389115964 
15.88009083 15.2400484835 0.0425126382129 
15.8803024274 15.2402961992 0.0444240371874 
15.8800895904 15.2400639975 0.04239804814 
15.8803639646 15.240391227 0.0452829128644 
15.880360094 15.2403616577 0.0451008427383 
15.8803835754 15.2403886202 0.0448255078041 
15.8801144847 15.2400497942 0.0424118684248 
15.8801189141 15.2400541561 0.0426388828235 
15.8801002997 15.2400521834 0.042481971831 
15.8800853734 15.2400539932 0.0426849362 
15.8801028543 15.2400518586 0.0425073238491 
15.8800945227 15.2400453689 0.0425020171128 
15.8800687866 15.2400662372 0.0424644950118 
15.8800359993 15.2400703235 0.0421601961598 
15.8800482379 15.2400651715 0.0423974281614 
15.8800579283 15.2400670478 0.0423992024969 
15.8800513224 15.2400662518 0.0425027103814 
15.883073792 15.2396596633 0.0460852521576 
15.9348400646 15.2387163222 0.0304155074416 
15.9787679502 15.2372669871 0.028221248192 
16.0007632637 15.2359864644 0.0355776743323 
16.0731762761 15.2325387595 0.0387422650754 
16.1614388489 15.2289088771 0.0298803797794 
16.2784120106 15.2259447624 0.0377137469818 
16.4221893513 15.2229085856 0.0338927157889 
16.5343962872 15.2185472681 0.047741598604 
16.6356804931 15.2143398526 0.0489023139952 
16.7501307094 15.2100994906 0.0502660939324 
16.8926292622 15.2056847292 0.0471669196161 
17.0392637217 15.1985401104 0.0410722106839 
17.1631685459 15.1941686275 0.0467677241339 
17.2844058239 15.1888286846 0.0344494232132 
17.4459072315 15.1813690069 0.0505920355069 
17.602673527 15.1743983368 0.0509845784482 
17.7464089357 15.1694809313 0.0400580316555 
17.8971221411 15.1634291376 0.0474839471098 
18.0947320425 15.1570896844 0.0427533732555 
18.2907397711 15.1483829136 0.0393117541891 
18.4646193945 15.1412546078 0.046984870043 
18.7010045015 15.1350729654 -0.178042263196 
18.8001933062 15.118439805 -0.558555387331 
18.8390309775 15.100815248 -0.761117083364 
18.8750250303 15.0853311981 -1.12644728642 
18.9045417273 15.0843587185 4.70815896278 
18.9070746863 15.0574641938 4.62713330448 
18.894955393 15.0084294046 4.66433664697 
18.8746578657 14.8808425928 4.62491666957 
18.8512625658 14.7697139646 4.60972331877 
18.8222200834 14.6057117547 4.60656739073 
18.7929677927 14.44576728 4.60575485578 
18.764839884 14.2915676201 4.65185668889 
18.7399735415 14.1426259244 -1.30461515839 
18.7497148478 14.0614742006 -1.12959439289 
18.7838330233 13.9737915958 -1.07152713231 
18.8089275324 13.9371628726 -1.25044702799 
18.8292608225 13.9308301176 -1.54530320241 
18.8447906935 13.9225796426 4.48515140373 
18.8457019293 13.9162712062 4.47167729097 
18.8457019293 13.9162712062 4.47167729097 
18.8457019293 13.9162712062 4.47167729097 
18.8457019293 13.9162712062 4.47167729097 
18.8457019293 13.9162712062 4.47167729097 
18.8457019293 13.9162712062 4.47167729097 
18.5612695181 13.2653492654 3.94575735543 
18.5612695181 13.2653492654 3.94575735543 
18.5612695181 13.2653492654 3.94575735543 
18.2709331476 13.1422475542 3.34771973847 
18.1219749415 13.1188987459 3.36548179991 
17.9600655996 13.097633716 3.37517213302 
17.6977851355 13.0599204267 3.36937583418 
17.5645612442 13.0391241277 3.29142807926 
17.3728177511 13.0376685823 3.236342769 
17.1689699852 13.0394645895 3.21137898451 
17.1689699852 13.0394645895 3.21137898451 
16.7054436171 13.0496996606 3.20312265694 
16.5434983337 13.0525439943 3.19661929285 
16.3528517747 13.056266662 3.18731759667 
16.1411562228 13.0595251287 3.2291934469 
15.9187347816 13.06026518 3.20180862776 
15.6467024499 13.0654844011 3.20040728768 
15.5152602458 13.0678735937 3.17190669467 
15.3865030968 13.0706216062 3.17679800868 
15.2502006852 13.0751222337 3.18916608108 
15.0777808392 13.0786160196 3.17705525284 
14.9140105807 13.0811871255 3.18167948588 
14.8793482744 13.0804878438 3.17360402691 
14.8036609852 13.0601617063 2.59538939413 
14.7887309754 13.044517156 2.25245204478 
14.7651425564 13.0664905275 2.09594101881 
14.7555403673 13.0860546792 2.08609429879 
14.7555403673 13.0860546792 2.08609429879 
14.5628666842 13.5062733854 2.07422543686 
14.477111932 13.6897029842 2.09798125469 
14.3762103283 13.9145371879 2.34807232515 
14.3324545586 13.9837888444 2.72594810037 
14.3170696461 14.0132738317 3.15318895776 
14.2824084723 14.0273573364 3.41985388531 
14.2098369562 14.0179316963 3.38473433638 
14.107507106 13.9986298049 3.39399184512 
13.928296324 13.9651641811 3.41572966408 
13.7463808024 13.9353493417 3.39414656957 
13.6422142946 13.9170187677 3.37145789434 
13.4730503523 13.9104440177 -0.641157717003 
13.2603535616 13.8429673875 3.74031599081 
13.2603535616 13.8429673875 3.74031599081 
13.1260898077 13.8360577787 4.1874234455 
13.1142759287 13.8440014089 4.38409411478 
13.1142759287 13.8440014089 4.38409411478 
13.1142759287 13.8440014089 4.38409411478 
13.0772945845 13.7477114166 4.48630593447 
13.0542921984 13.6687657798 4.4974207284 
13.0115556681 13.5375941957 4.5891057681 
12.9891447985 13.4765237535 -1.45022516316 
12.9741671049 13.4315835203 -1.11464152191 
12.9605390989 13.4173394407 -0.821704286069 
12.9425470793 13.3958733047 -0.381488116711 
12.9364185297 13.3753330673 -0.0429919568407 
12.9416449034 13.3582663501 0.226329229876 
12.9652874434 13.3575916255 0.31304113726 
12.9652874434 13.3575916255 0.31304113726 
13.1036093199 13.3879860605 0.380680501861 
13.1036093199 13.3879860605 0.380680501861 
13.1760466063 13.3919261659 0.853794991924 
13.1760466063 13.3919261659 0.853794991924 
13.3455848658 13.5904339517 1.0016345941 
13.3773577177 13.6421622003 0.868923983154 
13.4805083239 13.7446974481 0.752262803909 
13.6154777968 13.8484469617 0.740902573645 
13.7822313273 13.9781610931 0.742020152415 
13.9126437866 14.0800389017 0.738629309156 
14.0878912174 14.2149604524 0.738247425267 
14.2899448835 14.3668591345 0.697373916506 
14.4800740444 14.5117284621 0.698428768938 
14.6584705078 14.6472606624 0.711120407223 
14.8094786369 14.765530702 0.707281614585 
14.9290965163 14.8582458759 0.719337662093 
15.0432813727 14.9452811743 0.739100566037 
15.1625035965 15.0371910299 0.73255401049 
15.2447397077 15.1004742796 0.736176342321 
15.2833541 15.1211613382 0.85692208883 
15.300647434 15.1247101391 1.0365034274 
15.3346460425 15.1146746839 1.59463658374 
15.3418403232 15.1468991602 1.72110538028 
15.3361425364 15.2368176447 1.7217380524 
15.3302911484 15.3139389346 1.72233181614 
15.3175954783 15.463426214 1.73150911541 
15.312120136 15.5375081564 1.73039257772 
15.3069521153 15.6085998083 1.73956344982 
15.309815582 15.6202446784 1.80566629165 
15.3255396449 15.6230509544 2.02186797503 
15.34278005 15.6295055712 2.33475796863 
15.3418922388 15.631379124 2.33633153739 
15.3385780418 15.6294583345 2.2940028469 
15.32441872 15.620190915 1.96515989982 
15.3023409807 15.6187912787 1.67663269483 
15.2993869149 15.6175610388 1.62698647837 
15.2996395194 15.6182556714 1.63368314445 
15.3039493525 15.6241399015 1.70291319479 
15.3017393314 15.6650017763 1.70015217357 
15.2979494893 15.7231547202 1.70851707904 
15.3035411203 15.7568328346 1.84978164307 
15.3213013374 15.773674723 2.18703589364 
15.3285115921 15.7766879762 2.30148954836 
15.3290248477 15.7766169871 2.29964353604 
15.3342142665 15.7813485826 2.4033023035 
15.3426190579 15.7931564415 2.63581904237 
15.3507189118 15.8102647627 2.92898571825 
15.3372176849 15.8264338339 3.15976632411 
15.2990579569 15.8302672471 3.20528344386 
15.2231757605 15.8386539186 3.31421089169 
15.2000672185 15.8549079264 3.64024304777 
15.1965467298 15.8649918998 3.79839204107 
15.181081053 15.8550118769 3.80943407507 
15.1215160453 15.8146355117 3.81230356269 
15.0110170209 15.7409378851 3.84859132351 
14.9068947398 15.6711922551 3.80534146329 
14.7718006336 15.5802339877 3.78867466558 
14.6379702055 15.4920165206 3.79437183253 
14.5473377668 15.4328026886 3.84507269382 
14.3668701613 15.3095811571 3.79236373919 
14.2302292549 15.2217998991 3.79078734138 
14.1200832092 15.1448858122 3.71013122286 
14.0296454393 15.092247721 3.46434703978 
13.9363158905 15.0662030394 3.23011377588 
13.8915238344 15.0641605968 3.19334015221 
13.8647937739 15.0651523734 3.2010794582 
13.8652310335 15.0652635063 3.20704561835 
13.8652310335 15.0652635063 3.20704561835 
13.8340909445 15.0650289024 3.25726653477 
13.8033714258 15.0662530179 3.21135512574 
13.8033714258 15.0662530179 3.21135512574 
13.7487843001 15.0696565027 3.20825565175 
13.7487843001 15.0696565027 3.20825565175 
13.7487843001 15.0696565027 3.20825565175 
13.7183814013 15.0991936589 3.67965530441 
13.7183814013 15.0991936589 3.67965530441 
13.7183814013 15.0991936589 3.67965530441 
13.6587541067 15.1344808827 -1.49191324005 
13.6296074354 15.1296179036 -1.30230253239 
13.6386563742 15.1222905705 -1.1576714424 
13.637589451 15.0513388331 -0.909163109279 
13.6360547506 15.0374857152 -0.714356465233 
13.6635861361 14.998623621 -0.613935263761 
13.6736733877 14.9741136695 -0.280871523086 
13.708216902 14.9582272733 -0.458539462454 
13.708216902 14.9582272733 -0.458539462454 
13.9310353958 14.8340803946 -0.340405348721 
14.0678183996 14.756027695 -0.418081274553 
14.2141035759 14.6725974644 -0.493972467368 
14.3178607189 14.6082519854 -0.761062310633 
14.3910795414 14.5206524099 -0.932055862952 
14.4826599323 14.3883405889 -0.887264977451 
14.5733857119 14.257222649 -0.962666282672 
14.6411592924 14.1420930589 -1.14486027522 
14.6794152224 14.0247900451 -1.18495822199 
14.7390332186 13.8476587499 -1.18940655297 
14.8081142866 13.6320503915 -1.19228062789 
14.8366675341 13.5340635742 -1.07331541171 
14.9195740783 13.3780838216 -0.662951923387 
15.0325897896 13.2750951017 -0.480007121648 
15.1117025578 13.2183490957 -0.196725267211 
15.1861537063 13.1873122419 0.135410227476 
15.3101555669 13.1988800729 0.234548961028 
15.3666977846 13.213579532 0.122469513346 
15.4244931304 13.2307010854 -0.234632409185 
15.5074376428 13.2049330438 -0.371117109624 
15.5488633179 13.1822384561 -0.337184344287 
15.5796441698 13.1617466176 -0.207219964392 
15.601344403 13.1407772268 0.0668697104033 
15.6742991471 13.1396213735 0.118701562939 
15.7928573006 13.145040151 0.104617226567 
15.9191197866 13.1497908796 0.118823562786 
16.0880038404 13.1559232439 0.116753976275 
16.2278929615 13.1624757017 0.115433217389 
16.3873293364 13.1689740385 0.133455490317 
16.5269305074 13.1743646825 0.128328837665 
16.6728337967 13.1778169836 0.132990305717 
16.8812169993 13.1851226057 0.194555362693 
17.0122595989 13.1876524652 0.113930163174 
17.1013314688 13.1918057168 0.11303578239 
17.2907565796 13.1979159082 0.111276235305 
17.494636532 13.2062343324 0.108207288909 
17.6714451277 13.2112523283 0.109998197999 
17.792963382 13.214493152 0.111090931724 
18.0117864573 13.2241314615 0.13923288313 
18.1545731985 13.2272509302 0.102419835353 
18.2718594038 13.2306016649 0.115662844414 
18.4454362356 13.2340165342 0.213913566292 
18.5941877329 13.2479723657 0.619814464783 
18.6515338385 13.2699081863 0.880097958154 
18.712688204 13.3295901979 1.26480684572 
18.7394826376 13.3927903141 1.31601249881 
18.7824468577 13.4717261756 1.59980241203 
18.794436928 13.5070770944 1.83446919419 
18.7817227804 13.5699863399 2.07102851671 
18.7630016768 13.6075699295 2.04534798893 
18.7411677801 13.6215428079 1.78085426148 
18.7324879133 13.680614468 1.75370036938 
18.7224247419 13.7671341861 1.75779400658 
18.7083229982 13.8989009822 1.76191966806 
18.6958370173 14.0180755819 1.75776045438 
18.6702048742 14.235972997 1.75475069524 
18.6533372366 14.3898401822 1.75575637663 
18.6278300249 14.632123288 1.75827181162 
18.611150738 14.78867602 1.75418134844 
18.5936608278 14.9425476159 1.75951408352 
18.5738255941 15.1251669864 1.74007577107 
18.5566203558 15.2849288697 1.75624033796 
18.5394511187 15.4420063759 1.73142870969 
18.5273759329 15.5463054741 1.57128131439 
18.5305240118 15.6455702151 1.27051923487 
18.5924777948 15.7768165434 0.87732643979 
18.6816949808 15.8663735951 0.857104035971 
18.8181014025 15.9990265931 0.860212374409 
18.9350631201 16.1138400401 0.841948404677 
19.0854465925 16.2569483484 0.860056170898 
19.1495730841 16.3178175653 0.847322826958 
19.1495730841 16.3178175653 0.847322826958 
19.1495730841 16.3178175653 0.847322826958 
19.1495730841 16.3178175653 0.847322826958 
19.1495730841 16.3178175653 0.847322826958 
19.1495730841 16.3178175653 0.847322826958 
19.1495730841 16.3178175653 0.847322826958 
19.1495730841 16.3178175653 0.847322826958 
19.1495730841 16.3178175653 0.847322826958 
19.1495730841 16.3178175653 0.847322826958 
19.1495730841 16.3178175653 0.847322826958 
19.1495730841 16.3178175653 0.847322826958 
19.1495730841 16.3178175653 0.847322826958 
19.1495730841 16.3178175653 0.847322826958 
19.1495730841 16.3178175653 0.847322826958 
19.1495730841 16.3178175653 0.847322826958 
19.1495730841 16.3178175653 0.847322826958 
19.1495730841 16.3178175653 0.847322826958 
19.1495730841 16.3178175653 0.847322826958 
19.1495730841 16.3178175653 0.847322826958 
19.1495730841 16.3178175653 0.847322826958 
19.1495730841 16.3178175653 0.847322826958 
19.1495730841 16.3178175653 0.847322826958 
19.1495730841 16.3178175653 0.847322826958 
19.1495730841 16.3178175653 0.847322826958 
19.1495730841 16.3178175653 0.847322826958 
19.2050282919 15.7170875634 4.01118554069 
19.1758177244 15.6871722008 4.01198290309 
19.1758177244 15.6871722008 4.01198290309 
19.0952424967 15.5971412326 3.58036245778 
18.9661972487 15.5487812723 3.59155101945 
18.8573691809 15.5103750492 3.5706416439 
18.7370271647 15.4660340364 3.56697029616 
18.5226020777 15.3888896967 3.54613624834 
18.3718330824 15.3362078185 3.27901094796 
18.2492721045 15.3301212157 3.12721813716 
18.0581386053 15.3502131889 3.11061172367 
17.8454967701 15.3731337304 3.10326942352 
17.6530824864 15.3958314026 3.10225976623 
17.5019466841 15.4117778058 3.07987556438 
17.3402904236 15.4312493468 3.11307375444 
17.1308425629 15.4571540023 3.10073067163 
16.9305802548 15.4807402904 3.10085365804 
16.7215021813 15.5051183666 3.09516799347 
16.5920445883 15.5195951129 3.11285459432 
16.4110594952 15.5430579449 3.09885853351 
16.2515001559 15.5629481936 3.09314636749 
16.0463741088 15.5872889424 3.0935981106 
15.8548023069 15.6097651983 3.12131661696 
15.689529609 15.630569991 3.22799500255 
15.5577409231 15.6278819109 3.37127945299 
15.3620247209 15.5986606146 3.49003446503 
15.2647233569 15.578780737 3.70166602547 
15.1501824224 15.5157921875 4.09250082605 
15.0650492274 15.407734331 4.18373818876 
15.0507019126 15.3881365771 4.173685105 
14.9098316991 15.1850500407 4.18208565853 
14.7382659876 14.9409616257 4.19482245426 
14.6444543564 14.8107559348 4.19813038752 
14.5402517283 14.6577594245 4.18179252239 
14.4290929997 14.5035021866 4.14500824939 
14.3589985335 14.4058960641 4.16153070555 
14.3589985335 14.4058960641 4.16153070555 
14.2188800537 14.2065125669 3.93372549431 
14.0801639521 14.0720310176 3.88735891724 
14.0505750143 14.0476269687 3.90325705563 
13.8404161894 13.8884791101 3.65262466721 
13.7165088617 13.8302595581 3.43027458345 
13.6113333666 13.7717001403 2.25050251704 
13.4217274153 13.8034685815 3.23273927945 
13.2767059767 13.8015625442 3.22026018988 
13.1326010191 13.7995568479 3.22893043349 
12.9820227587 13.7964971031 3.09417950912 
12.8833966219 13.803444382 2.75855083286 
12.8215160334 13.8196579183 2.57092785668 
12.8215160334 13.8196579183 2.57092785668 
12.7341775858 13.8582812513 1.89026696988 
12.7262656653 13.8553333248 1.76316825066 
12.7262656653 13.8553333248 1.76316825066 
12.7262656653 13.8553333248 1.76316825066 
12.6661505663 13.8782192434 0.743356308858 
12.6661505663 13.8782192434 0.743356308858 
12.6661505663 13.8782192434 0.743356308858 
12.6661505663 13.8782192434 0.743356308858 
12.6661505663 13.8782192434 0.743356308858 
12.6661505663 13.8782192434 0.743356308858 
12.6661505663 13.8782192434 0.743356308858 
12.6661505663 13.8782192434 0.743356308858 
12.6661505663 13.8782192434 0.743356308858 
13.1994192564 13.9193572963 -0.00672631097055 
13.1994192564 13.9193572963 -0.00672631097055 
13.569388386 13.8788758481 0.393003687466 
13.6694321596 13.9099247421 0.521575106396 
13.8259773218 13.9900739158 0.557531538847 
13.9668682778 14.0669680799 0.534740389481 
14.1284948551 14.1517299379 0.550445379021 
14.3068258726 14.2477183903 0.562010970446 
14.4588173592 14.3258911932 0.788971422628 
14.5382311308 14.3889653648 1.1162023356 
14.5828331673 14.4604495729 1.18830141004 
14.6257426703 14.54373711 1.18890824183 
14.7025866472 14.6901712979 1.17022963766 
14.777467724 14.8345211709 1.16473480127 
14.8406534159 14.9565105105 1.19191588954 
14.9164467418 15.1054101552 1.13341650313 
14.9861547911 15.2305052106 0.807388595828 
15.0414288604 15.2902452948 0.496288233829 
15.0856556856 15.3236911262 0.224068204648 
15.1147387588 15.34588426 -0.119268492258 
15.1190131867 15.3627233172 -0.388609472593 
15.1740687453 15.3398913781 -0.553999121442 
15.2446061933 15.2874024662 -0.544272472576 
15.3168339097 15.2337290107 -0.53504056034 
15.3719435298 15.1847851912 -0.358801431436 
15.4053974115 15.1532729978 -0.0147068768048 
15.4168788159 15.1311564187 0.287751866652 
15.4180768692 15.1281106884 0.330803358139 
15.4168918395 15.1400249491 0.144618771715 
15.4193165564 15.1611085425 -0.162716249276 
15.4225419426 15.1733653287 -0.384219664444 
15.4228269124 15.1725448112 -0.367872630475 
15.4200641775 15.1726329664 -0.348142293375 
15.420579102 15.1669436509 -0.277557764791 
15.4143021369 15.1494460295 0.0237913238866 
15.4214535319 15.1357627402 0.22550699085 
15.4703391158 15.1405136997 0.358005503726 
15.5637784564 15.1671608801 0.355622260479 
15.6819905007 15.2014157029 0.349859539662 
15.8127800861 15.2388121653 0.348374868573 
15.9360561148 15.2742971184 0.356643464295 
16.0111545586 15.2943057681 0.361045043042 
16.0656368845 15.3090624104 0.354513722228 
16.0735429638 15.3118365298 0.351754597788 
16.0730778837 15.3115929703 0.354084578202 
16.0729607457 15.3115272934 0.354901789938 
16.0729102009 15.3114969174 0.355989832155 
16.0729732626 15.3114785666 0.354740532819 
16.0729553514 15.3114823143 0.355048689897 
16.0729699248 15.3114872689 0.354879963994 
16.0729249829 15.3114849965 0.355732426356 
16.0729283654 15.3114910612 0.355939132414 
16.0729137623 15.311478358 0.355811538833 
16.0729676449 15.3114833424 0.354572810407 
16.0729522818 15.3114790807 0.354732431361 
16.0729674214 15.3115163858 0.354703861949 
16.072956022 15.3114826123 0.354440354549 
16.0730062985 15.3115037943 0.353715143308 
16.0731336438 15.3115561495 0.351822792422 
16.0731775874 15.3115822638 0.351059455455 
16.0729784482 15.3114784847 0.35392168095 
16.0731713587 15.3115818615 0.350878642979 
16.0729124659 15.311494712 0.35540789454 
16.0731754863 15.3115752379 0.350883164236 
16.0729392582 15.3114931996 0.354644437354 
16.0731774681 15.3115856464 0.35077259956 
16.0731199944 15.3115696425 0.351803654585 
16.0731644147 15.3115841115 0.350948781578 
16.073152464 15.3115797604 0.351115367459 
16.0731034243 15.3115500251 0.351734106206 
16.0731573665 15.3115715499 0.350937126961 
16.0731092208 15.3115591819 0.351656715553 
16.0730896109 15.3115562762 0.351929523741 
