15.8800193277 15.2400293592 0.0430148036723 
15.8800171559 15.2400364477 0.0431287916243 
15.8800165263 15.2400143894 0.0432108277121 
15.8801523551 15.240078188 0.0427008642011 
15.8799956097 15.2400089272 0.0431668662579 
15.8800929609 15.2400949916 0.0436875505371 
15.8799905294 15.240008552 0.0430073558586 
15.8799782331 15.2399912045 0.0431960894802 
15.8799848967 15.2400278673 0.0431524073688 
15.8804259571 15.2403908307 0.0453996867105 
15.8804324038 15.2403885771 0.04524793321 
15.8799616845 15.2399997799 0.0430155897606 
15.8800378434 15.2400909143 0.0433967917923 
15.8804201671 15.2404081998 0.045262222841 
15.880401888 15.2403736867 0.0448613298296 
15.8803887136 15.2403817549 0.0450433352079 
15.8803893869 15.2403801335 0.0450494629703 
15.8803908416 15.2403814211 0.0449510773793 
15.8803852909 15.2403817074 0.0451450072201 
15.8803945138 15.2403743796 0.0451160509973 
15.8803726985 15.2403812837 0.0449054947115 
15.8803250884 15.2403511095 0.0447326366319 
15.8803787791 15.2403763468 0.0449188446612 
15.8803846968 15.2403939881 0.0451630107629 
15.8803010361 15.2403255033 0.0447144239125 
15.88028296 15.2403121097 0.0445639742981 
15.8803827224 15.2403933681 0.0450122343091 
15.8803767973 15.2403902593 0.0450745136129 
15.8803769975 15.2403724471 0.0450017076079 
15.8800039237 15.24007549 0.0434438610869 
15.8803650608 15.2403686643 0.0450320702053 
15.8800596149 15.2400476922 0.042655875975 
15.8799094279 15.2400089187 0.0431528415903 
15.8800979332 15.2400763944 0.0425102422302 
15.879911515 15.2400051061 0.0431026249174 
15.8800891006 15.2400607839 0.04253653882 
15.8801021363 15.2400805886 0.0425876996049 
15.8800980292 15.2400678279 0.0425984186562 
15.8800950648 15.2400709015 0.042696069942 
15.880106453 15.2400769255 0.042434838519 
15.8800928659 15.2400571609 0.0424962954321 
15.8800829678 15.2400680508 0.0425155786505 
15.8800931248 15.2400659337 0.0425626162019 
15.8800977917 15.2400632083 0.0425725527795 
15.880084403 15.240078181 0.0424755959091 
15.8800659116 15.2400582673 0.0424277368827 
15.8803731884 15.2403765954 0.0450401928071 
15.8801405738 15.2401188812 0.0429329380431 
15.8801013894 15.240066446 0.042615325118 
15.8803806753 15.24040459 0.0450962325663 
15.8800847839 15.2400796536 0.0425058121853 
15.8803720578 15.2403920463 0.0450306431052 
15.880074842 15.2400487641 0.0423565804746 
15.8803748899 15.2403778923 0.0450357354174 
15.8800846433 15.2400364051 0.0423949150736 
15.8803800597 15.2403686985 0.0450741464178 
15.8800860151 15.2400485944 0.0424922530123 
15.880087305 15.2400411266 0.0425139325272 
15.8803632149 15.2403879366 0.045267488385 
15.8803690636 15.2403782711 0.045133783228 
15.8803886409 15.2403886044 0.0450650265375 
15.8803796602 15.2403828555 0.045187847477 
15.8801147594 15.240053924 0.0423309327092 
15.8801608692 15.2401148265 0.042892533544 
15.8800922838 15.2400429971 0.0425749928878 
15.8801098644 15.2400526658 0.0427265631319 
15.8800927178 15.2400387387 0.0426150859477 
15.8800666212 15.2400556551 0.042450545938 
15.8800392431 15.240070357 0.0423943393098 
15.8800494011 15.2400540995 0.0422816777159 
15.8800518532 15.2400566079 0.0424005450897 
15.8800681169 15.2400713189 0.0424231150726 
15.890399547 15.2396811418 0.04364690021 
15.9437020124 15.2381394384 0.0337715965589 
15.9860671499 15.2371994164 0.0277982501002 
16.0260407889 15.234295557 0.0422093202777 
16.1565733516 15.2297874356 0.0192052532573 
16.2914451027 15.2270663392 0.011869451063 
16.4816414678 15.220949149 0.0318455420175 
16.6175712907 15.2153602077 0.0479350712664 
16.7396551334 15.2107105667 0.0490736750459 
16.9098212683 15.2053144539 0.0423752950313 
17.0792909824 15.1960380825 0.0589004071198 
17.1631685459 15.1941686275 0.0467677241339 
17.3032144272 15.1880383196 0.0344220928389 
17.4787282908 15.1803244355 0.047106905203 
17.5867550337 15.1756895671 0.0435281845176 
17.7553787195 15.1693180616 0.0403024270501 
17.9404389822 15.1616946275 0.0462648945358 
18.0947320425 15.1570896844 0.0427533732555 
18.1929931604 15.1525309126 0.0549730841708 
18.3511164152 15.1462148393 0.0385047188813 
18.5299189055 15.1389228965 0.0313599356103 
18.6608576738 15.1371244828 -0.086660726053 
18.7478713953 15.1302929188 -0.338261636754 
18.8088960611 15.1141457821 -0.595707959466 
18.8490073645 15.0960930104 -0.849821911807 
18.8723447287 15.0901353771 -1.02928093933 
18.8911714518 15.0902040864 -1.38184905869 
18.9083507025 15.070619982 4.64314282824 
18.8918344938 14.9890584017 4.66161263714 
18.8793342077 14.9098551835 4.63222236156 
18.8408441507 14.7131256426 4.61283726671 
18.8131895029 14.5469795431 4.59357842669 
18.7797059977 14.3670228685 4.60382287335 
18.744566437 14.1761077608 -1.42294428148 
18.7497148478 14.0614742006 -1.12959439289 
18.7801723444 13.9802242483 -1.06183796499 
18.8099992239 13.9359468187 -1.26345109027 
18.8282685244 13.9309159482 -1.52895699972 
18.8457019293 13.9162712062 4.47167729097 
18.8457019293 13.9162712062 4.47167729097 
18.8457019293 13.9162712062 4.47167729097 
18.8457019293 13.9162712062 4.47167729097 
18.8457019293 13.9162712062 4.47167729097 
18.8457019293 13.9162712062 4.47167729097 
18.6273589098 13.3978855575 4.1116235498 
18.5612695181 13.2653492654 3.94575735543 
18.5612695181 13.2653492654 3.94575735543 
18.5612695181 13.2653492654 3.94575735543 
18.1518914663 13.1231561864 3.36371997543 
17.9931895697 13.1010853017 3.37458103646 
17.7627510988 13.0681992734 3.37747059051 
17.6178090536 13.0465897287 3.35357631442 
17.4958270752 13.0359977449 3.21812133659 
17.2170891726 13.0409494604 3.23861259791 
17.1689699852 13.0394645895 3.21137898451 
16.869564768 13.045000192 3.2012376449 
16.6629875266 13.050764438 3.20350396008 
16.4636561238 13.0546003545 3.19970038262 
16.2804132962 13.0568257535 3.19073632074 
16.0788121634 13.057162639 3.20157647094 
15.9355131352 13.0604809488 3.20751209279 
15.7867023015 13.0629414285 3.20836881529 
15.6176800394 13.0660463537 3.20774723648 
15.5127016568 13.0681487287 3.17598753545 
15.3448070848 13.0722850526 3.18542139253 
15.2432325446 13.0754824842 3.18565415094 
15.0922492706 13.0783406461 3.19020870126 
14.9698520267 13.0799809659 3.18002145084 
14.9068340623 13.0816255773 3.1947860738 
14.8793482744 13.0804878438 3.17360402691 
14.8793482744 13.0804878438 3.17360402691 
14.7932397091 13.0460101331 2.31741696098 
14.774618026 13.0531800951 2.13315273087 
14.7651425564 13.0664905275 2.09594101881 
14.7555403673 13.0860546792 2.08609429879 
14.7555403673 13.0860546792 2.08609429879 
14.5658535921 13.4989317621 2.07415439046 
14.5057556593 13.6237038339 2.08958503353 
14.4271339142 13.7955298389 2.12057634787 
14.3762103283 13.9145371879 2.34807232515 
14.3349078858 13.9811558689 2.54531378143 
14.3170696461 14.0132738317 3.15318895776 
14.2824084723 14.0273573364 3.41985388531 
14.2083713972 14.0181345905 3.39751310733 
14.1252787077 14.0027278627 3.40965707612 
13.9530619347 13.9720290864 3.43424016116 
13.7831175291 13.9421241249 3.40960885541 
13.6422142946 13.9170187677 3.37145789434 
13.4707920515 13.8866327966 3.40077596901 
13.4730503523 13.9104440177 -0.641157717003 
13.2603535616 13.8429673875 3.74031599081 
13.1691467726 13.8418576683 3.80671702315 
13.1250636541 13.8378844226 4.23906113226 
13.1142759287 13.8440014089 4.38409411478 
13.1142759287 13.8440014089 4.38409411478 
13.1142759287 13.8440014089 4.38409411478 
13.0934398138 13.7958891357 4.49794293425 
13.0698442423 13.7238818372 4.51294550232 
13.0418291056 13.6324417556 4.51711920758 
13.0115556681 13.5375941957 4.5891057681 
12.9867262804 13.4728618825 -1.40565124999 
12.9731965029 13.4286892379 -1.07533789937 
12.9605390989 13.4173394407 -0.821704286069 
12.9467480147 13.4045680727 -0.533205764214 
12.9398272001 13.3932234014 -0.331091695801 
12.9359269106 13.3716874088 0.0153743127644 
12.9450621569 13.3576711381 0.24258654738 
12.9652874434 13.3575916255 0.31304113726 
12.9652874434 13.3575916255 0.31304113726 
13.1036093199 13.3879860605 0.380680501861 
13.1036093199 13.3879860605 0.380680501861 
13.1036093199 13.3879860605 0.380680501861 
13.1760466063 13.3919261659 0.853794991924 
13.1760466063 13.3919261659 0.853794991924 
13.3536756003 13.6033221448 0.978392698159 
13.3773577177 13.6421622003 0.868923983154 
13.4805083239 13.7446974481 0.752262803909 
13.6472840273 13.8739565576 0.738108373573 
13.8724606001 14.048172232 0.73852639403 
14.0540958607 14.1881344284 0.716953900232 
14.2227206194 14.3155901993 0.675788243147 
14.3528988325 14.4164133633 0.732100428525 
14.5317426884 14.5509771074 0.704825677786 
14.6981806719 14.6803657974 0.740282894153 
14.8557623589 14.8005000318 0.711739980191 
14.9840176665 14.9007568027 0.734166641978 
15.1093410217 14.9979493136 0.718255368441 
15.2060047352 15.070919689 0.729106389932 
15.2554933393 15.1070943142 0.751347194112 
15.2971656882 15.1241493116 0.996484807142 
15.300647434 15.1247101391 1.0365034274 
15.3324061 15.1124778355 1.56513683195 
15.3412128651 15.159114633 1.72749651997 
15.337716397 15.2147047913 1.72386697303 
15.3213170135 15.4284513111 1.71793447593 
15.3107663357 15.5682027603 1.73377411829 
15.3085849249 15.6174562837 1.7308518036 
15.3267202937 15.6226502622 2.07449461688 
15.3438523376 15.6304102505 2.3487889567 
15.3444372975 15.6307701136 2.34199658078 
15.3329560125 15.6246693696 2.14692653771 
15.3167256081 15.6190622712 1.84634107865 
15.3006696069 15.6189581419 1.65118209269 
15.2997034156 15.6183690692 1.63466278897 
15.3024412953 15.6196183229 1.68041044723 
15.303201791 15.6370592082 1.70582282376 
15.2983144486 15.7175980772 1.70517089353 
15.3068175876 15.7625573243 1.92067668283 
15.3197421991 15.7728491987 2.16483459514 
15.3279423082 15.7758114899 2.27706101206 
15.3286764586 15.7768252457 2.29891139919 
15.3320062124 15.7790533269 2.35354631912 
15.3417029941 15.7915634478 2.60817353228 
15.3507189118 15.8102647627 2.92898571825 
15.3311844432 15.8283058966 3.17989715175 
15.2796398961 15.8302877511 3.20226650025 
15.2343676054 15.8365308608 3.26979038428 
15.2007597649 15.854353484 3.61460395991 
15.1965467298 15.8649918998 3.79839204107 
15.1704401934 15.8465066517 3.79910119454 
15.1294345224 15.8195528949 3.8112029324 
15.07306939 15.7815986837 3.80024387434 
14.950017389 15.7000232602 3.8017475539 
14.8621591293 15.6389695967 3.80801217627 
14.7476767265 15.5655857886 3.79002704307 
14.6379702055 15.4920165206 3.79437183253 
14.5272346699 15.4216079975 3.80606820779 
14.4023605549 15.3329376916 3.79315417271 
14.2834922039 15.2570675167 3.79940361639 
14.1741687023 15.1842443945 3.78339843258 
14.0537697041 15.1057108308 3.55676749277 
13.9507657253 15.0676016922 3.25916340067 
13.8915238344 15.0641605968 3.19334015221 
13.8674480879 15.0642316307 3.19267954166 
13.8652310335 15.0652635063 3.20704561835 
13.8652310335 15.0652635063 3.20704561835 
13.8458712065 15.0655485804 3.20493790231 
13.8033714258 15.0662530179 3.21135512574 
13.8033714258 15.0662530179 3.21135512574 
13.7487843001 15.0696565027 3.20825565175 
13.7487843001 15.0696565027 3.20825565175 
13.7242717707 15.0821543599 3.40217238239 
13.7183814013 15.0991936589 3.67965530441 
13.7183814013 15.0991936589 3.67965530441 
13.7183814013 15.0991936589 3.67965530441 
13.6572685206 15.1352769921 -1.46697541448 
13.6316156351 15.1236483047 -1.27663605569 
13.6386563742 15.1222905705 -1.1576714424 
13.6386563742 15.1222905705 -1.1576714424 
13.6360547506 15.0374857152 -0.714356465233 
13.6603071653 15.0165732617 -0.608779197869 
13.6677789652 14.987517264 -0.518798010732 
13.708216902 14.9582272733 -0.458539462454 
13.708216902 14.9582272733 -0.458539462454 
13.918492552 14.8413730825 -0.339715511011 
14.0678183996 14.756027695 -0.418081274553 
14.2311570608 14.6636264885 -0.545743940116 
14.3065814936 14.6160091723 -0.755411275864 
14.3993685209 14.5108462537 -0.920334743235 
14.5215282404 14.3291147912 -0.892029031103 
14.6137984955 14.194895264 -1.1059174817 
14.6900950634 13.9959298337 -1.17167651224 
14.7279388868 13.8804964984 -1.14562705339 
14.7877775395 13.6915491785 -1.17239070219 
14.8232039177 13.5725855793 -1.10021569228 
14.8561197483 13.4783785308 -0.946726610627 
14.9145885074 13.3831496204 -0.671341825792 
15.0481114351 13.261801597 -0.426396680162 
15.146636542 13.2006641592 -0.0458574708561 
15.2051886284 13.1855896677 0.182431866617 
15.3053484523 13.1980797018 0.235860244756 
15.3820829355 13.2175430025 0.0662734449319 
15.4215648734 13.230813619 -0.221176584878 
15.5133839213 13.202127334 -0.371960420592 
15.5606479907 13.1747013296 -0.301388091925 
15.5883586669 13.1518279279 -0.0862455015281 
15.6084947252 13.1400302614 0.0852865812889 
15.6827774012 13.1398771966 0.121033210191 
15.7771905848 13.144385692 0.116850263017 
15.9041331421 13.1492840017 0.12151364269 
16.1251456254 13.1577616895 0.112567393611 
16.3079546952 13.1657422746 0.114178429089 
16.4390941226 13.1707464422 0.131097716814 
16.5775417053 13.1758540834 0.125202424221 
16.732111212 13.179976579 0.130186433854 
16.908080455 13.1848047937 0.113815216577 
17.0122595989 13.1876524652 0.113930163174 
17.1990761721 13.1951767171 0.112881748041 
17.2907565796 13.1979159082 0.111276235305 
17.494636532 13.2062343324 0.108207288909 
17.6714451277 13.2112523283 0.109998197999 
17.9117696249 13.2198160852 0.0982112181706 
18.034432646 13.2250360216 0.0956812093403 
18.2718594038 13.2306016649 0.115662844414 
18.4454362356 13.2340165342 0.213913566292 
18.5306184256 13.2399533952 0.37159217862 
18.6515338385 13.2699081863 0.880097958154 
18.6837420427 13.2876864637 1.13304040174 
18.7394826376 13.3927903141 1.31601249881 
18.7893595659 13.449763533 2.31444684319 
18.7951943838 13.5071686471 1.88932179507 
18.7850246393 13.5632117952 2.06624681617 
18.7668108904 13.5995911325 2.05106790292 
18.7487771475 13.6146432126 1.8703305849 
18.737008568 13.6358221735 1.74783496974 
18.7281334364 13.7175086702 1.75417730655 
18.7142832243 13.8413857187 1.75614886761 
18.6980016195 13.9976181949 1.75755283792 
18.6737904513 14.2062301601 1.7544031402 
18.6569416487 14.3597944344 1.75615252596 
18.6347532236 14.5592896307 1.75579449866 
18.6201710665 14.7029870118 1.74793896261 
18.6018326246 14.870007124 1.76360289988 
18.5753664934 15.1082629974 1.74009693277 
18.551091429 15.343831409 1.75691186832 
18.5356550181 15.4665752912 1.70138057943 
18.5264859163 15.5925911034 1.45345807402 
18.5386645758 15.6862088407 1.10498318724 
18.6062822306 15.7918518747 0.865963764601 
18.7238416636 15.9076178039 0.856413535447 
18.9165840113 16.0977453555 0.846018725993 
19.0332488978 16.2067075933 0.867313506827 
19.1495730841 16.3178175653 0.847322826958 
19.1495730841 16.3178175653 0.847322826958 
19.1495730841 16.3178175653 0.847322826958 
19.1495730841 16.3178175653 0.847322826958 
19.1495730841 16.3178175653 0.847322826958 
19.1495730841 16.3178175653 0.847322826958 
19.1495730841 16.3178175653 0.847322826958 
19.1495730841 16.3178175653 0.847322826958 
19.1495730841 16.3178175653 0.847322826958 
19.1495730841 16.3178175653 0.847322826958 
19.1495730841 16.3178175653 0.847322826958 
19.1495730841 16.3178175653 0.847322826958 
19.1495730841 16.3178175653 0.847322826958 
19.1495730841 16.3178175653 0.847322826958 
19.1495730841 16.3178175653 0.847322826958 
19.1495730841 16.3178175653 0.847322826958 
19.1495730841 16.3178175653 0.847322826958 
19.1495730841 16.3178175653 0.847322826958 
19.1495730841 16.3178175653 0.847322826958 
19.1495730841 16.3178175653 0.847322826958 
19.1495730841 16.3178175653 0.847322826958 
19.1495730841 16.3178175653 0.847322826958 
19.189805504 15.6997649039 3.94536344221 
19.1758177244 15.6871722008 4.01198290309 
19.1055805647 15.6036132837 3.60167054257 
18.9546146357 15.544923153 3.57557441085 
18.7084476912 15.4558135981 3.56791534256 
18.4985015356 15.3796406353 3.53057639468 
18.3616659605 15.333740745 3.25302087749 
18.1668593847 15.3372192348 3.09502758507 
17.895287987 15.3677873875 3.10571295198 
17.7044756376 15.3890145833 3.09816142094 
17.4358700478 15.4185965175 3.10035301385 
17.2542912924 15.440331843 3.0879414906 
17.0111749136 15.470956933 3.09884992912 
16.7215021813 15.5051183666 3.09516799347 
16.4914906585 15.5316745306 3.1105876289 
16.2389055752 15.5645222033 3.09478836467 
16.0757337474 15.5834403897 3.10059033984 
15.885026408 15.605582353 3.11504736122 
15.7536802107 15.6238926614 3.14299901883 
15.5577409231 15.6278819109 3.37127945299 
15.3620247209 15.5986606146 3.49003446503 
15.229160186 15.567788657 3.83949494956 
15.1501824224 15.5157921875 4.09250082605 
15.0650492274 15.407734331 4.18373818876 
15.0507019126 15.3881365771 4.173685105 
14.8320612871 15.0742459411 4.18183134512 
14.7430026495 14.947967645 4.1922676036 
14.6654924118 14.841042843 4.19180772784 
14.6068220102 14.7549133564 4.10929889107 
14.5165464842 14.623759445 4.1867677828 
14.4210559094 14.4886293376 4.16844849755 
14.3589985335 14.4058960641 4.16153070555 
14.3589985335 14.4058960641 4.16153070555 
14.2188800537 14.2065125669 3.93372549431 
14.0505750143 14.0476269687 3.90325705563 
13.9061818087 13.9305546249 3.76056153579 
13.7677335703 13.8543242181 3.5240465491 
13.645732876 13.8134953941 3.28363494756 
13.4953939879 13.8040004934 3.23209562256 
13.3032424414 13.8021241392 3.22795404933 
13.1071310007 13.7989062036 3.22717688909 
12.9965081179 13.7962062324 3.12023549504 
12.8964579069 13.8026468719 2.86074299273 
12.8215160334 13.8196579183 2.57092785668 
12.8215160334 13.8196579183 2.57092785668 
12.7319424116 13.8570045198 1.85755467521 
12.7262656653 13.8553333248 1.76316825066 
12.7262656653 13.8553333248 1.76316825066 
12.7262656653 13.8553333248 1.76316825066 
12.6661505663 13.8782192434 0.743356308858 
12.6661505663 13.8782192434 0.743356308858 
12.6661505663 13.8782192434 0.743356308858 
12.6661505663 13.8782192434 0.743356308858 
12.6661505663 13.8782192434 0.743356308858 
12.6661505663 13.8782192434 0.743356308858 
12.6661505663 13.8782192434 0.743356308858 
12.6661505663 13.8782192434 0.743356308858 
12.6661505663 13.8782192434 0.743356308858 
13.1994192564 13.9193572963 -0.00672631097055 
13.1994192564 13.9193572963 -0.00672631097055 
13.569388386 13.8788758481 0.393003687466 
13.6961810553 13.921244737 0.530666742597 
13.8428006136 14.0009242261 0.544450056139 
13.9853358233 14.0766861404 0.538268325552 
14.1204590761 14.1475799049 0.535491267129 
14.2891617977 14.2370581592 0.571834689029 
14.4276320898 14.3068857158 0.705439827645 
14.5304379427 14.3824443782 1.07431464738 
14.5873947107 14.4679037298 1.20152978553 
14.6537027323 14.5946851934 1.21514936024 
14.7280327046 14.7397803033 1.18325787058 
14.7920879089 14.8607249225 1.18742480113 
14.86179268 14.9977132345 1.18644749588 
14.9287027681 15.130760845 1.08576487519 
15.0158493483 15.2678502875 0.645674490272 
15.0682563746 15.3110587264 0.374848200623 
15.1056200826 15.3363893221 0.0452002650355 
15.1197757685 15.3630388121 -0.385891681792 
15.1701618993 15.3435797135 -0.553709743527 
15.2405483687 15.2903149428 -0.54695505448 
15.3274484837 15.2235594338 -0.517131833612 
15.3667137587 15.1885817724 -0.367644897612 
15.3974016869 15.1592464859 -0.101324463307 
15.4183297419 15.1336963216 0.252538265586 
15.4179634714 15.1278639773 0.332702375059 
15.4181073868 15.1315576548 0.284498727543 
15.4157950246 15.1444456617 0.0869480420849 
15.4200994932 15.1696201975 -0.302595720571 
15.4235732519 15.1737350563 -0.402887892211 
15.4209581577 15.1715669523 -0.339605666209 
15.4223172927 15.1726774538 -0.369250120184 
15.420579102 15.1669436509 -0.277557764791 
15.4181755149 15.1575126986 -0.0976057630738 
15.420394268 15.1363180915 0.214379088793 
15.4989822769 15.149022978 0.358433324804 
15.5637784564 15.1671608801 0.355622260479 
15.7239575499 15.2140225975 0.349173589503 
15.8703698126 15.2552807073 0.352769438727 
15.9532697314 15.2787500995 0.352216946551 
16.0162122362 15.2954700592 0.35680352541 
16.0646344387 15.3090795989 0.354708515687 
16.0729158187 15.3116733993 0.35242490883 
16.0730778837 15.3115929703 0.354084578202 
16.0729703569 15.311509643 0.354838037297 
16.0729265773 15.3114875669 0.355907498112 
16.0729769432 15.3114834766 0.35448413062 
16.0729642027 15.3115042786 0.355059070786 
16.072968986 15.3114750052 0.354868832549 
16.0729249829 15.3114849965 0.355732426356 
16.0729158038 15.3114968727 0.356035595076 
16.0729585105 15.3114764209 0.354704562915 
16.0729632043 15.3114852796 0.354520904648 
16.072948035 15.3114769349 0.354889342773 
16.0729674214 15.3115163858 0.354703861949 
16.0729560965 15.3114704678 0.354594187585 
16.07296085 15.3114989961 0.354538033492 
16.0729510003 15.3114843855 0.354583235914 
16.0729027503 15.3115040849 0.355763301844 
16.0731688702 15.3115729804 0.350971637273 
16.0731151813 15.3115584666 0.351677160768 
16.0731136316 15.3115562762 0.351760825216 
16.0731596911 15.3115770707 0.351135263469 
16.0731565171 15.3115685473 0.350943719997 
16.0731561297 15.3115684206 0.351104593654 
16.0731687361 15.3115772049 0.35101524254 
16.0729547405 15.3115248869 0.354658009198 
16.0729626828 15.3115244622 0.354629873332 
16.0728992039 15.3115063051 0.35549621712 
16.0731128716 15.3115505988 0.351682971531 
16.0731542521 15.3115746344 0.350877506454 
