15.8800202013 15.2400157913 0.0430011722888 
15.8800115829 15.2400141624 0.0432852402062 
15.8800354182 15.2400360102 0.0427573171223 
15.8801942348 15.240077826 0.0426540245385 
15.8799952568 15.2400015689 0.0430396811741 
15.8800053663 15.2400289774 0.0431586471207 
15.880003906 15.2400286751 0.0430503327596 
15.8799966621 15.2400153112 0.0430382268782 
15.8799889974 15.2400320269 0.0432357746629 
15.8799897117 15.2400075211 0.043241609878 
15.8804376462 15.2403923108 0.0454464712543 
15.8804413538 15.2404023709 0.0453995107348 
15.8799712044 15.2400137936 0.0431166368571 
15.8799560891 15.239999474 0.0428542509098 
15.87995533 15.2400093923 0.0431861962355 
15.8799564495 15.240013342 0.0430594530555 
15.880398173 15.2403828411 0.0450145752281 
15.880389589 15.2403871559 0.0448805856136 
15.880392559 15.2403882444 0.0451722215985 
15.8803825445 15.240379853 0.0452236458065 
15.8803796499 15.2403845445 0.0449928968868 
15.8803932882 15.2403848569 0.0451965753335 
15.8803737202 15.2403706207 0.0451317345104 
15.8803726985 15.2403812837 0.0449054947115 
15.8803788974 15.2404018461 0.0450802705854 
15.8803256714 15.2403175926 0.0446179569162 
15.8800076685 15.2400883462 0.0434447768508 
15.8803748601 15.2403936575 0.0449984743937 
15.8803761286 15.2404076869 0.0452819808118 
15.8803884034 15.240399065 0.0451684984771 
15.8803803195 15.2403948228 0.045058193152 
15.8803706254 15.240397465 0.0450754306701 
15.879927084 15.2400150562 0.0430620187013 
15.8799969844 15.2400859275 0.043498421198 
15.8803735889 15.2404126031 0.0451957670097 
15.8798964649 15.2399962922 0.0429688056857 
15.8801525609 15.2401246383 0.0431240476403 
15.8800134353 15.2400933182 0.0436053499211 
15.8799139737 15.2400054929 0.0429889301899 
15.8800520898 15.2400359847 0.042666157037 
15.8800952817 15.2400717975 0.0426237145181 
15.8800917045 15.2400728454 0.0424737739337 
15.8800824239 15.2400704315 0.0424519349528 
15.8800870572 15.240066595 0.04245165584 
15.880085922 15.240068507 0.0425936437324 
15.880106453 15.2400769255 0.042434838519 
15.8800803629 15.240062216 0.0426206409112 
15.8801035249 15.2400663147 0.0426728518207 
15.8800884579 15.2400890261 0.0425774487444 
15.8800931248 15.2400659337 0.0425626162019 
15.880081324 15.2400523921 0.0425323164227 
15.8803063371 15.2403304752 0.044649265543 
15.8801458339 15.2401463077 0.0429930398628 
15.8800852533 15.2400653848 0.0425261188882 
15.8800937432 15.2400613935 0.042542571128 
15.8800864537 15.2400637799 0.0424761761367 
15.8800867173 15.2400569546 0.0422613118742 
15.8800855662 15.2400706464 0.0424304374921 
15.8803795996 15.2403879955 0.045023058151 
15.8801140926 15.240112049 0.0431201141068 
15.8803004344 15.2403125248 0.044530901758 
15.8803020288 15.2403157167 0.0445387268543 
15.8801013801 15.2400512396 0.0424424879892 
15.8803800597 15.2403686985 0.0450741464178 
15.8801323866 15.2401025016 0.0430735177276 
15.8800923919 15.2400589768 0.0424817184109 
15.8800887187 15.2400414323 0.0426454387888 
15.8803628014 15.2403636405 0.0451014502783 
15.8803643585 15.2403779205 0.044963336653 
15.8803858823 15.2403690231 0.0451990263824 
15.8801052748 15.2400590611 0.0426450261913 
15.8801608692 15.2401148265 0.042892533544 
15.8800963155 15.2400320313 0.0425221474703 
15.8800970503 15.2400434078 0.0425186831929 
15.8801131771 15.2400644891 0.0426100772056 
15.8801260489 15.2400515922 0.0426373278907 
15.8803372636 15.2403194702 0.0446329262752 
15.8800687866 15.2400662372 0.0424644950118 
15.8800445368 15.2400914795 0.0421536283313 
15.880048249 15.2400731549 0.0422087781496 
15.8800559604 15.2400616383 0.0423641647698 
15.8800552312 15.2400549968 0.0423187553454 
15.8800513224 15.2400662518 0.0425027103814 
15.8888205192 15.2397642005 0.0444840322599 
15.9137446788 15.2386930482 0.0449164965156 
15.9651789257 15.2368049837 0.0380725167027 
15.9968311676 15.2357782396 0.0370365449061 
16.0348430091 15.2338973389 0.039455217542 
16.095681768 15.232161361 0.0381995242585 
16.1614388489 15.2289088771 0.0298803797794 
16.3008533084 15.2259659136 0.0379884998914 
16.4747271502 15.2208489946 0.0347289450352 
16.5721698367 15.2171564067 0.0437476898441 
16.6936470234 15.2130080743 0.0453686119299 
16.8229023778 15.208400477 0.0476723483543 
17.0053073132 15.2012497599 0.034910735236 
17.1212340557 15.1945560316 0.0624434612325 
17.2168598139 15.191985477 0.0428435170989 
17.4378008806 15.1816277655 0.0522376077068 
17.5718195402 15.1765020269 0.0410913473972 
17.6846430266 15.1715664978 0.0287621120998 
17.8670151198 15.1648700202 0.0441744313049 
18.0209088289 15.1596757586 0.0409911258957 
18.1227340662 15.1563999544 0.0386785282912 
18.2524528467 15.1501940603 0.0381813223517 
18.3864049875 15.144743372 0.0401870273671 
18.5870451891 15.1376218239 0.012673303778 
18.6936144793 15.1353123973 -0.158868734225 
18.7965724432 15.1188600699 -0.536169444453 
18.8537697756 15.0937460626 -0.891509159644 
18.8794820273 15.0864883477 -1.18435360888 
18.902435776 15.0880085046 -1.54176005643 
18.9079902136 15.0610728676 4.62897696166 
18.894955393 15.0084294046 4.66433664697 
18.872885462 14.8774740959 4.63550687497 
18.8430242502 14.7251169051 4.61387979149 
18.8190143072 14.5855018462 4.59566530423 
18.7857785189 14.4083549345 4.61045043714 
18.7528502905 14.2274931634 -1.54519485328 
18.7400588953 14.1238973106 -1.25670783025 
18.7508919203 14.0563738311 -1.12123218219 
18.7786455118 13.9829193319 -1.0588297195 
18.8110001051 13.9348164762 -1.26984042775 
18.8297414744 13.9307787384 -1.55384497062 
18.8449552023 13.9210299219 4.47801764405 
18.8457019293 13.9162712062 4.47167729097 
18.8457019293 13.9162712062 4.47167729097 
18.8457019293 13.9162712062 4.47167729097 
18.8457019293 13.9162712062 4.47167729097 
18.8457019293 13.9162712062 4.47167729097 
18.8457019293 13.9162712062 4.47167729097 
18.5653929674 13.2702475751 3.96367748919 
18.5612695181 13.2653492654 3.94575735543 
18.5612695181 13.2653492654 3.94575735543 
18.5612695181 13.2653492654 3.94575735543 
18.185616728 13.1283019746 3.36511933833 
18.0917577707 13.114993688 3.37017607902 
17.8980376684 13.087617513 3.37653004615 
17.7627510988 13.0681992734 3.37747059051 
17.6178090536 13.0465897287 3.35357631442 
17.5272293055 13.0359302724 3.22500764813 
17.3341622316 13.038521644 3.23480762239 
17.1927599871 13.0395368303 3.2010901178 
17.1689699852 13.0394645895 3.21137898451 
16.8400489056 13.0458909238 3.20216742529 
16.6840706431 13.0501505102 3.20226673633 
16.5434983337 13.0525439943 3.19661929285 
16.3839620316 13.0554300512 3.19194673165 
16.1776243412 13.0585826601 3.21819263744 
16.036172148 13.0586425031 3.20007691049 
15.9101230038 13.0604149068 3.20297481764 
15.6550929659 13.0653330053 3.2011837692 
15.4972850346 13.0685280527 3.17745114063 
15.3954578602 13.0706633295 3.17531157969 
15.2733096444 13.0745435918 3.19269295927 
15.1378822291 13.0775135721 3.18485192192 
15.0104590022 13.0801809991 3.18287608609 
14.9183022344 13.0810614789 3.17567053457 
14.8793482744 13.0804878438 3.17360402691 
14.8108210528 13.05777156 2.71120372904 
14.7969040835 13.0481284822 2.38171353655 
14.7768545115 13.0511115755 2.14911293828 
14.7651425564 13.0664905275 2.09594101881 
14.7555403673 13.0860546792 2.08609429879 
14.7555403673 13.0860546792 2.08609429879 
14.5969558918 13.4307537044 2.07397089255 
14.5079570973 13.6194897855 2.09673942576 
14.453042742 13.7384676898 2.09943914348 
14.4044342005 13.8527913059 2.16798612079 
14.3539719545 13.9640474285 2.5896175969 
14.3094271385 14.0257965291 3.24452844466 
14.2345784866 14.0223917926 3.43101835935 
14.107507106 13.9986298049 3.39399184512 
13.9710533583 13.9745326007 3.42961854008 
13.7927472555 13.9440469707 3.4004173957 
13.6422142946 13.9170187677 3.37145789434 
13.5012915098 13.8923580612 3.38826096725 
13.4730503523 13.9104440177 -0.641157717003 
13.2603535616 13.8429673875 3.74031599081 
13.1331512892 13.8361960615 4.09620762306 
13.1142759287 13.8440014089 4.38409411478 
13.1142759287 13.8440014089 4.38409411478 
13.0698442423 13.7238818372 4.51294550232 
13.0189714396 13.5587599243 4.54463220587 
12.9731409514 13.4507367576 -1.48345108705 
12.9458944761 13.4038499559 -0.511241717705 
12.9382450544 13.3819987739 -0.158055424745 
12.9450621569 13.3576711381 0.24258654738 
12.9652874434 13.3575916255 0.31304113726 
12.9652874434 13.3575916255 0.31304113726 
13.1036093199 13.3879860605 0.380680501861 
13.1036093199 13.3879860605 0.380680501861 
13.1760466063 13.3919261659 0.853794991924 
13.1760466063 13.3919261659 0.853794991924 
13.3481359446 13.5943131412 0.98941155328 
13.445302006 13.7175328697 0.69968667587 
13.6472840273 13.8739565576 0.738108373573 
13.8232586348 14.0096045698 0.727908318606 
13.999987241 14.1470336879 0.737397124028 
14.1689536535 14.2738969291 0.721855078189 
14.3227949106 14.3915029729 0.685136083748 
14.4890676701 14.5182685221 0.719527723618 
14.7416243517 14.7144170369 0.735458021884 
14.9042836988 14.8392123247 0.714841483917 
15.0798296892 14.9744361306 0.731463593682 
15.1927151644 15.0612085427 0.727665974087 
15.2618004047 15.1107571388 0.756377532196 
15.300647434 15.1247101391 1.0365034274 
15.300647434 15.1247101391 1.0365034274 
15.3370060885 15.1192266981 1.63016252923 
15.3403015697 15.1695155467 1.724908572 
15.335663017 15.2411845459 1.72486287164 
15.3249565923 15.3837777341 1.72040227823 
15.3175530398 15.4948743249 1.72171733444 
15.3093897068 15.5802566076 1.73637893183 
15.3077743017 15.6047121252 1.73246007253 
15.3141905033 15.6198931898 1.83045514995 
15.3317921722 15.6242208744 2.12230743925 
15.3418487274 15.6314816142 2.3361025893 
15.3410497272 15.6298299397 2.31659550991 
15.321873244 15.6200244094 1.92466778667 
15.3007019722 15.6186944808 1.65340478477 
15.2996026837 15.6168703402 1.62674085575 
15.2988986337 15.6174859668 1.62273899558 
15.3032436335 15.6334360505 1.70465592589 
15.2996935212 15.7325062717 1.74178594197 
15.3142709696 15.7687905396 2.06422630963 
15.3275455796 15.7729814614 2.27510100749 
15.3286764586 15.7768252457 2.29891139919 
15.3295984828 15.778461274 2.32860383242 
15.3422766292 15.7926397289 2.62742224373 
15.35259467 15.8175092901 3.04355192641 
15.3282452786 15.8287841643 3.19071586476 
15.243722912 15.8337141241 3.23225493261 
15.2134981119 15.8417736853 3.39386459803 
15.2002209389 15.8620459999 3.72893357117 
15.1926265919 15.8636949624 3.80007850107 
15.1501660907 15.8325425352 3.79656323322 
15.0767561757 15.7842193211 3.80670113542 
14.964584347 15.7103655005 3.81024335694 
14.8406361305 15.6266399289 3.81729523668 
14.6911368334 15.5263394679 3.81366274329 
14.53449988 15.4260333295 3.81497145746 
14.4023605549 15.3329376916 3.79315417271 
14.2834922039 15.2570675167 3.79940361639 
14.1741687023 15.1842443945 3.78339843258 
14.0421954357 15.0986454452 3.51696961887 
13.9363158905 15.0662030394 3.23011377588 
13.897038933 15.0640970732 3.19286909048 
13.8704585993 15.0641840811 3.19327683464 
13.8652310335 15.0652635063 3.20704561835 
13.8652310335 15.0652635063 3.20704561835 
13.8222162687 15.0655794109 3.21543638485 
13.8033714258 15.0662530179 3.21135512574 
13.7487843001 15.0696565027 3.20825565175 
13.7487843001 15.0696565027 3.20825565175 
13.7487843001 15.0696565027 3.20825565175 
13.7487843001 15.0696565027 3.20825565175 
13.7183814013 15.0991936589 3.67965530441 
13.7183814013 15.0991936589 3.67965530441 
13.7183814013 15.0991936589 3.67965530441 
13.6701719725 15.134327818 4.6120511183 
13.6515662634 15.1347389857 -1.37457736969 
13.6386563742 15.1222905705 -1.1576714424 
13.6386563742 15.1222905705 -1.1576714424 
13.6386563742 15.1222905705 -1.1576714424 
13.6081099474 15.0399244393 1.71784651072 
13.6645541155 14.9946332837 -0.578163573403 
13.6909258329 14.9681603576 -0.453665657471 
13.708216902 14.9582272733 -0.458539462454 
13.708216902 14.9582272733 -0.458539462454 
13.9411243164 14.828685757 -0.343766755618 
14.0758440458 14.7497212256 -0.379992743006 
14.2603061163 14.6467493738 -0.587890756886 
14.37487733 14.5432749356 -0.906225895228 
14.4645034039 14.412503239 -0.93405610964 
14.5596154892 14.2727447117 -0.95852926362 
14.6086040699 14.199076649 -1.07821302377 
14.6834071838 14.0178086723 -1.19865154911 
14.748423692 13.8158233131 -1.13791973717 
14.8059171402 13.6394381488 -1.19351054113 
14.8637684548 13.4613702262 -0.833629163288 
14.9652282559 13.3340517248 -0.584707882033 
15.0857182109 13.2343989576 -0.296942692515 
15.1768434608 13.1892422403 0.0991198716819 
15.2717803681 13.1915110315 0.24733588675 
15.3326439225 13.2031723226 0.222566355983 
15.4096704983 13.2285515035 -0.150168584025 
15.4648507201 13.2224100793 -0.33770906525 
15.5606479907 13.1747013296 -0.301388091925 
15.5956886077 13.1434153284 0.0322448012813 
15.6310803854 13.1374088491 0.125519360209 
15.6893877798 13.1402696336 0.121785872176 
15.8287820333 13.1462498868 0.119377943814 
15.9306981527 13.1501632894 0.116716339327 
16.1765507125 13.1604973043 0.115411588973 
16.3493774497 13.167446729 0.129941277878 
16.4995918238 13.1725379194 0.118037057387 
16.6594952905 13.1777774061 0.130174909241 
16.8648103439 13.1831465925 0.109840715296 
17.0122595989 13.1876524652 0.113930163174 
17.2907565796 13.1979159082 0.111276235305 
17.494636532 13.2062343324 0.108207288909 
17.6543358528 13.2106631959 0.108610386479 
17.792963382 13.214493152 0.111090931724 
17.9117696249 13.2198160852 0.0982112181706 
18.034432646 13.2250360216 0.0956812093403 
18.2718594038 13.2306016649 0.115662844414 
18.4454362356 13.2340165342 0.213913566292 
18.5941877329 13.2479723657 0.619814464783 
18.6515338385 13.2699081863 0.880097958154 
18.6837420427 13.2876864637 1.13304040174 
18.7394826376 13.3927903141 1.31601249881 
18.7893595659 13.449763533 2.31444684319 
18.7946450674 13.5127172435 1.92330761874 
18.7752699816 13.5848927463 2.07435614382 
18.7535223925 13.61434209 1.94011868234 
18.7369761431 13.6404803956 1.7519068267 
18.729029175 13.7108683551 1.75534684219 
18.7187232935 13.7997760738 1.75448534303 
18.7038655245 13.9429670537 1.75828106419 
18.6784110033 14.1679522956 1.75581405495 
18.6591210329 14.338259157 1.75558299828 
18.6282889807 14.6232010687 1.75339124911 
18.6138272249 14.7642187739 1.7549791774 
18.5904271566 14.9814425672 1.74811208757 
18.5738255941 15.1251669864 1.74007577107 
18.5538866484 15.3141608352 1.75742329091 
18.5351378882 15.4698308671 1.69654409656 
18.5279631579 15.6276091898 1.35039179275 
18.5413718187 15.6948015059 1.07012049089 
18.6403031313 15.8268080915 0.852296647673 
18.7448494398 15.9279167617 0.855403867143 
18.9105253183 16.0892611707 0.837269144386 
19.0179488623 16.1919399465 0.878506197989 
19.1409120524 16.3099011148 0.847869655311 
19.1495730841 16.3178175653 0.847322826958 
19.1495730841 16.3178175653 0.847322826958 
19.1495730841 16.3178175653 0.847322826958 
19.1495730841 16.3178175653 0.847322826958 
19.1495730841 16.3178175653 0.847322826958 
19.1495730841 16.3178175653 0.847322826958 
19.1495730841 16.3178175653 0.847322826958 
19.1495730841 16.3178175653 0.847322826958 
19.1495730841 16.3178175653 0.847322826958 
19.1495730841 16.3178175653 0.847322826958 
19.1495730841 16.3178175653 0.847322826958 
19.1495730841 16.3178175653 0.847322826958 
19.1495730841 16.3178175653 0.847322826958 
19.1495730841 16.3178175653 0.847322826958 
19.1495730841 16.3178175653 0.847322826958 
19.1495730841 16.3178175653 0.847322826958 
19.1495730841 16.3178175653 0.847322826958 
19.1495730841 16.3178175653 0.847322826958 
19.1495730841 16.3178175653 0.847322826958 
19.1495730841 16.3178175653 0.847322826958 
19.1495730841 16.3178175653 0.847322826958 
19.2287676298 15.7410069669 4.01068499481 
19.1758177244 15.6871722008 4.01198290309 
19.1758177244 15.6871722008 4.01198290309 
19.1055805647 15.6036132837 3.60167054257 
19.0453016722 15.5782440866 3.56850608689 
18.8873414957 15.520818677 3.5676396979 
18.6804623568 15.4448158557 3.56073936112 
18.5300924742 15.3916805352 3.55039979306 
18.3989543879 15.344054688 3.35567298715 
18.1668593847 15.3372192348 3.09502758507 
17.9970447981 15.3565325777 3.10377653366 
17.6447038614 15.3971730585 3.10364733345 
17.445222851 15.4177456314 3.09887964396 
17.1727572643 15.4518011327 3.09866736113 
17.0407062733 15.4672162796 3.08997431175 
16.7795853579 15.4972256387 3.08688720451 
16.5326405727 15.5267696644 3.10805904942 
16.3812819683 15.5462880398 3.10397785162 
16.1872557366 15.5702079798 3.09250965914 
15.9443109893 15.5992822016 3.09758100594 
15.7448949033 15.6260186995 3.16264598472 
15.4273625576 15.6074384714 3.3722590086 
15.3169070446 15.5908347631 3.54832647185 
15.1670129263 15.5306836928 4.04640848603 
15.0559893214 15.394490775 4.18309791612 
15.0507019126 15.3881365771 4.173685105 
14.9098316991 15.1850500407 4.18208565853 
14.7308073008 14.9304577375 4.19170239428 
14.6531025135 14.8232655192 4.19118096677 
14.5616204702 14.6883437003 4.17792607559 
14.4231786692 14.4929171766 4.16752149663 
14.3589985335 14.4058960641 4.16153070555 
14.3589985335 14.4058960641 4.16153070555 
14.2188800537 14.2065125669 3.93372549431 
14.0505750143 14.0476269687 3.90325705563 
13.9275884592 13.9480378593 3.8448852233 
13.8404161894 13.8884791101 3.65262466721 
13.7732024157 13.8575414384 3.56938887337 
13.591576811 13.7977038587 3.17740984548 
13.3877210581 13.8050339187 3.21771727195 
13.1778864824 13.8004270757 3.23672852059 
13.0585167372 13.7977650131 3.19672334345 
12.9122252428 13.8011991943 2.91263527276 
12.8215160334 13.8196579183 2.57092785668 
12.8215160334 13.8196579183 2.57092785668 
12.7430145704 13.8587864603 2.01095490605 
12.7262656653 13.8553333248 1.76316825066 
12.7262656653 13.8553333248 1.76316825066 
12.7262656653 13.8553333248 1.76316825066 
12.7262656653 13.8553333248 1.76316825066 
12.6661505663 13.8782192434 0.743356308858 
12.6661505663 13.8782192434 0.743356308858 
12.6661505663 13.8782192434 0.743356308858 
12.6661505663 13.8782192434 0.743356308858 
12.6661505663 13.8782192434 0.743356308858 
12.6661505663 13.8782192434 0.743356308858 
12.6661505663 13.8782192434 0.743356308858 
13.1994192564 13.9193572963 -0.00672631097055 
13.6050806009 13.8876290287 0.465338131903 
13.7473123037 13.947241422 0.554121911115 
13.9427007401 14.051975366 0.566396925213 
14.0749897921 14.1229193176 0.536417894683 
14.2630608046 14.2219192947 0.543501146376 
14.4276320898 14.3068857158 0.705439827645 
14.5174219572 14.3664846982 1.03125575917 
14.561904546 14.4199210967 1.17107232168 
14.6192032063 14.5269747342 1.21418852273 
14.6875007116 14.661261257 1.21316927166 
14.7791403496 14.8383968736 1.16333194617 
14.8406534159 14.9565105105 1.19191588954 
14.8960972988 15.0636667574 1.16854574892 
14.9649713003 15.1968092772 0.957500633632 
15.0274085962 15.2783364954 0.565940799058 
15.077234205 15.3177754695 0.289465560827 
15.1146329605 15.3494015376 -0.177938244933 
15.1360359752 15.3616282682 -0.497401698101 
15.1955516898 15.3245137895 -0.557208164057 
15.2446061933 15.2874024662 -0.544272472576 
15.3274484837 15.2235594338 -0.517131833612 
15.3813804352 15.1762764643 -0.280600524654 
15.4142273032 15.144749325 0.10759802979 
15.4166410529 15.1299608762 0.300289988423 
15.4185046815 15.1288177709 0.323107143078 
15.4169922733 15.1383854637 0.172726991442 
15.4181101286 15.1582902039 -0.128739346795 
15.4222055935 15.1739732514 -0.35813701585 
15.4233056569 15.1728310774 -0.384213850345 
15.4200641775 15.1726329664 -0.348142293375 
15.4216056728 15.1718796084 -0.326857343495 
15.4198382759 15.1636169891 -0.197228435282 
15.4143494331 15.1481981019 0.0521222845036 
15.4322681391 15.1336896683 0.289880864428 
15.502854433 15.1500801484 0.362416109513 
15.5713473522 15.1693465749 0.357422586955 
15.6990280711 15.2061240564 0.353517466655 
15.8262135127 15.2424455753 0.353248155498 
15.9582773485 15.2803699563 0.361116305769 
16.0111545586 15.2943057681 0.361045043042 
16.0605813825 15.3079467754 0.351560076282 
16.0735151583 15.3118928487 0.351659243542 
16.0730600768 15.3116057182 0.354268149788 
16.0729703569 15.311509643 0.354838037297 
16.0729525798 15.3114931772 0.355033809385 
16.0729632341 15.3114708404 0.354721312941 
16.0729583913 15.3114668096 0.354768137067 
16.0729775393 15.3114729489 0.354887635946 
16.0729733669 15.3114846314 0.354704168571 
16.072931897 15.3115076239 0.35582032252 
16.0729372763 15.311493654 0.355451992166 
16.0729170853 15.3114885355 0.355812695652 
16.0729593747 15.3114801014 0.354641894378 
16.0731732809 15.311571684 0.351123817012 
16.0729996824 15.311508056 0.353929047452 
16.0729684049 15.3114813382 0.354517016264 
16.0731776172 15.3115743066 0.351065192683 
16.0731754416 15.3115767131 0.350869556601 
16.0731041395 15.311546948 0.351990288848 
16.0731713587 15.3115818615 0.350878642979 
16.0731620454 15.3115713189 0.351221097303 
16.0731508249 15.3115762363 0.351090811906 
16.0728972965 15.3114992047 0.35555623166 
16.0731264615 15.3115670795 0.351654917068 
16.0729445034 15.3115026692 0.35447454022 
16.0731620901 15.3115861903 0.351086363023 
16.0731115752 15.3115686814 0.351958976315 
16.0729006493 15.3115146125 0.355511332296 
16.0731128716 15.3115505988 0.351682971531 
16.0731493795 15.3115704546 0.350990773333 
16.0730896109 15.3115562762 0.351929523741 
