15.880012164 15.2400087892 0.0432649158357 
15.8800117822 15.2400017995 0.0432608423233 
15.8799933969 15.2399726766 0.0431882143362 
15.8802459027 15.2401016218 0.0420509611263 
15.87999029 15.2400108839 0.0430967214669 
15.8803304444 15.2402963771 0.0448974691521 
15.8799951189 15.2400320143 0.043179750483 
15.8800017658 15.2400247433 0.043060504626 
15.879982222 15.2400162412 0.043134539975 
15.8799843612 15.2400146599 0.0430252164333 
15.880340784 15.2403111647 0.0445658295622 
15.879985571 15.2400144771 0.043163877743 
15.8804263576 15.2403955716 0.0450854208976 
15.8803979448 15.2403866446 0.0449462390025 
15.8804095016 15.2403920945 0.0453057566229 
15.8804021507 15.2403766385 0.0450313333275 
15.8803938694 15.2403654514 0.0451566631022 
15.8803858255 15.2403632347 0.045185441917 
15.8803866376 15.2403933904 0.0449519173938 
15.8803758464 15.2403694436 0.0450861806112 
15.8803855126 15.2403959113 0.0449658578011 
15.8804006596 15.2403874309 0.0449761372195 
15.8803691353 15.2403934768 0.0451780491831 
15.8801401342 15.2401602853 0.0436096927321 
15.8803822055 15.2403679655 0.0449664370748 
15.8799093516 15.2400087353 0.0430074534805 
15.8803800206 15.2403932044 0.0450803661887 
15.8803871871 15.2404125538 0.0451355632535 
15.8803714953 15.2403958941 0.0450312073921 
15.8803713416 15.2403910454 0.0450336236553 
15.8803706254 15.240397465 0.0450754306701 
15.879927084 15.2400150562 0.0430620187013 
15.8799969844 15.2400859275 0.043498421198 
15.8803791675 15.240555974 0.0456839486342 
15.8799195514 15.2400128443 0.0432009949003 
15.8799443283 15.2400132369 0.0429652353335 
15.8800775801 15.2400627814 0.0424814989875 
15.8799499219 15.2400216517 0.0429325099247 
15.8800995239 15.2400568081 0.0425179010372 
15.8800932282 15.2400609531 0.0425938333338 
15.8800961348 15.2400703267 0.0425867150154 
15.8800678618 15.240064242 0.0427089807324 
15.8799492895 15.2400306391 0.0430813555582 
15.8800842167 15.2400684358 0.0425223834897 
15.8800942862 15.2400631121 0.0424735111992 
15.8799138564 15.2400102131 0.0430988508412 
15.8800829678 15.2400680508 0.0425155786505 
15.8800953814 15.240077112 0.0426121378504 
15.8800857664 15.2400570079 0.0424713387029 
15.880084905 15.2400811027 0.0426176304303 
15.880085935 15.2400607822 0.0424324629754 
15.8803117323 15.2403373274 0.0446512847456 
15.8800940477 15.2400697584 0.0424139637684 
15.8800937432 15.2400613935 0.042542571128 
15.8803521582 15.240363043 0.0451128496723 
15.8800872733 15.2400545661 0.0423151174534 
15.880365206 15.2404085079 0.0450469249867 
15.8800940021 15.2400635423 0.0425680907253 
15.8803857147 15.2403900114 0.0451161355832 
15.8803053313 15.2403139402 0.0444987959663 
15.8800920948 15.2400523952 0.0425501036386 
15.8803187712 15.2403229079 0.0447370356552 
15.8801513492 15.2401216781 0.0431323241768 
15.8800860151 15.2400485944 0.0424922530123 
15.8800856621 15.2400484897 0.0424793060182 
15.8800986839 15.2400374385 0.0422989874852 
15.8803623785 15.2403751775 0.045189602563 
15.8803685551 15.2403800823 0.0450458682238 
15.8803835754 15.2403886202 0.0448255078041 
15.8803586579 15.2403831242 0.0451466203975 
15.8801773527 15.2401058911 0.0428158713606 
15.8803102906 15.2403193789 0.0444735563037 
15.8801542494 15.2401129779 0.043101663018 
15.880092308 15.2400466676 0.0427019785597 
15.8801132432 15.240051012 0.0425000170867 
15.8800873609 15.2400333881 0.0425828311773 
15.880094437 15.2400508504 0.0424614488522 
15.8800441261 15.2400502258 0.0423318967552 
15.8800592312 15.2400747076 0.0423204771472 
15.8800451412 15.2400654849 0.0423341452421 
15.8800497168 15.2400763467 0.0424297721797 
15.8800571264 15.2400537381 0.042443630258 
15.8800463882 15.2400662181 0.0423929352942 
15.890399547 15.2396811418 0.04364690021 
15.9317267166 15.2385527086 0.0316664583416 
15.9850123041 15.2373006442 0.0266961633939 
16.0093377867 15.2357996334 0.0377237619826 
16.0882912093 15.2318002123 0.0374431990794 
16.1818006003 15.2288758208 0.0225585897417 
16.2505201065 15.2266714696 0.0394718336454 
16.4295752608 15.2222634836 0.0394365676484 
16.5667055213 15.2172172556 0.0471475021228 
16.6555570924 15.2140301394 0.0472428914887 
16.8109071219 15.2088095623 0.0462463178752 
16.9591367209 15.203089502 0.0399788650339 
17.0843901598 15.1958412568 0.0526006867454 
17.1773625576 15.1932958777 0.0521363112995 
17.3102004492 15.1874595399 0.0443626480429 
17.428881284 15.1825167502 0.0489786488986 
17.609606024 15.1737387145 0.052716194681 
17.7246890032 15.1706286559 0.0436690240913 
17.9404389822 15.1616946275 0.0462648945358 
18.0785047972 15.1571811775 0.0434682382225 
18.1703889334 15.1533934141 0.0537984733145 
18.2590389216 15.1498324911 0.04064318597 
18.4340505564 15.1425943116 0.0477513812653 
18.6346981489 15.1378058905 -0.0409004636457 
18.7196686232 15.1336719582 -0.239017990705 
18.8296716177 15.1049142892 -0.704632497883 
18.8769805395 15.0860662127 -1.15203444098 
18.903406378 15.085666802 -1.56008978292 
18.9079902136 15.0610728676 4.62897696166 
18.894955393 15.0084294046 4.66433664697 
18.8781757319 14.9014243449 4.62492160176 
18.8551015818 14.7845635081 4.60063382336 
18.8263716662 14.6260282362 4.59470257838 
18.7962131464 14.4658615554 4.61192502827 
18.7752613985 14.3456737364 4.61411879641 
18.7478303873 14.1958860124 -1.48285584169 
18.74290156 14.102407452 -1.20872156159 
18.7688605749 14.0028028453 -1.0502745086 
18.788428303 13.9655647243 -1.08477997759 
18.8110001051 13.9348164762 -1.26984042775 
18.8297414744 13.9307787384 -1.55384497062 
18.8457019293 13.9162712062 4.47167729097 
18.8457019293 13.9162712062 4.47167729097 
18.8457019293 13.9162712062 4.47167729097 
18.8457019293 13.9162712062 4.47167729097 
18.8457019293 13.9162712062 4.47167729097 
18.8457019293 13.9162712062 4.47167729097 
18.8457019293 13.9162712062 4.47167729097 
18.5612695181 13.2653492654 3.94575735543 
18.5612695181 13.2653492654 3.94575735543 
18.5612695181 13.2653492654 3.94575735543 
18.5612695181 13.2653492654 3.94575735543 
18.130535599 13.1204749311 3.36800606691 
17.9206092322 13.0904182161 3.37759859167 
17.7627510988 13.0681992734 3.37747059051 
17.6293020212 13.0475619997 3.34227015643 
17.4958270752 13.0359977449 3.21812133659 
17.2697781288 13.0402952398 3.24944489679 
17.1689699852 13.0394645895 3.21137898451 
17.1689699852 13.0394645895 3.21137898451 
16.7269566023 13.0478621686 3.19931120317 
16.5645478332 13.0515133108 3.20667910061 
16.4344317877 13.055558082 3.2035343078 
16.2200566494 13.0585352148 3.20378387352 
16.0914808476 13.0574058259 3.20352457603 
15.9483356365 13.0602017606 3.20668110143 
15.7867023015 13.0629414285 3.20836881529 
15.6051353478 13.0665007795 3.1998587512 
15.5029591584 13.0681003297 3.17654339076 
15.3448070848 13.0722850526 3.18542139253 
15.2432325446 13.0754824842 3.18565415094 
15.0689493978 13.0790232385 3.17583783739 
14.942938503 13.080610391 3.18497354739 
14.8793482744 13.0804878438 3.17360402691 
14.8793482744 13.0804878438 3.17360402691 
14.8045828306 13.0614896978 2.6223358246 
14.7958991491 13.0474344457 2.36378574374 
14.7713478767 13.0569199289 2.11730369703 
14.7555403673 13.0860546792 2.08609429879 
14.7555403673 13.0860546792 2.08609429879 
14.6190650427 13.3817336524 2.07013512413 
14.5323463642 13.5695857967 2.0641649713 
14.477111932 13.6897029842 2.09798125469 
14.394154545 13.8771011795 2.21923242394 
14.3583747112 13.9506667818 2.53259938191 
14.3258171045 13.9995969499 2.93863902509 
14.3142373526 14.0253263677 3.30954301244 
14.2646059954 14.0280872549 3.40273828096 
14.1831803286 14.0127624238 3.42499976007 
14.0562708342 13.9895311559 3.40548089397 
13.9530619347 13.9720290864 3.43424016116 
13.8269722426 13.9509071077 3.3832101414 
13.669214245 13.9208301271 3.38424261179 
13.4804210627 13.8890140022 3.38623568333 
13.4730503523 13.9104440177 -0.641157717003 
13.2603535616 13.8429673875 3.74031599081 
13.2603535616 13.8429673875 3.74031599081 
13.1691467726 13.8418576683 3.80671702315 
13.1180396044 13.8412778343 4.32926990543 
13.1142759287 13.8440014089 4.38409411478 
13.1142759287 13.8440014089 4.38409411478 
13.1041424238 13.834721681 4.50217319687 
13.0934398138 13.7958891357 4.49794293425 
13.0698442423 13.7238818372 4.51294550232 
13.0403544867 13.6232433284 4.50056657754 
13.0115556681 13.5375941957 4.5891057681 
12.9802730047 13.4521548713 -1.27109361063 
12.9678893053 13.4230166639 -0.988811353698 
12.9528386557 13.4122054542 -0.685053974517 
12.9398272001 13.3932234014 -0.331091695801 
12.9357073271 13.3705800737 0.0317761933602 
12.9394509756 13.359335419 0.206213307788 
12.9652874434 13.3575916255 0.31304113726 
12.9652874434 13.3575916255 0.31304113726 
13.1036093199 13.3879860605 0.380680501861 
13.1036093199 13.3879860605 0.380680501861 
13.1760466063 13.3919261659 0.853794991924 
13.1760466063 13.3919261659 0.853794991924 
13.1760466063 13.3919261659 0.853794991924 
13.3752820456 13.6400629247 0.86809508756 
13.3773577177 13.6421622003 0.868923983154 
13.5629882776 13.8077013458 0.743274677839 
13.6154777968 13.8484469617 0.740902573645 
13.7988963091 13.9912185634 0.739173558682 
13.9024784529 14.0720956291 0.739487677997 
13.9896838629 14.1393249 0.738882642267 
14.1573247873 14.267643925 0.758356959382 
14.2899448835 14.3668591345 0.697373916506 
14.4563932383 14.4938360418 0.737023948422 
14.6745479071 14.6628387536 0.733288377328 
14.8094786369 14.765530702 0.707281614585 
14.9290965163 14.8582458759 0.719337662093 
15.0682512486 14.9650128449 0.735390789533 
15.1695004069 15.0430506135 0.728241812825 
15.2251465284 15.0858538414 0.726837973174 
15.2817199194 15.1204401592 0.846614394567 
15.300647434 15.1247101391 1.0365034274 
15.3346460425 15.1146746839 1.59463658374 
15.3415766918 15.1568883101 1.72869761809 
15.3340883219 15.2711876484 1.72165086104 
15.3276430928 15.3381435762 1.73073648957 
15.3166720235 15.4805248792 1.73678190381 
15.3110258543 15.5612301792 1.73724436128 
15.309066292 15.6105287636 1.70624344893 
15.3141905033 15.6198931898 1.83045514995 
15.3355562055 15.6247878636 2.17226733113 
15.3447985017 15.6301291848 2.30579275151 
15.3435951435 15.6302580501 2.34253898834 
15.3304967248 15.6232508982 2.11497802417 
15.307595905 15.6180714334 1.74605094387 
15.299082514 15.6174843873 1.62083382277 
15.2996793949 15.6182880069 1.63412658672 
15.302954849 15.6195825602 1.68662842837 
15.3027806842 15.6458824838 1.70084572216 
15.2992246115 15.7049011255 1.70018853818 
15.3026028835 15.7501282657 1.80979611552 
15.3142709696 15.7687905396 2.06422630963 
15.3290078604 15.7760212983 2.29811619004 
15.3290414774 15.7765959466 2.29885948768 
15.3318083846 15.7805720533 2.37416134435 
15.3389140927 15.7878878678 2.53763694446 
15.3513730728 15.8118182982 2.95480305522 
15.3372176849 15.8264338339 3.15976632411 
15.3097240293 15.8301004137 3.20547214538 
15.2468339169 15.8336117829 3.22536216684 
15.2039020621 15.8500460947 3.5210809037 
15.1984013879 15.8655807341 3.78380885731 
15.1743261778 15.8487630452 3.80402703795 
15.1043825113 15.8029981817 3.80875996544 
15.0299268925 15.7522305811 3.82390514261 
14.8828083241 15.6566442216 3.81039851689 
14.7265967095 15.5518972839 3.79359835645 
14.6379702055 15.4920165206 3.79437183253 
14.4871137106 15.3905604447 3.81795866051 
14.3528499567 15.3008444423 3.79419582316 
14.1980637276 15.2002668085 3.79526274224 
14.0852265322 15.1238048265 3.64400570348 
14.0178987944 15.0863748009 3.41759846935 
13.9212393725 15.0646025802 3.20793368132 
13.8727354967 15.0647964592 3.19935191101 
13.8647880518 15.0652248676 3.20936195604 
13.8652310335 15.0652635063 3.20704561835 
13.8475201094 15.065432545 3.20496334397 
13.8222162687 15.0655794109 3.21543638485 
13.8033714258 15.0662530179 3.21135512574 
13.7487843001 15.0696565027 3.20825565175 
13.7487843001 15.0696565027 3.20825565175 
13.7487843001 15.0696565027 3.20825565175 
13.7242717707 15.0821543599 3.40217238239 
13.7183814013 15.0991936589 3.67965530441 
13.7183814013 15.0991936589 3.67965530441 
13.7183814013 15.0991936589 3.67965530441 
13.6604742968 15.1344590227 -1.5215492669 
13.6430134737 15.1323527361 -1.22808365243 
13.6386563742 15.1222905705 -1.1576714424 
13.6386563742 15.1222905705 -1.1576714424 
13.6455821955 15.0407196696 -0.642642134315 
13.66381168 15.0022391642 -0.634755536573 
13.6785504782 14.9787291254 -0.475393780518 
13.708216902 14.9582272733 -0.458539462454 
13.708216902 14.9582272733 -0.458539462454 
13.9949086868 14.7964191402 -0.348663389681 
14.1436880791 14.7106392945 -0.44681177581 
14.2349159681 14.6594817008 -0.559979124615 
14.3425401413 14.5840065444 -0.820591769308 
14.4515206778 14.4304265345 -0.919112993516 
14.5625959599 14.268097576 -0.940811863661 
14.6086040699 14.199076649 -1.07821302377 
14.6671894753 14.0652277435 -1.1909124449 
14.7279388868 13.8804964984 -1.14562705339 
14.7791006529 13.7199275459 -1.15317119872 
14.8304548227 13.5494388307 -1.11055970221 
14.8767082655 13.4311386312 -0.770839640471 
14.9988953435 13.3051921094 -0.55339012243 
15.0659445488 13.2479608024 -0.364657447083 
15.1407921278 13.2032920087 -0.0737810252493 
15.2190389597 13.1856359209 0.208118999288 
15.2933174336 13.1959828104 0.239086813643 
15.3942159676 13.2211703027 0.00289026014987 
15.4325971567 13.2301117147 -0.261873177203 
15.4928086662 13.2113431657 -0.364770010691 
15.5464737081 13.1837753023 -0.344270383007 
15.5837326312 13.1573699678 -0.156635443762 
15.6174958312 13.1382681097 0.107615953042 
15.7005523854 13.1408632959 0.120161836677 
15.8017030546 13.14538705 0.108172548546 
15.9581732416 13.1511596406 0.116392139166 
16.1548401677 13.1596640314 0.115048594164 
16.3377829754 13.1665176118 0.116210995348 
16.4809023702 13.1725813116 0.136561221511 
16.6594952905 13.1777774061 0.130174909241 
16.8732705676 13.1840072835 0.111409372404 
17.0122595989 13.1876524652 0.113930163174 
17.1013314688 13.1918057168 0.11303578239 
17.2907565796 13.1979159082 0.111276235305 
17.494636532 13.2062343324 0.108207288909 
17.6714451277 13.2112523283 0.109998197999 
17.792963382 13.214493152 0.111090931724 
18.0117864573 13.2241314615 0.13923288313 
18.1545731985 13.2272509302 0.102419835353 
18.2718594038 13.2306016649 0.115662844414 
18.4335725271 13.2354282106 0.218507319533 
18.5306184256 13.2399533952 0.37159217862 
18.5991160833 13.2482911314 0.651525440334 
18.6790120566 13.2841297353 1.11055121814 
18.712688204 13.3295901979 1.26480684572 
18.7733027899 13.4507205451 1.37030000722 
18.7911696398 13.4986772502 1.81191827807 
18.7924208605 13.541730758 2.03123891584 
18.7635424101 13.6045831407 2.03405812581 
18.7470405066 13.614154693 1.84408271076 
18.7357103788 13.6561485494 1.75640766055 
18.73093557 13.6965435709 1.75838161463 
18.7157268488 13.8286763395 1.75396517959 
18.7059154474 13.9246492351 1.75983891273 
18.6826164686 14.1342109407 1.75614759966 
18.6622941458 14.3084246481 1.75525299782 
18.6439578497 14.4709781373 1.75532280924 
18.6223266089 14.6824925507 1.75455530938 
18.6066169703 14.8310585583 1.75424863733 
18.584159609 15.057152089 1.78064900989 
18.5663123095 15.2059737931 1.74109170822 
18.551091429 15.343831409 1.75691186832 
18.5296254122 15.5134968425 1.63092248809 
18.529194113 15.6404014195 1.30310852487 
18.5445153677 15.7035149897 1.04005017989 
18.5982601606 15.7832562889 0.871430389481 
18.7060511076 15.8904583419 0.854631298477 
18.8447172606 16.0254348482 0.86039355483 
18.9570085966 16.1343151892 0.830472471467 
19.1273660624 16.2984139884 0.870199280663 
19.1495730841 16.3178175653 0.847322826958 
19.1495730841 16.3178175653 0.847322826958 
19.1495730841 16.3178175653 0.847322826958 
19.1495730841 16.3178175653 0.847322826958 
19.1495730841 16.3178175653 0.847322826958 
19.1495730841 16.3178175653 0.847322826958 
19.1495730841 16.3178175653 0.847322826958 
19.1495730841 16.3178175653 0.847322826958 
19.1495730841 16.3178175653 0.847322826958 
19.1495730841 16.3178175653 0.847322826958 
19.1495730841 16.3178175653 0.847322826958 
19.1495730841 16.3178175653 0.847322826958 
19.1495730841 16.3178175653 0.847322826958 
19.1495730841 16.3178175653 0.847322826958 
19.1495730841 16.3178175653 0.847322826958 
19.1495730841 16.3178175653 0.847322826958 
19.1495730841 16.3178175653 0.847322826958 
19.1495730841 16.3178175653 0.847322826958 
19.1495730841 16.3178175653 0.847322826958 
19.1495730841 16.3178175653 0.847322826958 
19.1495730841 16.3178175653 0.847322826958 
19.1495730841 16.3178175653 0.847322826958 
19.1495730841 16.3178175653 0.847322826958 
19.1495730841 16.3178175653 0.847322826958 
19.1495730841 16.3178175653 0.847322826958 
19.1495730841 16.3178175653 0.847322826958 
19.1974768602 15.7093817259 4.00185893816 
19.1758177244 15.6871722008 4.01198290309 
19.1758177244 15.6871722008 4.01198290309 
19.0515813791 15.5804957117 3.56797512557 
18.9606344664 15.5467411245 3.59080277296 
18.8573691809 15.5103750492 3.5706416439 
18.6804623568 15.4448158557 3.56073936112 
18.4985015356 15.3796406353 3.53057639468 
18.3854727709 15.3397072742 3.31461703302 
18.2351043188 15.3313935066 3.12853625457 
18.1066303217 15.3436489443 3.09401173899 
17.8736464941 15.3694506849 3.09079724627 
17.7122830116 15.3883226032 3.0967844716 
17.5690995419 15.4046270216 3.09316985567 
17.4027771914 15.4237177933 3.10296357092 
17.1308425629 15.4571540023 3.10073067163 
16.9900180065 15.4724850918 3.1211971524 
16.8087868654 15.4934513534 3.08527276964 
16.5787417256 15.521595862 3.10104510646 
16.4110594952 15.5430579449 3.09885853351 
16.2302752399 15.5654560591 3.0939146391 
16.0584943854 15.5854314531 3.10137028158 
15.80706146 15.6148685182 3.12765010774 
15.7220816725 15.628342327 3.20203757335 
15.5577409231 15.6278819109 3.37127945299 
15.3755780422 15.6004252101 3.47069644185 
15.2480108702 15.5739615525 3.75899337866 
15.1824017131 15.5429036582 4.01244257965 
15.1341060364 15.5008130933 4.13242669244 
15.0507019126 15.3881365771 4.173685105 
14.9098316991 15.1850500407 4.18208565853 
14.7843478882 15.0061227942 4.19792233732 
14.6976753437 14.8815472091 4.19871517859 
14.6068220102 14.7549133564 4.10929889107 
14.4758800232 14.5712927545 4.1602170809 
14.391571995 14.4526599611 4.14711070545 
14.3589985335 14.4058960641 4.16153070555 
14.3589985335 14.4058960641 4.16153070555 
14.2188800537 14.2065125669 3.93372549431 
14.0505750143 14.0476269687 3.90325705563 
13.8642942869 13.900918361 3.6904878689 
13.72205114 13.8324099744 3.42826949693 
13.645732876 13.8134953941 3.28363494756 
13.4512832129 13.803890344 3.23575398874 
13.3539903128 13.8027071918 3.2174818203 
13.207998749 13.8008699382 3.22767946692 
13.0923931563 13.7985218729 3.21630419761 
12.9249553644 13.7981148923 2.95708431725 
12.8215160334 13.8196579183 2.57092785668 
12.8215160334 13.8196579183 2.57092785668 
12.7505717241 13.8550885881 2.09773631894 
12.7292771303 13.8570164407 1.80788201261 
12.7262656653 13.8553333248 1.76316825066 
12.7262656653 13.8553333248 1.76316825066 
12.7262656653 13.8553333248 1.76316825066 
12.6661505663 13.8782192434 0.743356308858 
12.6661505663 13.8782192434 0.743356308858 
12.6661505663 13.8782192434 0.743356308858 
12.6661505663 13.8782192434 0.743356308858 
12.6661505663 13.8782192434 0.743356308858 
12.6661505663 13.8782192434 0.743356308858 
12.6661505663 13.8782192434 0.743356308858 
12.6661505663 13.8782192434 0.743356308858 
12.6661505663 13.8782192434 0.743356308858 
13.1994192564 13.9193572963 -0.00672631097055 
13.1994192564 13.9193572963 -0.00672631097055 
13.5506088698 13.8773769105 0.327765843777 
13.6878077948 13.9179877008 0.557315438874 
13.8356933558 13.9970632757 0.534766195576 
13.9221816027 14.0433013404 0.536598618097 
14.1204590761 14.1475799049 0.535491267129 
14.2420409882 14.2130433286 0.580515388641 
14.3724181616 14.2790178622 0.612290580021 
14.5206466877 14.3699660862 1.04183109438 
14.5669039452 14.4304879273 1.1663384021 
14.6150263512 14.5233955348 1.18713090876 
14.6875007116 14.661261257 1.21316927166 
14.7441475355 14.7690917219 1.19372272486 
14.8381227219 14.9489942158 1.23768056185 
14.905831393 15.0812114144 1.16253294985 
14.9792205059 15.2192645318 0.854200282989 
15.0327028 15.2826894301 0.527832766942 
15.0856556856 15.3236911262 0.224068204648 
15.1146151983 15.3484030555 -0.163857196435 
15.1185883247 15.3618582378 -0.367851283232 
15.1549567544 15.3536280135 -0.529108090861 
15.1984297597 15.3213532309 -0.549842499123 
15.2757341826 15.2633100527 -0.553749010963 
15.3628768885 15.1927597935 -0.398189334326 
15.3958125078 15.1607339869 -0.119491904338 
15.418823477 15.136368599 0.214362938312 
15.4174835944 15.1289072523 0.31646057653 
15.4182884359 15.129581582 0.306019807448 
15.4171173834 15.1471116284 0.0317711358863 
15.4204494321 15.1690553317 -0.299678005323 
15.422992047 15.1744495446 -0.399937294827 
15.4239858651 15.1732393766 -0.387423764488 
15.4217195475 15.1724387745 -0.367203669782 
15.4213518166 15.1687118749 -0.294157791 
15.4181755149 15.1575126986 -0.0976057630738 
15.4214535319 15.1357627402 0.22550699085 
15.4633277619 15.138558876 0.358566722005 
15.5266650283 15.1569194237 0.35707172213 
15.5842294657 15.1729605387 0.360064219089 
15.6819905007 15.2014157029 0.349859539662 
15.8757720554 15.2567297316 0.349224828537 
15.9851235413 15.2873514446 0.349882185179 
16.0318223202 15.3001381497 0.355280260583 
16.0719240272 15.3112193162 0.355794002982 
16.0728747958 15.3114508058 0.355490216444 
16.0729622954 15.3115343417 0.354839247249 
16.0729625785 15.3114932294 0.354762015136 
16.0729278141 15.3114774863 0.355690818731 
16.0729651117 15.3114763165 0.354717159246 
16.0729580634 15.3114702667 0.354817994028 
16.0729666465 15.3114670927 0.354916219351 
16.0729304665 15.31148937 0.355667529107 
16.0729313457 15.3114838789 0.355525793499 
16.0729634875 15.3114797885 0.35468064417 
16.0729168319 15.3114921043 0.355665615278 
16.072947573 15.3114788646 0.354670863383 
16.0729542636 15.3114822994 0.354595742494 
16.0729171151 15.3115008513 0.355519064479 
16.0729607308 15.3114819268 0.354610148239 
16.0731121266 15.3115479539 0.351890418288 
16.0731775874 15.3115822638 0.351059455455 
16.0729784482 15.3114784847 0.35392168095 
16.0731623882 15.3115660886 0.351193075747 
16.0729245805 15.3114810477 0.354977841968 
16.072901439 15.3114933039 0.355476646016 
16.0731880778 15.3115899826 0.350687564964 
16.0729300344 15.3114824335 0.354747870052 
16.0729017669 15.3114988546 0.355605790927 
16.0731595569 15.3115845586 0.351170074726 
16.0731660986 15.3115783448 0.350898917999 
16.0729352647 15.3114835064 0.354721698393 
16.0729406887 15.3114781121 0.354468552825 
16.0729761535 15.3115016783 0.353939444641 
16.0730896109 15.3115562762 0.351929523741 
16.0730896109 15.3115562762 0.351929523741 
