15.8800202013 15.2400157913 0.0430011722888 
15.8800115829 15.2400141624 0.0432852402062 
15.8804593423 15.2403802595 0.0455418410812 
15.8799884749 15.2399842988 0.0431495027719 
15.87999029 15.2400108839 0.0430967214669 
15.880003906 15.2400286751 0.0430503327596 
15.8799844618 15.2400171665 0.0431605880329 
15.8799969061 15.2400242275 0.043022771173 
15.8799894649 15.2400167409 0.0431915354072 
15.8799891454 15.2400166839 0.0430875637821 
15.879987131 15.2400293223 0.0429414278366 
15.8800684541 15.2400981258 0.0433354953954 
15.8804305961 15.2404106585 0.0449850386681 
15.8799575913 15.2400247641 0.0428512871192 
15.8804262356 15.2404067589 0.0453134807511 
15.8803834022 15.2403711092 0.0450371434165 
15.880394797 15.2403815885 0.0452074394095 
15.8803814232 15.2403656179 0.0450644190405 
15.8803908416 15.2403814211 0.0449510773793 
15.8803874758 15.240392959 0.0450718810535 
15.8803806241 15.2403994505 0.0450627486393 
15.8803688205 15.2403788245 0.0452669207324 
15.8803731409 15.2403825643 0.0451637967279 
15.8803755437 15.2403763782 0.0449467260154 
15.879928643 15.2400204955 0.0431358523096 
15.8803801016 15.2404044855 0.0451118091574 
15.8799255743 15.2400194508 0.0429699361178 
15.8803804434 15.2403906556 0.0451282579242 
15.8803758045 15.2403895159 0.0450994831188 
15.8803781011 15.2403823733 0.045124486778 
15.8803638137 15.2403899811 0.0451507835275 
15.8799077413 15.2401253646 0.0437636585352 
15.8799873694 15.24007728 0.0433797395281 
15.8799534898 15.2400511474 0.0430490195716 
15.879909129 15.2400042237 0.0431783620027 
15.8799524131 15.2400215771 0.042845111454 
15.8800981083 15.2400550372 0.042347154669 
15.8799097725 15.240007677 0.0430899779052 
15.8800871224 15.240063287 0.0426073571458 
15.8800852672 15.2400628564 0.0424884709608 
15.8800892766 15.2400848573 0.0426063753313 
15.8801054192 15.240070581 0.0425481066217 
15.8800954885 15.24006702 0.04255865122 
15.8800922466 15.2400566955 0.0425080720801 
15.8800839885 15.2400783089 0.0427435436801 
15.8800821799 15.2400619881 0.0425039744169 
15.8800977917 15.2400632083 0.0425725527795 
15.88009593 15.2400785682 0.0425359221557 
15.8801458339 15.2401463077 0.0429930398628 
15.8800994457 15.2400534095 0.0425319240932 
15.8800934144 15.2400567279 0.0425170135622 
15.8800807643 15.2400506471 0.0424469631934 
15.8800928622 15.240054718 0.0425355445941 
15.8803543692 15.2403783077 0.0450419359928 
15.8803690012 15.2403802946 0.0450101977834 
15.8800963835 15.2400574671 0.042389115964 
15.8801013801 15.2400512396 0.0424424879892 
15.8801459913 15.2401118807 0.0430356966189 
15.8800759074 15.2400399037 0.0424903006358 
15.8803727432 15.2403942135 0.0452779324525 
15.8803628014 15.2403636405 0.0451014502783 
15.8803902577 15.2404005474 0.0448006838235 
15.8803633946 15.2403938898 0.0450243805095 
15.8801051808 15.2400519282 0.0424663825265 
15.8800922838 15.2400429971 0.0425749928878 
15.8800853734 15.2400539932 0.0426849362 
15.880099726 15.2400485115 0.0425665196815 
15.8800945227 15.2400453689 0.0425020171128 
15.88007731 15.2400437081 0.0423855550079 
15.880037808 15.2400643465 0.0421997397608 
15.8800482379 15.2400651715 0.0423974281614 
15.8800579283 15.2400670478 0.0423992024969 
15.8800513224 15.2400662518 0.0425027103814 
15.883073792 15.2396596633 0.0460852521576 
15.9218452611 15.2395888816 0.0292449545135 
15.9787679502 15.2372669871 0.028221248192 
16.0007632637 15.2359864644 0.0355776743323 
16.0652420038 15.2328974686 0.0368467030205 
16.0998558217 15.2313266767 0.03717731287 
16.2259367966 15.2280642551 0.0312827413862 
16.3946584427 15.2238721859 0.0334145339164 
16.5141928756 15.219259918 0.0458081564927 
16.6225258076 15.2147483456 0.0507287317134 
16.7033410036 15.2124068069 0.0472308930392 
16.8507463896 15.2071156299 0.0480688339931 
16.9591367209 15.203089502 0.0399788650339 
17.152505871 15.1944529901 0.0466614287806 
17.2769421303 15.1889304186 0.0362389061988 
17.428881284 15.1825167502 0.0489786488986 
17.5867550337 15.1756895671 0.0435281845176 
17.7326658928 15.1699519495 0.0499345909919 
17.8887357676 15.1638250987 0.0457886883737 
18.0725800955 15.1576555783 0.0409848265096 
18.2750275099 15.1490881036 0.0389546725135 
18.4646193945 15.1412546078 0.046984870043 
18.6878683531 15.1357207412 -0.144425304273 
18.7909960711 15.1206977556 -0.512714823779 
18.8363099062 15.1018999333 -0.74487617999 
18.8693313562 15.0882378633 -1.04268631822 
18.9045417273 15.0843587185 4.70815896278 
18.9085328543 15.065698501 4.63386028174 
18.8979213202 15.0135811532 4.63476161431 
18.8746578657 14.8808425928 4.62491666957 
18.8577585184 14.7951360012 4.59145258729 
18.8334238493 14.6640875901 4.59190538762 
18.7962131464 14.4658615554 4.61192502827 
18.7706949675 14.3173844779 4.62261649706 
18.7437710726 14.1706271137 -1.40500483673 
18.7486607992 14.0671260322 -1.13536987986 
18.7724933588 13.9952419961 -1.05865158773 
18.8053510153 13.9411358798 -1.21130408934 
18.8254413569 13.931007501 -1.48804913762 
18.8297414744 13.9307787384 -1.55384497062 
18.8457019293 13.9162712062 4.47167729097 
18.8457019293 13.9162712062 4.47167729097 
18.8457019293 13.9162712062 4.47167729097 
18.8457019293 13.9162712062 4.47167729097 
18.8457019293 13.9162712062 4.47167729097 
18.8457019293 13.9162712062 4.47167729097 
18.5612695181 13.2653492654 3.94575735543 
18.5612695181 13.2653492654 3.94575735543 
18.5612695181 13.2653492654 3.94575735543 
18.5612695181 13.2653492654 3.94575735543 
18.1219749415 13.1188987459 3.36548179991 
17.9652566874 13.0975395406 3.36981168587 
17.7912714445 13.0730270112 3.39715337928 
17.5829868281 13.0416818822 3.32212057379 
17.3728177511 13.0376685823 3.236342769 
17.1689699852 13.0394645895 3.21137898451 
17.1689699852 13.0394645895 3.21137898451 
16.7443946564 13.0487288202 3.21262311722 
16.5645478332 13.0515133108 3.20667910061 
16.3624841237 13.0558215345 3.19124817289 
16.1495695972 13.0589300359 3.21986814755 
15.9312018083 13.0604575838 3.20545525723 
15.6550929659 13.0653330053 3.2011837692 
15.530839827 13.0686942304 3.18862226374 
15.4004394972 13.0713781084 3.19953585409 
15.2584466302 13.075005647 3.19163681539 
15.0777808392 13.0786160196 3.17705525284 
14.9140105807 13.0811871255 3.18167948588 
14.8793482744 13.0804878438 3.17360402691 
14.8036609852 13.0601617063 2.59538939413 
14.7887309754 13.044517156 2.25245204478 
14.7651425564 13.0664905275 2.09594101881 
14.7555403673 13.0860546792 2.08609429879 
14.7555403673 13.0860546792 2.08609429879 
14.5628666842 13.5062733854 2.07422543686 
14.477111932 13.6897029842 2.09798125469 
14.3782856428 13.9105615581 2.33415183648 
14.3324545586 13.9837888444 2.72594810037 
14.3170696461 14.0132738317 3.15318895776 
14.2849060261 14.0272606576 3.41537055757 
14.2098369562 14.0179316963 3.38473433638 
14.107507106 13.9986298049 3.39399184512 
13.9345152342 13.969371673 3.39833559526 
13.7463808024 13.9353493417 3.39414656957 
13.6422142946 13.9170187677 3.37145789434 
13.4730503523 13.9104440177 -0.641157717003 
13.2603535616 13.8429673875 3.74031599081 
13.2603535616 13.8429673875 3.74031599081 
13.1298875773 13.8371872867 4.13738645157 
13.1142759287 13.8440014089 4.38409411478 
13.1142759287 13.8440014089 4.38409411478 
13.1142759287 13.8440014089 4.38409411478 
13.0768849814 13.752845403 4.47587678447 
13.0542921984 13.6687657798 4.4974207284 
13.0115556681 13.5375941957 4.5891057681 
12.9942328894 13.4894676174 -1.53217011945 
12.9758222067 13.435889479 -1.1560463411 
12.9605390989 13.4173394407 -0.821704286069 
12.9429104292 13.3977938856 -0.408878463634 
12.9363808596 13.3853039707 -0.188734650479 
12.9351968729 13.3635882104 0.128907816864 
12.9450621569 13.3576711381 0.24258654738 
12.9652874434 13.3575916255 0.31304113726 
13.1036093199 13.3879860605 0.380680501861 
13.1036093199 13.3879860605 0.380680501861 
13.1036093199 13.3879860605 0.380680501861 
13.1760466063 13.3919261659 0.853794991924 
13.1760466063 13.3919261659 0.853794991924 
13.3773577177 13.6421622003 0.868923983154 
13.4805083239 13.7446974481 0.752262803909 
13.6066839659 13.8423329557 0.745082081723 
13.7685425245 13.9676417078 0.736672563532 
13.9126437866 14.0800389017 0.738629309156 
14.064799186 14.1963167156 0.72336642936 
14.265450474 14.3487579788 0.70404639402 
14.474691745 14.5062108005 0.677887115895 
14.6324633324 14.6293796266 0.71271890039 
14.7919949257 14.7520175243 0.745290024182 
14.918050524 14.849456575 0.704078720332 
15.0317902529 14.9368476535 0.739132542288 
15.158624109 15.0345353896 0.736798646293 
15.2251465284 15.0858538414 0.726837973174 
15.2817199194 15.1204401592 0.846614394567 
15.300647434 15.1247101391 1.0365034274 
15.3313968145 15.111969989 1.55247590447 
15.3418403232 15.1468991602 1.72110538028 
15.3371313178 15.2255590691 1.71871519465 
15.3302911484 15.3139389346 1.72233181614 
15.3175954783 15.463426214 1.73150911541 
15.3132834994 15.5194932784 1.72979279948 
15.3069521153 15.6085998083 1.73956344982 
15.3097906077 15.6208616162 1.7620338147 
15.3246091568 15.6227987076 2.01277364731 
15.3417397701 15.6287601257 2.31697202647 
15.3418922388 15.631379124 2.33633153739 
15.3385780418 15.6294583345 2.2940028469 
15.3225011193 15.6211978162 1.99575460285 
15.3046594226 15.6180182661 1.69838910784 
15.2996026837 15.6168703402 1.62674085575 
15.2996687257 15.6183339919 1.6344071042 
15.3041603529 15.6225414241 1.70356201259 
15.3020334208 15.659541961 1.70143519384 
15.2997634971 15.6975956226 1.70093780608 
15.3026028835 15.7501282657 1.80979611552 
15.3213013374 15.773674723 2.18703589364 
15.3290078604 15.7760212983 2.29811619004 
15.3290349805 15.7766116227 2.29934972477 
15.3325178587 15.780874368 2.38544644472 
15.3417029941 15.7915634478 2.60817353228 
15.3507189118 15.8102647627 2.92898571825 
15.3415766918 15.8250390256 3.13981045741 
15.2990579569 15.8302672471 3.20528344386 
15.2330374086 15.8377569879 3.25998301227 
15.2012066209 15.8527874912 3.59965316638 
15.1965467298 15.8649918998 3.79839204107 
15.181081053 15.8550118769 3.80943407507 
15.1263952815 15.8174075449 3.80918444271 
15.0299268925 15.7522305811 3.82390514261 
14.9168157541 15.6777270401 3.82645147521 
14.8406361305 15.6266399289 3.81729523668 
14.6379702055 15.4920165206 3.79437183253 
14.5473377668 15.4328026886 3.84507269382 
14.3896338904 15.32580122 3.80485236905 
14.2731550896 15.2501037859 3.79892503731 
14.1450718605 15.1619988198 3.75294628622 
14.0587112867 15.1086843277 3.57361346902 
13.9515052998 15.0683052356 3.25801961866 
13.8995554411 15.0639321769 3.19267778858 
13.8653941118 15.065194499 3.20284513412 
13.8652310335 15.0652635063 3.20704561835 
13.8652310335 15.0652635063 3.20704561835 
13.8433585131 15.0656008686 3.20621587774 
13.8033714258 15.0662530179 3.21135512574 
13.8033714258 15.0662530179 3.21135512574 
13.7487843001 15.0696565027 3.20825565175 
13.7487843001 15.0696565027 3.20825565175 
13.7487843001 15.0696565027 3.20825565175 
13.7183814013 15.0991936589 3.67965530441 
13.7183814013 15.0991936589 3.67965530441 
13.7183814013 15.0991936589 3.67965530441 
13.6632838213 15.1345336849 -1.5636478589 
13.6296074354 15.1296179036 -1.30230253239 
13.6386563742 15.1222905705 -1.1576714424 
13.6386563742 15.1222905705 -1.1576714424 
13.6455821955 15.0407196696 -0.642642134315 
13.66381168 15.0022391642 -0.634755536573 
13.6736733877 14.9741136695 -0.280871523086 
13.708216902 14.9582272733 -0.458539462454 
13.708216902 14.9582272733 -0.458539462454 
13.9250264132 14.8379611338 -0.344482157357 
14.050003525 14.7643171812 -0.374467738909 
14.2141035759 14.6725974644 -0.493972467368 
14.2871864998 14.6295086111 -0.684145153553 
14.3812276089 14.5357094372 -0.889033481166 
14.4714617693 14.4019540513 -0.934247176116 
14.5670305454 14.2655869688 -0.955088071164 
14.6366153919 14.1516395772 -1.13791911076 
14.6794152224 14.0247900451 -1.18495822199 
14.7359243595 13.8593941892 -1.18286259815 
14.8081142866 13.6320503915 -1.19228062789 
14.8333256209 13.5400357212 -1.09223032472 
14.9097952807 13.3882856334 -0.680208484674 
15.0325897896 13.2750951017 -0.480007121648 
15.1075336897 13.2207704748 -0.216125330552 
15.183550533 13.1878091062 0.126759184038 
15.3053484523 13.1980797018 0.235860244756 
15.3666977846 13.213579532 0.122469513346 
15.4215648734 13.230813619 -0.221176584878 
15.4971776569 13.2096101011 -0.369633514247 
15.5404404664 13.1880341733 -0.36071276433 
15.5758155846 13.1648837293 -0.237035032493 
15.5956886077 13.1434153284 0.0322448012813 
15.6680908465 13.1396676267 0.116939852019 
15.7771905848 13.144385692 0.116850263017 
15.8757908737 13.1481529439 0.11840975956 
16.0583356881 13.1548827852 0.117642789439 
16.1980164015 13.1612664426 0.115935906904 
16.3788447344 13.1685947145 0.132771589482 
16.4995918238 13.1725379194 0.118037057387 
16.6594952905 13.1777774061 0.130174909241 
16.8648103439 13.1831465925 0.109840715296 
17.0122595989 13.1876524652 0.113930163174 
17.1013314688 13.1918057168 0.11303578239 
17.2907565796 13.1979159082 0.111276235305 
17.494636532 13.2062343324 0.108207288909 
17.6714451277 13.2112523283 0.109998197999 
17.792963382 13.214493152 0.111090931724 
18.0117864573 13.2241314615 0.13923288313 
18.1545731985 13.2272509302 0.102419835353 
18.2718594038 13.2306016649 0.115662844414 
18.4454362356 13.2340165342 0.213913566292 
18.5306184256 13.2399533952 0.37159217862 
18.6515338385 13.2699081863 0.880097958154 
18.6837420427 13.2876864637 1.13304040174 
18.7394826376 13.3927903141 1.31601249881 
18.7773234808 13.4556056226 1.42626784349 
18.7920291388 13.4999012912 1.83033819691 
18.7832908594 13.5684308971 2.08270413551 
18.7654068434 13.6032820905 2.05033128388 
18.7411677801 13.6215428079 1.78085426148 
18.7329981291 13.6755688156 1.75229636302 
18.7230501139 13.7620435918 1.75731640855 
18.7097964251 13.8812582458 1.761135126 
18.6967530214 14.0098612274 1.75697535315 
18.6711595022 14.2274905408 1.75511646603 
18.6533372366 14.3898401822 1.75575637663 
18.6278300249 14.632123288 1.75827181162 
18.6133880579 14.7682856585 1.75496515549 
18.5991809332 14.8914410139 1.75977895307 
18.5753664934 15.1082629974 1.74009693277 
18.5610139334 15.2562119218 1.75513423197 
18.541409012 15.4307882751 1.74239887408 
18.5280125105 15.5299533273 1.60202572318 
18.5288569891 15.6353740359 1.32173247468 
18.5886175596 15.7724745835 0.882874213129 
18.6816949808 15.8663735951 0.857104035971 
18.8090465033 15.990800556 0.852002990462 
18.9200425112 16.1005606616 0.850365657876 
19.0755734408 16.2482867206 0.869905533193 
19.1495730841 16.3178175653 0.847322826958 
19.1495730841 16.3178175653 0.847322826958 
19.1495730841 16.3178175653 0.847322826958 
19.1495730841 16.3178175653 0.847322826958 
19.1495730841 16.3178175653 0.847322826958 
19.1495730841 16.3178175653 0.847322826958 
19.1495730841 16.3178175653 0.847322826958 
19.1495730841 16.3178175653 0.847322826958 
19.1495730841 16.3178175653 0.847322826958 
19.1495730841 16.3178175653 0.847322826958 
19.1495730841 16.3178175653 0.847322826958 
19.1495730841 16.3178175653 0.847322826958 
19.1495730841 16.3178175653 0.847322826958 
19.1495730841 16.3178175653 0.847322826958 
19.1495730841 16.3178175653 0.847322826958 
19.1495730841 16.3178175653 0.847322826958 
19.1495730841 16.3178175653 0.847322826958 
19.1495730841 16.3178175653 0.847322826958 
19.1495730841 16.3178175653 0.847322826958 
19.1495730841 16.3178175653 0.847322826958 
19.1495730841 16.3178175653 0.847322826958 
19.1495730841 16.3178175653 0.847322826958 
19.1495730841 16.3178175653 0.847322826958 
19.1495730841 16.3178175653 0.847322826958 
19.1495730841 16.3178175653 0.847322826958 
19.1495730841 16.3178175653 0.847322826958 
19.2177474463 15.7299703325 4.01278394607 
19.1758177244 15.6871722008 4.01198290309 
19.1758177244 15.6871722008 4.01198290309 
19.0952424967 15.5971412326 3.58036245778 
18.9715425932 15.5508501197 3.58673866261 
18.8947539293 15.524064448 3.55740100429 
18.7491075956 15.4704085107 3.56599197038 
18.5226020777 15.3888896967 3.54613624834 
18.3718330824 15.3362078185 3.27901094796 
18.2492721045 15.3301212157 3.12721813716 
18.0694918596 15.3483645881 3.10274727668 
17.857349869 15.3720766569 3.10241259094 
17.6825752222 15.3910661305 3.09173720836 
17.5784128868 15.4045183475 3.11136118237 
17.3658708298 15.4277438338 3.09644215591 
17.1514441931 15.4545523489 3.10033831752 
16.9305802548 15.4807402904 3.10085365804 
16.7298822963 15.5037217999 3.09312583574 
16.6006487572 15.5186191166 3.11295453647 
16.4110594952 15.5430579449 3.09885853351 
16.2721145415 15.5601170028 3.09438401551 
16.0584943854 15.5854314531 3.10137028158 
15.8758515214 15.6067620779 3.10363676915 
15.689529609 15.630569991 3.22799500255 
15.5855491125 15.6311007703 3.36181314522 
15.3620247209 15.5986606146 3.49003446503 
15.2885361278 15.5846952463 3.62652275545 
15.1722128355 15.5350358749 4.04113084126 
15.0844073856 15.4315217699 4.20500404586 
15.0507019126 15.3881365771 4.173685105 
15.0507019126 15.3881365771 4.173685105 
14.7430026495 14.947967645 4.1922676036 
14.6531025135 14.8232655192 4.19118096677 
14.5402517283 14.6577594245 4.18179252239 
14.4368628227 14.5129422511 4.1776507105 
14.3589985335 14.4058960641 4.16153070555 
14.3589985335 14.4058960641 4.16153070555 
14.2188800537 14.2065125669 3.93372549431 
14.0801639521 14.0720310176 3.88735891724 
14.0505750143 14.0476269687 3.90325705563 
13.8461444342 13.8908817733 3.65846720331 
13.7369277441 13.8386166061 3.46742574213 
13.6498548948 13.8142445053 3.28827465825 
13.4512832129 13.803890344 3.23575398874 
13.3032424414 13.8021241392 3.22795404933 
13.1393513643 13.7999998296 3.23454520028 
13.0027210676 13.7958028282 3.11918405138 
12.9537985289 13.7980010475 3.09022098974 
12.8215160334 13.8196579183 2.57092785668 
12.8215160334 13.8196579183 2.57092785668 
12.7456178629 13.8577371801 2.04144178447 
12.7262656653 13.8553333248 1.76316825066 
12.7262656653 13.8553333248 1.76316825066 
12.7262656653 13.8553333248 1.76316825066 
12.7262656653 13.8553333248 1.76316825066 
12.6661505663 13.8782192434 0.743356308858 
12.6661505663 13.8782192434 0.743356308858 
12.6661505663 13.8782192434 0.743356308858 
12.6661505663 13.8782192434 0.743356308858 
12.6661505663 13.8782192434 0.743356308858 
12.6661505663 13.8782192434 0.743356308858 
12.6661505663 13.8782192434 0.743356308858 
12.6661505663 13.8782192434 0.743356308858 
13.1994192564 13.9193572963 -0.00672631097055 
13.1994192564 13.9193572963 -0.00672631097055 
13.569388386 13.8788758481 0.393003687466 
13.6607761347 13.9068493808 0.539163545455 
13.8259773218 13.9900739158 0.557531538847 
13.9471305573 14.0565746988 0.554434390418 
14.1284948551 14.1517299379 0.550445379021 
14.2829296553 14.2318499053 0.540796106842 
14.4520610535 14.3215450014 0.758995602587 
14.5382311308 14.3889653648 1.1162023356 
14.5719877445 14.439780351 1.18180463605 
14.6124787294 14.5174943174 1.1915717361 
14.7025866472 14.6901712979 1.17022963766 
14.7572951281 14.7901171709 1.23509007632 
14.8406534159 14.9565105105 1.19191588954 
14.9134509527 15.098876294 1.14255134965 
14.9861547911 15.2305052106 0.807388595828 
15.0274085962 15.2783364954 0.565940799058 
15.0829214418 15.3208233903 0.249004558156 
15.1143412554 15.3435921262 -0.0736322527134 
15.1185883247 15.3618582378 -0.367851283232 
15.1717069113 15.3420561517 -0.556449099869 
15.2446061933 15.2874024662 -0.544272472576 
15.3001925313 15.2461094328 -0.5560962437 
15.3645689451 15.1919282826 -0.385090957877 
15.4053974115 15.1532729978 -0.0147068768048 
15.4176385963 15.1327582265 0.26676932989 
15.4180017376 15.127911594 0.332807479631 
15.4169165158 15.1391772369 0.159351068664 
15.4181101286 15.1582902039 -0.128739346795 
15.4222055935 15.1739732514 -0.35813701585 
15.4239858651 15.1732393766 -0.387423764488 
15.4200572931 15.1727391223 -0.348827994461 
15.4218010866 15.1699307303 -0.311353332141 
15.4160281086 15.1537146757 -0.046754620908 
15.420394268 15.1363180915 0.214379088793 
15.4633277619 15.138558876 0.358566722005 
15.5589947962 15.16591559 0.359860639354 
15.6819905007 15.2014157029 0.349859539662 
15.8127800861 15.2388121653 0.348374868573 
15.9188471549 15.2691890078 0.3641942819 
16.0066774377 15.2927777025 0.353654899283 
16.0646344387 15.3090795989 0.354708515687 
16.0735429638 15.3118365298 0.351754597788 
16.0728784465 15.3114683742 0.355135703693 
16.0730058664 15.3115643526 0.354689369333 
16.0729265773 15.3114875669 0.355907498112 
16.0729232394 15.3114844377 0.355629847521 
16.0729231798 15.3114882524 0.355558255681 
16.0729699248 15.3114872689 0.354879963994 
16.0729304665 15.31148937 0.355667529107 
16.0729283654 15.3114910612 0.355939132414 
16.0729286486 15.3114964108 0.355658221917 
16.0729676449 15.3114833424 0.354572810407 
16.0729618334 15.3114693652 0.354711770567 
16.0731187427 15.3115604261 0.352062726186 
16.0729484969 15.3114620487 0.354599828682 
16.0730062985 15.3115037943 0.353715143308 
16.0729505682 15.311484542 0.354581672109 
16.0731775874 15.3115822638 0.351059455455 
16.0731731915 15.311561052 0.350985175522 
16.0729946309 15.3115102837 0.353900219936 
16.0729134941 15.3115061114 0.355342083063 
16.0729759746 15.3115061338 0.354071480683 
16.0731880778 15.3115899826 0.350687564964 
16.0729384982 15.3114855776 0.354606786451 
16.0731248521 15.3115608061 0.351611258238 
16.0731644147 15.3115841115 0.350948781578 
16.0729626828 15.3115244622 0.354629873332 
16.0731034243 15.3115500251 0.351734106206 
16.0731126481 15.3115385289 0.351729245884 
16.0731542521 15.3115746344 0.350877506454 
16.0730896109 15.3115562762 0.351929523741 
16.0730896109 15.3115562762 0.351929523741 
