15.8800193277 15.2400293592 0.0430148036723 
15.8800202712 15.2400226471 0.0430777734048 
15.8801360849 15.2400392168 0.0427933861777 
15.8801731878 15.240082626 0.0425454633553 
15.8799884749 15.2399842988 0.0431495027719 
15.8799870248 15.2400097362 0.0431827486868 
15.8799920027 15.2400186661 0.0430754027709 
15.8799850234 15.2400151714 0.0431274282068 
15.8800017658 15.2400247433 0.043060504626 
15.8799799775 15.2400039913 0.0431101614406 
15.8799843612 15.2400146599 0.0430252164333 
15.8799825889 15.2400011643 0.0431060043442 
15.8799719448 15.2400098518 0.0430746497847 
15.8803979448 15.2403866446 0.0449462390025 
15.8800409419 15.2400847604 0.0432872017423 
15.8803976915 15.2403858749 0.0450612874162 
15.8803897697 15.240384121 0.0449282687547 
15.8803843922 15.2403881964 0.0451391545886 
15.8803279401 15.2403201184 0.0445537764738 
15.8803863592 15.2403948684 0.0452289521307 
15.880386687 15.2403813042 0.0451531574089 
15.8803691353 15.2403934768 0.0451780491831 
15.8803910204 15.2403940002 0.0449979432903 
15.8803706757 15.24036603 0.0451610373258 
15.8803783377 15.2403939669 0.0450069017996 
15.8803727404 15.2404000962 0.0450579173807 
15.8799210266 15.2400134809 0.0430431422069 
15.8803730254 15.2404037907 0.0449230903841 
15.8803681537 15.2403840581 0.0450414146845 
15.8803781011 15.2403823733 0.045124486778 
15.8803769975 15.2403724471 0.0450017076079 
15.8803935294 15.2404337984 0.0453825307646 
15.8799247734 15.2400024515 0.0428191904189 
15.8799534898 15.2400511474 0.0430490195716 
15.880093272 15.2400584028 0.042402173538 
15.8800854116 15.2400612622 0.0424329931257 
15.8799363422 15.2400171935 0.0428504038378 
15.8800891006 15.2400607839 0.04253653882 
15.8801102351 15.2400818919 0.042549865591 
15.8800871085 15.2400793256 0.0425556445493 
15.8800997633 15.2400772203 0.0424956939373 
15.8800942862 15.2400631121 0.0424735111992 
15.8800850027 15.2400486372 0.0425356722998 
15.8800839885 15.2400783089 0.0427435436801 
15.8800888566 15.2400744765 0.0425743851344 
15.8800929935 15.2400605395 0.0425277109231 
15.88009593 15.2400785682 0.0425359221557 
15.8800874083 15.240064094 0.0425138552593 
15.8800918563 15.2400832146 0.0424834361087 
15.8800817673 15.2400537512 0.0424518788365 
15.8803570896 15.2403861161 0.0450550661564 
15.8800872733 15.2400545661 0.0423151174534 
15.8803806753 15.24040459 0.0450962325663 
15.8800940021 15.2400635423 0.0425680907253 
15.8799718443 15.2400329386 0.0429968109898 
15.8803097309 15.2403150152 0.0444487748281 
15.8802962993 15.2403035706 0.0443606708357 
15.8801513492 15.2401216781 0.0431323241768 
15.8803105402 15.2403021625 0.044573907042 
15.8803685057 15.2403659215 0.0450676255921 
15.8800970075 15.2400590985 0.0426469894078 
15.8803681369 15.2403678973 0.0450388851979 
15.8803573708 15.2403655006 0.0450977515767 
15.8803605448 15.2403750562 0.04464677663 
15.8803743898 15.2403670945 0.0451817915138 
15.8803913268 15.2403951821 0.0451176893246 
15.8803102906 15.2403193789 0.0444735563037 
15.8801032762 15.2400433533 0.0425676476675 
15.8800852728 15.2400717446 0.0433768406102 
15.8800949409 15.2400530769 0.0426388491242 
15.8801093335 15.240046688 0.0426459510605 
15.8800733491 15.240044034 0.0424482083392 
15.8800251746 15.240062925 0.042216651417 
15.8800510421 15.2400829139 0.042321049315 
15.8800494011 15.2400540995 0.0422816777159 
15.8800579283 15.2400670478 0.0423992024969 
15.8800497056 15.2400483349 0.0423482707532 
15.8800463882 15.2400662181 0.0423929352942 
15.8950150741 15.2402990232 0.0374019551647 
15.9522426912 15.237595106 0.0354974982109 
15.9876206183 15.2369478358 0.0298367924373 
16.059643265 15.233053142 0.0365493656277 
16.1976856255 15.2285826618 0.031571033514 
16.3198268079 15.2256350063 0.0376750701103 
16.4816414678 15.220949149 0.0318455420175 
16.5998317563 15.2158994714 0.0369598633983 
16.7501307094 15.2100994906 0.0502660939324 
16.900986191 15.2054119895 0.0459999310691 
17.0392637217 15.1985401104 0.0410722106839 
17.1448957884 15.1947575437 0.051016944286 
17.2586414778 15.1902046616 0.0442067858074 
17.4019198382 15.1834769624 0.0406323101821 
17.5221906864 15.1780167075 0.0428467838888 
17.6685034001 15.1730186383 0.00371274537814 
17.8670151198 15.1648700202 0.0441744313049 
17.997169491 15.1596794243 0.0454104733569 
18.1376166308 15.1554780195 0.0389595828077 
18.2590389216 15.1498324911 0.04064318597 
18.4431033098 15.1425592566 0.0372358490998 
18.5802748167 15.1374940316 0.0154905448751 
18.6878683531 15.1357207412 -0.144425304273 
18.7587108576 15.1280961225 -0.382168515853 
18.8618028128 15.0901203121 -0.969642796046 
18.8986966574 15.0955412055 -1.44588352599 
18.9046072924 15.0503027255 4.63173771728 
18.894955393 15.0084294046 4.66433664697 
18.8793342077 14.9098551835 4.63222236156 
18.8499827349 14.7599068845 4.61785496592 
18.8222200834 14.6057117547 4.60656739073 
18.7875907385 14.4166609014 4.61325808605 
18.7567980253 14.2506664361 4.70416892851 
18.7430198156 14.1650545562 -1.38663247749 
18.7467908823 14.0755661691 -1.15739708056 
18.7747874224 13.9901983703 -1.05801469399 
18.8007590735 13.9461396898 -1.16788464386 
18.8227081263 13.9317284788 -1.44313945532 
18.8392121756 13.929953214 4.58020064439 
18.8457019293 13.9162712062 4.47167729097 
18.8457019293 13.9162712062 4.47167729097 
18.8457019293 13.9162712062 4.47167729097 
18.8457019293 13.9162712062 4.47167729097 
18.8457019293 13.9162712062 4.47167729097 
18.8457019293 13.9162712062 4.47167729097 
18.5631592238 13.2483191455 3.97744166168 
18.5612695181 13.2653492654 3.94575735543 
18.5612695181 13.2653492654 3.94575735543 
18.5612695181 13.2653492654 3.94575735543 
18.1518914663 13.1231561864 3.36371997543 
18.00883865 13.1034692491 3.37433960104 
17.8626048529 13.082021829 3.35774287388 
17.6977851355 13.0599204267 3.36937583418 
17.55773687 13.0382794107 3.2867072525 
17.3728177511 13.0376685823 3.236342769 
17.2046781742 13.0412436689 3.23605162855 
17.1689699852 13.0394645895 3.21137898451 
17.1689699852 13.0394645895 3.21137898451 
16.7575695479 13.0486828054 3.20214610769 
16.5734628403 13.0516787733 3.1861164869 
16.3321165108 13.0576683248 3.20465378675 
16.1776243412 13.0585826601 3.21819263744 
16.0099645668 13.0595113004 3.20050379735 
15.8379070499 13.0617936815 3.19832219937 
15.6974962169 13.0646210874 3.20131424025 
15.563552972 13.0677350725 3.19570276027 
15.4190260732 13.0709701742 3.16662674219 
15.3226982319 13.0728269781 3.18994309619 
15.1776375138 13.07745659 3.19420863792 
15.0238282644 13.0796595777 3.17135494225 
14.9140105807 13.0811871255 3.18167948588 
14.8793482744 13.0804878438 3.17360402691 
14.8793482744 13.0804878438 3.17360402691 
14.8017274105 13.0557743276 2.52282332136 
14.7906584704 13.0450245107 2.2766031728 
14.7683831417 13.0613402093 2.10382088557 
14.7555403673 13.0860546792 2.08609429879 
14.7555403673 13.0860546792 2.08609429879 
14.63943946 13.3366957868 2.05961938309 
14.5502514803 13.5323379005 2.07085159066 
14.453042742 13.7384676898 2.09943914348 
14.394154545 13.8771011795 2.21923242394 
14.3546488249 13.9566436971 2.54405161886 
14.3306649887 13.9867583478 2.77535038643 
14.3193464243 14.0121369327 3.06544493972 
14.3080867493 14.0282326902 3.32039773254 
14.2571805679 14.0266218151 3.42019360652 
14.1399552786 14.0044187273 3.44548777896 
14.0251915419 13.9828786815 3.3559447665 
13.8357105219 13.9521930183 3.39450025909 
13.7046265566 13.9279198612 3.39360171832 
13.5389382803 13.8962870801 3.34642195387 
13.4730503523 13.9104440177 -0.641157717003 
13.4730503523 13.9104440177 -0.641157717003 
13.2603535616 13.8429673875 3.74031599081 
13.1691467726 13.8418576683 3.80671702315 
13.1260118448 13.8375205959 4.20942598199 
13.1142759287 13.8440014089 4.38409411478 
13.1142759287 13.8440014089 4.38409411478 
13.1041424238 13.834721681 4.50217319687 
13.0934398138 13.7958891357 4.49794293425 
13.0698442423 13.7238818372 4.51294550232 
13.0333244764 13.6003071035 4.50278212798 
13.0072121584 13.527349707 4.62341603406 
12.9850361311 13.4635482992 -1.37045574801 
12.9715871775 13.4263399805 -1.050482796 
12.9605390989 13.4173394407 -0.821704286069 
12.9425470793 13.3958733047 -0.381488116711 
12.9371867144 13.3847222293 -0.180129440463 
12.9365513289 13.361527201 0.157730342448 
12.9652874434 13.3575916255 0.31304113726 
12.9652874434 13.3575916255 0.31304113726 
13.1036093199 13.3879860605 0.380680501861 
13.1036093199 13.3879860605 0.380680501861 
13.1036093199 13.3879860605 0.380680501861 
13.1760466063 13.3919261659 0.853794991924 
13.1760466063 13.3919261659 0.853794991924 
13.3481359446 13.5943131412 0.98941155328 
13.3773577177 13.6421622003 0.868923983154 
13.5124061072 13.7676993574 0.752505748947 
13.6402652228 13.8684064115 0.739497999852 
13.7581820452 13.9597847427 0.736475278634 
13.9024784529 14.0720956291 0.739487677997 
14.0404709541 14.1779668296 0.741244043883 
14.2005701029 14.2983059252 0.681254540245 
14.3528988325 14.4164133633 0.732100428525 
14.4800740444 14.5117284621 0.698428768938 
14.6019355023 14.6023982728 0.713212335249 
14.7919949257 14.7520175243 0.745290024182 
14.9112733566 14.8441734577 0.707438528606 
15.0798296892 14.9744361306 0.731463593682 
15.1844344699 15.0549039508 0.728966813003 
15.2659242117 15.1119950677 0.76775387671 
15.300647434 15.1247101391 1.0365034274 
15.300647434 15.1247101391 1.0365034274 
15.3401928508 15.1261940564 1.67813916389 
15.3410390579 15.1619219745 1.7268410243 
15.3371313178 15.2255590691 1.71871519465 
15.3267369234 15.3604216913 1.72106505315 
15.3167213165 15.4911515082 1.73681449071 
15.3082481587 15.5950192774 1.7377891013 
15.308566209 15.6201593245 1.72306957144 
15.322183963 15.6213397647 1.98442905413 
15.3398801648 15.6258769299 2.26777507545 
15.34481835 15.6301758255 2.30565225895 
15.3410497272 15.6298299397 2.31659550991 
15.3291656935 15.6221971179 2.08226643852 
15.3013285362 15.6182612742 1.65226692064 
15.2992904746 15.6178413297 1.62714855651 
15.3003290259 15.6196040178 1.64339275574 
15.3032454216 15.6317214931 1.7009541816 
15.3001141512 15.691992786 1.70167020972 
15.3011353576 15.740751263 1.77418845999 
15.3178808653 15.7718763913 2.13093182599 
15.3289172613 15.7755765284 2.29255291653 
15.3284843528 15.7770434583 2.29912071641 
15.3325938546 15.7811020578 2.38778225707 
15.3400857412 15.7894753183 2.5673488047 
15.3495984637 15.8074104155 2.88829520674 
15.3429700696 15.8243019546 3.13277023857 
15.2579082811 15.8319757546 3.21003968167 
15.2103951537 15.8437576855 3.43552598594 
15.1999550426 15.8592162097 3.69510994926 
15.19406515 15.8634759153 3.80690725014 
15.1539799535 15.8352472151 3.79418155202 
15.1010806524 15.8010773624 3.80772689598 
15.0174330437 15.7443193162 3.82394763901 
14.9068947398 15.6711922551 3.80534146329 
14.7343409025 15.5569681788 3.80590171161 
14.6379702055 15.4920165206 3.79437183253 
14.4728835785 15.3824191357 3.82897394977 
14.3528499567 15.3008444423 3.79419582316 
14.2121925318 15.2093553937 3.7984939719 
14.076700207 15.1192988793 3.63260262977 
14.0010790789 15.0789021368 3.36281501108 
13.9246451819 15.0638655389 3.20447506855 
13.8838965857 15.0651792402 3.20480791087 
13.8649120295 15.0653139318 3.21014077841 
13.8652310335 15.0652635063 3.20704561835 
13.8652310335 15.0652635063 3.20704561835 
13.8222162687 15.0655794109 3.21543638485 
13.8033714258 15.0662530179 3.21135512574 
13.8033714258 15.0662530179 3.21135512574 
13.7487843001 15.0696565027 3.20825565175 
13.7487843001 15.0696565027 3.20825565175 
13.7487843001 15.0696565027 3.20825565175 
13.7183814013 15.0991936589 3.67965530441 
13.7183814013 15.0991936589 3.67965530441 
13.7183814013 15.0991936589 3.67965530441 
13.6604742968 15.1344590227 -1.5215492669 
13.6430134737 15.1323527361 -1.22808365243 
13.6386563742 15.1222905705 -1.1576714424 
13.6386563742 15.1222905705 -1.1576714424 
13.6434788668 15.0486626143 -0.959320019442 
13.6385259592 15.0289579595 -0.708878451425 
13.6640586817 14.9977181966 -0.602364572168 
13.6736733877 14.9741136695 -0.280871523086 
13.708216902 14.9582272733 -0.458539462454 
13.8628320658 14.8738499249 -0.336257193025 
14.0111761057 14.785673138 -0.335106054543 
14.1384564602 14.7133225168 -0.464675202285 
14.2476178372 14.6509258712 -0.612339493935 
14.3696525061 14.5488120283 -0.915040862058 
14.4774728977 14.3943612541 -0.908378073848 
14.5842283928 14.2399990524 -1.00360658665 
14.6502591335 14.1183487142 -1.16381605752 
14.7083275282 13.9442089761 -1.14564172425 
14.7561974489 13.791249987 -1.1699062232 
14.8179799282 13.5958420003 -1.17927075293 
14.8580211365 13.4729022945 -0.92700255451 
14.8980371916 13.4023487533 -0.724502968583 
14.9988953435 13.3051921094 -0.55339012243 
15.1075336897 13.2207704748 -0.216125330552 
15.2003930771 13.1856483186 0.174299753236 
15.2811054551 13.193652984 0.241793777607 
15.3636110985 13.2127181257 0.133649325474 
15.4392809832 13.2290259565 -0.281193264614 
15.5074376428 13.2049330438 -0.371117109624 
15.5606479907 13.1747013296 -0.301388091925 
15.6030530595 13.1406739915 0.0712595489754 
15.6742991471 13.1396213735 0.118701562939 
15.7928573006 13.145040151 0.104617226567 
15.9782711157 13.1519747938 0.11851253899 
16.278468486 13.1644154752 0.114998072389 
16.56108379 13.1762562955 0.109252829947 
16.7540439927 13.1802645887 0.11180729156 
17.0122595989 13.1876524652 0.113930163174 
17.2907565796 13.1979159082 0.111276235305 
17.494636532 13.2062343324 0.108207288909 
17.6714451277 13.2112523283 0.109998197999 
17.792963382 13.214493152 0.111090931724 
18.034432646 13.2250360216 0.0956812093403 
18.1545731985 13.2272509302 0.102419835353 
18.3852155172 13.2343100275 0.125593083132 
18.4454362356 13.2340165342 0.213913566292 
18.5991160833 13.2482911314 0.651525440334 
18.6515338385 13.2699081863 0.880097958154 
18.712688204 13.3295901979 1.26480684572 
18.7394826376 13.3927903141 1.31601249881 
18.7893595659 13.449763533 2.31444684319 
18.794436928 13.5070770944 1.83446919419 
18.7903280222 13.5495498146 2.04874252194 
18.7654068434 13.6032820905 2.05033128388 
18.7513141596 13.6147415603 1.90988545315 
18.7357103788 13.6561485494 1.75640766055 
18.7250735724 13.7451144422 1.75555254725 
18.7157268488 13.8286763395 1.75396517959 
18.7008995974 13.9696543182 1.75569493501 
18.6859457457 14.1050605739 1.7557207726 
18.6645159685 14.2870725358 1.75522613776 
18.6356785261 14.5508395995 1.75599764266 
18.6214401686 14.6906025971 1.74984135805 
18.6001782381 14.8829314078 1.76086061639 
18.5826456511 15.0543583597 1.74685540744 
18.5600657427 15.2647326088 1.77012735324 
18.5433700049 15.415380236 1.75089473158 
18.5273759329 15.5463054741 1.57128131439 
18.5316073858 15.6525243486 1.2410428204 
18.557628628 15.7291349436 0.967440859071 
18.6765582525 15.8614232505 0.857521179006 
18.7721977198 15.9556159342 0.856727894914 
18.8810150587 16.0607234205 0.86211813352 
18.9826650583 16.1580054129 0.842796339925 
19.0976245367 16.2688600982 0.861232903317 
19.1495730841 16.3178175653 0.847322826958 
19.1495730841 16.3178175653 0.847322826958 
19.1495730841 16.3178175653 0.847322826958 
19.1495730841 16.3178175653 0.847322826958 
19.1495730841 16.3178175653 0.847322826958 
19.1495730841 16.3178175653 0.847322826958 
19.1495730841 16.3178175653 0.847322826958 
19.1495730841 16.3178175653 0.847322826958 
19.1495730841 16.3178175653 0.847322826958 
19.1495730841 16.3178175653 0.847322826958 
19.1495730841 16.3178175653 0.847322826958 
19.1495730841 16.3178175653 0.847322826958 
19.1495730841 16.3178175653 0.847322826958 
19.1495730841 16.3178175653 0.847322826958 
19.1495730841 16.3178175653 0.847322826958 
19.1495730841 16.3178175653 0.847322826958 
19.1495730841 16.3178175653 0.847322826958 
19.1495730841 16.3178175653 0.847322826958 
19.1495730841 16.3178175653 0.847322826958 
19.1495730841 16.3178175653 0.847322826958 
19.1495730841 16.3178175653 0.847322826958 
19.1495730841 16.3178175653 0.847322826958 
19.1495730841 16.3178175653 0.847322826958 
19.1495730841 16.3178175653 0.847322826958 
19.1495730841 16.3178175653 0.847322826958 
19.1495730841 16.3178175653 0.847322826958 
19.2177474463 15.7299703325 4.01278394607 
19.1758177244 15.6871722008 4.01198290309 
19.1143500769 15.6076954866 3.61548138978 
19.041090008 15.5766894186 3.56889434022 
18.9715425932 15.5508501197 3.58673866261 
18.8279435598 15.499744531 3.57056929149 
18.6921992266 15.4498748595 3.5682542033 
18.4985015356 15.3796406353 3.53057639468 
18.3854727709 15.3397072742 3.31461703302 
18.2570147478 15.3294655869 3.12838217897 
18.0987911188 15.3456122691 3.11175865717 
17.9370975458 15.3631522248 3.10158048784 
17.7767999136 15.3810156251 3.09715719086 
17.5936864578 15.4024693186 3.10069822168 
17.3569465839 15.4295369352 3.10484497225 
17.1727572643 15.4518011327 3.09866736113 
16.9392443859 15.4790235425 3.10250104622 
16.7377793157 15.5030369724 3.09823951376 
16.4819661343 15.5334730113 3.10075922752 
16.2721145415 15.5601170028 3.09438401551 
16.0885101223 15.5818335677 3.08763015265 
15.8929179582 15.6050502623 3.10803903984 
15.674453091 15.632788148 3.27577197399 
15.4364049697 15.6080518032 3.38732035034 
15.304310199 15.5880511964 3.58955429028 
15.2039680445 15.5570924843 3.94697560738 
15.106882509 15.4667230363 4.19986136485 
15.0507019126 15.3881365771 4.173685105 
15.0507019126 15.3881365771 4.173685105 
14.8532657587 15.1037570799 4.20642092236 
14.7799708807 14.9987831677 4.20252250229 
14.6654924118 14.841042843 4.19180772784 
14.5448609554 14.6647739972 4.18251923907 
14.456557151 14.5457044805 4.17353043674 
14.3702278101 14.4273401464 3.71010382622 
14.3589985335 14.4058960641 4.16153070555 
14.2188800537 14.2065125669 3.93372549431 
14.0801639521 14.0720310176 3.88735891724 
13.9102778399 13.9337071146 3.79821956536 
13.7773413622 13.8604193891 3.59011212119 
13.6922693216 13.8210685218 3.34470022453 
13.5528268778 13.8049002851 3.23243262325 
13.3877210581 13.8050339187 3.21771727195 
13.2510373556 13.8011332715 3.2219278247 
13.0923931563 13.7985218729 3.21630419761 
12.9348871672 13.7978821958 3.01356277157 
12.8367638552 13.8161745037 2.63937974467 
12.8215160334 13.8196579183 2.57092785668 
12.7470102274 13.8571057285 2.05589225219 
12.7262656653 13.8553333248 1.76316825066 
12.7262656653 13.8553333248 1.76316825066 
12.7262656653 13.8553333248 1.76316825066 
12.6661505663 13.8782192434 0.743356308858 
12.6661505663 13.8782192434 0.743356308858 
12.6661505663 13.8782192434 0.743356308858 
12.6661505663 13.8782192434 0.743356308858 
12.6661505663 13.8782192434 0.743356308858 
12.6661505663 13.8782192434 0.743356308858 
12.6661505663 13.8782192434 0.743356308858 
12.6661505663 13.8782192434 0.743356308858 
13.1994192564 13.9193572963 -0.00672631097055 
13.1994192564 13.9193572963 -0.00672631097055 
13.1994192564 13.9193572963 -0.00672631097055 
13.6050806009 13.8876290287 0.465338131903 
13.7205259764 13.934740063 0.583922137135 
13.9087132179 14.0345597232 0.558966237296 
14.0372767412 14.1033043827 0.542265823255 
14.1915976965 14.1863948072 0.564801872842 
14.3260227406 14.2568744982 0.586366425681 
14.500684973 14.3524682487 0.850790086794 
14.5502358639 14.4052821959 1.15305005976 
14.5980653727 14.4910482729 1.18652182936 
14.6703975165 14.6240766014 1.22995162317 
14.7877016031 14.8542219366 1.18000039561 
14.8839086258 15.0380248542 1.19175317594 
14.9385513031 15.1495594422 1.04524194379 
15.0036503636 15.2546048279 0.686079671501 
15.0708759391 15.3122758682 0.35982440362 
15.1050241553 15.3374940718 0.0190041101198 
15.1163490378 15.3594336847 -0.334523624325 
15.1397595965 15.3607970516 -0.515639642292 
15.1740687453 15.3398913781 -0.553999121442 
15.2585669124 15.275769342 -0.550503675435 
15.340444144 15.2117825879 -0.465020517585 
15.3937394583 15.1634463559 -0.138740882243 
15.4149770403 15.1430145169 0.132440950176 
15.4166077339 15.1301626379 0.295290400804 
15.4185275101 15.1289994458 0.320516710589 
15.4168233239 15.1414061303 0.12365323282 
15.4181101286 15.1582902039 -0.128739346795 
15.4203306996 15.1719614307 -0.317722868247 
15.424090203 15.1739410276 -0.401839281397 
15.4207245373 15.1733893047 -0.340873419137 
15.4218212032 15.1693475063 -0.305051928196 
15.4175492489 15.1564971174 -0.0809788880865 
15.4170461857 15.1387020017 0.171861424885 
15.4423308932 15.1339496041 0.337212973478 
15.5763841831 15.1707415471 0.355751216447 
15.6819905007 15.2014157029 0.349859539662 
15.8195025438 15.2405135529 0.355320074389 
15.9648731911 15.281669766 0.349793864407 
16.0289729201 15.2990273761 0.357169144234 
16.0729158187 15.3116733993 0.35242490883 
16.072953757 15.311551329 0.35477711114 
16.0729256832 15.3115316818 0.355726101041 
16.0729713255 15.3114763836 0.354741388052 
16.0729651117 15.3114763165 0.354717159246 
16.0729583913 15.3114668096 0.354768137067 
16.0729699248 15.3114872689 0.354879963994 
16.0729220771 15.3114696781 0.355693993442 
16.0729615652 15.3114745731 0.355003693333 
16.0729190671 15.3114883343 0.35569693515 
16.0729696864 15.3114774341 0.354600331871 
16.0729614311 15.3114683444 0.354764051748 
16.072949689 15.3114741037 0.354762023294 
16.072946828 15.3114667947 0.35461900297 
16.0729080104 15.3115101869 0.355650365952 
16.0729166233 15.3115144486 0.355614141975 
16.0731732213 15.311583061 0.351064247163 
16.0731240326 15.3115555013 0.351808087868 
16.0729523116 15.3114882375 0.354748955317 
16.0731130951 15.3115489374 0.351904660135 
16.0731631779 15.3115800286 0.350992159908 
16.0728972965 15.3114992047 0.35555623166 
16.0731567704 15.3115781362 0.35101675897 
16.0731622988 15.3115765716 0.350905524428 
16.0731687361 15.3115772049 0.35101524254 
16.0729798638 15.3115120272 0.354006231256 
16.0731577688 15.3115738595 0.351114702288 
16.0729418808 15.3114848475 0.354455351008 
16.0730904454 15.3115512843 0.351942870382 
16.0730896109 15.3115562762 0.351929523741 
