15.8800202712 15.2400226471 0.0430777734048 
15.880012259 15.240003379 0.0431510390082 
15.8800354182 15.2400360102 0.0427573171223 
15.880021426 15.2400304428 0.0430410854236 
15.8799870248 15.2400097362 0.0431827486868 
15.8803304444 15.2402963771 0.0448974691521 
15.8799982798 15.2400185756 0.0429517824723 
15.8799776212 15.2400042726 0.0432711459909 
15.8799919245 15.240023203 0.0432128441908 
15.8799817414 15.2400092536 0.0432597822773 
15.8799717437 15.2399980888 0.0431975739997 
15.879972024 15.2400052508 0.0430350238566 
15.8799616845 15.2399997799 0.0430155897606 
15.880422487 15.2403987618 0.0452298003317 
15.8804262356 15.2404067589 0.0453134807511 
15.8803947904 15.2403802041 0.0450241720633 
15.8804002573 15.2403587205 0.0450596097468 
15.8803108773 15.240322236 0.0445825451601 
15.880385779 15.2403841151 0.0450840402429 
15.8803796499 15.2403845445 0.0449928968868 
15.880386687 15.2403813042 0.0451531574089 
15.8803811223 15.2404026138 0.0450536984827 
15.8803019692 15.240318486 0.0446279401641 
15.8801401342 15.2401602853 0.0436096927321 
15.8803149807 15.2403294724 0.0446915872972 
15.8803748601 15.2403936575 0.0449984743937 
15.8803727404 15.2404000962 0.0450579173807 
15.8803935741 15.2404292976 0.045034041033 
15.8803730254 15.2404037907 0.0449230903841 
15.8803707334 15.2403917916 0.0450190162013 
15.8803781011 15.2403823733 0.045124486778 
15.8803663562 15.2403818735 0.0450521587825 
15.8798985305 15.2399857733 0.0431748708965 
15.8802850434 15.2403150145 0.0446911022997 
15.8799174569 15.2400169583 0.043125277914 
15.8800134353 15.2400933182 0.0436053499211 
15.8800979332 15.2400763944 0.0425102422302 
15.8800927374 15.2400543601 0.0425169718024 
15.8799450045 15.2400229803 0.0430453368988 
15.8800905246 15.2400701129 0.0425522640914 
15.8800899853 15.2400656234 0.0425035811132 
15.8799538194 15.2400209619 0.0431430373991 
15.8800864994 15.2400657971 0.0425406073943 
15.8800954885 15.24006702 0.04255865122 
15.8800996962 15.240072296 0.0425024315467 
15.8800920352 15.2400615281 0.0424838336923 
15.8800837119 15.2400730291 0.0425207075209 
15.8800888566 15.2400744765 0.0425743851344 
15.8800929935 15.2400605395 0.0425277109231 
15.8800836216 15.2400676443 0.04247340225 
15.8803063371 15.2403304752 0.044649265543 
15.8800890531 15.2400787509 0.0425924677303 
15.8800901343 15.2400613119 0.0424841773831 
15.8801482163 15.2401344772 0.043063883292 
15.8803701719 15.2403744441 0.0449943773704 
15.8800886042 15.2400626713 0.0425082397427 
15.8800928622 15.240054718 0.0425355445941 
15.8800815578 15.2400691726 0.0424267324313 
15.8803727786 15.2403821212 0.0450397783059 
15.8803662175 15.2403914034 0.0450398236086 
15.8803612507 15.2403750431 0.045053297688 
15.8800960678 15.2400524507 0.0425257851756 
15.8803105402 15.2403021625 0.044573907042 
15.8803717057 15.2403698489 0.0450200776263 
15.8800892719 15.240050551 0.0424650783854 
15.8803623785 15.2403751775 0.045189602563 
15.880366997 15.240381165 0.0448869298445 
15.8803835754 15.2403886202 0.0448255078041 
15.8803586579 15.2403831242 0.0451466203975 
15.880113762 15.2400643792 0.0424046403999 
15.8801036646 15.2400483827 0.0425676500531 
15.880093732 15.24005772 0.0425966746831 
15.8801183711 15.2400819071 0.0428927651161 
15.8801159618 15.2400598663 0.042554410415 
15.8801163939 15.2400559442 0.0426117987361 
15.8800819284 15.2400530712 0.0424636862777 
15.8800413237 15.2400653997 0.0422453119136 
15.8800392431 15.240070357 0.0423943393098 
15.8800493992 15.2400636351 0.0422075536206 
15.8800579832 15.2400742783 0.0423839828459 
15.8800503305 15.2400530463 0.0424379592978 
15.8800750534 15.2400823287 0.0423967265394 
15.8846410095 15.2396412171 0.0463261589435 
15.9289372863 15.2389422901 0.0305144427385 
15.9814148062 15.2369073845 0.0302654694715 
16.0093377867 15.2357996334 0.0377237619826 
16.0998558217 15.2313266767 0.03717731287 
16.1818006003 15.2288758208 0.0225585897417 
16.354709413 15.2249956394 0.0374623846415 
16.5198805296 15.2188656817 0.046404339845 
16.6356804931 15.2143398526 0.0489023139952 
16.6868589484 15.2128135657 0.0488396834383 
16.858969506 15.2069067659 0.0483977660287 
17.0120155775 15.2004133093 0.0345715777637 
17.1255866253 15.1945197287 0.0514377793271 
17.2237834894 15.1918771791 0.0414519979728 
17.4019198382 15.1834769624 0.0406323101821 
17.550390836 15.1768017116 0.0384594456251 
17.6846430266 15.1715664978 0.0287621120998 
17.8670151198 15.1648700202 0.0441744313049 
18.0144791567 15.1596455614 0.0405343210292 
18.1227340662 15.1563999544 0.0386785282912 
18.2234516108 15.1516907627 0.0430514121923 
18.4254796469 15.1429679582 0.0423716223043 
18.6513128245 15.1374285186 -0.0689034553494 
18.7478713953 15.1302929188 -0.338261636754 
18.8001933062 15.118439805 -0.558555387331 
18.8693313562 15.0882378633 -1.04268631822 
18.9050171339 15.0830353911 4.69982788657 
18.9046072924 15.0503027255 4.63173771728 
18.8918344938 14.9890584017 4.66161263714 
18.8745851481 14.8904945518 4.65011489266 
18.8551015818 14.7845635081 4.60063382336 
18.8338313067 14.6724906529 4.60539497342 
18.7908937895 14.4369464482 4.61547637383 
18.759778496 14.2674100364 4.68148655351 
18.74290156 14.102407452 -1.20872156159 
18.7703707182 13.9990559782 -1.04737740122 
18.7895252668 13.9633336032 -1.08870104937 
18.8121066057 13.9339964355 -1.28349731884 
18.8297414744 13.9307787384 -1.55384497062 
18.8457019293 13.9162712062 4.47167729097 
18.8457019293 13.9162712062 4.47167729097 
18.8457019293 13.9162712062 4.47167729097 
18.8457019293 13.9162712062 4.47167729097 
18.8457019293 13.9162712062 4.47167729097 
18.8457019293 13.9162712062 4.47167729097 
18.8457019293 13.9162712062 4.47167729097 
18.5612695181 13.2653492654 3.94575735543 
18.5612695181 13.2653492654 3.94575735543 
18.5612695181 13.2653492654 3.94575735543 
18.2212150061 13.1347461904 3.35438126115 
18.1219749415 13.1188987459 3.36548179991 
17.9600655996 13.097633716 3.37517213302 
17.8356485331 13.0767420495 3.34170580665 
17.7081100905 13.0609639848 3.37907066968 
17.5311381781 13.0360289777 3.23422730534 
17.3424173557 13.038738128 3.24043739758 
17.1689699852 13.0394645895 3.21137898451 
17.1689699852 13.0394645895 3.21137898451 
16.7970657312 13.0465370382 3.22454680477 
16.6252970063 13.0512918199 3.20009331692 
16.4426017367 13.054944631 3.19827157987 
16.3067889773 13.0575925077 3.19399848717 
16.1280364805 13.0597766603 3.23561497771 
15.9985834995 13.0593875612 3.2085381299 
15.8286272736 13.0621226991 3.18924259876 
15.6176800394 13.0660463537 3.20774723648 
15.4821992778 13.0691927637 3.17655841302 
15.3865030968 13.0706216062 3.17679800868 
15.2696682179 13.0746666158 3.19152610469 
15.1293504798 13.0774937833 3.18682330292 
15.0346030557 13.0796209539 3.16959984947 
14.9140105807 13.0811871255 3.18167948588 
14.8793482744 13.0804878438 3.17360402691 
14.8793482744 13.0804878438 3.17360402691 
14.7932397091 13.0460101331 2.31741696098 
14.7683831417 13.0613402093 2.10382088557 
14.7555403673 13.0860546792 2.08609429879 
14.7555403673 13.0860546792 2.08609429879 
14.63943946 13.3366957868 2.05961938309 
14.5658535921 13.4989317621 2.07415439046 
14.5057556593 13.6237038339 2.08958503353 
14.453042742 13.7384676898 2.09943914348 
14.3985123598 13.8655766214 2.18533216272 
14.3607414925 13.9479657377 2.50761554744 
14.3280299866 13.9911467994 2.80907413862 
14.3228381836 14.0046019519 3.03990096338 
14.3207226956 14.0207877124 3.28928277826 
14.2601728403 14.0269963706 3.41895398786 
14.1680322849 14.0091873373 3.44623575788 
14.0833822453 13.9927823509 3.44067625471 
13.935710665 13.9693531955 3.41124388103 
13.7927472555 13.9440469707 3.4004173957 
13.6363375151 13.8782141174 2.38644873292 
13.5012915098 13.8923580612 3.38826096725 
13.4730503523 13.9104440177 -0.641157717003 
13.2603535616 13.8429673875 3.74031599081 
13.2603535616 13.8429673875 3.74031599081 
13.1481139624 13.8370482887 3.9434465349 
13.1206052267 13.8366050685 4.25415011541 
13.1142759287 13.8440014089 4.38409411478 
13.1142759287 13.8440014089 4.38409411478 
13.1041424238 13.834721681 4.50217319687 
13.0863864386 13.7764943803 4.48350641604 
13.0698442423 13.7238818372 4.51294550232 
13.0290794336 13.5862283672 4.50621825886 
13.0072121584 13.527349707 4.62341603406 
12.9850361311 13.4635482992 -1.37045574801 
12.9731965029 13.4286892379 -1.07533789937 
12.9526731932 13.4124938215 -0.676962783807 
12.9429104292 13.3977938856 -0.408878463634 
12.9371366465 13.3792276348 -0.106065667237 
12.9351968729 13.3635882104 0.128907816864 
12.9450621569 13.3576711381 0.24258654738 
12.9652874434 13.3575916255 0.31304113726 
13.1036093199 13.3879860605 0.380680501861 
13.1036093199 13.3879860605 0.380680501861 
13.1760466063 13.3919261659 0.853794991924 
13.1760466063 13.3919261659 0.853794991924 
13.1760466063 13.3919261659 0.853794991924 
13.3455848658 13.5904339517 1.0016345941 
13.3773577177 13.6421622003 0.868923983154 
13.4614086115 13.7293165887 0.76115355912 
13.526813265 13.7785907949 0.749176055843 
13.6547980272 13.8789808715 0.722844622135 
13.7988963091 13.9912185634 0.739173558682 
13.9499247038 14.1083525384 0.73825063585 
14.1133748257 14.2327666248 0.706675077057 
14.2320305073 14.3245279754 0.705817805379 
14.3795573675 14.4337637986 0.671713127438 
14.4563932383 14.4938360418 0.737023948422 
14.5853158199 14.5923739637 0.712075146081 
14.7286993229 14.7042096222 0.731120084164 
14.8404220307 14.7878868843 0.714773016977 
14.9531612956 14.8773134316 0.714322505864 
15.0977154338 14.9885258044 0.724859675642 
15.1885827148 15.0580125416 0.727995847933 
15.2319612467 15.091554519 0.725847090086 
15.2876042091 15.1224879439 0.897410332869 
15.300647434 15.1247101391 1.0365034274 
15.3324061 15.1124778355 1.56513683195 
15.3415766918 15.1568883101 1.72869761809 
15.3343320453 15.2634672357 1.72347530332 
15.3259229028 15.3670792843 1.72362037009 
15.3163493836 15.5052965547 1.72043471818 
15.3080998027 15.5966986979 1.7369972277 
15.3102074229 15.6201449896 1.8002873245 
15.3267202937 15.6226502622 2.07449461688 
15.34208655 15.6291591192 2.32358283255 
15.3418558204 15.6314986313 2.33623832001 
15.3402471506 15.6312387551 2.32995680771 
15.3206169569 15.6200499202 1.90712482635 
15.3001227343 15.6185373629 1.64123010292 
15.2993444168 15.6175502504 1.62698376404 
15.2996395194 15.6182556714 1.63368314445 
15.3042216861 15.6194783712 1.70427908319 
15.3018333876 15.6620688106 1.69744718065 
15.2983144486 15.7175980772 1.70517089353 
15.3054643237 15.7608638371 1.89206219792 
15.3241026961 15.7729428376 2.22215070391 
15.3277664148 15.7786571349 2.31077668503 
15.3286764586 15.7768252457 2.29891139919 
15.3295984828 15.778461274 2.32860383242 
15.3389140927 15.7878878678 2.53763694446 
15.3456180656 15.7970203722 2.71105443356 
15.3507189118 15.8102647627 2.92898571825 
15.3223737442 15.8292099203 3.20341248627 
15.2330374086 15.8377569879 3.25998301227 
15.2058435046 15.8487901057 3.48835897481 
15.2001215779 15.8656848038 3.7789581082 
15.1776081884 15.8537302578 3.79606123007 
15.1010806524 15.8010773624 3.80772689598 
15.0110170209 15.7409378851 3.84859132351 
14.8672655785 15.6445277298 3.80174745871 
14.7343409025 15.5569681788 3.80590171161 
14.5647244417 15.4455800916 3.81669516136 
14.2977174484 15.267194357 3.7935721473 
14.1876523459 15.1933597813 3.79229603153 
14.0537697041 15.1057108308 3.55676749277 
13.9591696226 15.0693783576 3.27342342128 
13.9036036694 15.0633173699 3.18904235538 
13.8695421183 15.0644524361 3.19529998875 
13.8651630842 15.0652531798 3.20775885148 
13.8652310335 15.0652635063 3.20704561835 
13.8340909445 15.0650289024 3.25726653477 
13.8033714258 15.0662530179 3.21135512574 
13.8033714258 15.0662530179 3.21135512574 
13.7487843001 15.0696565027 3.20825565175 
13.7487843001 15.0696565027 3.20825565175 
13.7487843001 15.0696565027 3.20825565175 
13.7183814013 15.0991936589 3.67965530441 
13.7183814013 15.0991936589 3.67965530441 
13.7183814013 15.0991936589 3.67965530441 
13.6727874243 15.1338413397 4.57465075271 
13.6438507998 15.1321764181 -1.24792967948 
13.6386563742 15.1222905705 -1.1576714424 
13.6386563742 15.1222905705 -1.1576714424 
13.6386563742 15.1222905705 -1.1576714424 
13.6603071653 15.0165732617 -0.608779197869 
13.6666791403 14.9895783479 -0.53354831947 
13.7025577986 14.9615882898 -0.452720960923 
13.708216902 14.9582272733 -0.458539462454 
13.8628320658 14.8738499249 -0.336257193025 
14.0370616877 14.7738667096 -0.458347176275 
14.1436880791 14.7106392945 -0.44681177581 
14.2653231585 14.6436298455 -0.606910319166 
14.358263489 14.5639829005 -0.881139736791 
14.4311376774 14.4624968136 -0.935862891836 
14.5298833811 14.3126205767 -0.912444330611 
14.5982398951 14.2214970554 -1.05541968706 
14.6576969587 14.099569198 -1.18318470858 
14.7167673075 13.9159884418 -1.1590986037 
14.7561974489 13.791249987 -1.1699062232 
14.8264847958 13.5659887756 -1.11316870457 
14.8741280996 13.4362484182 -0.792080996639 
14.9652282559 13.3340517248 -0.584707882033 
15.1008713805 13.2247122491 -0.241092903762 
15.1682907307 13.191830274 0.0558175363853 
15.223275479 13.1856902803 0.213144157313 
15.3261519038 13.2019578184 0.229765973486 
15.3743854129 13.2156578268 0.0956433525357 
15.4244931304 13.2307010854 -0.234632409185 
15.5464737081 13.1837753023 -0.344270383007 
15.594953742 13.1441990102 0.0202994635451 
15.6680908465 13.1396676267 0.116939852019 
15.8932968719 13.148767587 0.120346721938 
16.2996043527 13.1653381551 0.115725573767 
16.6421316826 13.1775041784 0.135670584759 
16.9378259146 13.186972257 0.135539814122 
17.1013314688 13.1918057168 0.11303578239 
17.2781467402 13.1975303853 0.110984299195 
17.490316149 13.2060390676 0.108575122837 
17.6158206427 13.2098613943 0.109040576889 
17.792963382 13.214493152 0.111090931724 
17.9117696249 13.2198160852 0.0982112181706 
18.034432646 13.2250360216 0.0956812093403 
18.2718594038 13.2306016649 0.115662844414 
18.3852155172 13.2343100275 0.125593083132 
18.5306184256 13.2399533952 0.37159217862 
18.5991160833 13.2482911314 0.651525440334 
18.6515338385 13.2699081863 0.880097958154 
18.712688204 13.3295901979 1.26480684572 
18.7664015257 13.4473862613 1.42617678526 
18.7822918856 13.483731624 1.67108186358 
18.7912018263 13.5345156158 1.96572244674 
18.7727088892 13.5919076169 2.08622496466 
18.7564611399 13.6124503578 1.97752765587 
18.7399656736 13.6245574916 1.76829068216 
18.7340407335 13.667438742 1.75345000374 
18.7250735724 13.7451144422 1.75555254725 
18.7117795908 13.8642966712 1.75795951595 
18.6967530214 14.0098612274 1.75697535315 
18.6826164686 14.1342109407 1.75614759966 
18.6678683722 14.2572658623 1.75481704856 
18.6449742281 14.462517556 1.75511648495 
18.6230032408 14.6740534271 1.75751054808 
18.6018326246 14.870007124 1.76360289988 
18.5856490099 15.0242039675 1.74731721267 
18.5663123095 15.2059737931 1.74109170822 
18.5477511847 15.373782363 1.7561290815 
18.5280125105 15.5299533273 1.60202572318 
18.5279631579 15.6276091898 1.35039179275 
18.5386645758 15.6862088407 1.10498318724 
18.5795471632 15.7613762582 0.89649692802 
18.6454043352 15.8317844833 0.85187903628 
18.6816949808 15.8663735951 0.857104035971 
18.8391308748 16.0210201705 0.829093654347 
18.899005171 16.0791643227 0.847520305399 
19.0332488978 16.2067075933 0.867313506827 
19.0854465925 16.2569483484 0.860056170898 
19.1495730841 16.3178175653 0.847322826958 
19.1495730841 16.3178175653 0.847322826958 
19.1495730841 16.3178175653 0.847322826958 
19.1495730841 16.3178175653 0.847322826958 
19.1495730841 16.3178175653 0.847322826958 
19.1495730841 16.3178175653 0.847322826958 
19.1495730841 16.3178175653 0.847322826958 
19.1495730841 16.3178175653 0.847322826958 
19.1495730841 16.3178175653 0.847322826958 
19.1495730841 16.3178175653 0.847322826958 
19.1495730841 16.3178175653 0.847322826958 
19.1495730841 16.3178175653 0.847322826958 
19.1495730841 16.3178175653 0.847322826958 
19.1495730841 16.3178175653 0.847322826958 
19.1495730841 16.3178175653 0.847322826958 
19.1495730841 16.3178175653 0.847322826958 
19.1495730841 16.3178175653 0.847322826958 
19.1495730841 16.3178175653 0.847322826958 
19.1495730841 16.3178175653 0.847322826958 
19.1495730841 16.3178175653 0.847322826958 
19.1495730841 16.3178175653 0.847322826958 
19.1495730841 16.3178175653 0.847322826958 
19.1495730841 16.3178175653 0.847322826958 
19.1495730841 16.3178175653 0.847322826958 
19.1495730841 16.3178175653 0.847322826958 
19.1495730841 16.3178175653 0.847322826958 
19.1495730841 16.3178175653 0.847322826958 
19.1495730841 16.3178175653 0.847322826958 
19.1495730841 16.3178175653 0.847322826958 
19.2177474463 15.7299703325 4.01278394607 
19.1758177244 15.6871722008 4.01198290309 
19.1758177244 15.6871722008 4.01198290309 
19.1758177244 15.6871722008 4.01198290309 
19.0662701094 15.5857031311 3.56828400567 
18.9546146357 15.544923153 3.57557441085 
18.8012680971 15.4895762766 3.55366178379 
18.5685622656 15.4061139936 3.566465522 
18.4362719023 15.3560090552 3.42950784995 
18.3335277998 15.3275738026 3.18235808801 
18.1668593847 15.3372192348 3.09502758507 
17.945716139 15.3625227402 3.10688565955 
17.7854524815 15.3800951357 3.09748227027 
17.5690995419 15.4046270216 3.09316985567 
17.391303178 15.4253122176 3.11297623763 
17.2112595999 15.4459727223 3.0877467775 
17.0111749136 15.470956933 3.09884992912 
16.8516660297 15.4891554678 3.09478605402 
16.7001808846 15.5074850882 3.10050716769 
16.4692104423 15.5351744259 3.10055771142 
16.3516630196 15.5502735044 3.10434433453 
16.2219143772 15.5665036703 3.09419642039 
16.0463741088 15.5872889424 3.0935981106 
15.885026408 15.605582353 3.11504736122 
15.7142928356 15.6289609636 3.19104974813 
15.536513474 15.6248101259 3.36800808279 
15.4481674099 15.609339651 3.37487615989 
15.2885361278 15.5846952463 3.62652275545 
15.1995694005 15.5558303262 3.9636532372 
15.1304587686 15.4965919817 4.13638688771 
15.0877732002 15.4378848041 4.19748898909 
15.0507019126 15.3881365771 4.173685105 
15.0507019126 15.3881365771 4.173685105 
14.7680561506 14.9815266396 4.20201330804 
14.6800410711 14.8569909299 4.19374552969 
14.6205557549 14.7755287851 4.10079786906 
14.5355014765 14.650671121 4.18491370815 
14.4758800232 14.5712927545 4.1602170809 
14.4016718828 14.4639380539 4.17553702168 
14.3589985335 14.4058960641 4.16153070555 
14.3589985335 14.4058960641 4.16153070555 
14.2188800537 14.2065125669 3.93372549431 
14.0505750143 14.0476269687 3.90325705563 
13.9147040808 13.9364595378 3.80008389195 
13.8020522558 13.8712582553 3.57572787802 
13.6857330763 13.8211950029 3.35128417239 
13.6248648131 13.8094819749 3.26731728375 
13.3877210581 13.8050339187 3.21771727195 
13.2586474383 13.8015793527 3.22049066959 
13.0585167372 13.7977650131 3.19672334345 
12.9894702398 13.7959877218 3.10319009662 
12.848269459 13.8089566196 2.65808049757 
12.8215160334 13.8196579183 2.57092785668 
12.7482459509 13.8563175167 2.07003865347 
12.7262656653 13.8553333248 1.76316825066 
12.7262656653 13.8553333248 1.76316825066 
12.7262656653 13.8553333248 1.76316825066 
12.7262656653 13.8553333248 1.76316825066 
12.6661505663 13.8782192434 0.743356308858 
12.6661505663 13.8782192434 0.743356308858 
12.6661505663 13.8782192434 0.743356308858 
12.6661505663 13.8782192434 0.743356308858 
12.6661505663 13.8782192434 0.743356308858 
12.6661505663 13.8782192434 0.743356308858 
12.6661505663 13.8782192434 0.743356308858 
12.6661505663 13.8782192434 0.743356308858 
12.6661505663 13.8782192434 0.743356308858 
13.1994192564 13.9193572963 -0.00672631097055 
13.494823929 13.8815768922 0.18059035262 
13.7078459227 13.9293556179 0.554393090301 
13.8259773218 13.9900739158 0.557531538847 
13.9995452129 14.0831104482 0.537303654953 
14.1391285622 14.1585962738 0.577926531222 
14.3645293676 14.2722154821 0.590634465514 
14.4892173969 14.3444551195 0.925625728558 
14.5522813761 14.4084981645 1.15943482102 
14.5873947107 14.4679037298 1.20152978553 
14.656681534 14.6004324521 1.2214547603 
14.7441475355 14.7690917219 1.19372272486 
14.8153277599 14.9061230684 1.20767267314 
14.9134509527 15.098876294 1.14255134965 
14.9820919001 15.2237967199 0.837670050201 
15.0341972673 15.284356613 0.518197056362 
15.0856556856 15.3236911262 0.224068204648 
15.1146151983 15.3484030555 -0.163857196435 
15.1197757685 15.3630388121 -0.385891681792 
15.1424914562 15.3598678673 -0.525670943203 
15.2017067635 15.3192881981 -0.55131401116 
15.2801649534 15.260106642 -0.555355378551 
15.322522577 15.2279126498 -0.530941443537 
15.3904176318 15.1668998862 -0.179342123549 
15.4142273032 15.144749325 0.10759802979 
15.4168788159 15.1311564187 0.287751866652 
15.4182392323 15.1282950754 0.328178329992 
15.4179708922 15.132915091 0.263748694759 
15.4176455998 15.1543952266 -0.0556685459599 
15.4204494321 15.1690553317 -0.299678005323 
15.4230691754 15.1743675585 -0.401814294099 
15.4217526579 15.1724566559 -0.335487565346 
15.4216690623 15.1723865906 -0.368713095015 
15.4213518166 15.1687118749 -0.294157791 
15.4159531557 15.1527613888 -0.0172014015761 
15.4256402218 15.1340090523 0.256175277744 
15.4571269118 15.1375027562 0.359219348154 
15.5428445005 15.1620101149 0.338221418413 
15.6441345477 15.1905779804 0.35219680933 
15.7751702332 15.2277055935 0.354625933606 
15.8703698126 15.2552807073 0.352769438727 
15.9582773485 15.2803699563 0.361116305769 
16.0232738518 15.2980760413 0.381643908147 
16.0675104224 15.3096033747 0.355528778187 
16.0732913726 15.3118045966 0.35251017789 
16.0729604029 15.3115362937 0.354954389712 
16.0729703569 15.311509643 0.354838037297 
16.0729278141 15.3114774863 0.355690818731 
16.0729729497 15.311494645 0.35489671127 
16.072954055 15.3114749605 0.354945123795 
16.0729195439 15.3114818076 0.355819141054 
16.072916221 15.3114946822 0.355859826328 
16.0729683452 15.3114854435 0.354883121715 
16.0731436425 15.311550204 0.35182809454 
16.0729126 15.3114909495 0.355831490249 
16.072964769 15.3114659304 0.354689303502 
16.0729241782 15.3114963586 0.355416812546 
16.0729510301 15.3114784698 0.354543285491 
16.0729607308 15.3114819268 0.354610148239 
16.0731293523 15.3115515227 0.351793891115 
16.0731217974 15.3115595619 0.351817337936 
16.0729819053 15.3114883567 0.354064527127 
16.072952103 15.3114945183 0.354493327979 
16.0729864502 15.3114707882 0.352820909742 
16.0729441309 15.3114946971 0.354693320638 
