15.8800049099 15.2400040504 0.0432852925014 
15.8800195159 15.2400084533 0.0431400114597 
15.8800530193 15.240049606 0.0429033759201 
15.8802459027 15.2401016218 0.0420509611263 
15.8800058897 15.240020099 0.0432090591075 
15.8799883343 15.240008954 0.0432235659813 
15.8799856139 15.2400171963 0.0431852424724 
15.8799744706 15.2400015119 0.0431842641699 
15.8799950044 15.2400019198 0.0432800453681 
15.879986982 15.2400264866 0.0430930487713 
15.8800131568 15.2400318814 0.0431160018658 
15.880430326 15.2403934011 0.0453354281079 
15.8804300429 15.2403921236 0.0452968831978 
15.8799511838 15.2400061777 0.042977477089 
15.8804099049 15.240390036 0.0452289928929 
15.8800409419 15.2400847604 0.0432872017423 
15.8804064655 15.2403986065 0.0450405102361 
15.8803847098 15.2403721125 0.0450419676888 
15.8800168113 15.2400821895 0.043342615038 
15.88039085 15.240396075 0.0449602827465 
15.8803796499 15.2403845445 0.0449928968868 
15.8803883978 15.2403773214 0.0450673869238 
15.8803796415 15.2403838663 0.0450955311777 
15.8800168709 15.2400990792 0.0434464400892 
15.8803821831 15.2403716657 0.0448694355826 
15.8803878092 15.2403959523 0.0450515523016 
15.8803783377 15.2403939669 0.0450069017996 
15.8803801016 15.2404044855 0.0451118091574 
15.8803605699 15.2403940603 0.0450405932143 
15.8803804434 15.2403906556 0.0451282579242 
15.8803758045 15.2403895159 0.0450994831188 
15.8803644498 15.2403936796 0.0451351180993 
15.8803653299 15.2403938377 0.0451374554972 
15.8802813144 15.2403171724 0.0446597460376 
15.8803972379 15.2404291141 0.0452518898921 
15.8800596149 15.2400476922 0.042655875975 
15.8799498473 15.2400155049 0.0430071531619 
15.8802841037 15.2403040908 0.0445915923735 
15.880094627 15.2400630917 0.042379851271 
15.8800922019 15.2400661804 0.0425002711771 
15.8800905246 15.2400701129 0.0425522640914 
15.8799605315 15.2400374644 0.0430670395726 
15.8800991262 15.2400687765 0.0425803370059 
15.8800861883 15.2400744471 0.0426068787974 
15.8800862563 15.2400643365 0.0425237304317 
15.8800928659 15.2400571609 0.0424962954321 
15.8801034094 15.2400668135 0.0425366691572 
15.8801020245 15.2400883929 0.0426779578337 
15.8800794251 15.2400552071 0.0425228616866 
15.880353043 15.2403815263 0.04516009635 
15.880098832 15.2400719771 0.0424952537435 
15.8803674394 15.2403964268 0.0450985995574 
15.8800940477 15.2400697584 0.0424139637684 
15.8803046244 15.2403194448 0.0445882909619 
15.8801398912 15.2401130636 0.0429873734202 
15.8800908915 15.2400714256 0.0425140347101 
15.8803806753 15.24040459 0.0450962325663 
15.8799164203 15.240002036 0.0432221376088 
15.8803660377 15.2403814788 0.0450893016573 
15.8800992268 15.2400712214 0.0425105383492 
15.8803856616 15.2403726408 0.0450875637005 
15.8800903718 15.2400525269 0.0423822970215 
15.880297524 15.2403070575 0.0443965862188 
15.8800860151 15.2400485944 0.0424922530123 
15.8803693188 15.2403771025 0.0452233726104 
15.8803781505 15.240385741 0.0452062535092 
15.880361043 15.2403589729 0.0448167271721 
15.8803685551 15.2403800823 0.0450458682238 
15.8803806772 15.240392373 0.0448532918439 
15.8803546886 15.2403812753 0.045290760669 
15.8801143022 15.2400598459 0.0423289476947 
15.8801196517 15.2400532768 0.0423894260452 
15.8800971155 15.2400475438 0.042534543557 
15.8801063608 15.2400440228 0.0426655500741 
15.8801132432 15.240051012 0.0425000170867 
15.8801260489 15.2400515922 0.0426373278907 
15.8800753449 15.2400224372 0.04232938971 
15.8800674324 15.2400548064 0.0424204200787 
15.880047694 15.2400733088 0.0422565578271 
15.8800388436 15.2400577311 0.0423676819865 
15.8800497168 15.2400763467 0.0424297721797 
15.8800627227 15.2400779409 0.0425247437893 
15.8800580885 15.2400518757 0.0424749280496 
15.8965917464 15.2402112753 0.0374725655777 
15.9492466935 15.2373276546 0.0370874675354 
15.9835016691 15.2371331382 0.0283803610955 
16.0197557026 15.2354267279 0.0342311785845 
16.0561320448 15.233539521 0.0356570537243 
16.1565733516 15.2297874356 0.0192052532573 
16.2839804256 15.226440253 0.0177602479379 
16.4486790263 15.2217872015 0.0406418399258 
16.5398218 15.2181557643 0.0459336782629 
16.6225258076 15.2147483456 0.0507287317134 
16.7328879201 15.2112011763 0.0475434869916 
16.8799629175 15.2065405252 0.0451251496315 
17.0392637217 15.1985401104 0.0410722106839 
17.1384471619 15.1946288983 0.0449104474532 
17.3588353359 15.1853944252 0.0428986438014 
17.5221906864 15.1780167075 0.0428467838888 
17.7047122681 15.1714544485 0.0443214039074 
17.8084449732 15.1673389713 0.0400788204674 
18.0045459234 15.1595929081 0.0451374963055 
18.110440489 15.1567139367 0.0419841520127 
18.2524528467 15.1501940603 0.0381813223517 
18.3972797358 15.14370342 0.0411693637989 
18.6211128199 15.1378124545 -0.0225832181795 
18.6821591818 15.136029538 -0.130397138827 
18.7830984556 15.1228741298 -0.483424235059 
18.8363099062 15.1018999333 -0.74487617999 
18.8723447287 15.0901353771 -1.02928093933 
18.8986966574 15.0955412055 -1.44588352599 
18.9082286322 15.0633439536 4.63057846333 
18.894955393 15.0084294046 4.66433664697 
18.8781757319 14.9014243449 4.62492160176 
18.8622631991 14.8190959955 4.59047181193 
18.8340771162 14.6765224303 4.60968604354 
18.800196644 14.4866053427 4.61145175506 
18.7689375841 14.3104678954 4.63087365103 
18.7504141295 14.2112028564 -1.51920257068 
18.7400588953 14.1238973106 -1.25670783025 
18.7589509451 14.0306189025 -1.1091420675 
18.7865457499 13.9689623083 -1.07893547296 
18.8150548899 13.9327847923 -1.3190784687 
18.8297414744 13.9307787384 -1.55384497062 
18.8457019293 13.9162712062 4.47167729097 
18.8457019293 13.9162712062 4.47167729097 
18.8457019293 13.9162712062 4.47167729097 
18.8457019293 13.9162712062 4.47167729097 
18.8457019293 13.9162712062 4.47167729097 
18.8457019293 13.9162712062 4.47167729097 
18.5631592238 13.2483191455 3.97744166168 
18.5612695181 13.2653492654 3.94575735543 
18.5612695181 13.2653492654 3.94575735543 
18.2709331476 13.1422475542 3.34771973847 
18.130535599 13.1204749311 3.36800606691 
17.9393024408 13.093488809 3.37759152713 
17.7627510988 13.0681992734 3.37747059051 
17.6511806213 13.0516346658 3.36319416162 
17.5311381781 13.0360289777 3.23422730534 
17.3219704592 13.0371440614 3.21433097855 
17.2415455544 13.0410183633 3.24224968788 
17.1689699852 13.0394645895 3.21137898451 
16.8267961704 13.046748277 3.20751932827 
16.6546884739 13.0507968629 3.20085729195 
16.5645478332 13.0515133108 3.20667910061 
16.3707344496 13.0558353628 3.19521198552 
16.2292528116 13.0585523809 3.19949016075 
16.1200059616 13.0573207105 3.1900858401 
15.8967896738 13.060899135 3.20718125811 
15.7698372641 13.063291427 3.20775315046 
15.6011255347 13.0665065015 3.19931551754 
15.4734680318 13.0693780149 3.17702792642 
15.3667373621 13.0713378156 3.19071262687 
15.2432325446 13.0754824842 3.18565415094 
15.0550020301 13.0789707864 3.17356671835 
14.8982890808 13.0815898145 3.19264658794 
14.8793482744 13.0804878438 3.17360402691 
14.8032238447 13.0590618814 2.57832480375 
14.7932397091 13.0460101331 2.31741696098 
14.774618026 13.0531800951 2.13315273087 
14.7651425564 13.0664905275 2.09594101881 
14.7555403673 13.0860546792 2.08609429879 
14.7555403673 13.0860546792 2.08609429879 
14.6078196728 13.4096047843 2.08891236425 
14.5471024477 13.5399271215 2.07491148063 
14.477111932 13.6897029842 2.09798125469 
14.394154545 13.8771011795 2.21923242394 
14.3680517637 13.9288176263 2.42818390232 
14.3270515167 13.9934077228 2.83497281926 
14.3207226956 14.0207877124 3.28928277826 
14.2849060261 14.0272606576 3.41537055757 
14.1991654598 14.0152705873 3.43588643615 
14.1252787077 14.0027278627 3.40965707612 
13.935710665 13.9693531955 3.41124388103 
13.7927472555 13.9440469707 3.4004173957 
13.7054963076 13.9287271465 3.38535295308 
13.5334804022 13.8960378135 3.37713858421 
13.4730503523 13.9104440177 -0.641157717003 
13.4730503523 13.9104440177 -0.641157717003 
13.2603535616 13.8429673875 3.74031599081 
13.1733689272 13.8422826494 3.78297688493 
13.1250636541 13.8378844226 4.23906113226 
13.1142759287 13.8440014089 4.38409411478 
13.1142759287 13.8440014089 4.38409411478 
13.0968165362 13.8081426586 4.50156150359 
13.0772945845 13.7477114166 4.48630593447 
13.0542921984 13.6687657798 4.4974207284 
13.0232851469 13.5693772996 4.52489298676 
13.0012211763 13.5091299976 4.67406307895 
12.9802730047 13.4521548713 -1.27109361063 
12.9680783712 13.4228095973 -0.976099631721 
12.9474062883 13.4058070148 -0.553177778467 
12.9398272001 13.3932234014 -0.331091695801 
12.9354970419 13.3691896165 0.0471442675505 
12.9450621569 13.3576711381 0.24258654738 
12.9652874434 13.3575916255 0.31304113726 
13.0953090155 13.3866088356 0.362441014946 
13.1036093199 13.3879860605 0.380680501861 
13.1036093199 13.3879860605 0.380680501861 
13.1036093199 13.3879860605 0.380680501861 
13.1760466063 13.3919261659 0.853794991924 
13.1760466063 13.3919261659 0.853794991924 
13.3669607603 13.6265600885 0.909423494236 
13.3773577177 13.6421622003 0.868923983154 
13.49422526 13.7552270854 0.748383425799 
13.6154777968 13.8484469617 0.740902573645 
13.7280795538 13.9354319538 0.747475214635 
13.8624191248 14.0405803884 0.737681915698 
13.98280954 14.1340347494 0.739933656614 
14.1921589338 14.2934173311 0.736776429657 
14.2978802883 14.3738681043 0.712690602613 
14.4678701126 14.5026752914 0.72775860416 
14.6116613114 14.6117139424 0.715073463502 
14.7919949257 14.7520175243 0.745290024182 
14.9042836988 14.8392123247 0.714841483917 
15.0378637874 14.941265669 0.741541060148 
15.1432467067 15.02355833 0.723572690629 
15.2319612467 15.091554519 0.725847090086 
15.272246238 15.1154863949 0.798506858464 
15.300647434 15.1247101391 1.0365034274 
15.3269579374 15.1124415959 1.47129251665 
15.3416634762 15.1524601469 1.72425095752 
15.339271661 15.2010285112 1.72078989159 
15.3295819127 15.3226457278 1.7215506857 
15.3175954783 15.463426214 1.73150911541 
15.3098189199 15.5760985876 1.73747742373 
15.3091602885 15.6020060147 1.71698021298 
15.3126303517 15.620001104 1.83513368469 
15.3372204268 15.6252101625 2.2297523922 
15.3445731365 15.6301480199 2.30563403025 
15.3402471506 15.6312387551 2.32995680771 
15.3270289266 15.6211215819 2.0313588567 
15.3135935032 15.6187528337 1.7980378767 
15.2990739905 15.6175690855 1.62284825242 
15.2988844478 15.6175322498 1.62318011932 
15.3036858403 15.6256169046 1.70178082243 
15.3020334208 15.659541961 1.70143519384 
15.2983144486 15.7175980772 1.70517089353 
15.3076290452 15.7632586325 1.93478641482 
15.3268233502 15.7726970876 2.26101576424 
15.3289421165 15.7766534055 2.29751920411 
15.3286458814 15.7768591608 2.30011123051 
15.3325178587 15.780874368 2.38544644472 
15.3437909448 15.794658419 2.67172799706 
15.3520538771 15.818791684 3.06590372817 
15.3223737442 15.8292099203 3.20341248627 
15.2834525072 15.8303604091 3.20646905294 
15.2197637522 15.839077052 3.33010748472 
15.1996238196 15.857874092 3.68220647149 
15.1913130247 15.862656113 3.79371298456 
15.1539799535 15.8352472151 3.79418155202 
15.0340208375 15.7558429206 3.80537327519 
14.9068947398 15.6711922551 3.80534146329 
14.7343409025 15.5569681788 3.80590171161 
14.6379702055 15.4920165206 3.79437183253 
14.4941164219 15.3952125872 3.81949082794 
14.3528499567 15.3008444423 3.79419582316 
14.1395665371 15.1583173613 3.74245541532 
14.0537697041 15.1057108308 3.55676749277 
13.973660227 15.0720971043 3.29975993478 
13.9143924677 15.0638225044 3.19864515252 
13.8727354967 15.0647964592 3.19935191101 
13.8647880518 15.0652248676 3.20936195604 
13.8652310335 15.0652635063 3.20704561835 
13.8433585131 15.0656008686 3.20621587774 
13.8222162687 15.0655794109 3.21543638485 
13.8033714258 15.0662530179 3.21135512574 
13.7487843001 15.0696565027 3.20825565175 
13.7487843001 15.0696565027 3.20825565175 
13.7487843001 15.0696565027 3.20825565175 
13.7487843001 15.0696565027 3.20825565175 
13.7183814013 15.0991936589 3.67965530441 
13.7183814013 15.0991936589 3.67965530441 
13.7183814013 15.0991936589 3.67965530441 
13.6604742968 15.1344590227 -1.5215492669 
13.6311082804 15.1253785307 -1.29968458273 
13.6386563742 15.1222905705 -1.1576714424 
13.6434788668 15.0486626143 -0.959320019442 
13.6081099474 15.0399244393 1.71784651072 
13.6635861361 14.998623621 -0.613935263761 
13.6909258329 14.9681603576 -0.453665657471 
13.708216902 14.9582272733 -0.458539462454 
13.708216902 14.9582272733 -0.458539462454 
13.909414407 14.8468478585 -0.342647591634 
14.0762221777 14.7437752152 -0.338716787422 
14.2311570608 14.6636264885 -0.545743940116 
14.3359751665 14.5915200675 -0.786871610166 
14.4253210985 14.4728021587 -0.91606600102 
14.4826599323 14.3883405889 -0.887264977451 
14.5842283928 14.2399990524 -1.00360658665 
14.6304371321 14.1637159551 -1.12343932704 
14.693200823 13.9877226318 -1.17669873132 
14.7390332186 13.8476587499 -1.18940655297 
14.7877775395 13.6915491785 -1.17239070219 
14.8384134733 13.5272921289 -1.05494499164 
14.8851597273 13.4208450283 -0.76791944227 
14.9568657243 13.3413850034 -0.591416500819 
15.0325897896 13.2750951017 -0.480007121648 
15.1160057747 13.2159503664 -0.178825362103 
15.1739869678 13.1899739469 0.084361182315 
15.2645520532 13.1901093687 0.247966958363 
15.3527567947 13.2098573411 0.169068132538 
15.4036731684 13.2258228029 -0.0835466435174 
15.4392809832 13.2290259565 -0.281193264614 
15.5404404664 13.1880341733 -0.36071276433 
15.5908410215 13.149062034 -0.0476181309377 
15.6050113105 13.1405252183 0.0759506244241 
15.7095931732 13.1413246358 0.11852861858 
15.8287820333 13.1462498868 0.119377943814 
16.0157762581 13.1534255708 0.118305128895 
16.1462277734 13.1591974462 0.114265735075 
16.3166725003 13.165855285 0.1157672694 
16.4175165856 13.1699291433 0.133319753992 
16.5915545785 13.1757284368 0.111199615832 
16.7018956506 13.1790691579 0.134208793047 
16.9460145199 13.1863070692 0.122517233141 
17.1013314688 13.1918057168 0.11303578239 
17.2865871155 13.1977921689 0.111865865983 
17.375911113 13.2014778818 0.108821556784 
17.494636532 13.2062343324 0.108207288909 
17.6714451277 13.2112523283 0.109998197999 
17.9117696249 13.2198160852 0.0982112181706 
18.034432646 13.2250360216 0.0956812093403 
18.1545731985 13.2272509302 0.102419835353 
18.3852155172 13.2343100275 0.125593083132 
18.4454362356 13.2340165342 0.213913566292 
18.5941877329 13.2479723657 0.619814464783 
18.6515338385 13.2699081863 0.880097958154 
18.6837420427 13.2876864637 1.13304040174 
18.7394826376 13.3927903141 1.31601249881 
18.7773234808 13.4556056226 1.42626784349 
18.7920291388 13.4999012912 1.83033819691 
18.7880506479 13.5502759183 2.00269158019 
18.7668108904 13.5995911325 2.05106790292 
18.7513141596 13.6147415603 1.90988545315 
18.7369761431 13.6404803956 1.7519068267 
18.7281334364 13.7175086702 1.75417730655 
18.7125191652 13.8575702871 1.75766970196 
18.688102957 14.0843646492 1.75599795457 
18.6678683722 14.2572658623 1.75481704856 
18.6439578497 14.4709781373 1.75532280924 
18.6201710665 14.7029870118 1.74793896261 
18.5962350332 14.9216105903 1.76031553711 
18.5753664934 15.1082629974 1.74009693277 
18.5544521772 15.3055563534 1.75594631463 
18.5331199133 15.4835870529 1.6778091518 
18.5259749853 15.58991408 1.46712909275 
18.5413718187 15.6948015059 1.07012049089 
18.6579544508 15.8438697422 0.845690629283 
18.7448494398 15.9279167617 0.855403867143 
18.8657400572 16.046570238 0.843789733702 
18.9955906832 16.1699924434 0.827930755825 
19.0914800131 16.2629017795 0.86071977043 
19.1495730841 16.3178175653 0.847322826958 
19.1495730841 16.3178175653 0.847322826958 
19.1495730841 16.3178175653 0.847322826958 
19.1495730841 16.3178175653 0.847322826958 
19.1495730841 16.3178175653 0.847322826958 
19.1495730841 16.3178175653 0.847322826958 
19.1495730841 16.3178175653 0.847322826958 
19.1495730841 16.3178175653 0.847322826958 
19.1495730841 16.3178175653 0.847322826958 
19.1495730841 16.3178175653 0.847322826958 
19.1495730841 16.3178175653 0.847322826958 
19.1495730841 16.3178175653 0.847322826958 
19.1495730841 16.3178175653 0.847322826958 
19.1495730841 16.3178175653 0.847322826958 
19.1495730841 16.3178175653 0.847322826958 
19.1495730841 16.3178175653 0.847322826958 
19.1495730841 16.3178175653 0.847322826958 
19.1495730841 16.3178175653 0.847322826958 
19.1495730841 16.3178175653 0.847322826958 
19.1495730841 16.3178175653 0.847322826958 
19.1495730841 16.3178175653 0.847322826958 
19.1495730841 16.3178175653 0.847322826958 
19.1495730841 16.3178175653 0.847322826958 
19.1495730841 16.3178175653 0.847322826958 
19.1495730841 16.3178175653 0.847322826958 
19.1495730841 16.3178175653 0.847322826958 
19.1495730841 16.3178175653 0.847322826958 
19.1495730841 16.3178175653 0.847322826958 
19.1800112688 15.6899541582 3.99936923197 
19.1758177244 15.6871722008 4.01198290309 
19.1008846724 15.6008254553 3.5963775945 
19.0095162356 15.565124389 3.5680945947 
18.8461341822 15.5057583416 3.57259319665 
18.7207918131 15.4602444733 3.56713983478 
18.5376644098 15.3944972868 3.55241888241 
18.3718330824 15.3362078185 3.27901094796 
18.2351043188 15.3313935066 3.12853625457 
18.0987911188 15.3456122691 3.11175865717 
17.9159109556 15.3656884993 3.10713129633 
17.7347958052 15.3858041579 3.09633098377 
17.6020166838 15.4015393669 3.10023208675 
17.391303178 15.4253122176 3.11297623763 
17.2626062595 15.4392856623 3.08606252479 
16.9900180065 15.4724850918 3.1211971524 
16.8012053334 15.4944097067 3.086181547 
16.4991268479 15.5308529104 3.10550130402 
16.289178785 15.558255669 3.0940936084 
16.1437477433 15.5751228298 3.09267698914 
15.9862866664 15.5941520596 3.08914857458 
15.8270990663 15.6129344965 3.11492370373 
15.6808239781 15.6317443813 3.26060028611 
15.5079955423 15.6201249028 3.38536875247 
15.3688280546 15.5995695854 3.48082863459 
15.2359795534 15.5705191756 3.8059421422 
15.1178609097 15.4817983175 4.15854126952 
15.0507019126 15.3881365771 4.173685105 
15.0507019126 15.3881365771 4.173685105 
15.0507019126 15.3881365771 4.173685105 
14.7893725597 15.0125104005 4.20510485396 
14.6444543564 14.8107559348 4.19813038752 
14.5569196903 14.6813394392 4.18500328963 
14.4290929997 14.5035021866 4.14500824939 
14.3589985335 14.4058960641 4.16153070555 
14.3589985335 14.4058960641 4.16153070555 
14.2188800537 14.2065125669 3.93372549431 
14.2188800537 14.2065125669 3.93372549431 
14.0505750143 14.0476269687 3.90325705563 
13.8831772768 13.9148997034 3.70813099032 
13.7677335703 13.8543242181 3.5240465491 
13.6922693216 13.8210685218 3.34470022453 
13.5313999617 13.8043093647 3.233260066 
13.3623123133 13.8026325668 3.20893553883 
13.1652343237 13.8000876869 3.23329291569 
13.0754411184 13.7986744607 3.21146488465 
12.8833966219 13.803444382 2.75855083286 
12.8215160334 13.8196579183 2.57092785668 
12.8215160334 13.8196579183 2.57092785668 
12.7331378424 13.8577910627 1.87702640986 
12.7262656653 13.8553333248 1.76316825066 
12.7262656653 13.8553333248 1.76316825066 
12.6661505663 13.8782192434 0.743356308858 
12.6661505663 13.8782192434 0.743356308858 
12.6661505663 13.8782192434 0.743356308858 
12.6661505663 13.8782192434 0.743356308858 
12.6661505663 13.8782192434 0.743356308858 
12.6661505663 13.8782192434 0.743356308858 
12.6661505663 13.8782192434 0.743356308858 
12.6661505663 13.8782192434 0.743356308858 
13.1994192564 13.9193572963 -0.00672631097055 
13.1994192564 13.9193572963 -0.00672631097055 
13.5782048666 13.8798271383 0.416621099934 
13.7376036608 13.9421687091 0.573564434473 
13.8531172239 14.0049345458 0.560495379573 
14.0033459627 14.0847508872 0.530073967173 
14.1743199789 14.1754946674 0.545005762964 
14.3351285421 14.2595682705 0.54892621506 
14.434879657 14.3105593289 0.701739702602 
14.5476908648 14.4007876481 1.11710373543 
14.5903356039 14.4724268878 1.20670085927 
14.6733136141 14.6361967886 1.19274423692 
14.7572951281 14.7901171709 1.23509007632 
14.8381227219 14.9489942158 1.23768056185 
14.9083340132 15.0877388383 1.14991082695 
14.9861547911 15.2305052106 0.807388595828 
15.0593284332 15.3056506256 0.383409628601 
15.1140317285 15.346883815 -0.135525531058 
15.1627438628 15.3475092615 -0.54981184453 
15.2692949736 15.2679126191 -0.551961387937 
15.3500852549 15.2024121883 -0.435618454673 
15.4018006587 15.1563670824 -0.0564962227915 
15.4170794153 15.1317502747 0.281204634793 
15.418109771 15.1280479843 0.332118236877 
15.4177662694 15.1342220346 0.24052175886 
15.4171173834 15.1471116284 0.0317711358863 
15.4204494321 15.1690553317 -0.299678005323 
15.4228260779 15.1733892898 -0.393975108972 
15.4228269124 15.1725448112 -0.367872630475 
15.4200572931 15.1727391223 -0.348827994461 
15.4216712677 15.1704443211 -0.324314931754 
15.4189892077 15.159476232 -0.14309548137 
15.4159462118 15.1397644768 0.151847001292 
15.4409286344 15.1344325657 0.341003864194 
15.512381103 15.1525865088 0.3580377142 
15.6233346724 15.1834838132 0.35784354021 
15.7415937298 15.2188297531 0.345313776269 
15.9062188399 15.2652128378 0.35739574946 
15.9851235413 15.2873514446 0.349882185179 
16.0554604792 15.3069432268 0.354251276094 
16.0726251119 15.3115750665 0.353801297824 
16.0729823076 15.3115962113 0.355233602155 
16.0729625785 15.3114932294 0.354762015136 
16.0729714894 15.3114768753 0.354816600489 
16.0729230308 15.3114752735 0.355573554952 
16.072954055 15.3114749605 0.354945123795 
16.0729729497 15.3114884237 0.354899280553 
16.072916221 15.3114946822 0.355859826328 
16.0729211235 15.3114995549 0.355912882045 
16.0729645753 15.3114834691 0.354868036071 
16.0729173833 15.3114868964 0.355761813444 
16.072912451 15.3114865685 0.355787331819 
16.0729241782 15.3114963586 0.355416812546 
16.0729548746 15.311483931 0.354692109941 
16.0729496145 15.311481748 0.354884607594 
16.0729518944 15.3114916871 0.354783922783 
16.0729784482 15.3114784847 0.35392168095 
16.0729538315 15.311490413 0.354628133883 
16.0731130951 15.3115489374 0.351904660135 
16.0731631779 15.3115800286 0.350992159908 
16.0731880778 15.3115899826 0.350687564964 
16.0731589013 15.311574016 0.350967127756 
16.0731260591 15.3115696649 0.351665400214 
16.0731620901 15.3115861903 0.351086363023 
16.0729429388 15.311481748 0.354589300117 
16.0729227179 15.3114848847 0.354841048627 
16.0730904454 15.3115512843 0.351942870382 
16.0730896109 15.3115562762 0.351929523741 
16.0730896109 15.3115562762 0.351929523741 
