15.8801416318 15.2400446464 0.0426965600541 
15.8800012135 15.2400007759 0.0432965084864 
15.8801731878 15.240082626 0.0425454633553 
15.8799884749 15.2399842988 0.0431495027719 
15.8800997316 15.2400445027 0.0432940330786 
15.8800699507 15.2400680177 0.0436085858035 
15.8799855291 15.2399928242 0.0431376659651 
15.8799800427 15.2400048187 0.0431638237254 
15.8799894649 15.2400167409 0.0431915354072 
15.8800131568 15.2400318814 0.0431160018658 
15.8799825889 15.2400011643 0.0431060043442 
15.8799519307 15.2399984659 0.0429879757649 
15.8804099049 15.240390036 0.0452289928929 
15.880408968 15.2403797675 0.0451966087356 
15.8803926437 15.2403886081 0.0451580801881 
15.8803888356 15.240374391 0.0450714805167 
15.8804104171 15.2403905199 0.0449816828801 
15.8804002852 15.2403938829 0.045087006763 
15.8803797384 15.2403749265 0.0449750007333 
15.8803874758 15.240392959 0.0450718810535 
15.8803775312 15.2403774571 0.0452900503726 
15.8803250884 15.2403511095 0.0447326366319 
15.8803822055 15.2403679655 0.0449664370748 
15.8803719805 15.2403834369 0.0450131915635 
15.8803727404 15.2404000962 0.0450579173807 
15.8799210266 15.2400134809 0.0430431422069 
15.8803739661 15.2404030417 0.0449571624746 
15.8803681537 15.2403840581 0.0450414146845 
15.8803606174 15.2403911806 0.0449705997393 
15.8799236884 15.2400208949 0.0431967633926 
15.8799229424 15.2401466159 0.0438186171111 
15.8803637038 15.2403656035 0.0450256743165 
15.8801017619 15.2402185828 0.0429867975234 
15.8799443283 15.2400132369 0.0429652353335 
15.8800569327 15.240053176 0.0426658791365 
15.8800520898 15.2400359847 0.042666157037 
15.8800793468 15.2400623242 0.0424767074745 
15.8801102351 15.2400818919 0.042549865591 
15.8800892766 15.2400848573 0.0426063753313 
15.8800997633 15.2400772203 0.0424956939373 
15.8800987565 15.2400742162 0.0425632241943 
15.8801016539 15.2400686952 0.0426080116689 
15.8800891527 15.2400644635 0.0425466122699 
15.8800888566 15.2400744765 0.0425743851344 
15.8799572979 15.2400368939 0.0430258562912 
15.8801042439 15.2400724045 0.0425308097902 
15.8801011817 15.2400665738 0.0425625555639 
15.8800995677 15.2400491895 0.0425426033605 
15.8800817673 15.2400537512 0.0424518788365 
15.8803570896 15.2403861161 0.0450550661564 
15.8801577456 15.240127399 0.0429392597739 
15.8800864249 15.2400774257 0.0424645368931 
15.8801020124 15.2400581841 0.0425767197133 
15.8800931704 15.2400702243 0.0425023527812 
15.8800897152 15.2400592022 0.0423529958324 
15.8802962993 15.2403035706 0.0443606708357 
15.8803617918 15.2403657874 0.0451098003385 
15.880089746 15.2400497228 0.0425684006049 
15.8800845632 15.2400346643 0.0424645773267 
15.8800970075 15.2400590985 0.0426469894078 
15.8803687376 15.2403602689 0.0448067355946 
15.880360094 15.2403616577 0.0451008427383 
15.8803806772 15.240392373 0.0448532918439 
15.8803796602 15.2403828555 0.045187847477 
15.8803913268 15.2403951821 0.0451176893246 
15.8801608692 15.2401148265 0.042892533544 
15.8800890894 15.2400395072 0.0426247317499 
15.8800854405 15.2400317317 0.0425918333141 
15.8800974918 15.2400385871 0.0425973627105 
15.8801033396 15.2400577407 0.0424605085895 
15.8800733491 15.240044034 0.0424482083392 
15.8800251746 15.240062925 0.042216651417 
15.8800486532 15.2400648055 0.0423398342901 
15.8800468083 15.240045236 0.0422434794777 
15.8800579283 15.2400670478 0.0423992024969 
15.8800629332 15.240069447 0.04238475287 
15.8800750534 15.2400823287 0.0423967265394 
15.890399547 15.2396811418 0.04364690021 
15.9453488031 15.238224821 0.0326095562145 
15.9871323073 15.2370405068 0.0288541008992 
16.0561320448 15.233539521 0.0356570537243 
16.1906882488 15.2285699297 0.0266521243433 
16.3198268079 15.2256350063 0.0376750701103 
16.4816414678 15.220949149 0.0318455420175 
16.5998317563 15.2158994714 0.0369598633983 
16.7396551334 15.2107105667 0.0490736750459 
16.8926292622 15.2056847292 0.0471669196161 
17.0293785297 15.1991660486 0.0369380160841 
17.1212340557 15.1945560316 0.0624434612325 
17.2339986527 15.1911832581 0.042031007243 
17.3877315485 15.1838434974 0.0410403319826 
17.504283067 15.1788700225 0.0435983180553 
17.6488685572 15.1731673891 -0.000730501410287 
17.8370059692 15.1664848367 0.0373583036448 
17.977610346 15.1601110811 0.047022738177 
18.110440489 15.1567139367 0.0419841520127 
18.2524528467 15.1501940603 0.0381813223517 
18.4254796469 15.1429679582 0.0423716223043 
18.5464816057 15.138723139 0.0310231241455 
18.6821591818 15.136029538 -0.130397138827 
18.7478713953 15.1302929188 -0.338261636754 
18.8582575285 15.0915776307 -0.93508855532 
18.8961639368 15.0964329357 -1.4174461065 
18.9070746863 15.0574641938 4.62713330448 
18.894955393 15.0084294046 4.66433664697 
18.8795213663 14.9153756762 4.64598527569 
18.8512625658 14.7697139646 4.60972331877 
18.8232996428 14.6139588917 4.608526036 
18.7929677927 14.44576728 4.60575485578 
18.7706949675 14.3173844779 4.62261649706 
18.7437710726 14.1706271137 -1.40500483673 
18.7457632982 14.0812785591 -1.16901069584 
18.7667875254 14.0082699026 -1.05541082642 
18.792224642 13.9582734073 -1.09824650532 
18.8183178866 13.9326579536 -1.35742406377 
18.8383531534 13.9304888214 4.59540846984 
18.8449552023 13.9210299219 4.47801764405 
18.8457019293 13.9162712062 4.47167729097 
18.8457019293 13.9162712062 4.47167729097 
18.8457019293 13.9162712062 4.47167729097 
18.8457019293 13.9162712062 4.47167729097 
18.8457019293 13.9162712062 4.47167729097 
18.5631592238 13.2483191455 3.97744166168 
18.5612695181 13.2653492654 3.94575735543 
18.5612695181 13.2653492654 3.94575735543 
18.5612695181 13.2653492654 3.94575735543 
18.1889576876 13.1296149457 3.37574326803 
18.0293414557 13.1060458387 3.3726394537 
17.8690836393 13.083238479 3.36285061314 
17.7627510988 13.0681992734 3.37747059051 
17.5645612442 13.0391241277 3.29142807926 
17.3937481606 13.0369573797 3.23255835708 
17.2415455544 13.0410183633 3.24224968788 
17.1689699852 13.0394645895 3.21137898451 
17.1689699852 13.0394645895 3.21137898451 
16.7882272565 13.0466257299 3.2269242029 
16.6125788653 13.0517309869 3.20281707019 
16.3528517747 13.056266662 3.18731759667 
16.1907339954 13.0578414167 3.22159289148 
16.0317888671 13.0589286054 3.20701539867 
15.8674578221 13.0614947046 3.20058183591 
15.7183330619 13.0644592012 3.20750987893 
15.5906154775 13.0669065679 3.1944666 
15.4251225853 13.0700362886 3.16564326886 
15.3387677633 13.0723386968 3.19214592001 
15.1964670384 13.0765310491 3.18933025111 
15.0429276192 13.07964265 3.17084486429 
14.9301950895 13.0806983675 3.17826588639 
14.8793482744 13.0804878438 3.17360402691 
14.8793482744 13.0804878438 3.17360402691 
14.8027434313 13.0579813684 2.56190223054 
14.7922750675 13.0455058778 2.3003766764 
14.7713478767 13.0569199289 2.11730369703 
14.7555403673 13.0860546792 2.08609429879 
14.7555403673 13.0860546792 2.08609429879 
14.7555403673 13.0860546792 2.08609429879 
14.5595395529 13.513321277 2.07505707858 
14.453042742 13.7384676898 2.09943914348 
14.4044342005 13.8527913059 2.16798612079 
14.370908972 13.9261946643 2.40640071945 
14.3324545586 13.9837888444 2.72594810037 
14.3189804518 14.0104140008 3.03360044648 
14.3080867493 14.0282326902 3.32039773254 
14.2824084723 14.0273573364 3.41985388531 
14.1399552786 14.0044187273 3.44548777896 
14.0562708342 13.9895311559 3.40548089397 
13.935710665 13.9693531955 3.41124388103 
13.7054963076 13.9287271465 3.38535295308 
13.559507128 13.903764602 3.3910354359 
13.4730503523 13.9104440177 -0.641157717003 
13.4730503523 13.9104440177 -0.641157717003 
13.2603535616 13.8429673875 3.74031599081 
13.1691467726 13.8418576683 3.80671702315 
13.1275994742 13.8366862501 4.17647360428 
13.11547279 13.842870828 4.37062225067 
13.1142759287 13.8440014089 4.38409411478 
13.1142759287 13.8440014089 4.38409411478 
13.0934398138 13.7958891357 4.49794293425 
13.0698442423 13.7238818372 4.51294550232 
13.0418291056 13.6324417556 4.51711920758 
13.0072121584 13.527349707 4.62341603406 
12.9921333754 13.4867839778 -1.50457220849 
12.9726095163 13.4278086389 -1.06746201966 
12.9605390989 13.4173394407 -0.821704286069 
12.951541897 13.4109712804 -0.652860583659 
12.9371867144 13.3847222293 -0.180129440463 
12.9351968729 13.3635882104 0.128907816864 
12.9450621569 13.3576711381 0.24258654738 
12.9652874434 13.3575916255 0.31304113726 
13.1036093199 13.3879860605 0.380680501861 
13.1036093199 13.3879860605 0.380680501861 
13.1036093199 13.3879860605 0.380680501861 
13.1760466063 13.3919261659 0.853794991924 
13.1760466063 13.3919261659 0.853794991924 
13.3455848658 13.5904339517 1.0016345941 
13.3773577177 13.6421622003 0.868923983154 
13.5124061072 13.7676993574 0.752505748947 
13.5775270426 13.8195406164 0.744862126744 
13.7042946779 13.9170603717 0.743776323054 
13.9024784529 14.0720956291 0.739487677997 
14.0300216639 14.1700352396 0.735344181222 
14.2005701029 14.2983059252 0.681254540245 
14.3395274841 14.4060596193 0.733190478429 
14.4800740444 14.5117284621 0.698428768938 
14.6019355023 14.6023982728 0.713212335249 
14.7703685724 14.7341338361 0.70802528038 
14.9112733566 14.8441734577 0.707438528606 
15.0682512486 14.9650128449 0.735390789533 
15.1844344699 15.0549039508 0.728966813003 
15.2637001836 15.1112805719 0.76203593239 
15.300647434 15.1247101391 1.0365034274 
15.300647434 15.1247101391 1.0365034274 
15.3387908899 15.1239565353 1.66016444974 
15.3416634762 15.1524601469 1.72425095752 
15.3381878697 15.2106011736 1.72328419414 
15.3279443347 15.3444129566 1.72197626985 
15.3172844612 15.4869835342 1.73779728893 
15.3087141478 15.5920814241 1.73148482421 
15.308566209 15.6201593245 1.72306957144 
15.322183963 15.6213397647 1.98442905413 
15.3354388439 15.6250410045 2.20413664326 
15.3446515762 15.6302789713 2.30436617784 
15.3402471506 15.6312387551 2.32995680771 
15.3305072748 15.6231054331 2.10112752103 
15.3034262025 15.6181112195 1.68297821865 
15.2992904746 15.6178413297 1.62714855651 
15.2999359929 15.6191183294 1.63665035796 
15.3036858403 15.6256169046 1.70178082243 
15.3001141512 15.691992786 1.70167020972 
15.3005553448 15.7376990283 1.761925585 
15.3159705364 15.7700114215 2.08580320255 
15.3289172613 15.7755765284 2.29255291653 
15.3289205396 15.7766822542 2.29727146408 
15.3325938546 15.7811020578 2.38778225707 
15.3364469969 15.7852726544 2.48107302026 
15.3469310963 15.799668845 2.76515196836 
15.3468605244 15.8224027122 3.1114640747 
15.2707670295 15.8309222425 3.20468275115 
15.2121463382 15.8423340286 3.41056943734 
15.1996238196 15.857874092 3.68220647149 
15.1951492989 15.8636690343 3.80735944068 
15.157780286 15.8387072648 3.81490805606 
15.1215160453 15.8146355117 3.81230356269 
15.0412602985 15.7608163918 3.80630560362 
14.9221038186 15.6820032264 3.80633008969 
14.7476767265 15.5655857886 3.79002704307 
14.6379702055 15.4920165206 3.79437183253 
14.4871137106 15.3905604447 3.81795866051 
14.3774472439 15.3188956271 3.80597693074 
14.2549169027 15.2383624869 3.79866316278 
14.0852265322 15.1238048265 3.64400570348 
14.0010790789 15.0789021368 3.36281501108 
13.9689488375 15.0713303501 3.29214594706 
13.8859477007 15.0648855383 3.20273917352 
13.8647937739 15.0651523734 3.2010794582 
13.8652310335 15.0652635063 3.20704561835 
13.8652310335 15.0652635063 3.20704561835 
13.8222162687 15.0655794109 3.21543638485 
13.8033714258 15.0662530179 3.21135512574 
13.8033714258 15.0662530179 3.21135512574 
13.7487843001 15.0696565027 3.20825565175 
13.7487843001 15.0696565027 3.20825565175 
13.7487843001 15.0696565027 3.20825565175 
13.7199246847 15.0932221676 3.59514518297 
13.7183814013 15.0991936589 3.67965530441 
13.7183814013 15.0991936589 3.67965530441 
13.6684205496 15.1345809663 4.64014605858 
13.6528434717 15.134783041 -1.39288488808 
13.6386563742 15.1222905705 -1.1576714424 
13.6386563742 15.1222905705 -1.1576714424 
13.6386563742 15.1222905705 -1.1576714424 
13.6360547506 15.0374857152 -0.714356465233 
13.66381168 15.0022391642 -0.634755536573 
13.6805810892 14.9759731854 -0.447860650755 
13.708216902 14.9582272733 -0.458539462454 
13.708216902 14.9582272733 -0.458539462454 
13.9805893862 14.8045107687 -0.342707910193 
14.1195719206 14.7241775955 -0.486342495301 
14.2349159681 14.6594817008 -0.559979124615 
14.3630832398 14.5584260787 -0.886556072853 
14.4515206778 14.4304265345 -0.919112993516 
14.5625959599 14.268097576 -0.940811863661 
14.6437582934 14.1352467502 -1.15395716852 
14.7083275282 13.9442089761 -1.14564172425 
14.7526026928 13.8025485242 -1.17062243676 
14.8179799282 13.5958420003 -1.17927075293 
14.8510222399 13.4922114576 -0.989312974108 
14.8980371916 13.4023487533 -0.724502968583 
14.9933773243 13.3100020851 -0.558616251903 
15.0965664947 13.2274178232 -0.257453930111 
15.183550533 13.1878091062 0.126759184038 
15.2763987743 13.1925569738 0.244644162349 
15.3636110985 13.2127181257 0.133649325474 
15.4392809832 13.2290259565 -0.281193264614 
15.5033987128 13.2068325246 -0.371727518013 
15.5571869874 13.1769517625 -0.313268101463 
15.601344403 13.1407772268 0.0668697104033 
15.6742991471 13.1396213735 0.118701562939 
15.7928573006 13.145040151 0.104617226567 
15.9581732416 13.1511596406 0.116392139166 
16.2488988304 13.1633228029 0.114917038267 
16.540102657 13.1746464933 0.116413240448 
16.732111212 13.179976579 0.130186433854 
17.0122595989 13.1876524652 0.113930163174 
17.2907565796 13.1979159082 0.111276235305 
17.490316149 13.2060390676 0.108575122837 
17.6714451277 13.2112523283 0.109998197999 
17.792963382 13.214493152 0.111090931724 
18.034432646 13.2250360216 0.0956812093403 
18.1545731985 13.2272509302 0.102419835353 
18.381331917 13.2343925203 0.125397003238 
18.4454362356 13.2340165342 0.213913566292 
18.5306184256 13.2399533952 0.37159217862 
18.6515338385 13.2699081863 0.880097958154 
18.6837420427 13.2876864637 1.13304040174 
18.7394826376 13.3927903141 1.31601249881 
18.7893595659 13.449763533 2.31444684319 
18.7933931315 13.5026504959 1.85996324194 
18.7880487406 13.5463181699 1.97839549057 
18.7668108904 13.5995911325 2.05106790292 
18.7535223925 13.61434209 1.94011868234 
18.7367281878 13.6463495458 1.75575053189 
18.729029175 13.7108683551 1.75534684219 
18.7172298395 13.8138041461 1.75391215618 
18.7038655245 13.9429670537 1.75828106419 
18.6868307554 14.0967557395 1.7551009542 
18.6645159685 14.2870725358 1.75522613776 
18.6356785261 14.5508395995 1.75599764266 
18.6223266089 14.6824925507 1.75455530938 
18.6001782381 14.8829314078 1.76086061639 
18.5856490099 15.0242039675 1.74731721267 
18.5610139334 15.2562119218 1.75513423197 
18.5464332068 15.38652299 1.75536698023 
18.5274636709 15.5365062619 1.59050709652 
18.5305240118 15.6455702151 1.27051923487 
18.557628628 15.7291349436 0.967440859071 
18.6634895765 15.8489404286 0.851895934184 
18.7660317385 15.9491162861 0.858184832702 
18.8657400572 16.046570238 0.843789733702 
18.9570085966 16.1343151892 0.830472471467 
19.0693135225 16.242365476 0.870765926468 
19.1495730841 16.3178175653 0.847322826958 
19.1495730841 16.3178175653 0.847322826958 
19.1495730841 16.3178175653 0.847322826958 
19.1495730841 16.3178175653 0.847322826958 
19.1495730841 16.3178175653 0.847322826958 
19.1495730841 16.3178175653 0.847322826958 
19.1495730841 16.3178175653 0.847322826958 
19.1495730841 16.3178175653 0.847322826958 
19.1495730841 16.3178175653 0.847322826958 
19.1495730841 16.3178175653 0.847322826958 
19.1495730841 16.3178175653 0.847322826958 
19.1495730841 16.3178175653 0.847322826958 
19.1495730841 16.3178175653 0.847322826958 
19.1495730841 16.3178175653 0.847322826958 
19.1495730841 16.3178175653 0.847322826958 
19.1495730841 16.3178175653 0.847322826958 
19.1495730841 16.3178175653 0.847322826958 
19.1495730841 16.3178175653 0.847322826958 
19.1495730841 16.3178175653 0.847322826958 
19.1495730841 16.3178175653 0.847322826958 
19.1495730841 16.3178175653 0.847322826958 
19.1495730841 16.3178175653 0.847322826958 
19.1495730841 16.3178175653 0.847322826958 
19.1495730841 16.3178175653 0.847322826958 
19.1495730841 16.3178175653 0.847322826958 
19.1495730841 16.3178175653 0.847322826958 
19.2177474463 15.7299703325 4.01278394607 
19.1758177244 15.6871722008 4.01198290309 
19.1166706049 15.6091205443 3.61855677681 
19.0616769755 15.5841835702 3.56605012298 
18.979018923 15.5550209249 3.57502906524 
18.8633787596 15.5129904116 3.57057249082 
18.7207918131 15.4602444733 3.56713983478 
18.5134787523 15.3845837528 3.52477594006 
18.404920336 15.3456506918 3.36969939875 
18.2793264353 15.3286184559 3.14988969722 
18.1324655974 15.3411410789 3.09600562756 
17.9370975458 15.3631522248 3.10158048784 
17.7767999136 15.3810156251 3.09715719086 
17.6020166838 15.4015393669 3.10023208675 
17.3741205895 15.4260911162 3.09351209478 
17.1727572643 15.4518011327 3.09866736113 
16.9474337065 15.4775446619 3.09812252871 
16.7497262919 15.5006895627 3.08527999488 
16.4991268479 15.5308529104 3.10550130402 
16.289178785 15.558255669 3.0940936084 
16.1179805362 15.5778204168 3.09256326365 
15.9058347066 15.6035581494 3.09710245306 
15.689529609 15.630569991 3.22799500255 
15.4481674099 15.609339651 3.37487615989 
15.3081171476 15.5889814163 3.57353103823 
15.2100617849 15.5610730911 3.92743742972 
15.106882509 15.4667230363 4.19986136485 
15.0650492274 15.407734331 4.18373818876 
15.0507019126 15.3881365771 4.173685105 
15.0507019126 15.3881365771 4.173685105 
14.7799708807 14.9987831677 4.20252250229 
14.6800410711 14.8569909299 4.19374552969 
14.5517327749 14.6748934949 4.18237007332 
14.4624315464 14.5517000521 4.16343565156 
14.3833559715 14.4388048614 4.1776851922 
14.3589985335 14.4058960641 4.16153070555 
14.2188800537 14.2065125669 3.93372549431 
14.0801639521 14.0720310176 3.88735891724 
13.9249217474 13.9472018445 3.81829622318 
13.8255584204 13.8819414342 3.62812731235 
13.72205114 13.8324099744 3.42826949693 
13.6248648131 13.8094819749 3.26731728375 
13.4512832129 13.803890344 3.23575398874 
13.2586474383 13.8015793527 3.22049066959 
13.1393513643 13.7999998296 3.23454520028 
12.9465613329 13.7978457178 3.03922419163 
12.8367638552 13.8161745037 2.63937974467 
12.8215160334 13.8196579183 2.57092785668 
12.7470102274 13.8571057285 2.05589225219 
12.7261891329 13.8541835512 1.75453312319 
12.7262656653 13.8553333248 1.76316825066 
12.7262656653 13.8553333248 1.76316825066 
12.7262656653 13.8553333248 1.76316825066 
12.6661505663 13.8782192434 0.743356308858 
12.6661505663 13.8782192434 0.743356308858 
12.6661505663 13.8782192434 0.743356308858 
12.6661505663 13.8782192434 0.743356308858 
12.6661505663 13.8782192434 0.743356308858 
12.6661505663 13.8782192434 0.743356308858 
12.6661505663 13.8782192434 0.743356308858 
13.0542576277 13.9201900924 0.172474550536 
13.1994192564 13.9193572963 -0.00672631097055 
13.1994192564 13.9193572963 -0.00672631097055 
13.5782048666 13.8798271383 0.416621099934 
13.7032732927 13.9248566593 0.539675720176 
13.8955635988 14.0296143259 0.534912526727 
14.0221337044 14.0953452552 0.53123561855 
14.1743199789 14.1754946674 0.545005762964 
14.3151535952 14.2510707344 0.55675694779 
14.4892173969 14.3444551195 0.925625728558 
14.5451844895 14.3980062569 1.1051864613 
14.5980653727 14.4910482729 1.18652182936 
14.6703975165 14.6240766014 1.22995162317 
14.7791403496 14.8383968736 1.16333194617 
14.8740565741 15.0198459441 1.18698507317 
14.9347702229 15.1428991372 1.06816498037 
15.0011180007 15.2515305199 0.71930547296 
15.0573337042 15.3035980279 0.419093469247 
15.1056200826 15.3363893221 0.0452002650355 
15.1163490378 15.3594336847 -0.334523624325 
15.1397595965 15.3607970516 -0.515639642292 
15.1717069113 15.3420561517 -0.556449099869 
15.2544206941 15.2795669439 -0.555713352388 
15.3334876263 15.218548788 -0.512541403993 
15.3861649 15.1718619506 -0.235100352716 
15.4142273032 15.144749325 0.10759802979 
15.4165895843 15.1303605849 0.291180158665 
15.4182392323 15.1282950754 0.328178329992 
15.4169922733 15.1383854637 0.172726991442 
15.4178672695 15.1562564338 -0.0836584305598 
15.4225335681 15.1701123084 -0.357085319655 
15.4240957462 15.1739792863 -0.402474751839 
15.4226129317 15.1721618662 -0.360717225275 
15.4218212032 15.1693475063 -0.305051928196 
15.4181755149 15.1575126986 -0.0976057630738 
15.4153560066 15.1405202488 0.139318571621 
15.4423308932 15.1339496041 0.337212973478 
15.5589947962 15.16591559 0.359860639354 
15.6441345477 15.1905779804 0.35219680933 
15.8127800861 15.2388121653 0.348374868573 
15.9485481494 15.2774031761 0.348663824043 
16.0257405752 15.2986036653 0.378332327898 
16.0726251119 15.3115750665 0.353801297824 
16.0729069078 15.3115051875 0.354854679041 
16.0729827845 15.3115568573 0.354709497832 
16.0729633832 15.3114771138 0.354814569803 
16.0729576611 15.3114733289 0.354659212588 
16.0729580634 15.3114702667 0.354817994028 
16.072968986 15.3114750052 0.354868832549 
16.072974559 15.3114773075 0.354754163248 
16.0729278737 15.311488014 0.355721092939 
16.0729594791 15.3114722113 0.354825747677 
16.0729696864 15.3114774341 0.354600331871 
16.0729551577 15.3114742304 0.354896072073 
16.0729553663 15.3114811073 0.354633573883 
16.0729542636 15.3114822994 0.354595742494 
16.0729080104 15.3115101869 0.355650365952 
16.07296085 15.3114989961 0.354538033492 
16.0731322729 15.311554637 0.351703742032 
16.0729539805 15.3115071172 0.3547827186 
16.0729523116 15.3114882375 0.354748955317 
16.0731676483 15.3115741427 0.350974933296 
16.0731226468 15.3115729655 0.351603627785 
16.0729457551 15.3114946673 0.354518017921 
16.0731541478 15.3115721534 0.351163582956 
16.0731774681 15.3115856464 0.35077259956 
16.0731248521 15.3115608061 0.351611258238 
16.0729798638 15.3115120272 0.354006231256 
16.0729400926 15.3114928792 0.354636557752 
16.0729418808 15.3114848475 0.354455351008 
16.0730918461 15.3115452642 0.351976009492 
16.0730896109 15.3115562762 0.351929523741 
16.0730896109 15.3115562762 0.351929523741 
