15.8800064615 15.2400059265 0.0430793944971 
15.8800165263 15.2400143894 0.0432108277121 
15.8799933969 15.2399726766 0.0431882143362 
15.8800086585 15.2400097511 0.0430484500545 
15.8800491478 15.2400488746 0.0430179497783 
15.8799847012 15.2399974956 0.043200950936 
15.8799844618 15.2400171665 0.0431605880329 
15.8799889974 15.2400320269 0.0432357746629 
15.8799871803 15.2400112263 0.043163640922 
15.8799923985 15.2400058415 0.0431643028589 
15.8799853792 15.2400264157 0.0431178586158 
15.880418284 15.2403860861 0.0450444295324 
15.8804099049 15.240390036 0.0452289928929 
15.8804095016 15.2403920945 0.0453057566229 
15.880398173 15.2403828411 0.0450145752281 
15.8803847098 15.2403721125 0.0450419676888 
15.8803782632 15.240380167 0.0448880638431 
15.880391067 15.240397966 0.0449364157935 
15.8803863592 15.2403948684 0.0452289521307 
15.8803850386 15.2403943006 0.0450273998032 
15.8803826879 15.2404112516 0.0449722674697 
15.8803910204 15.2403940002 0.0449979432903 
15.8803256714 15.2403175926 0.0446179569162 
15.8799093516 15.2400087353 0.0430074534805 
15.8803801016 15.2404044855 0.0451118091574 
15.8803805188 15.2404015898 0.0449608218076 
15.8803735023 15.2403994429 0.0449806324953 
15.8803781011 15.2403823733 0.045124486778 
15.8798985305 15.2399857733 0.0431748708965 
15.8800094045 15.2400789457 0.0435943381872 
15.8799269685 15.2400181218 0.0431443551123 
15.879909129 15.2400042237 0.0431783620027 
15.8800854116 15.2400612622 0.0424329931257 
15.8800904156 15.2400744879 0.0425210829274 
15.8800793468 15.2400623242 0.0424767074745 
15.8800852672 15.2400628564 0.0424884709608 
15.8801033265 15.2400812525 0.042497088999 
15.8800979705 15.2400738939 0.0426311440132 
15.8800922466 15.2400566955 0.0425080720801 
15.8800968752 15.2400706845 0.042590454894 
15.8800931248 15.2400659337 0.0425626162019 
15.880084905 15.2400811027 0.0426176304303 
15.8800834856 15.2400633678 0.0425283425562 
15.8801152782 15.2400781089 0.0425052742303 
15.8803551897 15.2403766003 0.0450918800856 
15.8800807643 15.2400506471 0.0424469631934 
15.8803052913 15.2403019148 0.0443649740488 
15.8801020124 15.2400581841 0.0425767197133 
15.8803857147 15.2403900114 0.0451161355832 
15.8800992268 15.2400712214 0.0425105383492 
15.880098859 15.2400535302 0.0424784281762 
15.8803617918 15.2403657874 0.0451098003385 
15.8800860151 15.2400485944 0.0424922530123 
15.8803773309 15.240386694 0.0452990206319 
15.8803687376 15.2403602689 0.0448067355946 
15.8803646147 15.2403626305 0.0449197490693 
15.8803548786 15.2403704918 0.0448193554512 
15.8801306087 15.2401138123 0.0432226219241 
15.8803118878 15.2403226013 0.0444960016626 
15.880113762 15.2400643792 0.0424046403999 
15.8801147427 15.2400642185 0.042575380915 
15.8801379289 15.2401098388 0.0428662124035 
15.8800942517 15.2400425697 0.0426123559193 
15.8801138123 15.240047127 0.0426625575842 
15.880080375 15.2400393547 0.042235660155 
15.8800251746 15.240062925 0.042216651417 
15.8800483599 15.2400752545 0.0422778821147 
15.880057729 15.2400422038 0.04244176174 
15.8800566561 15.2400697548 0.0423972176084 
15.8800681169 15.2400713189 0.0424231150726 
15.8815230449 15.239907195 0.0452505253842 
15.9137446788 15.2386930482 0.0449164965156 
15.9745495879 15.236575418 0.0348498096791 
16.0007632637 15.2359864644 0.0355776743323 
16.0561320448 15.233539521 0.0356570537243 
16.1241289043 15.2310306456 0.0333428238847 
16.2039963567 15.228458063 0.0314316749129 
16.354709413 15.2249956394 0.0374623846415 
16.4923230373 15.2205331533 0.0346213661534 
16.5998317563 15.2158994714 0.0369598633983 
16.7328879201 15.2112011763 0.0475434869916 
16.9307861292 15.2044754962 0.0387902672527 
17.0843901598 15.1958412568 0.0526006867454 
17.2769421303 15.1889304186 0.0362389061988 
17.4858876431 15.1797299276 0.0510747632709 
17.5867550337 15.1756895671 0.0435281845176 
17.7942601406 15.1678635443 0.0386010629365 
18.030760523 15.1593532006 0.0382127862074 
18.146451708 15.1552253852 0.0375789483262 
18.2460260355 15.1506118069 0.0390456404138 
18.4127447569 15.1431475023 0.0472628301351 
18.6513128245 15.1374285186 -0.0689034553494 
18.7478713953 15.1302929188 -0.338261636754 
18.8153023684 15.1115156377 -0.624402732987 
18.8556096518 15.0929404611 -0.91015127865 
18.8856754267 15.0880306179 -1.2882783936 
18.8986966574 15.0955412055 -1.44588352599 
18.9046072924 15.0503027255 4.63173771728 
18.8934285605 14.9982404078 4.66101325599 
18.8795213663 14.9153756762 4.64598527569 
18.8551015818 14.7845635081 4.60063382336 
18.8222200834 14.6057117547 4.60656739073 
18.7962131464 14.4658615554 4.61192502827 
18.7706949675 14.3173844779 4.62261649706 
18.7508327925 14.2144485677 -1.52506983475 
18.7543616259 14.0452902282 -1.10068421481 
18.7801723444 13.9802242483 -1.06183796499 
18.8076851332 13.9385170902 -1.23747820938 
18.8297414744 13.9307787384 -1.55384497062 
18.8444628679 13.9255239929 4.52243932769 
18.8457019293 13.9162712062 4.47167729097 
18.8457019293 13.9162712062 4.47167729097 
18.8457019293 13.9162712062 4.47167729097 
18.8457019293 13.9162712062 4.47167729097 
18.8457019293 13.9162712062 4.47167729097 
18.8457019293 13.9162712062 4.47167729097 
18.5631592238 13.2483191455 3.97744166168 
18.5612695181 13.2653492654 3.94575735543 
18.5612695181 13.2653492654 3.94575735543 
18.5612695181 13.2653492654 3.94575735543 
18.160277363 13.1243535245 3.36268085547 
17.9600655996 13.097633716 3.37517213302 
17.7912714445 13.0730270112 3.39715337928 
17.6511806213 13.0516346658 3.36319416162 
17.4958270752 13.0359977449 3.21812133659 
17.3004591429 13.0388132299 3.23602750023 
17.1689699852 13.0394645895 3.21137898451 
17.1689699852 13.0394645895 3.21137898451 
16.7575695479 13.0486828054 3.20214610769 
16.5645478332 13.0515133108 3.20667910061 
16.3408767843 13.0573154653 3.20023809166 
16.1042062604 13.0572575296 3.20079038485 
15.9187347816 13.06026518 3.20180862776 
15.726991471 13.064228412 3.20658967444 
15.5707687103 13.0675047601 3.20090019627 
15.4251225853 13.0700362886 3.16564326886 
15.3387677633 13.0723386968 3.19214592001 
15.1812313759 13.0771561826 3.19404755008 
15.0429276192 13.07964265 3.17084486429 
14.9068340623 13.0816255773 3.1947860738 
14.8793482744 13.0804878438 3.17360402691 
14.8078434431 13.0640424455 2.67807516994 
14.7906584704 13.0450245107 2.2766031728 
14.7651425564 13.0664905275 2.09594101881 
14.7555403673 13.0860546792 2.08609429879 
14.7555403673 13.0860546792 2.08609429879 
14.7555403673 13.0860546792 2.08609429879 
14.5969558918 13.4307537044 2.07397089255 
14.5020292961 13.6340155567 2.08433231174 
14.4327350819 13.7825168336 2.09133225998 
14.3867093289 13.8932466472 2.27644999769 
14.3528335058 13.9602608646 2.64054109861 
14.3258171045 13.9995969499 2.93863902509 
14.3080867493 14.0282326902 3.32039773254 
14.2601728403 14.0269963706 3.41895398786 
14.186060425 14.0123531784 3.41889180717 
14.0562708342 13.9895311559 3.40548089397 
13.8178183996 13.9486875499 3.4011752232 
13.733446356 13.9330706562 3.37784443427 
13.4730503523 13.9104440177 -0.641157717003 
13.4730503523 13.9104440177 -0.641157717003 
13.2603535616 13.8429673875 3.74031599081 
13.1733689272 13.8422826494 3.78297688493 
13.1321337187 13.8368444408 4.10773429587 
13.1161305868 13.8425190414 4.36320832086 
13.1142759287 13.8440014089 4.38409411478 
13.1142759287 13.8440014089 4.38409411478 
13.1041424238 13.834721681 4.50217319687 
13.0772945845 13.7477114166 4.48630593447 
13.0698442423 13.7238818372 4.51294550232 
13.0232851469 13.5693772996 4.52489298676 
13.0072121584 13.527349707 4.62341603406 
12.9867262804 13.4728618825 -1.40565124999 
12.9660279715 13.4206734861 -0.961178172898 
12.9605390989 13.4173394407 -0.821704286069 
12.9376690352 13.3887505496 -0.253925649165 
12.9353218042 13.3660892213 0.0957597167229 
12.9450621569 13.3576711381 0.24258654738 
12.9652874434 13.3575916255 0.31304113726 
12.9652874434 13.3575916255 0.31304113726 
13.1036093199 13.3879860605 0.380680501861 
13.1036093199 13.3879860605 0.380680501861 
13.1036093199 13.3879860605 0.380680501861 
13.1760466063 13.3919261659 0.853794991924 
13.1760466063 13.3919261659 0.853794991924 
13.3713347876 13.6328666175 0.939407029578 
13.3773577177 13.6421622003 0.868923983154 
13.526813265 13.7785907949 0.749176055843 
13.6773090326 13.8965122665 0.743345922766 
13.8791015112 14.0535041059 0.73897336861 
13.999987241 14.1470336879 0.737397124028 
14.1689536535 14.2738969291 0.721855078189 
14.3425899708 14.4086316193 0.738844392872 
14.4890676701 14.5182685221 0.719527723618 
14.6468023026 14.6408998335 0.724835863791 
14.8020157778 14.7604010666 0.740392315935 
14.8902869188 14.8277624811 0.716714885379 
14.9931259715 14.907081988 0.735410899053 
15.1359351837 15.0174903984 0.727249767008 
15.2479702198 15.1027344877 0.740468046245 
15.2992728316 15.1246536339 1.01768560757 
15.300647434 15.1247101391 1.0365034274 
15.3406194412 15.1300515647 1.68832010058 
15.3389344179 15.2049414108 1.72072361432 
15.3295819127 15.3226457278 1.7215506857 
15.3199100458 15.4432667012 1.71794776215 
15.3107022607 15.5648663307 1.73785588259 
15.3080998027 15.5966986979 1.7369972277 
15.3113975489 15.6200614239 1.81952616163 
15.3317921722 15.6242208744 2.12230743925 
15.3424528801 15.6292806233 2.32813594636 
15.3418487274 15.6314816142 2.3361025893 
15.3244089448 15.6206274296 1.97613662893 
15.3050972187 15.6178420151 1.70972752022 
15.2996026837 15.6168703402 1.62674085575 
15.2995780074 15.6181580986 1.63235784791 
15.3034152352 15.6294566358 1.70252873641 
15.3008249366 15.6831281448 1.70269877392 
15.3005553448 15.7376990283 1.761925585 
15.3136832678 15.7682486142 2.02886679483 
15.3268233502 15.7726970876 2.26101576424 
15.3276815974 15.7786943878 2.30971359736 
15.3289790117 15.7766274179 2.29990458097 
15.3343592846 15.7831822003 2.43307621999 
15.3486475908 15.8039568628 2.82521545685 
15.3198692166 15.8296354974 3.20345737926 
15.243722912 15.8337141241 3.23225493261 
15.2058435046 15.8487901057 3.48835897481 
15.2002209389 15.8620459999 3.72893357117 
15.1965467298 15.8649918998 3.79839204107 
15.1704401934 15.8465066517 3.79910119454 
15.1294345224 15.8195528949 3.8112029324 
15.0412602985 15.7608163918 3.80630560362 
14.9442260825 15.6956256593 3.79776323299 
14.8406361305 15.6266399289 3.81729523668 
14.6526851618 15.5014314617 3.78976399641 
14.508895632 15.4077429439 3.84915089473 
14.4276365006 15.349543337 3.79540607211 
14.2549169027 15.2383624869 3.79866316278 
14.0912722313 15.1266568492 3.64777722036 
13.9657362663 15.0706878717 3.29154080607 
13.9183741772 15.0639974738 3.19743829126 
13.8647937739 15.0651523734 3.2010794582 
13.8652310335 15.0652635063 3.20704561835 
13.8652310335 15.0652635063 3.20704561835 
13.8222162687 15.0655794109 3.21543638485 
13.8033714258 15.0662530179 3.21135512574 
13.7487843001 15.0696565027 3.20825565175 
13.7487843001 15.0696565027 3.20825565175 
13.7487843001 15.0696565027 3.20825565175 
13.7242717707 15.0821543599 3.40217238239 
13.7183814013 15.0991936589 3.67965530441 
13.7183814013 15.0991936589 3.67965530441 
13.6727874243 15.1338413397 4.57465075271 
13.6540868246 15.134119604 -1.40668197147 
13.6386563742 15.1222905705 -1.1576714424 
13.6386563742 15.1222905705 -1.1576714424 
13.6434788668 15.0486626143 -0.959320019442 
13.6385259592 15.0289579595 -0.708878451425 
13.6677789652 14.987517264 -0.518798010732 
13.6970019304 14.9645223881 -0.453972305112 
13.708216902 14.9582272733 -0.458539462454 
13.8882873022 14.8590815032 -0.340469816117 
14.0428104364 14.7580606009 -0.193766814953 
14.1688576901 14.6958728398 -0.48838391232 
14.2466201746 14.6546816791 -0.558888417579 
14.407404896 14.4976192678 -0.945250478077 
14.5215282404 14.3291147912 -0.892029031103 
14.5842283928 14.2399990524 -1.00360658665 
14.6794152224 14.0247900451 -1.18495822199 
14.7279388868 13.8804964984 -1.14562705339 
14.7877775395 13.6915491785 -1.17239070219 
14.8232039177 13.5725855793 -1.10021569228 
14.8561197483 13.4783785308 -0.946726610627 
14.9029175603 13.397525307 -0.714481313791 
14.9933773243 13.3100020851 -0.558616251903 
15.0965664947 13.2274178232 -0.257453930111 
15.1597454512 13.1950858797 0.0150912824798 
15.2554816568 13.1886640752 0.24686991878 
15.3527567947 13.2098573411 0.169068132538 
15.4036731684 13.2258228029 -0.0835466435174 
15.4784380757 13.2175310815 -0.354890417704 
15.5212209189 13.1984819139 -0.374048338123 
15.5923396313 13.1475123132 -0.0256300146241 
15.6417307818 13.1381329263 0.124207014008 
15.7095931732 13.1413246358 0.11852861858 
15.8287820333 13.1462498868 0.119377943814 
15.9191197866 13.1497908796 0.118823562786 
16.1251456254 13.1577616895 0.112567393611 
16.278468486 13.1644154752 0.114998072389 
16.4088356459 13.1696745122 0.133711465134 
16.540102657 13.1746464933 0.116413240448 
16.6806018912 13.1783364976 0.134101122293 
16.8343343103 13.1837166513 0.131899215827 
17.0122595989 13.1876524652 0.113930163174 
17.1013314688 13.1918057168 0.11303578239 
17.2907565796 13.1979159082 0.111276235305 
17.375911113 13.2014778818 0.108821556784 
17.494636532 13.2062343324 0.108207288909 
17.6714451277 13.2112523283 0.109998197999 
17.9117696249 13.2198160852 0.0982112181706 
18.1374199354 13.2267686094 0.102029077918 
18.2718594038 13.2306016649 0.115662844414 
18.4454362356 13.2340165342 0.213913566292 
18.5306184256 13.2399533952 0.37159217862 
18.5991160833 13.2482911314 0.651525440334 
18.6837420427 13.2876864637 1.13304040174 
18.7394826376 13.3927903141 1.31601249881 
18.7824468577 13.4717261756 1.59980241203 
18.7951943838 13.5071686471 1.88932179507 
18.7924208605 13.541730758 2.03123891584 
18.7679958307 13.5989446605 2.05865889935 
18.7513141596 13.6147415603 1.90988545315 
18.7396588289 13.6255984272 1.76602841418 
18.7318460905 13.6873944963 1.75516643396 
18.7263200247 13.7334090436 1.75325661164 
18.7093112433 13.8884793485 1.75833347273 
18.6913101637 14.0553448165 1.75638136297 
18.6800701582 14.155252334 1.75589574812 
18.6569416487 14.3597944344 1.75615252596 
18.6282889807 14.6232010687 1.75339124911 
18.6054804289 14.8396430279 1.75603226967 
18.584159609 15.057152089 1.78064900989 
18.5682280027 15.2202614567 1.81186312409 
18.5464332068 15.38652299 1.75536698023 
18.5274636709 15.5365062619 1.59050709652 
18.5316073858 15.6525243486 1.2410428204 
18.571143862 15.7501606906 0.918667258927 
18.6816949808 15.8663735951 0.857104035971 
18.7817919218 15.963761207 0.851617581137 
18.9105253183 16.0892611707 0.837269144386 
19.0631005728 16.2364511455 0.871726550557 
19.1495730841 16.3178175653 0.847322826958 
19.1495730841 16.3178175653 0.847322826958 
19.1495730841 16.3178175653 0.847322826958 
19.1495730841 16.3178175653 0.847322826958 
19.1495730841 16.3178175653 0.847322826958 
19.1495730841 16.3178175653 0.847322826958 
19.1495730841 16.3178175653 0.847322826958 
19.1495730841 16.3178175653 0.847322826958 
19.1495730841 16.3178175653 0.847322826958 
19.1495730841 16.3178175653 0.847322826958 
19.1495730841 16.3178175653 0.847322826958 
19.1495730841 16.3178175653 0.847322826958 
19.1495730841 16.3178175653 0.847322826958 
19.1495730841 16.3178175653 0.847322826958 
19.1495730841 16.3178175653 0.847322826958 
19.1495730841 16.3178175653 0.847322826958 
19.1495730841 16.3178175653 0.847322826958 
19.1495730841 16.3178175653 0.847322826958 
19.1495730841 16.3178175653 0.847322826958 
19.1495730841 16.3178175653 0.847322826958 
19.1495730841 16.3178175653 0.847322826958 
19.1495730841 16.3178175653 0.847322826958 
19.1495730841 16.3178175653 0.847322826958 
19.1495730841 16.3178175653 0.847322826958 
19.2212111914 15.7335139478 4.01369286083 
19.1758177244 15.6871722008 4.01198290309 
19.1758177244 15.6871722008 4.01198290309 
19.0021343195 15.562516805 3.56804119471 
18.8573691809 15.5103750492 3.5706416439 
18.5760033095 15.4089028502 3.56856234551 
18.4107744658 15.3475780899 3.38136286929 
18.2492721045 15.3301212157 3.12721813716 
18.0778691733 15.3474808524 3.1040874795 
17.8736464941 15.3694506849 3.09079724627 
17.6613546574 15.3946002538 3.09962420995 
17.5019466841 15.4117778058 3.07987556438 
17.3201582396 15.4372910226 3.22499477976 
17.0792672598 15.4618969823 3.0956433928 
16.9189424479 15.4814190234 3.10455139999 
16.5700994098 15.5221322442 3.09382330473 
16.4318958485 15.5403168465 3.0987477102 
16.28057554 15.5592044557 3.09227035173 
16.1179805362 15.5778204168 3.09256326365 
15.9568481633 15.5977778698 3.09644319204 
15.7961848193 15.6171764995 3.14019748748 
15.6137067341 15.6343503858 3.34596765318 
15.4091126287 15.6052191819 3.3953373327 
15.2647233569 15.578780737 3.70166602547 
15.1824017131 15.5429036582 4.01244257965 
15.0894658529 15.4452416862 4.17896581728 
15.0507019126 15.3881365771 4.173685105 
15.0507019126 15.3881365771 4.173685105 
14.7573903763 14.9670746292 4.19248310081 
14.6205557549 14.7755287851 4.10079786906 
14.456557151 14.5457044805 4.17353043674 
14.3589985335 14.4058960641 4.16153070555 
14.3589985335 14.4058960641 4.16153070555 
14.2188800537 14.2065125669 3.93372549431 
14.0505750143 14.0476269687 3.90325705563 
13.8831772768 13.9148997034 3.70813099032 
13.7820167505 13.8627217973 3.59375435722 
13.645732876 13.8134953941 3.28363494756 
13.5313999617 13.8043093647 3.233260066 
13.41219401 13.8034906352 3.22581054136 
13.2173392737 13.8007715906 3.22815968816 
13.0374033415 13.7964565719 3.17201305621 
12.9699270689 13.7971905435 3.07965127057 
12.8367638552 13.8161745037 2.63937974467 
12.8215160334 13.8196579183 2.57092785668 
12.7505717241 13.8550885881 2.09773631894 
12.7261891329 13.8541835512 1.75453312319 
12.7262656653 13.8553333248 1.76316825066 
12.7262656653 13.8553333248 1.76316825066 
12.7262656653 13.8553333248 1.76316825066 
12.6661505663 13.8782192434 0.743356308858 
12.6661505663 13.8782192434 0.743356308858 
12.6661505663 13.8782192434 0.743356308858 
12.6661505663 13.8782192434 0.743356308858 
12.6661505663 13.8782192434 0.743356308858 
12.6661505663 13.8782192434 0.743356308858 
12.6661505663 13.8782192434 0.743356308858 
12.6661505663 13.8782192434 0.743356308858 
13.1994192564 13.9193572963 -0.00672631097055 
13.1994192564 13.9193572963 -0.00672631097055 
13.5349402392 13.8771529163 0.234148113797 
13.6791870558 13.9145766462 0.54007662805 
13.7796466314 13.9658170904 0.554639623899 
13.9322575295 14.0486947263 0.546048008055 
14.0316865408 14.0988192523 0.551609119125 
14.2975351774 14.2399114336 0.544289962629 
14.4520610535 14.3215450014 0.758995602587 
14.5206466877 14.3699660862 1.04183109438 
14.5792026484 14.4546649421 1.16908609696 
14.6335997545 14.5600205625 1.19427079148 
14.711628195 14.7080885137 1.19758435143 
14.8043531143 14.8872470821 1.16665596736 
14.8799133265 15.0307938422 1.19088051214 
14.9385513031 15.1495594422 1.04524194379 
15.0036503636 15.2546048279 0.686079671501 
15.077234205 15.3177754695 0.289465560827 
15.1154180729 15.3516513968 -0.211357271713 
15.1185883247 15.3618582378 -0.367851283232 
15.185998615 15.3312355767 -0.543369201106 
15.2692949736 15.2679126191 -0.551961387937 
15.3445700371 15.2073367371 -0.453927212429 
15.3937394583 15.1634463559 -0.138740882243 
15.4185465538 15.1400778631 0.152042642921 
15.4177333974 15.1285814161 0.322794193901 
15.4182884359 15.129581582 0.306019807448 
15.4171704614 15.1372287388 0.191577561425 
15.4177000486 15.1552026461 -0.0675745341592 
15.4228260779 15.1733892898 -0.393975108972 
15.4240982496 15.1739019493 -0.400058712168 
15.420828458 15.1725343133 -0.346979359419 
15.4215267861 15.1722888986 -0.357153400253 
15.4187164867 15.1584741587 -0.114564600918 
15.4170461857 15.1387020017 0.171861424885 
15.4703391158 15.1405136997 0.358005503726 
15.5763841831 15.1707415471 0.355751216447 
15.7310622298 15.2157588883 0.346611243784 
15.8936971381 15.2615586019 0.353671393197 
15.9698469454 15.2834464053 0.351086738546 
16.0354985261 15.3012403662 0.355106414947 
16.0682164543 15.3098945881 0.35604830399 
16.0729158187 15.3116733993 0.35242490883 
16.0730236584 15.3115630264 0.354501335977 
16.0729660356 15.3115504498 0.354742420045 
16.0729103648 15.311482657 0.356062516641 
16.0729114228 15.3114734108 0.355748812599 
16.0729592853 15.3114756013 0.354749310341 
16.072962951 15.3114653716 0.354883897017 
16.0729656928 15.3114795128 0.354882093554 
16.0729623997 15.3114888782 0.355037243002 
16.0729313457 15.3114838789 0.355525793499 
16.0729622954 15.3114755491 0.354826829084 
16.0729557836 15.311478276 0.354904654992 
16.0729618334 15.3114693652 0.354711770567 
16.0731732809 15.311571684 0.351123817012 
16.0729996824 15.311508056 0.353929047452 
16.07291336 15.3114989812 0.355609927935 
16.0729497784 15.3114717195 0.354584155312 
16.0729437434 15.3114900554 0.354860673617 
16.0729514622 15.311508585 0.354747262796 
16.0731667542 15.3115686963 0.351033722693 
16.0731151813 15.3115584666 0.351677160768 
16.0729372912 15.311475035 0.354696504871 
16.0728972965 15.3114992047 0.35555623166 
16.0729830974 15.3115201036 0.353956370911 
16.0729445034 15.3115026692 0.35447454022 
16.0729547405 15.3115248869 0.354658009198 
16.0729461574 15.3115123923 0.354782348023 
16.0731656217 15.3115806694 0.350933536855 
16.0729365909 15.3114857043 0.354758357553 
16.0729866886 15.3115070204 0.35387080584 
16.0730896109 15.3115562762 0.351929523741 
