15.8800144346 15.2400045854 0.0431103284644 
15.8799985341 15.2399895339 0.0432414808589 
15.8800165263 15.2400143894 0.0432108277121 
15.8801523551 15.240078188 0.0427008642011 
15.8800167871 15.2400059897 0.0432373982633 
15.8799838052 15.2399975727 0.0433465455027 
15.8799945238 15.240009565 0.0429477695204 
15.8799744706 15.2400015119 0.0431842641699 
15.8799729414 15.2400063946 0.0431494616346 
15.8799848166 15.2400102592 0.0431204859713 
15.8799923985 15.2400058415 0.0431643028589 
15.879985571 15.2400144771 0.043163877743 
15.8799511838 15.2400061777 0.042977477089 
15.8800450574 15.2400738874 0.0434322072953 
15.8799393271 15.2399960728 0.0430460588088 
15.880398173 15.2403828411 0.0450145752281 
15.8800282656 15.2400836826 0.0435232321821 
15.8803893869 15.2403801335 0.0450494629703 
15.8799441868 15.2400222385 0.0430362514278 
15.8803843596 15.2403918258 0.045107680728 
15.8803841706 15.2403661958 0.0451874102407 
15.8803775312 15.2403774571 0.0452900503726 
15.8803851298 15.2404009942 0.0452983098405 
15.8803256714 15.2403175926 0.0446179569162 
15.8799093516 15.2400087353 0.0430074534805 
15.8803801016 15.2404044855 0.0451118091574 
15.8803805188 15.2404015898 0.0449608218076 
15.8803735023 15.2403994429 0.0449806324953 
15.8803644498 15.2403936796 0.0451351180993 
15.8803739698 15.2403653679 0.045143255483 
15.8798951266 15.2399864995 0.0429590283136 
15.8800494095 15.2400564053 0.0426209524013 
15.8799461584 15.2400287305 0.0430179630693 
15.8799499219 15.2400216517 0.0429325099247 
15.8800904156 15.2400744879 0.0425210829274 
15.8800793468 15.2400623242 0.0424767074745 
15.8799605315 15.2400374644 0.0430670395726 
15.8801033265 15.2400812525 0.042497088999 
15.8800979705 15.2400738939 0.0426311440132 
15.8800764932 15.2400617771 0.0425712803289 
15.8800968752 15.2400706845 0.042590454894 
15.8800931248 15.2400659337 0.0425626162019 
15.880084905 15.2400811027 0.0426176304303 
15.8800777598 15.240057295 0.0424353081073 
15.8801152782 15.2400781089 0.0425052742303 
15.8803551897 15.2403766003 0.0450918800856 
15.8800807643 15.2400506471 0.0424469631934 
15.8803052913 15.2403019148 0.0443649740488 
15.8800940021 15.2400635423 0.0425680907253 
15.8800779908 15.2400560341 0.042369072448 
15.8800992268 15.2400712214 0.0425105383492 
15.880098859 15.2400535302 0.0424784281762 
15.8803617918 15.2403657874 0.0451098003385 
15.8800860151 15.2400485944 0.0424922530123 
15.8800970075 15.2400590985 0.0426469894078 
15.8803681369 15.2403678973 0.0450388851979 
15.8803646147 15.2403626305 0.0449197490693 
15.8803548786 15.2403704918 0.0448193554512 
15.8802988586 15.2403178848 0.0447929560092 
15.8801153583 15.2400678933 0.0422241876594 
15.880113952 15.2400424228 0.0424303685294 
15.8801147427 15.2400642185 0.042575380915 
15.8800970503 15.2400434078 0.0425186831929 
15.8800974918 15.2400385871 0.0425973627105 
15.880099401 15.2400404844 0.0426014062725 
15.8800733491 15.240044034 0.0424482083392 
15.8800194497 15.240060965 0.0422275053445 
15.8800483599 15.2400752545 0.0422778821147 
15.8800577196 15.2400836325 0.0423299124299 
15.8800703391 15.2400746781 0.0422870698959 
15.8800360589 15.2400562227 0.0423988770761 
15.8864805811 15.240013914 0.0429101868796 
15.9168855754 15.2388562264 0.0368183685975 
15.9787679502 15.2372669871 0.028221248192 
16.0093377867 15.2357996334 0.0377237619826 
16.059643265 15.233053142 0.0365493656277 
16.1342172885 15.2303889694 0.0360338644434 
16.2360276246 15.2275414674 0.0316806233746 
16.3620312476 15.2242940518 0.0471409976148 
16.4923230373 15.2205331533 0.0346213661534 
16.6175712907 15.2153602077 0.0479350712664 
16.7501307094 15.2100994906 0.0502660939324 
16.9863178694 15.2019779536 0.0381785997581 
17.0906805956 15.1955648887 0.0540248771652 
17.2769421303 15.1889304186 0.0362389061988 
17.4934372866 15.1793284791 0.0506099812639 
17.5928119385 15.1749499927 0.0450954555807 
17.8286000454 15.1669953207 0.0360802037734 
18.0426006281 15.1585482324 0.0391675359916 
18.1651883089 15.1538642461 0.050226499669 
18.2590389216 15.1498324911 0.04064318597 
18.4254796469 15.1429679582 0.0423716223043 
18.6513128245 15.1374285186 -0.0689034553494 
18.7514877283 15.129354913 -0.347919269556 
18.8153023684 15.1115156377 -0.624402732987 
18.860141989 15.0909137542 -0.951550019917 
18.8884537184 15.0892910923 -1.3339218299 
18.9026815855 15.0870490337 -1.54744927605 
18.9046072924 15.0503027255 4.63173771728 
18.89022493 14.9805920685 4.66380574843 
18.8745851481 14.8904945518 4.65011489266 
18.8484570944 14.752452519 4.62119540894 
18.8199717962 14.5969321097 4.61529460717 
18.7929677927 14.44576728 4.60575485578 
18.7611293757 14.2744818295 4.67268687289 
18.744566437 14.1761077608 -1.42294428148 
18.7568030321 14.0393521751 -1.09864484858 
18.7895252668 13.9633336032 -1.08870104937 
18.8099992239 13.9359468187 -1.26345109027 
18.8297414744 13.9307787384 -1.55384497062 
18.8447906935 13.9225796426 4.48515140373 
18.8457019293 13.9162712062 4.47167729097 
18.8457019293 13.9162712062 4.47167729097 
18.8457019293 13.9162712062 4.47167729097 
18.8457019293 13.9162712062 4.47167729097 
18.8457019293 13.9162712062 4.47167729097 
18.8457019293 13.9162712062 4.47167729097 
18.5612695181 13.2653492654 3.94575735543 
18.5612695181 13.2653492654 3.94575735543 
18.5612695181 13.2653492654 3.94575735543 
18.5612695181 13.2653492654 3.94575735543 
18.1219749415 13.1188987459 3.36548179991 
17.8980376684 13.087617513 3.37653004615 
17.7912714445 13.0730270112 3.39715337928 
17.6385477745 13.0500122274 3.36271944766 
17.4958270752 13.0359977449 3.21812133659 
17.3004591429 13.0388132299 3.23602750023 
17.1689699852 13.0394645895 3.21137898451 
17.1689699852 13.0394645895 3.21137898451 
16.7443946564 13.0487288202 3.21262311722 
16.5645478332 13.0515133108 3.20667910061 
16.3020460569 13.0567740167 3.18984421904 
16.1001242214 13.0572880472 3.20344671783 
15.9187347816 13.06026518 3.20180862776 
15.7183330619 13.0644592012 3.20750987893 
15.5398516023 13.0686823095 3.19596319657 
15.4190260732 13.0709701742 3.16662674219 
15.3323036396 13.0724931921 3.18844007243 
15.1506354773 13.0784195627 3.20778750363 
15.0346030557 13.0796209539 3.16959984947 
14.9068340623 13.0816255773 3.1947860738 
14.8793482744 13.0804878438 3.17360402691 
14.8078434431 13.0640424455 2.67807516994 
14.7897018158 13.0447207654 2.26387163975 
14.7651425564 13.0664905275 2.09594101881 
14.7555403673 13.0860546792 2.08609429879 
14.7555403673 13.0860546792 2.08609429879 
14.7555403673 13.0860546792 2.08609429879 
14.5878761971 13.4508199657 2.07587721667 
14.4896424973 13.6595349277 2.11505093563 
14.4271339142 13.7955298389 2.12057634787 
14.3805264198 13.9073624576 2.31461925813 
14.3528335058 13.9602608646 2.64054109861 
14.3228061163 14.001549002 2.94473736645 
14.3080867493 14.0282326902 3.32039773254 
14.236107465 14.0229599441 3.40087927426 
14.1759519541 14.0118756259 3.4033064469 
13.9896330797 13.9780771697 3.4115749644 
13.8017878496 13.9476360048 3.39237615233 
13.6268637144 13.9135098423 3.41303241671 
13.4730503523 13.9104440177 -0.641157717003 
13.4730503523 13.9104440177 -0.641157717003 
13.2603535616 13.8429673875 3.74031599081 
13.1691467726 13.8418576683 3.80671702315 
13.1278145277 13.835790273 4.15675548146 
13.1142759287 13.8440014089 4.38409411478 
13.1142759287 13.8440014089 4.38409411478 
13.1142759287 13.8440014089 4.38409411478 
13.0934398138 13.7958891357 4.49794293425 
13.0698442423 13.7238818372 4.51294550232 
13.0454421007 13.6398972238 4.50031583072 
13.0232851469 13.5693772996 4.52489298676 
13.0012211763 13.5091299976 4.67406307895 
12.9802730047 13.4521548713 -1.27109361063 
12.9638841116 13.4196239675 -0.886515112409 
12.9480321371 13.4065328802 -0.567740914258 
12.9382450544 13.3819987739 -0.158055424745 
12.9357523882 13.3617510761 0.148058654655 
12.9450621569 13.3576711381 0.24258654738 
12.9652874434 13.3575916255 0.31304113726 
12.9652874434 13.3575916255 0.31304113726 
13.1036093199 13.3879860605 0.380680501861 
13.1036093199 13.3879860605 0.380680501861 
13.1760466063 13.3919261659 0.853794991924 
13.1760466063 13.3919261659 0.853794991924 
13.1760466063 13.3919261659 0.853794991924 
13.3752820456 13.6400629247 0.86809508756 
13.445302006 13.7175328697 0.69968667587 
13.5423426592 13.7916426624 0.749659952081 
13.6943068468 13.9093637432 0.742388809363 
13.8791015112 14.0535041059 0.73897336861 
13.999987241 14.1470336879 0.737397124028 
14.1836844647 14.2877894009 0.722460597965 
14.3461751902 14.4113119806 0.734765961566 
14.4979821407 14.5238456691 0.674337209808 
14.6468023026 14.6408998335 0.724835863791 
14.8020157778 14.7604010666 0.740392315935 
14.9042836988 14.8392123247 0.714841483917 
14.9997208678 14.9120729233 0.738129461207 
15.1432467067 15.02355833 0.723572690629 
15.2554933393 15.1070943142 0.751347194112 
15.2992728316 15.1246536339 1.01768560757 
15.300647434 15.1247101391 1.0365034274 
15.3415887916 15.1327151994 1.69921222209 
15.3381878697 15.2106011736 1.72328419414 
15.3295819127 15.3226457278 1.7215506857 
15.3175954783 15.463426214 1.73150911541 
15.3107022607 15.5648663307 1.73785588259 
15.3079696858 15.60090163 1.73648621335 
15.3126303517 15.620001104 1.83513368469 
15.3354388439 15.6250410045 2.20413664326 
15.3419157827 15.6301181878 2.33112633178 
15.3417767846 15.631314751 2.33899629059 
15.32441872 15.620190915 1.96515989982 
15.3034262025 15.6181112195 1.68297821865 
15.2996420824 15.6168110634 1.62636935453 
15.2988986337 15.6174859668 1.62273899558 
15.3034152352 15.6294566358 1.70252873641 
15.3004838192 15.6884798671 1.70338096721 
15.3005553448 15.7376990283 1.761925585 
15.3159705364 15.7700114215 2.08580320255 
15.3275455796 15.7729814614 2.27510100749 
15.328410145 15.7779168452 2.27953227352 
15.3280220592 15.7777169908 2.31645978968 
15.3364469969 15.7852726544 2.48107302026 
15.3486475908 15.8039568628 2.82521545685 
15.3198692166 15.8296354974 3.20345737926 
15.2330374086 15.8377569879 3.25998301227 
15.2039020621 15.8500460947 3.5210809037 
15.2006156408 15.8628719414 3.74601189477 
15.1960019433 15.8647675479 3.80164255692 
15.1661586725 15.8453128303 3.78967038645 
15.1010806524 15.8010773624 3.80772689598 
15.0340208375 15.7558429206 3.80537327519 
14.9382321202 15.6917728747 3.79977107671 
14.8406361305 15.6266399289 3.81729523668 
14.6463417971 15.495976385 3.80965865838 
14.4871137106 15.3905604447 3.81795866051 
14.3240535223 15.2828363183 3.79446328767 
14.1586059296 15.1731578971 3.76803860972 
14.0537697041 15.1057108308 3.55676749277 
13.9471098148 15.0673904235 3.26058172322 
13.8894119227 15.0640230889 3.19439044677 
13.8649120295 15.0653139318 3.21014077841 
13.8652310335 15.0652635063 3.20704561835 
13.8475201094 15.065432545 3.20496334397 
13.8033714258 15.0662530179 3.21135512574 
13.8033714258 15.0662530179 3.21135512574 
13.7487843001 15.0696565027 3.20825565175 
13.7487843001 15.0696565027 3.20825565175 
13.7487843001 15.0696565027 3.20825565175 
13.7242717707 15.0821543599 3.40217238239 
13.7183814013 15.0991936589 3.67965530441 
13.7183814013 15.0991936589 3.67965530441 
13.6684205496 15.1345809663 4.64014605858 
13.6450142824 15.1325722004 -1.27039683133 
13.6386563742 15.1222905705 -1.1576714424 
13.6386563742 15.1222905705 -1.1576714424 
13.6434788668 15.0486626143 -0.959320019442 
13.65747213 15.0232942815 -0.659719542377 
13.6708342993 14.9853306974 -0.502457459354 
13.708216902 14.9582272733 -0.458539462454 
13.708216902 14.9582272733 -0.458539462454 
13.9028956854 14.8502081896 -0.340055670809 
14.0678183996 14.756027695 -0.418081274553 
14.1849849188 14.6880945528 -0.450658719421 
14.2945129835 14.6245121325 -0.711379284423 
14.4162138664 14.4870015944 -0.916996568394 
14.5353938305 14.3036742772 -0.930740025524 
14.5982398951 14.2214970554 -1.05541968706 
14.6834071838 14.0178086723 -1.19865154911 
14.7390332186 13.8476587499 -1.18940655297 
14.7877775395 13.6915491785 -1.17239070219 
14.8304548227 13.5494388307 -1.11055970221 
14.8637684548 13.4613702262 -0.833629163288 
14.9145885074 13.3831496204 -0.671341825792 
15.0119320118 13.295049187 -0.549001655272 
15.0965664947 13.2274178232 -0.257453930111 
15.1739869678 13.1899739469 0.084361182315 
15.2645520532 13.1901093687 0.247966958363 
15.3527567947 13.2098573411 0.169068132538 
15.4096704983 13.2285515035 -0.150168584025 
15.4825207853 13.2158659662 -0.35825628609 
15.5606479907 13.1747013296 -0.301388091925 
15.5923396313 13.1475123132 -0.0256300146241 
15.6448724532 13.1383579935 0.122421762947 
15.7257959807 13.1422318185 0.118013853595 
15.8353268617 13.1464785303 0.118563737154 
15.9581732416 13.1511596406 0.116392139166 
16.1462277734 13.1591974462 0.114265735075 
16.2996043527 13.1653381551 0.115725573767 
16.4088356459 13.1696745122 0.133711465134 
16.5915545785 13.1757284368 0.111199615832 
16.6941243374 13.1784282888 0.131467950168 
16.8343343103 13.1837166513 0.131899215827 
17.0122595989 13.1876524652 0.113930163174 
17.1990761721 13.1951767171 0.112881748041 
17.2907565796 13.1979159082 0.111276235305 
17.375911113 13.2014778818 0.108821556784 
17.6158206427 13.2098613943 0.109040576889 
17.792963382 13.214493152 0.111090931724 
17.9117696249 13.2198160852 0.0982112181706 
18.1458010637 13.2268809045 0.10315351966 
18.2718594038 13.2306016649 0.115662844414 
18.4454362356 13.2340165342 0.213913566292 
18.5895104372 13.2461088861 0.613942120736 
18.6515338385 13.2699081863 0.880097958154 
18.6837420427 13.2876864637 1.13304040174 
18.7394826376 13.3927903141 1.31601249881 
18.7988436186 13.4483230079 3.40930808753 
18.7951943838 13.5071686471 1.88932179507 
18.7857139074 13.5581431354 2.01883213028 
18.7665452921 13.6013436283 2.05622716567 
18.7502713167 13.6149201358 1.89217965639 
18.7376165354 13.6330662931 1.75085313775 
18.7313272917 13.6927728618 1.75647273901 
18.7208766901 13.7804230417 1.75641852043 
18.7093112433 13.8884793485 1.75833347273 
18.6913101637 14.0553448165 1.75638136297 
18.6763484442 14.1849721635 1.7545453331 
18.6548926794 14.3769808973 1.75639073315 
18.6266903841 14.6404076184 1.75648043501 
18.6028673613 14.8613608445 1.76108694662 
18.5772201979 15.1001643653 1.75487497146 
18.5634279215 15.2441267853 1.75861137526 
18.545548197 15.394877624 1.75451534058 
18.5273759329 15.5463054741 1.57128131439 
18.5343544447 15.6681823398 1.1805917883 
18.5795471632 15.7613762582 0.89649692802 
18.6816949808 15.8663735951 0.857104035971 
18.8181014025 15.9990265931 0.860212374409 
18.9105253183 16.0892611707 0.837269144386 
19.0914800131 16.2629017795 0.86071977043 
19.1495730841 16.3178175653 0.847322826958 
19.1495730841 16.3178175653 0.847322826958 
19.1495730841 16.3178175653 0.847322826958 
19.1495730841 16.3178175653 0.847322826958 
19.1495730841 16.3178175653 0.847322826958 
19.1495730841 16.3178175653 0.847322826958 
19.1495730841 16.3178175653 0.847322826958 
19.1495730841 16.3178175653 0.847322826958 
19.1495730841 16.3178175653 0.847322826958 
19.1495730841 16.3178175653 0.847322826958 
19.1495730841 16.3178175653 0.847322826958 
19.1495730841 16.3178175653 0.847322826958 
19.1495730841 16.3178175653 0.847322826958 
19.1495730841 16.3178175653 0.847322826958 
19.1495730841 16.3178175653 0.847322826958 
19.1495730841 16.3178175653 0.847322826958 
19.1495730841 16.3178175653 0.847322826958 
19.1495730841 16.3178175653 0.847322826958 
19.1495730841 16.3178175653 0.847322826958 
19.1495730841 16.3178175653 0.847322826958 
19.1495730841 16.3178175653 0.847322826958 
19.1495730841 16.3178175653 0.847322826958 
19.1495730841 16.3178175653 0.847322826958 
19.1495730841 16.3178175653 0.847322826958 
19.2177474463 15.7299703325 4.01278394607 
19.1758177244 15.6871722008 4.01198290309 
19.1758177244 15.6871722008 4.01198290309 
18.979018923 15.5550209249 3.57502906524 
18.8089606726 15.4923602308 3.55881600418 
18.5685622656 15.4061139936 3.566465522 
18.3989543879 15.344054688 3.35567298715 
18.2492721045 15.3301212157 3.12721813716 
18.0694918596 15.3483645881 3.10274727668 
17.857349869 15.3720766569 3.10241259094 
17.6613546574 15.3946002538 3.09962420995 
17.4943393433 15.4123493249 3.07595594857 
17.3201582396 15.4372910226 3.22499477976 
17.0711897575 15.463560831 3.09975475147 
16.8935362064 15.4837441857 3.09285848168 
16.540720638 15.5255290831 3.10964458462 
16.4192589485 15.5418952073 3.09743961399 
16.2721145415 15.5601170028 3.09438401551 
16.105222311 15.5797908867 3.08743316539 
15.9359700085 15.6003351177 3.09681808152 
15.7791949176 15.6194578672 3.14030775773 
15.6059876644 15.6340048278 3.36136709981 
15.4091126287 15.6052191819 3.3953373327 
15.2647233569 15.578780737 3.70166602547 
15.1600860321 15.5250539149 4.07107937021 
15.0844073856 15.4315217699 4.20500404586 
15.0507019126 15.3881365771 4.173685105 
14.9098316991 15.1850500407 4.18208565853 
14.750813123 14.9573850001 4.20007906319 
14.6068220102 14.7549133564 4.10929889107 
14.4517383539 14.5345327819 4.2022416497 
14.3589985335 14.4058960641 4.16153070555 
14.3589985335 14.4058960641 4.16153070555 
14.2188800537 14.2065125669 3.93372549431 
14.0505750143 14.0476269687 3.90325705563 
13.8642942869 13.900918361 3.6904878689 
13.7773413622 13.8604193891 3.59011212119 
13.6248648131 13.8094819749 3.26731728375 
13.4838962519 13.8041218484 3.23334320838 
13.2946774923 13.8019626106 3.22778448292 
13.1393513643 13.7999998296 3.23454520028 
13.0163395369 13.7968915666 3.16072963665 
12.9025213682 13.8012554611 2.88690178166 
12.8273374998 13.8181869949 2.59406170363 
12.8215160334 13.8196579183 2.57092785668 
12.7442922556 13.8583075965 2.02552561354 
12.7262656653 13.8553333248 1.76316825066 
12.7262656653 13.8553333248 1.76316825066 
12.7262656653 13.8553333248 1.76316825066 
12.7262656653 13.8553333248 1.76316825066 
12.6661505663 13.8782192434 0.743356308858 
12.6661505663 13.8782192434 0.743356308858 
12.6661505663 13.8782192434 0.743356308858 
12.6661505663 13.8782192434 0.743356308858 
12.6661505663 13.8782192434 0.743356308858 
12.6661505663 13.8782192434 0.743356308858 
12.6661505663 13.8782192434 0.743356308858 
12.6661505663 13.8782192434 0.743356308858 
13.1994192564 13.9193572963 -0.00672631097055 
13.1994192564 13.9193572963 -0.00672631097055 
13.5349402392 13.8771529163 0.234148113797 
13.6961810553 13.921244737 0.530666742597 
13.8259773218 13.9900739158 0.557531538847 
13.959382292 14.0625351633 0.536031719325 
14.0703735315 14.1196536983 0.577826038509 
14.3068258726 14.2477183903 0.562010970446 
14.4588173592 14.3258911932 0.788971422628 
14.5270203316 14.3781326378 1.07613748993 
14.5873947107 14.4679037298 1.20152978553 
14.6335997545 14.5600205625 1.19427079148 
14.7149672472 14.7150608862 1.20654124635 
14.8111766541 14.8963701988 1.1506132497 
14.8799133265 15.0307938422 1.19088051214 
14.9495693409 15.1698121543 1.00616849101 
15.0063061082 15.2573226004 0.680729473305 
15.077234205 15.3177754695 0.289465560827 
15.1154180729 15.3516513968 -0.211357271713 
15.1260150635 15.3642530853 -0.447768323547 
15.1905732715 15.327035893 -0.546312489466 
15.2801649534 15.260106642 -0.555355378551 
15.3500852549 15.2024121883 -0.435618454673 
15.3958125078 15.1607339869 -0.119491904338 
15.4184432888 15.1385727788 0.178245826713 
15.4180011117 15.1283563117 0.330263423444 
15.4182259404 15.1298086757 0.299598804891 
15.4169165158 15.1391772369 0.159351068664 
15.418503251 15.1582681353 -0.115893335376 
15.4228568339 15.1736875887 -0.397603789258 
15.4234606886 15.1721877346 -0.369912172013 
15.4209895396 15.1735338385 -0.338261306895 
15.4216056728 15.1718796084 -0.326857343495 
15.4160281086 15.1537146757 -0.046754620908 
15.4214535319 15.1357627402 0.22550699085 
15.4749506378 15.1417504738 0.37251254852 
15.5894565546 15.1743470396 0.356360330227 
15.7564498895 15.222694021 0.355820480945 
15.8987862841 15.2629827822 0.354290427289 
15.9805558288 15.2861222366 0.349369065901 
16.0354985261 15.3012403662 0.355106414947 
16.0682164543 15.3098945881 0.35604830399 
16.0735861027 15.3118850852 0.352482345221 
16.0730778837 15.3115929703 0.354084578202 
16.0729607457 15.3115272934 0.354901789938 
16.0729713255 15.3114763836 0.354741388052 
16.0729576611 15.3114733289 0.354659212588 
16.0729583913 15.3114668096 0.354768137067 
16.072962951 15.3114653716 0.354883897017 
16.072974559 15.3114773075 0.354754163248 
16.0729812199 15.3114863748 0.354680226876 
16.072931897 15.3115076239 0.35582032252 
16.0729694181 15.3114738355 0.354696698233 
16.0729676449 15.3114833424 0.354572810407 
16.0729618334 15.3114693652 0.354711770567 
16.0729508066 15.3114747594 0.354678798531 
16.072956022 15.3114826123 0.354440354549 
16.0729684049 15.3114813382 0.354517016264 
16.0731121266 15.3115479539 0.351890418288 
16.0731754416 15.3115767131 0.350869556601 
16.0729514622 15.311508585 0.354747262796 
16.0731598401 15.3115793283 0.351197126767 
16.0729124659 15.311494712 0.35540789454 
16.0731631779 15.3115800286 0.350992159908 
16.073159706 15.3115959654 0.350962768246 
16.0729384982 15.3114855776 0.354606786451 
16.0729445034 15.3115026692 0.35447454022 
16.0729547405 15.3115248869 0.354658009198 
16.0729374253 15.3114814425 0.354788540224 
16.072899189 15.3114933486 0.355573477086 
16.0729418808 15.3114848475 0.354455351008 
16.0729866886 15.3115070204 0.35387080584 
