16.0730896109 15.3115562762 0.351929523741 
15.8800244593 15.2400356758 0.0431128945309 
15.8800036061 15.239998444 0.0432241693291 
15.8799947175 15.2399774463 0.0433455074769 
15.8799952568 15.2400015689 0.0430396811741 
15.8801217723 15.2400667314 0.042670688256 
15.8799856185 15.2400059046 0.0432035787927 
15.8801279749 15.2400724909 0.043249661335 
15.8799952428 15.2400303456 0.0430605129838 
15.8799895236 15.2400163253 0.0430931873763 
15.8799817414 15.2400092536 0.0432597822773 
15.880430326 15.2403934011 0.0453354281079 
15.8804324038 15.2403885771 0.04524793321 
15.880418284 15.2403860861 0.0450444295324 
15.880422487 15.2403987618 0.0452298003317 
15.8799393271 15.2399960728 0.0430460588088 
15.8803886325 15.240370879 0.045112947484 
15.8803897697 15.240384121 0.0449282687547 
15.8800168113 15.2400821895 0.043342615038 
15.8803828071 15.2403660882 0.0452232507297 
15.8803803205 15.2404007539 0.0450504733078 
15.8803850386 15.2403943006 0.0450273998032 
15.8803671376 15.2403864274 0.0453316604516 
15.8803822055 15.2403679655 0.0449664370748 
15.8799169102 15.2400115976 0.0431222992201 
15.8803010361 15.2403255033 0.0447144239125 
15.8803890228 15.2404241043 0.0450060072968 
15.8803730254 15.2404037907 0.0449230903841 
15.8803758045 15.2403895159 0.0450994831188 
15.8803606174 15.2403911806 0.0449705997393 
15.8803769975 15.2403724471 0.0450017076079 
15.8802813144 15.2403171724 0.0446597460376 
15.8803626151 15.2403552565 0.0450186760364 
15.8799269685 15.2400181218 0.0431443551123 
15.8799094279 15.2400089187 0.0431528415903 
15.880094627 15.2400630917 0.042379851271 
15.8799043262 15.2400131493 0.0430667935511 
15.880081324 15.2400703991 0.0426684460623 
15.8800955053 15.2400621482 0.0425647554608 
15.880085922 15.240068507 0.0425936437324 
15.8801020199 15.240077946 0.0426120351906 
15.8803091767 15.2403159905 0.0445801728717 
15.8800863466 15.2400549114 0.0424631311443 
15.8800839792 15.2400777936 0.042580222982 
15.8803745304 15.240398434 0.045077555475 
15.8800944696 15.2400648892 0.0424490734991 
15.8803632717 15.2403779891 0.0450682019928 
15.8800855662 15.2400706464 0.0424304374921 
15.8800989251 15.2400798944 0.0426307826514 
15.8799718443 15.2400329386 0.0429968109898 
15.8803238069 15.2403082557 0.0444032060979 
15.8802962993 15.2403035706 0.0443606708357 
15.8803800597 15.2403686985 0.0450741464178 
15.8800845632 15.2400346643 0.0424645773267 
15.8801531299 15.2401126083 0.0429839854688 
15.8803681369 15.2403678973 0.0450388851979 
15.8803537768 15.240362925 0.0448965869618 
15.8803862502 15.2403988505 0.0452628041767 
15.8803336081 15.2403035842 0.0444300728561 
15.880090735 15.2400475801 0.0424586772396 
15.8801032762 15.2400433533 0.0425676476675 
15.8800942443 15.2400904433 0.0434902014335 
15.8801020702 15.2400556337 0.0425038108205 
15.8801036972 15.2400387252 0.0426313741168 
15.8800819284 15.2400530712 0.0424636862777 
15.8800359993 15.2400703235 0.0421601961598 
15.8800388436 15.2400577311 0.0423676819865 
15.8800552312 15.2400549968 0.0423187553454 
15.8800629332 15.240069447 0.04238475287 
15.8800750534 15.2400823287 0.0423967265394 
15.9024793274 15.2397458911 0.035406291011 
15.9492466935 15.2373276546 0.0370874675354 
15.9835016691 15.2371331382 0.0283803610955 
16.0348430091 15.2338973389 0.039455217542 
16.117034223 15.2314277564 0.0331702822332 
16.2192718649 15.2280738254 0.0299864112191 
16.3351533675 15.2253302534 0.0375336614869 
16.5293249452 15.2190898324 0.0375722567547 
16.6356804931 15.2143398526 0.0489023139952 
16.7575929129 15.2100080422 0.0487200681937 
16.9098212683 15.2053144539 0.0423752950313 
17.0392637217 15.1985401104 0.0410722106839 
17.1564109289 15.1943397971 0.0384185108837 
17.2956489288 15.1879284161 0.0354904592558 
17.428881284 15.1825167502 0.0489786488986 
17.5867550337 15.1756895671 0.0435281845176 
17.7047122681 15.1714544485 0.0443214039074 
17.9694988691 15.1603435169 0.0470040333451 
18.1163160765 15.1561860705 0.0447381821681 
18.2524528467 15.1501940603 0.0381813223517 
18.3670518362 15.1457497666 0.0388423063566 
18.6346981489 15.1378058905 -0.0409004636457 
18.8036291563 15.1162844563 -0.571199397845 
18.8723447287 15.0901353771 -1.02928093933 
18.8961639368 15.0964329357 -1.4174461065 
18.9070746863 15.0574641938 4.62713330448 
18.8876595461 14.9581387902 4.64000842455 
18.8655285799 14.8357199694 4.59825591777 
18.8340771162 14.6765224303 4.60968604354 
18.8131895029 14.5469795431 4.59357842669 
18.7689375841 14.3104678954 4.63087365103 
18.7504141295 14.2112028564 -1.51920257068 
18.7450346911 14.0871977771 -1.18014681215 
18.7667875254 14.0082699026 -1.05541082642 
18.797745701 13.9492415155 -1.14392066332 
18.8183178866 13.9326579536 -1.35742406377 
18.8437325918 13.926411506 4.51604949515 
18.8457019293 13.9162712062 4.47167729097 
18.8457019293 13.9162712062 4.47167729097 
18.8457019293 13.9162712062 4.47167729097 
18.8457019293 13.9162712062 4.47167729097 
18.8457019293 13.9162712062 4.47167729097 
18.8457019293 13.9162712062 4.47167729097 
18.5612695181 13.2653492654 3.94575735543 
18.5612695181 13.2653492654 3.94575735543 
18.5612695181 13.2653492654 3.94575735543 
18.5612695181 13.2653492654 3.94575735543 
18.130535599 13.1204749311 3.36800606691 
17.9652566874 13.0975395406 3.36981168587 
17.8313915693 13.0781706537 3.37533022967 
17.6125874483 13.0460711683 3.35789642279 
17.4427156412 13.0371690954 3.25436002819 
17.2415455544 13.0410183633 3.24224968788 
17.1689699852 13.0394645895 3.21137898451 
16.869564768 13.045000192 3.2012376449 
16.7054436171 13.0496996606 3.20312265694 
16.4636561238 13.0546003545 3.19970038262 
16.2367623114 13.0571120943 3.20062523388 
16.1001242214 13.0572880472 3.20344671783 
15.9101230038 13.0604149068 3.20297481764 
15.7397245431 13.0638767446 3.2074279621 
15.5784090423 13.0671471323 3.19853508307 
15.4606068694 13.07000291 3.19496023605 
15.306468364 13.0733007158 3.18856379942 
15.1658527815 13.0778745378 3.19693899052 
15.0292264783 13.0796481336 3.17136199408 
14.9068340623 13.0816255773 3.1947860738 
14.8793482744 13.0804878438 3.17360402691 
14.8032238447 13.0590618814 2.57832480375 
14.7818863356 13.0470370019 2.18534678526 
14.7651425564 13.0664905275 2.09594101881 
14.7555403673 13.0860546792 2.08609429879 
14.7555403673 13.0860546792 2.08609429879 
14.7555403673 13.0860546792 2.08609429879 
14.5787343943 13.4710850681 2.07524602954 
14.5057556593 13.6237038339 2.08958503353 
14.4156107866 13.8297139371 2.14042451347 
14.3606146538 13.9436993564 2.50850432993 
14.3374930584 13.9838874305 2.75478415605 
14.3186168635 14.0181777442 3.17350634059 
14.2748240196 14.0282083715 3.41205177885 
14.2083713972 14.0181345905 3.39751310733 
14.035310384 13.9867330755 3.3922335601 
13.8741397822 13.9575842584 3.43158484704 
13.7161798441 13.9307814802 3.40256615504 
13.6363375151 13.8782141174 2.38644873292 
13.4730503523 13.9104440177 -0.641157717003 
13.4730503523 13.9104440177 -0.641157717003 
13.2603535616 13.8429673875 3.74031599081 
13.2603535616 13.8429673875 3.74031599081 
13.1691467726 13.8418576683 3.80671702315 
13.1171843969 13.8422611917 4.34357866814 
13.1142759287 13.8440014089 4.38409411478 
13.1142759287 13.8440014089 4.38409411478 
13.0934398138 13.7958891357 4.49794293425 
13.0698442423 13.7238818372 4.51294550232 
13.0403544867 13.6232433284 4.50056657754 
13.0115556681 13.5375941957 4.5891057681 
12.9850361311 13.4635482992 -1.37045574801 
12.9660279715 13.4206734861 -0.961178172898 
12.9549002611 13.4132018054 -0.726987945397 
12.9382450544 13.3819987739 -0.158055424745 
12.9365513289 13.361527201 0.157730342448 
12.9652874434 13.3575916255 0.31304113726 
12.9652874434 13.3575916255 0.31304113726 
13.1036093199 13.3879860605 0.380680501861 
13.1036093199 13.3879860605 0.380680501861 
13.1760466063 13.3919261659 0.853794991924 
13.1760466063 13.3919261659 0.853794991924 
13.1760466063 13.3919261659 0.853794991924 
13.3773577177 13.6421622003 0.868923983154 
13.467962023 13.7354135478 0.748695887962 
13.5629882776 13.8077013458 0.743274677839 
13.6943068468 13.9093637432 0.742388809363 
13.8624191248 14.0405803884 0.737681915698 
14.0472431147 14.1829918588 0.736640319648 
14.152043339 14.2644369567 0.729092880247 
14.3395274841 14.4060596193 0.733190478429 
14.4563932383 14.4938360418 0.737023948422 
14.6468023026 14.6408998335 0.724835863791 
14.8020157778 14.7604010666 0.740392315935 
14.9290965163 14.8582458759 0.719337662093 
15.0532878601 14.9532755578 0.736978145967 
15.1432467067 15.02355833 0.723572690629 
15.2147587502 15.0775094743 0.728655712335 
15.2775506341 15.117888544 0.828217154395 
15.300647434 15.1247101391 1.0365034274 
15.300647434 15.1247101391 1.0365034274 
15.3332537973 15.1128353591 1.57504309599 
15.3403015697 15.1695155467 1.724908572 
15.3333939874 15.2761523577 1.72152019673 
15.3171570861 15.4761131818 1.73257467981 
15.3100784981 15.572967496 1.73892471301 
15.3084751331 15.6055901016 1.71945045156 
15.3201131785 15.621399727 1.95639946758 
15.3398801648 15.6258769299 2.26777507545 
15.3447985017 15.6301291848 2.30579275151 
15.3385780418 15.6294583345 2.2940028469 
15.321873244 15.6200244094 1.92466778667 
15.2990739905 15.6175690855 1.62284825242 
15.2996675932 15.6183187927 1.63420533242 
15.3039493525 15.6241399015 1.70291319479 
15.2997634971 15.6975956226 1.70093780608 
15.3011353576 15.740751263 1.77418845999 
15.3186520898 15.7722492183 2.14617627515 
15.3278433048 15.7753019894 2.27433043922 
15.3284843528 15.7770434583 2.29912071641 
15.3295984828 15.778461274 2.32860383242 
15.3456180656 15.7970203722 2.71105443356 
15.35259467 15.8175092901 3.04355192641 
15.3172034585 15.8297976221 3.20488242829 
15.2544859612 15.8324243988 3.21540284157 
15.2121463382 15.8423340286 3.41056943734 
15.1998442971 15.858742472 3.68861969823 
15.1926265919 15.8636949624 3.80007850107 
15.1263952815 15.8174075449 3.80918444271 
15.0412602985 15.7608163918 3.80630560362 
14.9001188242 15.666941073 3.80862268316 
14.7476767265 15.5655857886 3.79002704307 
14.6379702055 15.4920165206 3.79437183253 
14.4568020069 15.3706562186 3.80471459399 
14.2912037336 15.2612168102 3.79780307309 
14.1586059296 15.1731578971 3.76803860972 
14.0587112867 15.1086843277 3.57361346902 
13.9515052998 15.0683052356 3.25801961866 
13.9036036694 15.0633173699 3.18904235538 
13.8739385569 15.0648035372 3.20024879462 
13.8652310335 15.0652635063 3.20704561835 
13.8652310335 15.0652635063 3.20704561835 
13.8222162687 15.0655794109 3.21543638485 
13.8033714258 15.0662530179 3.21135512574 
13.7487843001 15.0696565027 3.20825565175 
13.7487843001 15.0696565027 3.20825565175 
13.7487843001 15.0696565027 3.20825565175 
13.7183814013 15.0991936589 3.67965530441 
13.7183814013 15.0991936589 3.67965530441 
13.7183814013 15.0991936589 3.67965530441 
13.6701719725 15.134327818 4.6120511183 
13.6438507998 15.1321764181 -1.24792967948 
13.6386563742 15.1222905705 -1.1576714424 
13.6386563742 15.1222905705 -1.1576714424 
13.6434788668 15.0486626143 -0.959320019442 
13.6645541155 14.9946332837 -0.578163573403 
13.6909258329 14.9681603576 -0.453665657471 
13.708216902 14.9582272733 -0.458539462454 
13.8552651369 14.8786938454 -0.341211160174 
13.9873591625 14.8004158104 -0.3416559213 
14.200022217 14.6803582872 -0.49615243818 
14.2829885447 14.6329413022 -0.661397628509 
14.4379205668 14.455281433 -0.899159338508 
14.5298833811 14.3126205767 -0.912444330611 
14.6334284508 14.1586439575 -1.10856987626 
14.7279388868 13.8804964984 -1.14562705339 
14.8034092152 13.6472997631 -1.19415646347 
14.8712446653 13.4450846876 -0.827574484773 
15.0190872514 13.2883343662 -0.527802635075 
15.1974530184 13.1858025754 0.166051755475 
15.336422857 13.2041395868 0.215228372114 
15.4215648734 13.230813619 -0.221176584878 
15.5404404664 13.1880341733 -0.36071276433 
15.5931701326 13.1465557779 -0.0113784324554 
15.6557668262 13.1391860212 0.115444711139 
15.7520060354 13.1432675088 0.118076807953 
15.9782711157 13.1519747938 0.11851253899 
16.2066535914 13.1616440977 0.115573146858 
16.4809023702 13.1725813116 0.136561221511 
16.8039106691 13.1841195787 0.122191694217 
17.0122595989 13.1876524652 0.113930163174 
17.1990761721 13.1951767171 0.112881748041 
17.494636532 13.2062343324 0.108207288909 
17.6714451277 13.2112523283 0.109998197999 
17.9117696249 13.2198160852 0.0982112181706 
18.1545731985 13.2272509302 0.102419835353 
18.3852155172 13.2343100275 0.125593083132 
18.5895104372 13.2461088861 0.613942120736 
18.6515338385 13.2699081863 0.880097958154 
18.6837420427 13.2876864637 1.13304040174 
18.7601370775 13.4383254016 1.41850145242 
18.7897272074 13.4966877664 1.78720589139 
18.7850246393 13.5632117952 2.06624681617 
18.7564611399 13.6124503578 1.97752765587 
18.738671776 13.6293492282 1.75933104238 
18.7329981291 13.6755688156 1.75229636302 
18.7193326914 13.7941071952 1.75630467822 
18.7059154474 13.9246492351 1.75983891273 
18.6810135805 14.1466150249 1.7545996209 
18.6548926794 14.3769808973 1.75639073315 
18.633469578 14.571869489 1.75520484691 
18.6091263258 14.8097817565 1.75577307868 
18.5872163736 15.0114015604 1.74734518969 
18.5710098707 15.1768746416 1.65352281083 
18.545548197 15.394877624 1.75451534058 
18.5268192255 15.5840859974 1.48853827747 
18.5377066099 15.6825886334 1.12248424291 
18.6531698668 15.8391365374 0.85216233571 
18.8029310667 15.9851931895 0.845583769491 
19.0332488978 16.2067075933 0.867313506827 
19.1495730841 16.3178175653 0.847322826958 
19.1495730841 16.3178175653 0.847322826958 
19.1495730841 16.3178175653 0.847322826958 
19.1495730841 16.3178175653 0.847322826958 
19.1495730841 16.3178175653 0.847322826958 
19.1495730841 16.3178175653 0.847322826958 
19.1495730841 16.3178175653 0.847322826958 
19.1495730841 16.3178175653 0.847322826958 
19.1495730841 16.3178175653 0.847322826958 
19.1495730841 16.3178175653 0.847322826958 
19.1495730841 16.3178175653 0.847322826958 
19.1495730841 16.3178175653 0.847322826958 
19.1495730841 16.3178175653 0.847322826958 
19.1495730841 16.3178175653 0.847322826958 
19.1495730841 16.3178175653 0.847322826958 
19.1495730841 16.3178175653 0.847322826958 
19.1495730841 16.3178175653 0.847322826958 
19.1495730841 16.3178175653 0.847322826958 
19.1495730841 16.3178175653 0.847322826958 
19.1495730841 16.3178175653 0.847322826958 
19.1495730841 16.3178175653 0.847322826958 
19.2317285502 15.7438484992 4.01107984477 
19.1758177244 15.6871722008 4.01198290309 
19.1758177244 15.6871722008 4.01198290309 
19.0258724653 15.5711744095 3.56837781605 
18.9466226065 15.5413584972 3.57044737078 
18.7752091848 15.4802086169 3.56699706824 
18.5376644098 15.3944972868 3.55241888241 
18.4261417353 15.3527696992 3.4130920781 
18.1851303541 15.3346363793 3.09408065128 
17.9884364569 15.3577097023 3.10726543928 
17.7767999136 15.3810156251 3.09715719086 
17.4736952746 15.415381741 3.10402394319 
17.3201582396 15.4372910226 3.22499477976 
16.9686282837 15.4753885383 3.08942961791 
16.6296308601 15.515608039 3.09617181477 
16.3812819683 15.5462880398 3.10397785162 
16.2004166209 15.5688201452 3.09470207494 
15.8929179582 15.6050502623 3.10803903984 
15.7220816725 15.628342327 3.20203757335 
15.5577409231 15.6278819109 3.37127945299 
15.4027274513 15.6050581897 3.41142225555 
15.1670129263 15.5306836928 4.04640848603 
15.0507019126 15.3881365771 4.173685105 
14.8532657587 15.1037570799 4.20642092236 
14.7600886786 14.9707293476 4.19434145018 
14.6068220102 14.7549133564 4.10929889107 
14.4830124342 14.5833490456 4.13955079046 
14.3906713688 14.4492888416 4.17560277663 
14.3589985335 14.4058960641 4.16153070555 
14.2188800537 14.2065125669 3.93372549431 
14.0801639521 14.0720310176 3.88735891724 
14.0505750143 14.0476269687 3.90325705563 
13.7450463736 13.843774792 3.52094586734 
13.6248648131 13.8094819749 3.26731728375 
13.4467477762 13.8035715784 3.2304968916 
13.2002274954 13.8005318607 3.22758892988 
13.0374033415 13.7964565719 3.17201305621 
12.9184913599 13.7991979087 2.95056291774 
12.8367638552 13.8161745037 2.63937974467 
12.8215160334 13.8196579183 2.57092785668 
12.73849177 13.8596941198 1.94454200007 
12.7262656653 13.8553333248 1.76316825066 
12.7262656653 13.8553333248 1.76316825066 
12.7262656653 13.8553333248 1.76316825066 
12.6661505663 13.8782192434 0.743356308858 
12.6661505663 13.8782192434 0.743356308858 
12.6661505663 13.8782192434 0.743356308858 
12.6661505663 13.8782192434 0.743356308858 
12.6661505663 13.8782192434 0.743356308858 
12.6661505663 13.8782192434 0.743356308858 
12.6661505663 13.8782192434 0.743356308858 
12.6661505663 13.8782192434 0.743356308858 
13.1994192564 13.9193572963 -0.00672631097055 
13.1994192564 13.9193572963 -0.00672631097055 
13.569388386 13.8788758481 0.393003687466 
13.7078459227 13.9293556179 0.554393090301 
13.8677542173 14.0149824584 0.563595857494 
14.058588978 14.1133590902 0.55625378648 
14.2086905205 14.1950536931 0.548173408238 
14.4159715139 14.3003361786 0.676356075431 
14.5345196688 14.3862072195 1.10056344476 
14.5737587177 14.4448772634 1.18097449205 
14.6287178957 14.5506470169 1.19392814938 
14.711628195 14.7080885137 1.19758435143 
14.8181273901 14.9136045242 1.17027550874 
14.8862326109 15.0453993941 1.17258511529 
14.9432012403 15.1585075373 1.03213874582 
15.0252744519 15.2753347235 0.60398606235 
15.094286617 15.3277302275 0.179286106926 
15.1146151983 15.3484030555 -0.163857196435 
15.1360359752 15.3616282682 -0.497401698101 
15.185998615 15.3312355767 -0.543369201106 
15.2757341826 15.2633100527 -0.553749010963 
15.3445700371 15.2073367371 -0.453927212429 
15.3958125078 15.1607339869 -0.119491904338 
15.4184432888 15.1385727788 0.178245826713 
15.4174835944 15.1289072523 0.31646057653 
15.4182884359 15.129581582 0.306019807448 
15.4157950246 15.1444456617 0.0869480420849 
15.4225335681 15.1701123084 -0.357085319655 
15.4240957462 15.1739792863 -0.402474751839 
15.4223360085 15.1720183308 -0.366629733642 
15.4216056728 15.1718796084 -0.326857343495 
15.4159531557 15.1527613888 -0.0172014015761 
15.4357416892 15.1335706527 0.321633031243 
15.5637784564 15.1671608801 0.355622260479 
15.6888074988 15.203443371 0.354860571926 
15.8887518613 15.2603762916 0.355873022553 
15.9851235413 15.2873514446 0.349882185179 
16.0605813825 15.3079467754 0.351560076282 
16.073305782 15.3118204216 0.352595243469 
16.0730011874 15.311583143 0.354547306253 
16.0729769283 15.3115167136 0.354784588813 
16.07295255 15.3114850039 0.355012396382 
16.0729632341 15.3114708404 0.354721312941 
16.0729465448 15.3114677409 0.355175411533 
16.0729564541 15.3114604692 0.355115980669 
16.0729655587 15.3114907781 0.354867261569 
16.0729190671 15.3114883343 0.35569693515 
16.0729676449 15.3114833424 0.354572810407 
16.0729118549 15.3114858533 0.3557008472 
16.0729597473 15.3114857043 0.354410697806 
16.0729560369 15.3114670182 0.35446703619 
16.0729496145 15.311481748 0.354884607594 
16.0729412847 15.311481897 0.354705170108 
16.0731240326 15.3115555013 0.351808087868 
16.0731041395 15.311546948 0.351990288848 
16.0729549789 15.311517332 0.354636702109 
16.0731647575 15.311578084 0.350953949232 
16.0731264615 15.3115670795 0.351654917068 
16.0731164181 15.3115565742 0.351760455342 
16.0729491973 15.311534148 0.354800049197 
16.073168751 15.3115871439 0.350997324626 
16.0729365909 15.3114857043 0.354758357553 
16.0730918461 15.3115452642 0.351976009492 
16.0730896109 15.3115562762 0.351929523741 
