15.8800258908 15.2400212768 0.043218248381 
15.8799962086 15.2399955698 0.0431540437794 
15.8800148984 15.2400150402 0.0431751173674 
15.8800530193 15.240049606 0.0429033759201 
15.8800315998 15.2399948386 0.0430802195761 
15.8800997316 15.2400445027 0.0432940330786 
15.8800491478 15.2400488746 0.0430179497783 
15.8799847012 15.2399974956 0.043200950936 
15.8799966621 15.2400153112 0.0430382268782 
15.8799889974 15.2400320269 0.0432357746629 
15.879986982 15.2400264866 0.0430930487713 
15.8804376462 15.2403923108 0.0454464712543 
15.8804413538 15.2404023709 0.0453995107348 
15.8800576861 15.2400919711 0.0436029307041 
15.8799616845 15.2399997799 0.0430155897606 
15.8800378434 15.2400909143 0.0433967917923 
15.8799467516 15.239999367 0.0430763673868 
15.880398173 15.2403828411 0.0450145752281 
15.8800282656 15.2400836826 0.0435232321821 
15.8803782632 15.240380167 0.0448880638431 
15.8803828071 15.2403660882 0.0452232507297 
15.8803935006 15.2403830625 0.0451813050421 
15.8803874758 15.240392959 0.0450718810535 
15.8803831983 15.2404005351 0.0449541683426 
15.8803019692 15.240318486 0.0446279401641 
15.8803805244 15.2403814518 0.0451851434533 
15.8803744904 15.2403715765 0.045095038854 
15.8799019075 15.2399934799 0.0430315202745 
15.8803727404 15.2404000962 0.0450579173807 
15.8799255743 15.2400194508 0.0429699361178 
15.8803761156 15.2403951022 0.0449982207955 
15.8803707334 15.2403917916 0.0450190162013 
15.8803644498 15.2403936796 0.0451351180993 
15.8803675297 15.2403730836 0.0449974025011 
15.8802813144 15.2403171724 0.0446597460376 
15.8800094045 15.2400789457 0.0435943381872 
15.8800596149 15.2400476922 0.042655875975 
15.8799443283 15.2400132369 0.0429652353335 
15.8800072019 15.2400927995 0.043512395778 
15.880094627 15.2400630917 0.042379851271 
15.880056738 15.2400482323 0.0426761326521 
15.8800905246 15.2400701129 0.0425522640914 
15.8799605315 15.2400374644 0.0430670395726 
15.8800930354 15.2400686364 0.0424855447332 
15.8800950648 15.2400709015 0.042696069942 
15.8800862563 15.2400643365 0.0425237304317 
15.8800780625 15.2400547119 0.0425207107407 
15.8801034094 15.2400668135 0.0425366691572 
15.8800953814 15.240077112 0.0426121378504 
15.8800867844 15.2400604499 0.0425761701268 
15.8800838423 15.2400732196 0.0426525508176 
15.880165225 15.2401529926 0.0431664782475 
15.8803117323 15.2403373274 0.0446512847456 
15.8801152782 15.2400781089 0.0425052742303 
15.8803631562 15.2403835189 0.0449739577028 
15.8803021061 15.240312546 0.0443285131504 
15.8801013894 15.240066446 0.042615325118 
15.8801457967 15.2401091314 0.0428911324914 
15.8800863392 15.240079855 0.0424051840615 
15.8799718443 15.2400329386 0.0429968109898 
15.8800999048 15.2400652354 0.0424691354992 
15.880098859 15.2400535302 0.0424784281762 
15.8803187712 15.2403229079 0.0447370356552 
15.880297524 15.2403070575 0.0443965862188 
15.8803591385 15.2403699893 0.0451284074507 
15.8800856621 15.2400484897 0.0424793060182 
15.8800887187 15.2400414323 0.0426454387888 
15.8803603213 15.2403540872 0.0451588796643 
15.8803661029 15.2403752408 0.0448975375838 
15.8803552409 15.2403620337 0.0448324504069 
15.8803796602 15.2403828555 0.045187847477 
15.8801283921 15.2400588215 0.0426667877254 
15.880090735 15.2400475801 0.0424586772396 
15.8800890894 15.2400395072 0.0426247317499 
15.8801044702 15.2400389501 0.042616331239 
15.8800919932 15.2400569986 0.0426149001543 
15.8801093335 15.240046688 0.0426459510605 
15.8801506321 15.2401109471 0.0429746051578 
15.8800465969 15.2400611146 0.0423533750561 
15.8800392431 15.240070357 0.0423943393098 
15.8803186585 15.2403870714 0.0449589480845 
15.8800638394 15.2400524169 0.0423749872137 
15.880050582 15.240074893 0.0424617064329 
15.8800611888 15.2400776929 0.0424352086637 
15.9002241326 15.2392423786 0.0444122289367 
15.9522426912 15.237595106 0.0354974982109 
15.9856520855 15.2370907576 0.0284399725007 
16.0232026094 15.2344911452 0.0422563344597 
16.095681768 15.232161361 0.0381995242585 
16.1818006003 15.2288758208 0.0225585897417 
16.3080708646 15.2256359097 0.0398548020105 
16.4559780323 15.2216088271 0.0370225475333 
16.5667055213 15.2172172556 0.0471475021228 
16.67070001 15.2131772454 0.0505350013664 
16.7839173042 15.2093121766 0.0469834288849 
16.9388550484 15.2040300632 0.0389960762644 
17.0523886644 15.1976319517 0.0433925327114 
17.1631685459 15.1941686275 0.0467677241339 
17.370870825 15.1843184086 0.0490820975275 
17.5438710415 15.1771941485 0.0420996783643 
17.7326658928 15.1699519495 0.0499345909919 
17.8887357676 15.1638250987 0.0457886883737 
18.0144791567 15.1596455614 0.0405343210292 
18.131662842 15.155700628 0.039784749185 
18.2524528467 15.1501940603 0.0381813223517 
18.3972797358 15.14370342 0.0411693637989 
18.6278684103 15.1378362666 -0.0322730038052 
18.7010045015 15.1350729654 -0.178042263196 
18.7830984556 15.1228741298 -0.483424235059 
18.8424582445 15.0991019572 -0.786165931585 
18.8750250303 15.0853311981 -1.12644728642 
18.8986966574 15.0955412055 -1.44588352599 
18.9082286322 15.0633439536 4.63057846333 
18.8934285605 14.9982404078 4.66101325599 
18.8775522673 14.8981628681 4.62530894713 
18.8622631991 14.8190959955 4.59047181193 
18.8303117716 14.6471186841 4.59333870553 
18.7940101587 14.4535714949 4.61287614336 
18.7669150793 14.2988038624 4.63697658868 
18.7468647921 14.1901313032 -1.46573279147 
18.7439238989 14.0961163009 -1.1970189203 
18.7703707182 13.9990559782 -1.04737740122 
18.8007590735 13.9461396898 -1.16788464386 
18.8183178866 13.9326579536 -1.35742406377 
18.8392121756 13.929953214 4.58020064439 
18.8457019293 13.9162712062 4.47167729097 
18.8457019293 13.9162712062 4.47167729097 
18.8457019293 13.9162712062 4.47167729097 
18.8457019293 13.9162712062 4.47167729097 
18.8457019293 13.9162712062 4.47167729097 
18.8457019293 13.9162712062 4.47167729097 
18.5612695181 13.2653492654 3.94575735543 
18.5612695181 13.2653492654 3.94575735543 
18.5612695181 13.2653492654 3.94575735543 
18.2510426008 13.1406055654 3.3608504263 
18.1219749415 13.1188987459 3.36548179991 
17.9206092322 13.0904182161 3.37759859167 
17.7627510988 13.0681992734 3.37747059051 
17.6347644293 13.0499936307 3.37408938676 
17.4958270752 13.0359977449 3.21812133659 
17.3219704592 13.0371440614 3.21433097855 
17.1689699852 13.0394645895 3.21137898451 
17.1689699852 13.0394645895 3.21137898451 
16.8100578153 13.0462468828 3.22143313554 
16.6546884739 13.0507968629 3.20085729195 
16.4805886709 13.0543564523 3.20346504723 
16.3528517747 13.056266662 3.18731759667 
16.2081093752 13.0588368143 3.2287924663 
16.0317888671 13.0589286054 3.20701539867 
15.8674578221 13.0614947046 3.20058183591 
15.726991471 13.064228412 3.20658967444 
15.5906154775 13.0669065679 3.1944666 
15.4563158118 13.0704745019 3.19686035268 
15.3667373621 13.0713378156 3.19071262687 
15.2052897775 13.0766755308 3.1932720475 
15.0292264783 13.0796481336 3.17136199408 
14.8982890808 13.0815898145 3.19264658794 
14.8793482744 13.0804878438 3.17360402691 
14.8032238447 13.0590618814 2.57832480375 
14.7906584704 13.0450245107 2.2766031728 
14.774618026 13.0531800951 2.13315273087 
14.7555403673 13.0860546792 2.08609429879 
14.7555403673 13.0860546792 2.08609429879 
14.7555403673 13.0860546792 2.08609429879 
14.6078196728 13.4096047843 2.08891236425 
14.5323463642 13.5695857967 2.0641649713 
14.477111932 13.6897029842 2.09798125469 
14.3893510067 13.8884216512 2.252130461 
14.3463062012 13.9681879247 2.65201371352 
14.3258171045 13.9995969499 2.93863902509 
14.3207226956 14.0207877124 3.28928277826 
14.2824084723 14.0273573364 3.41985388531 
14.1923963987 14.0147911275 3.40019664488 
14.0961019957 13.9975347484 3.42046652671 
13.928296324 13.9651641811 3.41572966408 
13.7674291098 13.9393213953 3.36953148723 
13.6422142946 13.9170187677 3.37145789434 
13.4804210627 13.8890140022 3.38623568333 
13.4730503523 13.9104440177 -0.641157717003 
13.4730503523 13.9104440177 -0.641157717003 
13.2603535616 13.8429673875 3.74031599081 
13.1481139624 13.8370482887 3.9434465349 
13.1217520201 13.8359038795 4.23031900008 
13.1142759287 13.8440014089 4.38409411478 
13.1142759287 13.8440014089 4.38409411478 
13.0934398138 13.7958891357 4.49794293425 
13.0743031466 13.734963652 4.50652900079 
13.0454421007 13.6398972238 4.50031583072 
13.0137324297 13.5438029731 4.57634528651 
12.9921333754 13.4867839778 -1.50457220849 
12.9774253332 13.4390758241 -1.17344547905 
12.9621031248 13.418842193 -0.8524135759 
12.945392605 13.40317845 -0.497308848999 
12.9363808596 13.3853039707 -0.188734650479 
12.9357523882 13.3617510761 0.148058654655 
12.9450621569 13.3576711381 0.24258654738 
12.9652874434 13.3575916255 0.31304113726 
13.0953090155 13.3866088356 0.362441014946 
13.1036093199 13.3879860605 0.380680501861 
13.1036093199 13.3879860605 0.380680501861 
13.1760466063 13.3919261659 0.853794991924 
13.1760466063 13.3919261659 0.853794991924 
13.1760466063 13.3919261659 0.853794991924 
13.3713347876 13.6328666175 0.939407029578 
13.3773577177 13.6421622003 0.868923983154 
13.5087797606 13.7649759019 0.764285748073 
13.6154777968 13.8484469617 0.740902573645 
13.751496073 13.954671141 0.736940234749 
13.8824346029 14.0562437738 0.738942124906 
13.9896838629 14.1393249 0.738882642267 
14.1921589338 14.2934173311 0.736776429657 
14.3051689827 14.3791058029 0.679774692688 
14.4800740444 14.5117284621 0.698428768938 
14.6172007286 14.6180445517 0.725424468277 
14.7919949257 14.7520175243 0.745290024182 
14.918050524 14.849456575 0.704078720332 
15.0532878601 14.9532755578 0.736978145967 
15.1469477975 15.0255714173 0.726852426261 
15.2319612467 15.091554519 0.725847090086 
15.2788892352 15.1189523528 0.833050495786 
15.300647434 15.1247101391 1.0365034274 
15.3332537973 15.1128353591 1.57504309599 
15.3416634762 15.1524601469 1.72425095752 
15.3381878697 15.2106011736 1.72328419414 
15.3276430928 15.3381435762 1.73073648957 
15.3175954783 15.463426214 1.73150911541 
15.3098189199 15.5760985876 1.73747742373 
15.3069521153 15.6085998083 1.73956344982 
15.3141905033 15.6198931898 1.83045514995 
15.3404593432 15.6252613927 2.23538215651 
15.3424758279 15.631002065 2.33234601041 
15.3413824403 15.6302975977 2.32688200498 
15.3270289266 15.6211215819 2.0313588567 
15.3099905812 15.6184559132 1.77493586974 
15.2990029418 15.6175993348 1.62387272457 
15.2989075744 15.6176722909 1.62421149623 
15.3034152352 15.6294566358 1.70252873641 
15.3018333876 15.6620688106 1.69744718065 
15.2992593014 15.7303294207 1.73452185207 
15.3086308801 15.7640632952 1.95339768158 
15.3278433048 15.7753019894 2.27433043922 
15.3284843528 15.7770434583 2.29912071641 
15.3283402884 15.7773984636 2.30721838303 
15.3342142665 15.7813485826 2.4033023035 
15.3456180656 15.7970203722 2.71105443356 
15.3520538771 15.818791684 3.06590372817 
15.3172034585 15.8297976221 3.20488242829 
15.2707670295 15.8309222425 3.20468275115 
15.2197637522 15.839077052 3.33010748472 
15.1996238196 15.857874092 3.68220647149 
15.1901263558 15.8602433766 3.80003073782 
15.1501660907 15.8325425352 3.79656323322 
15.0299268925 15.7522305811 3.82390514261 
14.9001188242 15.666941073 3.80862268316 
14.7265967095 15.5518972839 3.79359835645 
14.6379702055 15.4920165206 3.79437183253 
14.4871137106 15.3905604447 3.81795866051 
14.3240535223 15.2828363183 3.79446328767 
14.1395665371 15.1583173613 3.74245541532 
14.037008878 15.0960096384 3.49402224961 
13.9591696226 15.0693783576 3.27342342128 
13.912292 15.0637465979 3.19906768055 
13.8711724245 15.0646368826 3.19730901824 
13.8651630842 15.0652531798 3.20775885148 
13.8652310335 15.0652635063 3.20704561835 
13.8395619356 15.0653440917 3.22313052064 
13.8033714258 15.0662530179 3.21135512574 
13.8033714258 15.0662530179 3.21135512574 
13.7487843001 15.0696565027 3.20825565175 
13.7487843001 15.0696565027 3.20825565175 
13.7487843001 15.0696565027 3.20825565175 
13.7242717707 15.0821543599 3.40217238239 
13.7183814013 15.0991936589 3.67965530441 
13.7183814013 15.0991936589 3.67965530441 
13.7183814013 15.0991936589 3.67965530441 
13.6582415068 15.1352148841 -1.4840585058 
13.6316156351 15.1236483047 -1.27663605569 
13.6386563742 15.1222905705 -1.1576714424 
13.6434788668 15.0486626143 -0.959320019442 
13.6385259592 15.0289579595 -0.708878451425 
13.6635861361 14.998623621 -0.613935263761 
13.6909258329 14.9681603576 -0.453665657471 
13.708216902 14.9582272733 -0.458539462454 
13.708216902 14.9582272733 -0.458539462454 
13.9411243164 14.828685757 -0.343766755618 
14.0938084089 14.741225716 -0.454999778271 
14.2349159681 14.6594817008 -0.559979124615 
14.3359751665 14.5915200675 -0.786871610166 
14.4430893623 14.4446364606 -0.933171440676 
14.5215282404 14.3291147912 -0.892029031103 
14.5870662891 14.2340667213 -0.990532829777 
14.6576969587 14.099569198 -1.18318470858 
14.6989282333 13.9751481975 -1.19046166001 
14.744528886 13.8333414758 -1.18252522157 
14.7915657723 13.6836113895 -1.1894476025 
14.8440245354 13.5130145515 -1.03433347767 
14.8936148846 13.4073755706 -0.735701626429 
14.9794114792 13.3218994106 -0.573164930754 
15.054752227 13.2566035951 -0.403572002555 
15.1223757827 13.2123829092 -0.152678908109 
15.1806814634 13.188515302 0.114755063988 
15.2645520532 13.1901093687 0.247966958363 
15.3558939063 13.2107075418 0.158931488241 
15.4096704983 13.2285515035 -0.150168584025 
15.4685896599 13.2210868562 -0.343708417475 
15.5464737081 13.1837753023 -0.344270383007 
15.5923396313 13.1475123132 -0.0256300146241 
15.6200441086 13.1381100381 0.112115426446 
15.7159896457 13.1419082845 0.115071831994 
15.8353268617 13.1464785303 0.118563737154 
16.0157762581 13.1534255708 0.118305128895 
16.1676708424 13.1600724424 0.115757294096 
16.3290191257 13.1663757528 0.120316739298 
16.4680361712 13.1724010671 0.132723181581 
16.6119111144 13.1768163408 0.128196633915 
16.7834281885 13.18201625 0.126467630324 
16.967480179 13.1866584981 0.109530207976 
17.1013314688 13.1918057168 0.11303578239 
17.2907565796 13.1979159082 0.111276235305 
17.375911113 13.2014778818 0.108821556784 
17.6028544867 13.2094358171 0.109653005589 
17.6714451277 13.2112523283 0.109998197999 
17.9117696249 13.2198160852 0.0982112181706 
18.034432646 13.2250360216 0.0956812093403 
18.2582371199 13.2302375997 0.118480264851 
18.3852155172 13.2343100275 0.125593083132 
18.5306184256 13.2399533952 0.37159217862 
18.5991160833 13.2482911314 0.651525440334 
18.6515338385 13.2699081863 0.880097958154 
18.712688204 13.3295901979 1.26480684572 
18.7394826376 13.3927903141 1.31601249881 
18.7793986761 13.4570703472 1.45107413862 
18.7951943838 13.5071686471 1.88932179507 
18.7880506479 13.5502759183 2.00269158019 
18.7665452921 13.6013436283 2.05622716567 
18.7470405066 13.614154693 1.84408271076 
18.7367281878 13.6463495458 1.75575053189 
18.7276070082 13.7220240797 1.75375624342 
18.7093112433 13.8884793485 1.75833347273 
18.6810135805 14.1466150249 1.7545996209 
18.6645159685 14.2870725358 1.75522613776 
18.640774008 14.5005540217 1.75543720607 
18.61709046 14.7313830818 1.75450259737 
18.59527516 14.9300870861 1.76196293471 
18.5753664934 15.1082629974 1.74009693277 
18.5529074633 15.3225468735 1.75644814134 
18.5296254122 15.5134968425 1.63092248809 
18.5276765787 15.6178499127 1.38173960507 
18.5488865339 15.7131351794 1.0113542759 
18.6765582525 15.8614232505 0.857521179006 
18.7721977198 15.9556159342 0.856727894914 
18.9105253183 16.0892611707 0.837269144386 
18.9955906832 16.1699924434 0.827930755825 
19.0914800131 16.2629017795 0.86071977043 
19.1495730841 16.3178175653 0.847322826958 
19.1495730841 16.3178175653 0.847322826958 
19.1495730841 16.3178175653 0.847322826958 
19.1495730841 16.3178175653 0.847322826958 
19.1495730841 16.3178175653 0.847322826958 
19.1495730841 16.3178175653 0.847322826958 
19.1495730841 16.3178175653 0.847322826958 
19.1495730841 16.3178175653 0.847322826958 
19.1495730841 16.3178175653 0.847322826958 
19.1495730841 16.3178175653 0.847322826958 
19.1495730841 16.3178175653 0.847322826958 
19.1495730841 16.3178175653 0.847322826958 
19.1495730841 16.3178175653 0.847322826958 
19.1495730841 16.3178175653 0.847322826958 
19.1495730841 16.3178175653 0.847322826958 
19.1495730841 16.3178175653 0.847322826958 
19.1495730841 16.3178175653 0.847322826958 
19.1495730841 16.3178175653 0.847322826958 
19.1495730841 16.3178175653 0.847322826958 
19.1495730841 16.3178175653 0.847322826958 
19.1495730841 16.3178175653 0.847322826958 
19.1495730841 16.3178175653 0.847322826958 
19.1495730841 16.3178175653 0.847322826958 
19.1495730841 16.3178175653 0.847322826958 
19.1495730841 16.3178175653 0.847322826958 
19.1495730841 16.3178175653 0.847322826958 
19.1495730841 16.3178175653 0.847322826958 
19.1495730841 16.3178175653 0.847322826958 
19.1758177244 15.6871722008 4.01198290309 
19.1758177244 15.6871722008 4.01198290309 
19.0907683336 15.5947667325 3.57111324961 
18.9972202742 15.5612439478 3.57427370759 
18.8392286265 15.5027188028 3.56561081915 
18.7207918131 15.4602444733 3.56713983478 
18.5134787523 15.3845837528 3.52477594006 
18.369397875 15.3350270952 3.26653319729 
18.2174241507 15.3321958745 3.11172380761 
18.0987911188 15.3456122691 3.11175865717 
17.9029953444 15.3658485527 3.09306853219 
17.7122830116 15.3883226032 3.0967844716 
17.5690995419 15.4046270216 3.09316985567 
17.3658708298 15.4277438338 3.09644215591 
17.1308425629 15.4571540023 3.10073067163 
16.9189424479 15.4814190234 3.10455139999 
16.7085323894 15.5066139365 3.10284827176 
16.4609621727 15.5362728501 3.09953022068 
16.2599542105 15.5620401765 3.09501801248 
16.1389968955 15.5753740335 3.08901536356 
15.9568481633 15.5977778698 3.09644319204 
15.80706146 15.6148685182 3.12765010774 
15.674453091 15.632788148 3.27577197399 
15.5079955423 15.6201249028 3.38536875247 
15.3620247209 15.5986606146 3.49003446503 
15.2100617849 15.5610730911 3.92743742972 
15.1099081599 15.4724005426 4.17159722726 
15.0507019126 15.3881365771 4.173685105 
15.0507019126 15.3881365771 4.173685105 
14.9098316991 15.1850500407 4.18208565853 
14.7799708807 14.9987831677 4.20252250229 
14.6444543564 14.8107559348 4.19813038752 
14.5402517283 14.6577594245 4.18179252239 
14.4210559094 14.4886293376 4.16844849755 
14.3589985335 14.4058960641 4.16153070555 
14.3589985335 14.4058960641 4.16153070555 
14.2188800537 14.2065125669 3.93372549431 
14.0801639521 14.0720310176 3.88735891724 
14.0505750143 14.0476269687 3.90325705563 
13.8642942869 13.900918361 3.6904878689 
13.7540256941 13.8476604188 3.5189098924 
13.645732876 13.8134953941 3.28363494756 
13.4838962519 13.8041218484 3.23334320838 
13.3117744887 13.8023340667 3.22908550254 
13.1393513643 13.7999998296 3.23454520028 
12.9630374872 13.7969882453 3.05857696654 
12.8682150805 13.8054313625 2.70401963259 
12.8215160334 13.8196579183 2.57092785668 
12.7442922556 13.8583075965 2.02552561354 
12.7262656653 13.8553333248 1.76316825066 
12.7262656653 13.8553333248 1.76316825066 
12.7262656653 13.8553333248 1.76316825066 
12.6661505663 13.8782192434 0.743356308858 
12.6661505663 13.8782192434 0.743356308858 
12.6661505663 13.8782192434 0.743356308858 
12.6661505663 13.8782192434 0.743356308858 
12.6661505663 13.8782192434 0.743356308858 
12.6661505663 13.8782192434 0.743356308858 
12.6661505663 13.8782192434 0.743356308858 
12.6661505663 13.8782192434 0.743356308858 
13.1994192564 13.9193572963 -0.00672631097055 
13.1994192564 13.9193572963 -0.00672631097055 
13.5937881434 13.8844706977 0.455742795688 
13.7473123037 13.947241422 0.554121911115 
13.8804278338 14.0209920372 0.548345900909 
14.0221337044 14.0953452552 0.53123561855 
14.1915976965 14.1863948072 0.564801872842 
14.3397988045 14.2638654078 0.592695857908 
14.4624229633 14.3279267515 0.787901113366 
14.5502358639 14.4052821959 1.15305005976 
14.5931599104 14.4806665743 1.19295124075 
14.6733136141 14.6361967886 1.19274423692 
14.7736449206 14.8274241651 1.16734407242 
14.8406534159 14.9565105105 1.19191588954 
14.9197792375 15.1112509633 1.1334002807 
14.9954030478 15.2445680762 0.75280055576 
15.0708759391 15.3122758682 0.35982440362 
15.1146329605 15.3494015376 -0.177938244933 
15.1701618993 15.3435797135 -0.553709743527 
15.2692949736 15.2679126191 -0.551961387937 
15.3552675807 15.1986464264 -0.431768468267 
15.4018006587 15.1563670824 -0.0564962227915 
15.4170794153 15.1317502747 0.281204634793 
15.4182392323 15.1282950754 0.328178329992 
15.4174931907 15.1353970582 0.220171500215 
15.4176455998 15.1543952266 -0.0556685459599 
15.4200994932 15.1696201975 -0.302595720571 
15.422992047 15.1744495446 -0.399937294827 
15.4234606886 15.1721877346 -0.369912172013 
15.4207501971 15.1730415563 -0.339194035216 
15.4213518166 15.1687118749 -0.294157791 
15.4189892077 15.159476232 -0.14309548137 
15.4180393183 15.1379920656 0.183783172723 
15.4516654276 15.1360248069 0.35966856348 
15.5266650283 15.1569194237 0.35707172213 
15.6441345477 15.1905779804 0.35219680933 
15.7684139573 15.2268940045 0.345098794515 
15.9188471549 15.2691890078 0.3641942819 
15.9985860103 15.2909999343 0.353476617149 
16.0554604792 15.3069432268 0.354251276094 
16.0735429638 15.3118365298 0.351754597788 
16.0729823076 15.3115962113 0.355233602155 
16.0729520583 15.3114724571 0.354875747217 
16.0729467833 15.3114800046 0.355047100762 
16.0729732626 15.3114785666 0.354740532819 
16.0729142689 15.3114878724 0.355790355172 
16.0729775393 15.3114729489 0.354887635946 
16.072916221 15.3114946822 0.355859826328 
16.0729540997 15.3114799524 0.354966431028 
16.0729645753 15.3114834691 0.354868036071 
16.0729168319 15.3114921043 0.355665615278 
16.072912451 15.3114865685 0.355787331819 
16.0729091578 15.3115010674 0.355743753142 
16.0731288606 15.311539721 0.351842959661 
16.0731229597 15.3115557472 0.351941040863 
16.0731775874 15.3115822638 0.351059455455 
16.0729731881 15.3114913891 0.354130003119 
16.0729805046 15.3115115354 0.354001219652 
16.0729432964 15.3114882822 0.354679607989 
16.0731631779 15.3115800286 0.350992159908 
16.073159706 15.3115959654 0.350962768246 
16.0729300344 15.3114824335 0.354747870052 
16.0731164181 15.3115565742 0.351760455342 
16.0731620901 15.3115861903 0.351086363023 
16.073168751 15.3115871439 0.350997324626 
16.0729418808 15.3114848475 0.354455351008 
16.073161211 15.3115657906 0.350860523062 
16.0730896109 15.3115562762 0.351929523741 
