15.8800193277 15.2400293592 0.0430148036723 
15.8800064615 15.2400059265 0.0430793944971 
15.8800165263 15.2400143894 0.0432108277121 
15.8800096792 15.2399962022 0.0429903315251 
15.8800083679 15.2400258913 0.0431945651347 
15.87999029 15.2400108839 0.0430967214669 
15.8799920027 15.2400186661 0.0430754027709 
15.8799905294 15.240008552 0.0430073558586 
15.8799952428 15.2400303456 0.0430605129838 
15.879982222 15.2400162412 0.043134539975 
15.8804505375 15.2404045616 0.0452766964488 
15.8804412895 15.2404048138 0.0453045744997 
15.8799686508 15.2400119972 0.0430945842608 
15.8799616845 15.2399997799 0.0430155897606 
15.8804081503 15.2403968552 0.0451744351777 
15.8800409419 15.2400847604 0.0432872017423 
15.8803886325 15.240370879 0.045112947484 
15.8803915643 15.2403733148 0.0451671429549 
15.880392559 15.2403882444 0.0451722215985 
15.8803743572 15.2403795896 0.0450471046299 
15.8803763977 15.2403705784 0.0451168274474 
15.8803883978 15.2403773214 0.0450673869238 
15.8803737202 15.2403706207 0.0451317345104 
15.8803662221 15.240390626 0.0451241335143 
15.8803821831 15.2403716657 0.0448694355826 
15.8803256714 15.2403175926 0.0446179569162 
15.8799169102 15.2400115976 0.0431222992201 
15.8803801016 15.2404044855 0.0451118091574 
15.8799255743 15.2400194508 0.0429699361178 
15.8803730254 15.2404037907 0.0449230903841 
15.880373424 15.2403909492 0.0450664030654 
15.8803796732 15.240388778 0.0450381297127 
15.8803659977 15.2403939054 0.0450387757375 
15.8799229424 15.2401466159 0.0438186171111 
15.8803626151 15.2403552565 0.0450186760364 
15.8800560377 15.2400528945 0.0426744775651 
15.8799443283 15.2400132369 0.0429652353335 
15.8799120943 15.2400073487 0.0430441881649 
15.8799106349 15.240027578 0.0431063827722 
15.8799439958 15.2400078125 0.0429881676511 
15.8800793468 15.2400623242 0.0424767074745 
15.8800811173 15.2400672387 0.042556210934 
15.8800955053 15.2400621482 0.0425647554608 
15.8800601187 15.2400591823 0.0427788303682 
15.8800989465 15.2400825996 0.0425006908635 
15.8801020199 15.240077946 0.0426120351906 
15.8799138564 15.2400102131 0.0430988508412 
15.8800837119 15.2400730291 0.0425207075209 
15.8800917371 15.2400720575 0.0425006201415 
15.8801524594 15.2401288502 0.0430118709491 
15.8800932235 15.2400721978 0.0425733945776 
15.8800834856 15.2400633678 0.0425283425562 
15.8800945916 15.2400578362 0.0424929553036 
15.8801152782 15.2400781089 0.0425052742303 
15.8800798618 15.2400547661 0.0424636890629 
15.8803057234 15.2403021155 0.0443931781457 
15.8800886042 15.2400626713 0.0425082397427 
15.880365206 15.2404085079 0.0450469249867 
15.8800863392 15.240079855 0.0424051840615 
15.8800931704 15.2400702243 0.0425023527812 
15.8801013745 15.2400699924 0.0424686134277 
15.8803748899 15.2403778923 0.0450357354174 
15.8803187712 15.2403229079 0.0447370356552 
15.8803788415 15.240382757 0.045022072431 
15.8803591385 15.2403699893 0.0451284074507 
15.8803675772 15.240380333 0.045040984543 
15.8803112555 15.2403054091 0.0445085550904 
15.8803678026 15.2403894947 0.0450827353768 
15.8803661029 15.2403752408 0.0448975375838 
15.8803552409 15.2403620337 0.0448324504069 
15.8801054239 15.2400634406 0.042703986733 
15.8800699135 15.2400256201 0.0426303763951 
15.8801001442 15.240044908 0.0425486277336 
15.8800890894 15.2400395072 0.0426247317499 
15.880092308 15.2400466676 0.0427019785597 
15.8800919932 15.2400569986 0.0426149001543 
15.8803372636 15.2403194702 0.0446329262752 
15.8800796635 15.2400454275 0.0424935811125 
15.8800382578 15.2400808659 0.0422452586321 
15.8800420716 15.2400729201 0.0422150617977 
15.8800468083 15.240045236 0.0422434794777 
15.8800557201 15.2400805287 0.0424063231663 
15.880050582 15.240074893 0.0424617064329 
15.8800580885 15.2400518757 0.0424749280496 
15.890399547 15.2396811418 0.04364690021 
15.939782452 15.2389876461 0.0335461949142 
15.9856520855 15.2370907576 0.0284399725007 
16.0197557026 15.2354267279 0.0342311785845 
16.0882912093 15.2318002123 0.0374431990794 
16.1818006003 15.2288758208 0.0225585897417 
16.2839804256 15.226440253 0.0177602479379 
16.4677156174 15.2213000695 0.0340634421829 
16.5808158481 15.2165128014 0.037807083354 
16.6768830382 15.2129469516 0.0511185820893 
16.8109071219 15.2088095623 0.0462463178752 
16.9709277117 15.2026442143 0.0366580012582 
17.1010488236 15.1951910632 0.0631953840061 
17.1994894707 15.1920858997 0.0451535271305 
17.3391243183 15.1866081136 0.0373323310788 
17.466053363 15.1804320442 0.0410201611395 
17.609606024 15.1737387145 0.052716194681 
17.7326658928 15.1699519495 0.0499345909919 
17.9404389822 15.1616946275 0.0462648945358 
18.0947320425 15.1570896844 0.0427533732555 
18.1821813547 15.1526534895 0.0549182993463 
18.2970802748 15.1481081138 0.0389270602787 
18.4646193945 15.1412546078 0.046984870043 
18.6446068251 15.1377203951 -0.0575977731016 
18.7316415274 15.1324496011 -0.282436909933 
18.8363099062 15.1018999333 -0.74487617999 
18.8790230715 15.0863653983 -1.1791017613 
18.9045417273 15.0843587185 4.70815896278 
18.9046072924 15.0503027255 4.63173771728 
18.8918344938 14.9890584017 4.66161263714 
18.8745851481 14.8904945518 4.65011489266 
18.8499827349 14.7599068845 4.61785496592 
18.8232996428 14.6139588917 4.608526036 
18.7962131464 14.4658615554 4.61192502827 
18.7737927401 14.3373327816 4.61592345256 
18.7458338701 14.1844574178 -1.44921428513 
18.7450346911 14.0871977771 -1.18014681215 
18.7724933588 13.9952419961 -1.05865158773 
18.7992651426 13.9477093185 -1.15536704175 
18.8183178866 13.9326579536 -1.35742406377 
18.8392121756 13.929953214 4.58020064439 
18.8457019293 13.9162712062 4.47167729097 
18.8457019293 13.9162712062 4.47167729097 
18.8457019293 13.9162712062 4.47167729097 
18.8457019293 13.9162712062 4.47167729097 
18.8457019293 13.9162712062 4.47167729097 
18.8457019293 13.9162712062 4.47167729097 
18.8457019293 13.9162712062 4.47167729097 
18.5612695181 13.2653492654 3.94575735543 
18.5612695181 13.2653492654 3.94575735543 
18.5612695181 13.2653492654 3.94575735543 
18.5612695181 13.2653492654 3.94575735543 
18.1219749415 13.1188987459 3.36548179991 
17.9206092322 13.0904182161 3.37759859167 
17.7627510988 13.0681992734 3.37747059051 
17.6178090536 13.0465897287 3.35357631442 
17.4958270752 13.0359977449 3.21812133659 
17.2415455544 13.0410183633 3.24224968788 
17.1689699852 13.0394645895 3.21137898451 
17.1689699852 13.0394645895 3.21137898451 
16.7269566023 13.0478621686 3.19931120317 
16.5434983337 13.0525439943 3.19661929285 
16.3839620316 13.0554300512 3.19194673165 
16.2081093752 13.0588368143 3.2287924663 
16.0703596437 13.057411548 3.20067977859 
15.9187347816 13.06026518 3.20180862776 
15.756980654 13.0635017122 3.20753739497 
15.6011255347 13.0665065015 3.19931551754 
15.4897833728 13.0688680376 3.17513979024 
15.3162298762 13.0731095041 3.18734759828 
15.2323460543 13.075931188 3.19191559231 
15.0622342193 13.0793987478 3.17010592219 
14.9301950895 13.0806983675 3.17826588639 
14.8793482744 13.0804878438 3.17360402691 
14.8793482744 13.0804878438 3.17360402691 
14.8045828306 13.0614896978 2.6223358246 
14.7906584704 13.0450245107 2.2766031728 
14.7713478767 13.0569199289 2.11730369703 
14.7555403673 13.0860546792 2.08609429879 
14.7555403673 13.0860546792 2.08609429879 
14.6136499607 13.394031402 2.07283520411 
14.5323463642 13.5695857967 2.0641649713 
14.477111932 13.6897029842 2.09798125469 
14.394154545 13.8771011795 2.21923242394 
14.3528335058 13.9602608646 2.64054109861 
14.3251241409 14.0004551376 2.94731675389 
14.3142373526 14.0253263677 3.30954301244 
14.2601728403 14.0269963706 3.41895398786 
14.1831803286 14.0127624238 3.42499976007 
14.0562708342 13.9895311559 3.40548089397 
13.928296324 13.9651641811 3.41572966408 
13.7598206961 13.9381976093 3.38744246966 
13.6363375151 13.8782141174 2.38644873292 
13.4707920515 13.8866327966 3.40077596901 
13.4730503523 13.9104440177 -0.641157717003 
13.2603535616 13.8429673875 3.74031599081 
13.2603535616 13.8429673875 3.74031599081 
13.1481139624 13.8370482887 3.9434465349 
13.1171843969 13.8422611917 4.34357866814 
13.1142759287 13.8440014089 4.38409411478 
13.1142759287 13.8440014089 4.38409411478 
13.1041424238 13.834721681 4.50217319687 
13.0863864386 13.7764943803 4.48350641604 
13.0698442423 13.7238818372 4.51294550232 
13.0351302588 13.6059684719 4.50107316768 
13.0012211763 13.5091299976 4.67406307895 
12.9731409514 13.4507367576 -1.48345108705 
12.9660279715 13.4206734861 -0.961178172898 
12.951541897 13.4109712804 -0.652860583659 
12.9398272001 13.3932234014 -0.331091695801 
12.9353218042 13.3660892213 0.0957597167229 
12.9450621569 13.3576711381 0.24258654738 
12.9652874434 13.3575916255 0.31304113726 
12.9652874434 13.3575916255 0.31304113726 
13.1036093199 13.3879860605 0.380680501861 
13.1036093199 13.3879860605 0.380680501861 
13.1760466063 13.3919261659 0.853794991924 
13.1760466063 13.3919261659 0.853794991924 
13.1760466063 13.3919261659 0.853794991924 
13.3773577177 13.6421622003 0.868923983154 
13.4518873655 13.722921368 0.746288527293 
13.5629882776 13.8077013458 0.743274677839 
13.670722481 13.891503569 0.737334150661 
13.8126997912 14.001844045 0.74127564242 
13.9195874893 14.0853292907 0.738457759702 
14.0540958607 14.1881344284 0.716953900232 
14.1768916809 14.2823069061 0.720390866409 
14.2978802883 14.3738681043 0.712690602613 
14.4678701126 14.5026752914 0.72775860416 
14.6820361578 14.6670956577 0.710015833037 
14.8159015143 14.7707942689 0.729552297993 
14.9357295 14.8637779916 0.707197781686 
15.074329015 14.9700543846 0.734000730768 
15.1844344699 15.0549039508 0.728966813003 
15.2289840543 15.0890517498 0.726775953183 
15.2848002874 15.121837918 0.867671690082 
15.300647434 15.1247101391 1.0365034274 
15.3352390492 15.1154383386 1.60429231666 
15.3410390579 15.1619219745 1.7268410243 
15.3340883219 15.2711876484 1.72165086104 
15.3259229028 15.3670792843 1.72362037009 
15.3166720235 15.4805248792 1.73678190381 
15.3107022607 15.5648663307 1.73785588259 
15.3080148661 15.6131480599 1.72153012939 
15.3152730429 15.6202026273 1.86864974849 
15.3354388439 15.6250410045 2.20413664326 
15.3424758279 15.631002065 2.33234601041 
15.3402471506 15.6312387551 2.32995680771 
15.3305072748 15.6231054331 2.10112752103 
15.3058446014 15.6177553202 1.71920173759 
15.2990029418 15.6175993348 1.62387272457 
15.2996675932 15.6183187927 1.63420533242 
15.302954849 15.6195825602 1.68662842837 
15.3023998701 15.6525759066 1.70195478334 
15.2983144486 15.7175980772 1.70517089353 
15.3031712138 15.7550330127 1.83865288295 
15.3159705364 15.7700114215 2.08580320255 
15.3290078604 15.7760212983 2.29811619004 
15.3290349805 15.7766116227 2.29934972477 
15.3318083846 15.7805720533 2.37416134435 
15.3393245899 15.7885270084 2.55094638918 
15.351847347 15.8130757178 2.96879726022 
15.3372176849 15.8264338339 3.15976632411 
15.3068025672 15.8302035297 3.20800748949 
15.2468339169 15.8336117829 3.22536216684 
15.2036114895 15.8501818145 3.53960845001 
15.1974446737 15.8655039037 3.79455569578 
15.1704401934 15.8465066517 3.79910119454 
15.1010806524 15.8010773624 3.80772689598 
15.0261595213 15.7490168775 3.82247987313 
14.8768382036 15.6519086326 3.80975215233 
14.7265967095 15.5518972839 3.79359835645 
14.5945738518 15.4642732854 3.80359827487 
14.4657496178 15.377566051 3.82282536522 
14.3417386973 15.2953986565 3.80953870754 
14.1741687023 15.1842443945 3.78339843258 
14.063660618 15.111652639 3.5899523927 
13.9689488375 15.0713303501 3.29214594706 
13.912292 15.0637465979 3.19906768055 
13.8727354967 15.0647964592 3.19935191101 
13.8653521502 15.0649667347 3.20358768359 
13.8652310335 15.0652635063 3.20704561835 
13.841462847 15.0655132199 3.21051067194 
13.8033714258 15.0662530179 3.21135512574 
13.8033714258 15.0662530179 3.21135512574 
13.7487843001 15.0696565027 3.20825565175 
13.7487843001 15.0696565027 3.20825565175 
13.7487843001 15.0696565027 3.20825565175 
13.7185842955 15.0906541909 3.5522674021 
13.7183814013 15.0991936589 3.67965530441 
13.7183814013 15.0991936589 3.67965530441 
13.6731092894 15.1345129574 4.56484036811 
13.6540868246 15.134119604 -1.40668197147 
13.6311082804 15.1253785307 -1.29968458273 
13.6386563742 15.1222905705 -1.1576714424 
13.6386563742 15.1222905705 -1.1576714424 
13.6360547506 15.0374857152 -0.714356465233 
13.66381168 15.0022391642 -0.634755536573 
13.6748797857 14.9748278225 -0.390329867892 
13.708216902 14.9582272733 -0.458539462454 
13.708216902 14.9582272733 -0.458539462454 
13.9949086868 14.7964191402 -0.348663389681 
14.1688576901 14.6958728398 -0.48838391232 
14.2829885447 14.6329413022 -0.661397628509 
14.3696525061 14.5488120283 -0.915040862058 
14.4645034039 14.412503239 -0.93405610964 
14.5625959599 14.268097576 -0.940811863661 
14.6334284508 14.1586439575 -1.10856987626 
14.6773078405 14.037944075 -1.20771652572 
14.7359243595 13.8593941892 -1.18286259815 
14.7791006529 13.7199275459 -1.15317119872 
14.8366675341 13.5340635742 -1.07331541171 
14.8851597273 13.4208450283 -0.76791944227 
15.0044226014 13.3009163106 -0.548097240544 
15.0744521582 13.2418655122 -0.337623810045 
15.1631912553 13.1937068666 0.0322513367816 
15.2296507322 13.1859577859 0.223641756668 
15.3101555669 13.1988800729 0.234548961028 
15.3991462254 13.2235265935 -0.0375540748989 
15.4359544777 13.2296487058 -0.271487679846 
15.5033987128 13.2068325246 -0.371727518013 
15.5488633179 13.1822384561 -0.337184344287 
15.5861982965 13.1544526781 -0.117541974096 
15.6200441086 13.1381100381 0.112115426446 
15.7050657981 13.1410397256 0.118743476689 
15.8222483956 13.1458736623 0.118934582173 
15.9864738175 13.152288791 0.118110612197 
16.1980164015 13.1612664426 0.115935906904 
16.3493774497 13.167446729 0.129941277878 
16.4903260433 13.1728044713 0.125591184072 
16.6941243374 13.1784282888 0.131467950168 
16.8732705676 13.1840072835 0.111409372404 
17.0122595989 13.1876524652 0.113930163174 
17.1013314688 13.1918057168 0.11303578239 
17.2907565796 13.1979159082 0.111276235305 
17.494636532 13.2062343324 0.108207288909 
17.6714451277 13.2112523283 0.109998197999 
17.792963382 13.214493152 0.111090931724 
18.034432646 13.2250360216 0.0956812093403 
18.1545731985 13.2272509302 0.102419835353 
18.2718594038 13.2306016649 0.115662844414 
18.4454362356 13.2340165342 0.213913566292 
18.5306184256 13.2399533952 0.37159217862 
18.6515338385 13.2699081863 0.880097958154 
18.6837420427 13.2876864637 1.13304040174 
18.712688204 13.3295901979 1.26480684572 
18.7773234808 13.4556056226 1.42626784349 
18.7911696398 13.4986772502 1.81191827807 
18.7903280222 13.5495498146 2.04874252194 
18.7630016768 13.6075699295 2.04534798893 
18.7442917788 13.6161712373 1.81281546973 
18.7345132792 13.6642761196 1.75519181861 
18.7258143389 13.7380043233 1.75382486155 
18.7142832243 13.8413857187 1.75614886761 
18.7018001043 13.9620410169 1.7593254415 
18.6800701582 14.155252334 1.75589574812 
18.6591210329 14.338259157 1.75558299828 
18.6429631674 14.4794689978 1.75560723641 
18.6214401686 14.6906025971 1.74984135805 
18.6001782381 14.8829314078 1.76086061639 
18.584159609 15.057152089 1.78064900989 
18.5682280027 15.2202614567 1.81186312409 
18.548577305 15.3652726079 1.75565130015 
18.5273759329 15.5463054741 1.57128131439 
18.5305240118 15.6455702151 1.27051923487 
18.546035763 15.7072041894 1.02927166747 
18.6161103212 15.8025560344 0.85195132335 
18.7238416636 15.9076178039 0.856413535447 
18.8595824206 16.0408247078 0.84410338819 
19.0133154356 16.1857241953 0.858196162667 
19.1409120524 16.3099011148 0.847869655311 
19.1495730841 16.3178175653 0.847322826958 
19.1495730841 16.3178175653 0.847322826958 
19.1495730841 16.3178175653 0.847322826958 
19.1495730841 16.3178175653 0.847322826958 
19.1495730841 16.3178175653 0.847322826958 
19.1495730841 16.3178175653 0.847322826958 
19.1495730841 16.3178175653 0.847322826958 
19.1495730841 16.3178175653 0.847322826958 
19.1495730841 16.3178175653 0.847322826958 
19.1495730841 16.3178175653 0.847322826958 
19.1495730841 16.3178175653 0.847322826958 
19.1495730841 16.3178175653 0.847322826958 
19.1495730841 16.3178175653 0.847322826958 
19.1495730841 16.3178175653 0.847322826958 
19.1495730841 16.3178175653 0.847322826958 
19.1495730841 16.3178175653 0.847322826958 
19.1495730841 16.3178175653 0.847322826958 
19.1495730841 16.3178175653 0.847322826958 
19.1495730841 16.3178175653 0.847322826958 
19.1495730841 16.3178175653 0.847322826958 
19.1495730841 16.3178175653 0.847322826958 
19.1495730841 16.3178175653 0.847322826958 
19.1495730841 16.3178175653 0.847322826958 
19.1495730841 16.3178175653 0.847322826958 
19.1495730841 16.3178175653 0.847322826958 
19.1495730841 16.3178175653 0.847322826958 
19.189805504 15.6997649039 3.94536344221 
19.1758177244 15.6871722008 4.01198290309 
19.12779307 15.6181973482 3.6748238403 
19.0453016722 15.5782440866 3.56850608689 
18.9606344664 15.5467411245 3.59080277296 
18.8392286265 15.5027188028 3.56561081915 
18.6522583925 15.4355305398 3.56574050666 
18.4985015356 15.3796406353 3.53057639468 
18.376838442 15.3380627225 3.30229953459 
18.2174241507 15.3321958745 3.11172380761 
18.0581386053 15.3502131889 3.11061172367 
17.8736464941 15.3694506849 3.09079724627 
17.6960071289 15.3897968794 3.09731828212 
17.5436929428 15.4072721268 3.09737223151 
17.3986376488 15.4243362809 3.10817874023 
17.1220431292 15.4574035669 3.08940153258 
16.9686282837 15.4753885383 3.08942961791 
16.7795853579 15.4972256387 3.08688720451 
16.5491889679 15.5247492159 3.10574201905 
16.389950093 15.5456705357 3.09856500924 
16.2219143772 15.5665036703 3.09419642039 
16.0584943854 15.5854314531 3.10137028158 
15.80706146 15.6148685182 3.12765010774 
15.7142928356 15.6289609636 3.19104974813 
15.5290406608 15.6239572133 3.38425336245 
15.3688280546 15.5995695854 3.48082863459 
15.2480108702 15.5739615525 3.75899337866 
15.1824017131 15.5429036582 4.01244257965 
15.1178609097 15.4817983175 4.15854126952 
15.0507019126 15.3881365771 4.173685105 
14.9098316991 15.1850500407 4.18208565853 
14.7726885044 14.9883792813 4.2010245856 
14.6654924118 14.841042843 4.19180772784 
14.6068220102 14.7549133564 4.10929889107 
14.4695090019 14.5605215991 4.1200827609 
14.3833559715 14.4388048614 4.1776851922 
14.3589985335 14.4058960641 4.16153070555 
14.2188800537 14.2065125669 3.93372549431 
14.2188800537 14.2065125669 3.93372549431 
14.0505750143 14.0476269687 3.90325705563 
13.8642942869 13.900918361 3.6904878689 
13.72205114 13.8324099744 3.42826949693 
13.6248648131 13.8094819749 3.26731728375 
13.4467477762 13.8035715784 3.2304968916 
13.2854480707 13.8017207349 3.22159530111 
13.1326010191 13.7995568479 3.22893043349 
12.9965081179 13.7962062324 3.12023549504 
12.8928401434 13.8020435537 2.83287919476 
12.8215160334 13.8196579183 2.57092785668 
12.8215160334 13.8196579183 2.57092785668 
12.73849177 13.8596941198 1.94454200007 
12.7262656653 13.8553333248 1.76316825066 
12.7262656653 13.8553333248 1.76316825066 
12.7262656653 13.8553333248 1.76316825066 
12.6661505663 13.8782192434 0.743356308858 
12.6661505663 13.8782192434 0.743356308858 
12.6661505663 13.8782192434 0.743356308858 
12.6661505663 13.8782192434 0.743356308858 
12.6661505663 13.8782192434 0.743356308858 
12.6661505663 13.8782192434 0.743356308858 
12.6661505663 13.8782192434 0.743356308858 
12.6661505663 13.8782192434 0.743356308858 
12.6661505663 13.8782192434 0.743356308858 
13.1994192564 13.9193572963 -0.00672631097055 
13.1994192564 13.9193572963 -0.00672631097055 
13.4909291231 13.8816896642 0.166456920033 
13.5782048666 13.8798271383 0.416621099934 
13.7078459227 13.9293556179 0.554393090301 
13.862619158 14.0114126171 0.533782216002 
13.9951595032 14.0805501903 0.566334778436 
14.1391285622 14.1585962738 0.577926531222 
14.2702856028 14.2271406616 0.566058487459 
14.3724181616 14.2790178622 0.612290580021 
14.5243055784 14.3749878372 1.06664465101 
14.5719877445 14.439780351 1.18180463605 
14.6192032063 14.5269747342 1.21418852273 
14.6924712622 14.6710472668 1.16913568795 
14.7594176495 14.8005000616 1.16671411842 
14.8406534159 14.9565105105 1.19191588954 
14.9083340132 15.0877388383 1.14991082695 
14.9820919001 15.2237967199 0.837670050201 
15.0414288604 15.2902452948 0.496288233829 
15.0865073168 15.3243485952 0.204088122446 
15.1146151983 15.3484030555 -0.163857196435 
15.1260150635 15.3642530853 -0.447768323547 
15.1567485892 15.3514377067 -0.546535781147 
15.2063624823 15.3152569051 -0.546490494692 
15.2757341826 15.2633100527 -0.553749010963 
15.3645689451 15.1919282826 -0.385090957877 
15.3974016869 15.1592464859 -0.101324463307 
15.418823477 15.136368599 0.214362938312 
15.4174835944 15.1289072523 0.31646057653 
15.4182884359 15.129581582 0.306019807448 
15.4167246782 15.1497362296 0.0180931664177 
15.4204494321 15.1690553317 -0.299678005323 
15.422992047 15.1744495446 -0.399937294827 
15.4228269124 15.1725448112 -0.367872630475 
15.4216690623 15.1723865906 -0.368713095015 
15.420579102 15.1669436509 -0.277557764791 
15.4160281086 15.1537146757 -0.046754620908 
15.4256402218 15.1340090523 0.256175277744 
15.4703391158 15.1405136997 0.358005503726 
15.5428445005 15.1620101149 0.338221418413 
15.6149088704 15.1813747215 0.360482235352 
15.7415937298 15.2188297531 0.345313776269 
15.8936971381 15.2615586019 0.353671393197 
15.9909858295 15.288944308 0.350838743322 
16.0408283138 15.3025666291 0.349686683704 
16.072203871 15.3114067207 0.353533774137 
16.0728747958 15.3114508058 0.355490216444 
16.0729688966 15.3115522007 0.354699721742 
16.0729448908 15.311481219 0.354752513624 
16.0729278141 15.3114774863 0.355690818731 
16.0729230308 15.3114752735 0.355573554952 
16.0729583913 15.3114668096 0.354768137067 
16.0729564541 15.3114604692 0.355115980669 
16.0729249829 15.3114849965 0.355732426356 
16.0729683452 15.3114854435 0.354883121715 
16.0729224646 15.311483402 0.355736147293 
16.0729699844 15.3114909122 0.354515645249 
16.0730077737 15.3115014921 0.353974111811 
16.0729542636 15.3114822994 0.354595742494 
16.0729510301 15.3114784698 0.354543285491 
16.07296085 15.3114989961 0.354538033492 
16.0731121266 15.3115479539 0.351890418288 
16.0731217974 15.3115595619 0.351817337936 
16.0731041395 15.311546948 0.351990288848 
16.0731629097 15.3115798051 0.351011553302 
16.0731707924 15.3115686069 0.350961680473 
16.0729823076 15.3115032951 0.353932828988 
16.0728943908 15.3114995177 0.355712270924 
16.0729384982 15.3114855776 0.354606786451 
16.0731721633 15.311581407 0.350869665726 
16.0729493016 15.3114955167 0.354472462117 
16.0729522669 15.3115244473 0.354515390615 
16.0728920811 15.3114901076 0.355622100354 
16.0731128716 15.3115505988 0.351682971531 
16.0731092208 15.3115591819 0.351656715553 
16.0730896109 15.3115562762 0.351929523741 
