15.8800144346 15.2400045854 0.0431103284644 
15.8799962086 15.2399955698 0.0431540437794 
15.8800004983 15.2400008699 0.0433214494841 
15.8804593423 15.2403802595 0.0455418410812 
15.8801347689 15.2400460676 0.0427219782586 
15.8799875603 15.2400280204 0.0429981040171 
15.8799964805 15.2400283014 0.0431328386823 
15.8799982798 15.2400185756 0.0429517824723 
15.8799754364 15.2400104075 0.0431530134771 
15.879986886 15.240022641 0.0430243720397 
15.8799817414 15.2400092536 0.0432597822773 
15.880430326 15.2403934011 0.0453354281079 
15.8799633264 15.2400128075 0.042991490661 
15.8799616845 15.2399997799 0.0430155897606 
15.8800378434 15.2400909143 0.0433967917923 
15.8804136618 15.2403978624 0.0451642985391 
15.8803947904 15.2403802041 0.0450241720633 
15.8803931271 15.2403788625 0.045089710077 
15.8803960952 15.2403816439 0.0450130301943 
15.8804002852 15.2403938829 0.045087006763 
15.8803797384 15.2403749265 0.0449750007333 
15.8803796322 15.2404023241 0.0450432049022 
15.8803826879 15.2404112516 0.0449722674697 
15.8803896412 15.2403778581 0.0451461382046 
15.8803772881 15.2403707933 0.0450678317893 
15.8803755437 15.2403763782 0.0449467260154 
15.8803723837 15.2403979004 0.0450879826475 
15.8803761286 15.2404076869 0.0452819808118 
15.8803709877 15.2403965062 0.0449348191814 
15.8803759339 15.2403981865 0.045050104095 
15.8803767973 15.2403902593 0.0450745136129 
15.8803777593 15.2403942458 0.0451344759716 
15.880363945 15.240387874 0.0449787856885 
15.8803971998 15.2405702127 0.0456330777226 
15.8800218339 15.2400777999 0.0434471798444 
15.8801004338 15.240069126 0.0425857556673 
15.8800559622 15.2400651464 0.0425669248396 
15.8799588337 15.2400365449 0.0430115068048 
15.8800927374 15.2400543601 0.0425169718024 
15.8799130461 15.2400037523 0.0432013244363 
15.8799166131 15.2400125403 0.0432927418815 
15.8800868607 15.2400674709 0.0425313410942 
15.8800918312 15.2400712754 0.0425361643789 
15.8800888314 15.2400551018 0.0425739467054 
15.8800814674 15.2400576356 0.0426265870891 
15.8800803629 15.240062216 0.0426206409112 
15.8800730082 15.2400549696 0.0424695006651 
15.880093352 15.2400807564 0.0425150107175 
15.8800884579 15.2400599456 0.0424919162164 
15.8800977917 15.2400632083 0.0425725527795 
15.8800839792 15.2400777936 0.042580222982 
15.8800880165 15.240067038 0.0425316700761 
15.8800892607 15.2400666297 0.0423772866517 
15.8800921227 15.2400562614 0.0426163893677 
15.8800798618 15.2400547661 0.0424636890629 
15.8803630733 15.2403722748 0.0449041469327 
15.8800798693 15.2400527159 0.0424425686418 
15.880387786 15.2404081035 0.0451824214448 
15.8800779908 15.2400560341 0.042369072448 
15.8803053313 15.2403139402 0.0444987959663 
15.8800920948 15.2400523952 0.0425501036386 
15.8803612507 15.2403750431 0.045053297688 
15.8801513492 15.2401216781 0.0431323241768 
15.8800860151 15.2400485944 0.0424922530123 
15.880087305 15.2400411266 0.0425139325272 
15.8803781505 15.240385741 0.0452062535092 
15.8803623785 15.2403751775 0.045189602563 
15.8803719265 15.240370505 0.0451518064679 
15.880365397 15.2403636025 0.0447285436151 
15.8803668545 15.2403936654 0.0449928609301 
15.8800987323 15.2400435084 0.0423562114302 
15.8801147427 15.2400642185 0.042575380915 
15.8800914559 15.2400587836 0.0424539115047 
15.8801098644 15.2400526658 0.0427265631319 
15.880099726 15.2400485115 0.0425665196815 
15.8803372636 15.2403194702 0.0446329262752 
15.8800881245 15.2400589235 0.0424886826336 
15.8800282526 15.2400648831 0.0421219460271 
15.8800486532 15.2400648055 0.0423398342901 
15.8800493992 15.2400636351 0.0422075536206 
15.8800638394 15.2400524169 0.0423749872137 
15.8800372697 15.2400619323 0.0423071438359 
15.8800622235 15.2400632419 0.042528838151 
15.890399547 15.2396811418 0.04364690021 
15.9317267166 15.2385527086 0.0316664583416 
15.9814148062 15.2369073845 0.0302654694715 
16.01476058 15.2351873387 0.0359290794456 
16.1071737522 15.2315963858 0.0349179413592 
16.1906882488 15.2285699297 0.0266521243433 
16.3620312476 15.2242940518 0.0471409976148 
16.5293249452 15.2190898324 0.0375722567547 
16.6356804931 15.2143398526 0.0489023139952 
16.7575929129 15.2100080422 0.0487200681937 
16.900986191 15.2054119895 0.0459999310691 
17.0223686659 15.2000292505 0.0318184180132 
17.1255866253 15.1945197287 0.0514377793271 
17.2586414778 15.1902046616 0.0442067858074 
17.4019198382 15.1834769624 0.0406323101821 
17.5653305018 15.176039994 0.035066089839 
17.7047122681 15.1714544485 0.0443214039074 
17.8971221411 15.1634291376 0.0474839471098 
18.0209088289 15.1596757586 0.0409911258957 
18.1227340662 15.1563999544 0.0386785282912 
18.2234516108 15.1516907627 0.0430514121923 
18.4254796469 15.1429679582 0.0423716223043 
18.6608576738 15.1371244828 -0.086660726053 
18.7514877283 15.129354913 -0.347919269556 
18.8296716177 15.1049142892 -0.704632497883 
18.8842179739 15.0873969013 -1.2642723597 
18.9066412413 15.0789845104 4.68193261206 
18.9046072924 15.0503027255 4.63173771728 
18.8904852831 14.9738154376 4.63990518803 
18.8745851481 14.8904945518 4.65011489266 
18.8471472227 14.7419671977 4.63407197093 
18.8131895029 14.5469795431 4.59357842669 
18.7797059977 14.3670228685 4.60382287335 
18.7518322432 14.22099733 -1.53577553326 
18.7450346911 14.0871977771 -1.18014681215 
18.7747874224 13.9901983703 -1.05801469399 
18.797745701 13.9492415155 -1.14392066332 
18.8183178866 13.9326579536 -1.35742406377 
18.8392121756 13.929953214 4.58020064439 
18.8457019293 13.9162712062 4.47167729097 
18.8457019293 13.9162712062 4.47167729097 
18.8457019293 13.9162712062 4.47167729097 
18.8457019293 13.9162712062 4.47167729097 
18.8457019293 13.9162712062 4.47167729097 
18.8457019293 13.9162712062 4.47167729097 
18.6273589098 13.3978855575 4.1116235498 
18.5612695181 13.2653492654 3.94575735543 
18.5612695181 13.2653492654 3.94575735543 
18.5612695181 13.2653492654 3.94575735543 
18.2212150061 13.1347461904 3.35438126115 
18.0584564173 13.1104823316 3.37523476068 
17.9600655996 13.097633716 3.37517213302 
17.8109548056 13.0755192007 3.37720835189 
17.6907397472 13.0587676729 3.37281348034 
17.5272293055 13.0359302724 3.22500764813 
17.3424173557 13.038738128 3.24043739758 
17.1689699852 13.0394645895 3.21137898451 
17.1689699852 13.0394645895 3.21137898451 
16.7667037809 13.0473829473 3.2266537587 
16.6252970063 13.0512918199 3.20009331692 
16.4216334784 13.0556424821 3.20043805258 
16.2587640249 13.0586558546 3.20930399214 
16.1200059616 13.0573207105 3.1900858401 
15.9312018083 13.0604575838 3.20545525723 
15.7483179831 13.0637117589 3.20711222046 
15.5906154775 13.0669065679 3.1944666 
15.4680435323 13.0696476663 3.22480770744 
15.3667373621 13.0713378156 3.19071262687 
15.2584466302 13.075005647 3.19163681539 
15.1293504798 13.0774937833 3.18682330292 
15.0104590022 13.0801809991 3.18287608609 
14.9140105807 13.0811871255 3.18167948588 
14.8793482744 13.0804878438 3.17360402691 
14.8063647711 13.0278369153 1.82586344214 
14.7906584704 13.0450245107 2.2766031728 
14.7651425564 13.0664905275 2.09594101881 
14.7555403673 13.0860546792 2.08609429879 
14.7555403673 13.0860546792 2.08609429879 
14.63943946 13.3366957868 2.05961938309 
14.5658535921 13.4989317621 2.07415439046 
14.5020292961 13.6340155567 2.08433231174 
14.453042742 13.7384676898 2.09943914348 
14.3954588139 13.8715351785 2.20974999265 
14.3607414925 13.9479657377 2.50761554744 
14.3263990843 13.9939568008 2.84291821214 
14.3206708395 14.009600159 3.03509846543 
14.3080867493 14.0282326902 3.32039773254 
14.2490754091 14.0243738855 3.42911774391 
14.1581474506 14.0073621238 3.44055385792 
14.0562708342 13.9895311559 3.40548089397 
13.8741397822 13.9575842584 3.43158484704 
13.733446356 13.9330706562 3.37784443427 
13.6363375151 13.8782141174 2.38644873292 
13.4730503523 13.9104440177 -0.641157717003 
13.4730503523 13.9104440177 -0.641157717003 
13.2603535616 13.8429673875 3.74031599081 
13.1790730917 13.841925856 3.75280845733 
13.1481139624 13.8370482887 3.9434465349 
13.1161305868 13.8425190414 4.36320832086 
13.1142759287 13.8440014089 4.38409411478 
13.1142759287 13.8440014089 4.38409411478 
13.1041424238 13.834721681 4.50217319687 
13.0772945845 13.7477114166 4.48630593447 
13.0698442423 13.7238818372 4.51294550232 
13.0163912737 13.5519049133 4.55807409624 
12.9972519838 13.4990096057 -1.5689074044 
12.9731409514 13.4507367576 -1.48345108705 
12.9660279715 13.4206734861 -0.961178172898 
12.951541897 13.4109712804 -0.652860583659 
12.941871401 13.3947055305 -0.368629606795 
12.9371366465 13.3792276348 -0.106065667237 
12.9394509756 13.359335419 0.206213307788 
12.9652874434 13.3575916255 0.31304113726 
12.9652874434 13.3575916255 0.31304113726 
13.1036093199 13.3879860605 0.380680501861 
13.1036093199 13.3879860605 0.380680501861 
13.1760466063 13.3919261659 0.853794991924 
13.1760466063 13.3919261659 0.853794991924 
13.1760466063 13.3919261659 0.853794991924 
13.3455848658 13.5904339517 1.0016345941 
13.3773577177 13.6421622003 0.868923983154 
13.467962023 13.7354135478 0.748695887962 
13.5353949034 13.7838982309 0.721724084961 
13.6649093592 13.8867522443 0.722619292984 
13.8232586348 14.0096045698 0.727908318606 
13.976210829 14.1288567747 0.741730737292 
14.1355030501 14.2517089809 0.714333828422 
14.2400070393 14.3296652997 0.688440235405 
14.3935319149 14.4457494582 0.681648568194 
14.4890676701 14.5182685221 0.719527723618 
14.6172007286 14.6180445517 0.725424468277 
14.7286993229 14.7042096222 0.731120084164 
14.8404220307 14.7878868843 0.714773016977 
14.9681093657 14.8884149755 0.732747956296 
15.0977154338 14.9885258044 0.724859675642 
15.1927151644 15.0612085427 0.727665974087 
15.2349520886 15.0932455922 0.743329647302 
15.2890186274 15.122931924 0.911754774659 
15.300647434 15.1247101391 1.0365034274 
15.3352390492 15.1154383386 1.60429231666 
15.3410390579 15.1619219745 1.7268410243 
15.3340883219 15.2711876484 1.72165086104 
15.322771486 15.4003120477 1.72939793813 
15.3127219641 15.5296072329 1.72776566263 
15.3079696858 15.60090163 1.73648621335 
15.3102074229 15.6201449896 1.8002873245 
15.3300524914 15.6240154172 2.11822837385 
15.3419157827 15.6301181878 2.33112633178 
15.3418487274 15.6314816142 2.3361025893 
15.3385780418 15.6294583345 2.2940028469 
15.3185533249 15.6200234855 1.91155442602 
15.2992140019 15.6175778473 1.61860168088 
15.2993444168 15.6175502504 1.62698376404 
15.2989075744 15.6176722909 1.62421149623 
15.304443773 15.6208502317 1.70280889806 
15.3018333876 15.6620688106 1.69744718065 
15.2989481651 15.7283236946 1.726225693 
15.3076290452 15.7632586325 1.93478641482 
15.3248103225 15.7722177471 2.23061394599 
15.3276815974 15.7786943878 2.30971359736 
15.3290414774 15.7765959466 2.29885948768 
15.3325938546 15.7811020578 2.38778225707 
15.3393245899 15.7885270084 2.55094638918 
15.3456180656 15.7970203722 2.71105443356 
15.3523932659 15.8140107954 2.992237051 
15.3126410806 15.8299425806 3.20419271322 
15.2307537758 15.8371846045 3.2814780193 
15.2045485937 15.8498328293 3.50762770491 
15.1975680554 15.8644271458 3.80546649858 
15.1716083848 15.8472245301 3.80075438782 
15.0876563155 15.792616185 3.81185372551 
14.9996105396 15.732091781 3.82034455141 
14.8672655785 15.6445277298 3.80174745871 
14.6911368334 15.5263394679 3.81366274329 
14.4765561783 15.3832236494 3.81052980796 
14.2912037336 15.2612168102 3.79780307309 
14.1315261089 15.1529818217 3.72580313695 
14.0296454393 15.092247721 3.46434703978 
13.9420920574 15.0671847726 3.24213514656 
13.8859477007 15.0648855383 3.20273917352 
13.8653941118 15.065194499 3.20284513412 
13.8652310335 15.0652635063 3.20704561835 
13.8652310335 15.0652635063 3.20704561835 
13.8222162687 15.0655794109 3.21543638485 
13.8033714258 15.0662530179 3.21135512574 
13.7487843001 15.0696565027 3.20825565175 
13.7487843001 15.0696565027 3.20825565175 
13.7487843001 15.0696565027 3.20825565175 
13.7487843001 15.0696565027 3.20825565175 
13.7183814013 15.0991936589 3.67965530441 
13.7183814013 15.0991936589 3.67965530441 
13.7183814013 15.0991936589 3.67965530441 
13.6604742968 15.1344590227 -1.5215492669 
13.6424162352 15.1315581838 -1.21573073211 
13.6386563742 15.1222905705 -1.1576714424 
13.6386563742 15.1222905705 -1.1576714424 
13.6434788668 15.0486626143 -0.959320019442 
13.6603071653 15.0165732617 -0.608779197869 
13.6739840471 14.9824827577 -0.493096618441 
13.7065792048 14.9590201343 -0.455671359048 
13.708216902 14.9582272733 -0.458539462454 
13.8818545305 14.8623069788 -0.331846737241 
14.050003525 14.7643171812 -0.374467738909 
14.1750385725 14.6926029886 -0.481106736944 
14.2829885447 14.6329413022 -0.661397628509 
14.3630832398 14.5584260787 -0.886556072853 
14.4379205668 14.455281433 -0.899159338508 
14.5298833811 14.3126205767 -0.912444330611 
14.5991139376 14.2119246686 -1.01121039161 
14.6648360455 14.0744672979 -1.20083143757 
14.7167673075 13.9159884418 -1.1590986037 
14.7688702309 13.74634349 -1.17228983051 
14.8366675341 13.5340635742 -1.07331541171 
14.8851597273 13.4208450283 -0.76791944227 
15.0044226014 13.3009163106 -0.548097240544 
15.1117025578 13.2183490957 -0.196725267211 
15.1682907307 13.191830274 0.0558175363853 
15.223275479 13.1856902803 0.213144157313 
15.3261519038 13.2019578184 0.229765973486 
15.3774863445 13.2164205278 0.0835258616076 
15.4244931304 13.2307010854 -0.234632409185 
15.5571869874 13.1769517625 -0.313268101463 
15.5956886077 13.1434153284 0.0322448012813 
15.6783978903 13.1396619047 0.119852399351 
15.9041331421 13.1492840017 0.12151364269 
16.3377829754 13.1665176118 0.116210995348 
16.652375158 13.1770430768 0.117499379562 
16.9378259146 13.186972257 0.135539814122 
17.1013314688 13.1918057168 0.11303578239 
17.2907565796 13.1979159082 0.111276235305 
17.494636532 13.2062343324 0.108207288909 
17.6714451277 13.2112523283 0.109998197999 
17.792963382 13.214493152 0.111090931724 
17.9117696249 13.2198160852 0.0982112181706 
18.1545731985 13.2272509302 0.102419835353 
18.2718594038 13.2306016649 0.115662844414 
18.4454362356 13.2340165342 0.213913566292 
18.5306184256 13.2399533952 0.37159217862 
18.6451177561 13.2685619558 0.82325372518 
18.6837420427 13.2876864637 1.13304040174 
18.712688204 13.3295901979 1.26480684572 
18.7664015257 13.4473862613 1.42617678526 
18.784745928 13.4858783449 1.68938803954 
18.7880506479 13.5502759183 2.00269158019 
18.7697074377 13.5954415763 2.06594425514 
18.752160784 13.6146657432 1.92198579439 
18.7381107771 13.6312642063 1.75412985938 
18.7333419287 13.6722905601 1.75123383832 
18.7239859068 13.7544891799 1.75702096414 
18.7104549372 13.874172088 1.75905957865 
18.6958370173 14.0180755819 1.75776045438 
18.6826164686 14.1342109407 1.75614759966 
18.6655080282 14.2786335314 1.75531179657 
18.6449742281 14.462517556 1.75511648495 
18.6223266089 14.6824925507 1.75455530938 
18.6001782381 14.8829314078 1.76086061639 
18.5856490099 15.0242039675 1.74731721267 
18.5646398031 15.2345993512 1.76803655719 
18.545548197 15.394877624 1.75451534058 
18.5273759329 15.5463054741 1.57128131439 
18.5279631579 15.6276091898 1.35039179275 
18.5413718187 15.6948015059 1.07012049089 
18.5795471632 15.7613762582 0.89649692802 
18.6454043352 15.8317844833 0.85187903628 
18.7448494398 15.9279167617 0.855403867143 
18.8506903612 16.03134596 0.858647407637 
18.9570085966 16.1343151892 0.830472471467 
19.0332488978 16.2067075933 0.867313506827 
19.1495730841 16.3178175653 0.847322826958 
19.1495730841 16.3178175653 0.847322826958 
19.1495730841 16.3178175653 0.847322826958 
19.1495730841 16.3178175653 0.847322826958 
19.1495730841 16.3178175653 0.847322826958 
19.1495730841 16.3178175653 0.847322826958 
19.1495730841 16.3178175653 0.847322826958 
19.1495730841 16.3178175653 0.847322826958 
19.1495730841 16.3178175653 0.847322826958 
19.1495730841 16.3178175653 0.847322826958 
19.1495730841 16.3178175653 0.847322826958 
19.1495730841 16.3178175653 0.847322826958 
19.1495730841 16.3178175653 0.847322826958 
19.1495730841 16.3178175653 0.847322826958 
19.1495730841 16.3178175653 0.847322826958 
19.1495730841 16.3178175653 0.847322826958 
19.1495730841 16.3178175653 0.847322826958 
19.1495730841 16.3178175653 0.847322826958 
19.1495730841 16.3178175653 0.847322826958 
19.1495730841 16.3178175653 0.847322826958 
19.1495730841 16.3178175653 0.847322826958 
19.1495730841 16.3178175653 0.847322826958 
19.1495730841 16.3178175653 0.847322826958 
19.1495730841 16.3178175653 0.847322826958 
19.1495730841 16.3178175653 0.847322826958 
19.1495730841 16.3178175653 0.847322826958 
19.1495730841 16.3178175653 0.847322826958 
19.1495730841 16.3178175653 0.847322826958 
19.1495730841 16.3178175653 0.847322826958 
19.1495730841 16.3178175653 0.847322826958 
19.2084364855 15.72054204 4.01200196064 
19.1758177244 15.6871722008 4.01198290309 
19.1758177244 15.6871722008 4.01198290309 
19.1055805647 15.6036132837 3.60167054257 
19.0515813791 15.5804957117 3.56797512557 
18.9313023054 15.5369853343 3.56224998761 
18.782584902 15.4837069775 3.56329183128 
18.5376644098 15.3944972868 3.55241888241 
18.4200637304 15.350480106 3.40072286569 
18.326970812 15.3285838256 3.18943511966 
18.1200013125 15.3430530841 3.11238169368 
17.9370975458 15.3631522248 3.10158048784 
17.7433952057 15.3851843888 3.10341021326 
17.5690995419 15.4046270216 3.09316985567 
17.3658708298 15.4277438338 3.09644215591 
17.1727572643 15.4518011327 3.09866736113 
16.9770359957 15.474062186 3.08501618384 
16.8388372624 15.4905870522 3.09412459051 
16.6918193662 15.5083384479 3.09766546624 
16.4692104423 15.5351744259 3.10055771142 
16.33994722 15.5525919462 3.10130948018 
16.2004166209 15.5688201452 3.09470207494 
16.0373193735 15.5879499281 3.0916561078 
15.8344711327 15.6118012036 3.11651556005 
15.7142928356 15.6289609636 3.19104974813 
15.536513474 15.6248101259 3.36800808279 
15.3790078723 15.6010262931 3.46451555091 
15.2574645245 15.5768506492 3.72711358618 
15.1965684855 15.5531668628 3.98132978643 
15.1257727706 15.4909086193 4.15268812687 
15.0616801345 15.4007352854 4.19275377394 
15.0507019126 15.3881365771 4.173685105 
14.8380075657 15.081491288 4.15573455691 
14.7573903763 14.9670746292 4.19248310081 
14.6800410711 14.8569909299 4.19374552969 
14.6205557549 14.7755287851 4.10079786906 
14.5237301552 14.6331316198 4.18577436287 
14.4624315464 14.5517000521 4.16343565156 
14.391571995 14.4526599611 4.14711070545 
14.3589985335 14.4058960641 4.16153070555 
14.2188800537 14.2065125669 3.93372549431 
14.2188800537 14.2065125669 3.93372549431 
14.0505750143 14.0476269687 3.90325705563 
13.8719496691 13.907031771 3.66499386493 
13.7450463736 13.843774792 3.52094586734 
13.6821582281 13.8206907476 3.34988813085 
13.5313999617 13.8043093647 3.233260066 
13.3455867731 13.8025417293 3.22791893577 
13.1778864824 13.8004270757 3.23672852059 
13.0163395369 13.7968915666 3.16072963665 
12.8833966219 13.803444382 2.75855083286 
12.8215160334 13.8196579183 2.57092785668 
12.8215160334 13.8196579183 2.57092785668 
12.7341775858 13.8582812513 1.89026696988 
12.7262656653 13.8553333248 1.76316825066 
12.7262656653 13.8553333248 1.76316825066 
12.7262656653 13.8553333248 1.76316825066 
12.6661505663 13.8782192434 0.743356308858 
12.6661505663 13.8782192434 0.743356308858 
12.6661505663 13.8782192434 0.743356308858 
12.6661505663 13.8782192434 0.743356308858 
12.6661505663 13.8782192434 0.743356308858 
12.6661505663 13.8782192434 0.743356308858 
12.6661505663 13.8782192434 0.743356308858 
12.6661505663 13.8782192434 0.743356308858 
12.6661505663 13.8782192434 0.743356308858 
12.6661505663 13.8782192434 0.743356308858 
13.1994192564 13.9193572963 -0.00672631097055 
13.5170633757 13.8792154754 0.189465828828 
13.7205259764 13.934740063 0.583922137135 
13.8428006136 14.0009242261 0.544450056139 
14.0033459627 14.0847508872 0.530073967173 
14.1980951988 14.1898280347 0.527996973903 
14.3645293676 14.2722154821 0.590634465514 
14.4892173969 14.3444551195 0.925625728558 
14.561904546 14.4199210967 1.17107232168 
14.5903356039 14.4724268878 1.20670085927 
14.656681534 14.6004324521 1.2214547603 
14.7494388783 14.7816047038 1.18216002663 
14.8231557572 14.9228832985 1.16053085771 
14.9240531289 15.1211974511 1.11194542996 
14.9861547911 15.2305052106 0.807388595828 
15.0414288604 15.2902452948 0.496288233829 
15.0897913539 15.3262919227 0.189494777824 
15.1146329605 15.3494015376 -0.177938244933 
15.1239901149 15.3642902339 -0.434240971536 
15.1627438628 15.3475092615 -0.54981184453 
15.2063624823 15.3152569051 -0.546490494692 
15.2801649534 15.260106642 -0.555355378551 
15.3573954069 15.1965770202 -0.405709371886 
15.3937394583 15.1634463559 -0.138740882243 
15.4185465538 15.1400778631 0.152042642921 
15.4166410529 15.1299608762 0.300289988423 
15.4176035785 15.1286561529 0.347448730772 
15.4177662694 15.1342220346 0.24052175886 
15.4177000486 15.1552026461 -0.0675745341592 
15.4204494321 15.1690553317 -0.299678005323 
15.4240957462 15.1739792863 -0.402474751839 
15.4210499191 15.1716722513 -0.340745839821 
15.4222955966 15.1726584847 -0.368528313437 
15.420579102 15.1669436509 -0.277557764791 
15.4143021369 15.1494460295 0.0237913238866 
15.4279807472 15.1336715485 0.266822559814 
15.4571269118 15.1375027562 0.359219348154 
15.5428445005 15.1620101149 0.338221418413 
15.649645012 15.1920862498 0.351959039904 
15.7751702332 15.2277055935 0.354625933606 
15.8757720554 15.2567297316 0.349224828537 
15.9648731911 15.281669766 0.349793864407 
16.0257405752 15.2986036653 0.378332327898 
16.0699124151 15.3100654224 0.342531549443 
16.073202964 15.3117888684 0.352401382674 
16.0729688966 15.3115522007 0.354699721742 
16.0729448908 15.311481219 0.354752513624 
16.0729467833 15.3114800046 0.355047100762 
16.0729637408 15.3114874254 0.354880471821 
16.0729142689 15.3114878724 0.355790355172 
16.072974559 15.3114773075 0.354754163248 
16.072916221 15.3114946822 0.355859826328 
16.0729211235 15.3114995549 0.355912882045 
16.0729332828 15.3114968354 0.355594054196 
16.0729632043 15.3114852796 0.354520904648 
16.072964769 15.3114659304 0.354689303502 
16.072946828 15.3114667947 0.35461900297 
16.0729510301 15.3114784698 0.354543285491 
16.0729605221 15.3114851231 0.354550520461 
16.0729510003 15.3114843855 0.354583235914 
16.0731704348 15.3115739415 0.35099762753 
16.0731119328 15.3115486691 0.351954745299 
16.0729812795 15.3114950399 0.354104225981 
16.0729124659 15.311494712 0.35540789454 
