15.8800171559 15.2400364477 0.0431287916243 
15.8800117822 15.2400017995 0.0432608423233 
15.8800096792 15.2399962022 0.0429903315251 
15.8799956097 15.2400089272 0.0431668662579 
15.8800929609 15.2400949916 0.0436875505371 
15.8799850234 15.2400151714 0.0431274282068 
15.8799950044 15.2400019198 0.0432800453681 
15.8799799775 15.2400039913 0.0431101614406 
15.8804376462 15.2403923108 0.0454464712543 
15.8804219171 15.2403858043 0.0453330975407 
15.8804263576 15.2403955716 0.0450854208976 
15.8800378434 15.2400909143 0.0433967917923 
15.880324429 15.240309265 0.0447942459423 
15.8803886325 15.240370879 0.045112947484 
15.8803967406 15.2403854628 0.0450959909415 
15.8804104171 15.2403905199 0.0449816828801 
15.8803788071 15.2403782364 0.0450833799025 
15.8803843596 15.2403918258 0.045107680728 
15.880381534 15.2403840395 0.0449356776001 
15.8800168709 15.2400990792 0.0434464400892 
15.8803809584 15.2404066243 0.0451356898435 
15.8803735013 15.2403980929 0.0451476616737 
15.8803659232 15.2403941958 0.0451016673817 
15.8803801016 15.2404044855 0.0451118091574 
15.8803935741 15.2404292976 0.045034041033 
15.8803827224 15.2403933681 0.0450122343091 
15.8803707334 15.2403917916 0.0450190162013 
15.8798964351 15.2400071292 0.0430750582713 
15.8802986528 15.2404948962 0.0454221563498 
15.880380992 15.2405582904 0.0458310428048 
15.8800560377 15.2400528945 0.0426744775651 
15.8799461584 15.2400287305 0.0430179630693 
15.8800569327 15.240053176 0.0426658791365 
15.8799363422 15.2400171935 0.0428504038378 
15.8800793468 15.2400623242 0.0424767074745 
15.8799498101 15.2400301229 0.0430873286867 
15.8800930177 15.2400688583 0.0425418178227 
15.880085922 15.240068507 0.0425936437324 
15.8800987565 15.2400742162 0.0425632241943 
15.8800754893 15.2400485167 0.042498897618 
15.8801034094 15.2400668135 0.0425366691572 
15.8800931248 15.2400659337 0.0425626162019 
15.8800977917 15.2400632083 0.0425725527795 
15.8800961795 15.2400772149 0.0424994505918 
15.8801458339 15.2401463077 0.0429930398628 
15.8800940477 15.2400697584 0.0424139637684 
15.8801398912 15.2401130636 0.0429873734202 
15.8801013894 15.240066446 0.042615325118 
15.8803645569 15.2403985439 0.0450580636027 
15.8799429192 15.2400393041 0.0429792631228 
15.8801030248 15.2400794353 0.0423699043235 
15.880074842 15.2400487641 0.0423565804746 
15.8800898363 15.2400538804 0.0425301816674 
15.8800846433 15.2400364051 0.0423949150736 
15.8801513492 15.2401216781 0.0431323241768 
15.8800860151 15.2400485944 0.0424922530123 
15.880288073 15.2402871212 0.044307063399 
15.8803727432 15.2403942135 0.0452779324525 
15.8803690636 15.2403782711 0.045133783228 
15.8803807722 15.2403704871 0.0451596282456 
15.8803546886 15.2403812753 0.045290760669 
15.8801283921 15.2400588215 0.0426667877254 
15.8801065675 15.2400542275 0.0424509247246 
15.8800922838 15.2400429971 0.0425749928878 
15.8800853734 15.2400539932 0.0426849362 
15.8803930414 15.2403832444 0.0450769740704 
15.8800745002 15.2400664061 0.0424082596576 
15.8800334037 15.2400634152 0.0422343675311 
15.8800494011 15.2400540995 0.0422816777159 
15.8800579283 15.2400670478 0.0423992024969 
15.8800681169 15.2400713189 0.0424231150726 
15.890399547 15.2396811418 0.04364690021 
15.9348400646 15.2387163222 0.0304155074416 
15.9835016691 15.2371331382 0.0283803610955 
16.0232026094 15.2344911452 0.0422563344597 
16.1469551289 15.229453333 0.0398603502266 
16.2839804256 15.226440253 0.0177602479379 
16.4559780323 15.2216088271 0.0370225475333 
16.6123801434 15.215545377 0.0452718644631 
16.7396551334 15.2107105667 0.0490736750459 
16.9098212683 15.2053144539 0.0423752950313 
17.0686088764 15.1966651196 0.0492321387635 
17.1631685459 15.1941686275 0.0467677241339 
17.266241666 15.1894875097 0.034891687643 
17.4378008806 15.1816277655 0.0522376077068 
17.5653305018 15.176039994 0.035066089839 
17.7246890032 15.1706286559 0.0436690240913 
17.8887357676 15.1638250987 0.0457886883737 
18.05788612 15.1580249185 0.0420822100191 
18.1773886644 15.1529914255 0.0548725389674 
18.3245437109 15.1472209359 0.0382777074529 
18.5299189055 15.1389228965 0.0313599356103 
18.6346981489 15.1378058905 -0.0409004636457 
18.7414278948 15.1310694406 -0.314330995756 
18.7965724432 15.1188600699 -0.536169444453 
18.8424582445 15.0991019572 -0.786165931585 
18.8693313562 15.0882378633 -1.04268631822 
18.8856754267 15.0880306179 -1.2882783936 
18.9072387182 15.0776841159 4.67330331176 
18.8934285605 14.9982404078 4.66101325599 
18.8843533957 14.9331076408 4.62381119162 
18.8533194029 14.7773979569 4.60583244836 
18.8222200834 14.6057117547 4.60656739073 
18.7908937895 14.4369464482 4.61547637383 
18.7504141295 14.2112028564 -1.51920257068 
18.7457632982 14.0812785591 -1.16901069584 
18.7801723444 13.9802242483 -1.06183796499 
18.7992651426 13.9477093185 -1.15536704175 
18.8183178866 13.9326579536 -1.35742406377 
18.8453347647 13.9183045591 4.47326752898 
18.8457019293 13.9162712062 4.47167729097 
18.8457019293 13.9162712062 4.47167729097 
18.8457019293 13.9162712062 4.47167729097 
18.8457019293 13.9162712062 4.47167729097 
18.8457019293 13.9162712062 4.47167729097 
18.8457019293 13.9162712062 4.47167729097 
18.5612695181 13.2653492654 3.94575735543 
18.5612695181 13.2653492654 3.94575735543 
18.5612695181 13.2653492654 3.94575735543 
18.1518914663 13.1231561864 3.36371997543 
17.9931895697 13.1010853017 3.37458103646 
17.7912714445 13.0730270112 3.39715337928 
17.6347644293 13.0499936307 3.37408938676 
17.5272293055 13.0359302724 3.22500764813 
17.2415455544 13.0410183633 3.24224968788 
17.1689699852 13.0394645895 3.21137898451 
17.1689699852 13.0394645895 3.21137898451 
16.7054436171 13.0496996606 3.20312265694 
16.4636561238 13.0546003545 3.19970038262 
16.2892858946 13.0567506517 3.20017155728 
16.1077805721 13.0572711194 3.19020715823 
15.9609434121 13.0601650442 3.20772024392 
15.8163242229 13.061792251 3.19220348923 
15.7057252192 13.0647109712 3.20692254686 
15.5398516023 13.0686823095 3.19596319657 
15.3549075091 13.0720621313 3.18545318617 
15.2584466302 13.075005647 3.19163681539 
15.1116033756 13.078185674 3.19281582963 
14.9830114805 13.0803676809 3.18240253773 
14.9140105807 13.0811871255 3.18167948588 
14.8793482744 13.0804878438 3.17360402691 
14.8793482744 13.0804878438 3.17360402691 
14.7969040835 13.0481284822 2.38171353655 
14.774618026 13.0531800951 2.13315273087 
14.7651425564 13.0664905275 2.09594101881 
14.7555403673 13.0860546792 2.08609429879 
14.7555403673 13.0860546792 2.08609429879 
14.5768719875 13.4745546545 2.07520100317 
14.5105560982 13.6142996515 2.0930213215 
14.4271339142 13.7955298389 2.12057634787 
14.3833415472 13.9001926149 2.29970297528 
14.3463062012 13.9681879247 2.65201371352 
14.3177227938 14.0122724737 3.12456539652 
14.2824084723 14.0273573364 3.41985388531 
14.2098369562 14.0179316963 3.38473433638 
14.1399552786 14.0044187273 3.44548777896 
14.0833822453 13.9927823509 3.44067625471 
13.8668837511 13.9562464918 3.40026501813 
13.6600308382 13.9192903007 3.3686686202 
13.559507128 13.903764602 3.3910354359 
13.4730503523 13.9104440177 -0.641157717003 
13.2603535616 13.8429673875 3.74031599081 
13.1691467726 13.8418576683 3.80671702315 
13.1260118448 13.8375205959 4.20942598199 
13.11547279 13.842870828 4.37062225067 
13.1142759287 13.8440014089 4.38409411478 
13.1142759287 13.8440014089 4.38409411478 
13.1041424238 13.834721681 4.50217319687 
13.079755541 13.7622834409 4.47740830651 
13.0418291056 13.6324417556 4.51711920758 
13.0163912737 13.5519049133 4.55807409624 
12.9917018377 13.4791536296 -1.48416067641 
12.9774253332 13.4390758241 -1.17344547905 
12.9660279715 13.4206734861 -0.961178172898 
12.9487934076 13.4075279201 -0.58472650016 
12.9398272001 13.3932234014 -0.331091695801 
12.9359269106 13.3716874088 0.0153743127644 
12.9450621569 13.3576711381 0.24258654738 
12.9652874434 13.3575916255 0.31304113726 
12.9652874434 13.3575916255 0.31304113726 
13.1036093199 13.3879860605 0.380680501861 
13.1036093199 13.3879860605 0.380680501861 
13.1036093199 13.3879860605 0.380680501861 
13.1760466063 13.3919261659 0.853794991924 
13.1760466063 13.3919261659 0.853794991924 
13.3327586615 13.5716212953 1.00088116805 
13.3773577177 13.6421622003 0.868923983154 
13.4805083239 13.7446974481 0.752262803909 
13.6472840273 13.8739565576 0.738108373573 
13.8624191248 14.0405803884 0.737681915698 
14.0244034493 14.1652345623 0.727713669472 
14.2095720732 14.305232879 0.678365847705 
14.3395274841 14.4060596193 0.733190478429 
14.4979821407 14.5238456691 0.674337209808 
14.6643786394 14.6523092354 0.705039129092 
14.8460251057 14.7926706935 0.683639111262 
14.9584891164 14.8809381093 0.699844958752 
15.0877478087 14.9807489778 0.728604078849 
15.1885827148 15.0580125416 0.727995847933 
15.2479702198 15.1027344877 0.740468046245 
15.2876042091 15.1224879439 0.897410332869 
15.300647434 15.1247101391 1.0365034274 
15.3324061 15.1124778355 1.56513683195 
15.3417118752 15.1497479195 1.72429433878 
15.3389344179 15.2049414108 1.72072361432 
15.3249565923 15.3837777341 1.72040227823 
15.3116453254 15.555745926 1.73293416802 
15.3073416912 15.6092159415 1.73843395012 
15.3226438725 15.6216288472 2.00155794199 
15.3438136541 15.6306757594 2.3336056711 
15.3430354559 15.6303736533 2.33034593516 
15.3365992868 15.625088122 2.18628168282 
15.3158820235 15.6194916333 1.88183857339 
15.3007019722 15.6186944808 1.65340478477 
15.2997227275 15.6182923282 1.63434672334 
15.3018711173 15.619655099 1.67366100837 
15.3032454216 15.6317214931 1.7009541816 
15.2992246115 15.7049011255 1.70018853818 
15.3068175876 15.7625573243 1.92067668283 
15.3186520898 15.7722492183 2.14617627515 
15.3278433048 15.7753019894 2.27433043922 
15.328410145 15.7779168452 2.27953227352 
15.3295984828 15.778461274 2.32860383242 
15.3400857412 15.7894753183 2.5673488047 
15.3495984637 15.8074104155 2.88829520674 
15.3446114623 15.8236104811 3.12625341596 
15.2990579569 15.8302672471 3.20528344386 
15.243722912 15.8337141241 3.23225493261 
15.2036114895 15.8501818145 3.53960845001 
15.1975680554 15.8644271458 3.80546649858 
15.1749917233 15.8498479689 3.80195055765 
15.1326166951 15.821820196 3.80872920916 
15.0935186708 15.7963058318 3.80746383213 
14.964584347 15.7103655005 3.81024335694 
14.8621591293 15.6389695967 3.80801217627 
14.7551866734 15.5691277648 3.78676636547 
14.6463417971 15.495976385 3.80965865838 
14.5647244417 15.4455800916 3.81669516136 
14.4276365006 15.349543337 3.79540607211 
14.3417386973 15.2953986565 3.80953870754 
14.1876523459 15.1933597813 3.79229603153 
14.0912722313 15.1266568492 3.64777722036 
13.9507657253 15.0676016922 3.25916340067 
13.9036036694 15.0633173699 3.18904235538 
13.8680057489 15.0646492655 3.19629787847 
13.8648869955 15.0652538205 3.20818976926 
13.8652310335 15.0652635063 3.20704561835 
13.8475201094 15.065432545 3.20496334397 
13.8222162687 15.0655794109 3.21543638485 
13.8033714258 15.0662530179 3.21135512574 
13.7487843001 15.0696565027 3.20825565175 
13.7487843001 15.0696565027 3.20825565175 
13.7487843001 15.0696565027 3.20825565175 
13.7183814013 15.0991936589 3.67965530441 
13.7183814013 15.0991936589 3.67965530441 
13.7183814013 15.0991936589 3.67965530441 
13.6629905665 15.1347816552 -1.55387760914 
13.6376600229 15.1321186686 -1.21809829597 
13.6386563742 15.1222905705 -1.1576714424 
13.6386563742 15.1222905705 -1.1576714424 
13.6434788668 15.0486626143 -0.959320019442 
13.6603071653 15.0165732617 -0.608779197869 
13.6666791403 14.9895783479 -0.53354831947 
13.708216902 14.9582272733 -0.458539462454 
13.708216902 14.9582272733 -0.458539462454 
13.918492552 14.8413730825 -0.339715511011 
14.0370616877 14.7738667096 -0.458347176275 
14.2236864531 14.6673549975 -0.569113277411 
14.3065814936 14.6160091723 -0.755411275864 
14.3993685209 14.5108462537 -0.920334743235 
14.5058807098 14.3538752163 -0.893961979301 
14.602743026 14.2108292545 -1.04771172958 
14.6752380097 14.0458462203 -1.21448539892 
14.7134307587 13.9277212585 -1.18491856489 
14.7791006529 13.7199275459 -1.15317119872 
14.8232039177 13.5725855793 -1.10021569228 
14.8510222399 13.4922114576 -0.989312974108 
14.8980371916 13.4023487533 -0.724502968583 
15.0396557414 13.2687306369 -0.458580685329 
15.1367380583 13.2051132883 -0.0908919975459 
15.2003930771 13.1856483186 0.174299753236 
15.3053484523 13.1980797018 0.235860244756 
15.3636110985 13.2127181257 0.133649325474 
15.41489416 13.2303360666 -0.185500226875 
15.5074376428 13.2049330438 -0.371117109624 
15.5464737081 13.1837753023 -0.344270383007 
15.5874453747 13.1530669893 -0.101937925729 
15.6061609947 13.1403936113 0.0787987868541 
15.6680908465 13.1396676267 0.116939852019 
15.7384989822 13.1427086557 0.118080328223 
15.8932968719 13.148767587 0.120346721938 
16.1169473195 13.1574147905 0.114292306891 
16.278468486 13.1644154752 0.114998072389 
16.4315292799 13.1700779165 0.112565725888 
16.548279401 13.1750525201 0.124595814126 
16.7229003274 13.1799470151 0.133799476895 
16.8935737574 13.1849104131 0.130668819285 
17.0038689339 13.1872962678 0.1129880363 
17.1013314688 13.1918057168 0.11303578239 
17.2907565796 13.1979159082 0.111276235305 
17.490316149 13.2060390676 0.108575122837 
17.6714451277 13.2112523283 0.109998197999 
17.792963382 13.214493152 0.111090931724 
18.034432646 13.2250360216 0.0956812093403 
18.2676281893 13.2303346361 0.110880690923 
18.4454362356 13.2340165342 0.213913566292 
18.5306184256 13.2399533952 0.37159217862 
18.5941877329 13.2479723657 0.619814464783 
18.6837420427 13.2876864637 1.13304040174 
18.7394826376 13.3927903141 1.31601249881 
18.7852814161 13.4561096395 1.68294612691 
18.794436928 13.5070770944 1.83446919419 
18.7857139074 13.5581431354 2.01883213028 
18.7690203154 13.5968666042 2.06351753341 
18.7487771475 13.6146432126 1.8703305849 
18.7399656736 13.6245574916 1.76829068216 
18.729029175 13.7108683551 1.75534684219 
18.7245619261 13.749764439 1.75613186182 
18.6988453829 13.9896032775 1.75732394353 
18.6748194658 14.1978298391 1.75485921863 
18.6569416487 14.3597944344 1.75615252596 
18.6356785261 14.5508395995 1.75599764266 
18.6214401686 14.6906025971 1.74984135805 
18.6028673613 14.8613608445 1.76108694662 
18.5773749315 15.0822938646 1.73457506787 
18.5529074633 15.3225468735 1.75644814134 
18.5356550181 15.4665752912 1.70138057943 
18.5259749853 15.58991408 1.46712909275 
18.5386645758 15.6862088407 1.10498318724 
18.6062822306 15.7918518747 0.865963764601 
18.7060511076 15.8904583419 0.854631298477 
18.9105253183 16.0892611707 0.837269144386 
19.0133154356 16.1857241953 0.858196162667 
19.1495730841 16.3178175653 0.847322826958 
19.1495730841 16.3178175653 0.847322826958 
19.1495730841 16.3178175653 0.847322826958 
19.1495730841 16.3178175653 0.847322826958 
19.1495730841 16.3178175653 0.847322826958 
19.1495730841 16.3178175653 0.847322826958 
19.1495730841 16.3178175653 0.847322826958 
19.1495730841 16.3178175653 0.847322826958 
19.1495730841 16.3178175653 0.847322826958 
19.1495730841 16.3178175653 0.847322826958 
19.1495730841 16.3178175653 0.847322826958 
19.1495730841 16.3178175653 0.847322826958 
19.1495730841 16.3178175653 0.847322826958 
19.1495730841 16.3178175653 0.847322826958 
19.1495730841 16.3178175653 0.847322826958 
19.1495730841 16.3178175653 0.847322826958 
19.1495730841 16.3178175653 0.847322826958 
19.1495730841 16.3178175653 0.847322826958 
19.1495730841 16.3178175653 0.847322826958 
19.1495730841 16.3178175653 0.847322826958 
19.1495730841 16.3178175653 0.847322826958 
19.1495730841 16.3178175653 0.847322826958 
19.189805504 15.6997649039 3.94536344221 
19.1758177244 15.6871722008 4.01198290309 
19.1102104151 15.6034892763 3.5877172193 
18.9606344664 15.5467411245 3.59080277296 
18.7289607489 15.463168856 3.56712902263 
18.5134787523 15.3845837528 3.52477594006 
18.369397875 15.3350270952 3.26653319729 
18.1668593847 15.3372192348 3.09502758507 
17.895287987 15.3677873875 3.10571295198 
17.7044756376 15.3890145833 3.09816142094 
17.4358700478 15.4185965175 3.10035301385 
17.2626062595 15.4392856623 3.08606252479 
17.0193974936 15.4692998941 3.08855581101 
16.7298822963 15.5037217999 3.09312583574 
16.4991268479 15.5308529104 3.10550130402 
16.2389055752 15.5645222033 3.09478836467 
16.1389968955 15.5753740335 3.08901536356 
15.885026408 15.605582353 3.11504736122 
15.80706146 15.6148685182 3.12765010774 
15.5660413169 15.6291682387 3.36822193102 
15.3620247209 15.5986606146 3.49003446503 
15.2359795534 15.5705191756 3.8059421422 
15.1501824224 15.5157921875 4.09250082605 
15.0844073856 15.4315217699 4.20500404586 
15.0507019126 15.3881365771 4.173685105 
14.8446327412 15.0910500104 4.15875799219 
14.7726885044 14.9883792813 4.2010245856 
14.6926206314 14.8748749758 4.20311728093 
14.6068220102 14.7549133564 4.10929889107 
14.5285809004 14.6402422155 4.18620707141 
14.4231786692 14.4929171766 4.16752149663 
14.3589985335 14.4058960641 4.16153070555 
14.3589985335 14.4058960641 4.16153070555 
14.2188800537 14.2065125669 3.93372549431 
14.0801639521 14.0720310176 3.88735891724 
13.9102778399 13.9337071146 3.79821956536 
13.7677335703 13.8543242181 3.5240465491 
13.6682405436 13.8193249668 3.33232351189 
13.5313999617 13.8043093647 3.233260066 
13.41219401 13.8034906352 3.22581054136 
13.1778864824 13.8004270757 3.23672852059 
13.0027210676 13.7958028282 3.11918405138 
12.9348871672 13.7978821958 3.01356277157 
12.8215160334 13.8196579183 2.57092785668 
12.8215160334 13.8196579183 2.57092785668 
12.7341775858 13.8582812513 1.89026696988 
12.7262656653 13.8553333248 1.76316825066 
12.7262656653 13.8553333248 1.76316825066 
12.7262656653 13.8553333248 1.76316825066 
12.6661505663 13.8782192434 0.743356308858 
12.6661505663 13.8782192434 0.743356308858 
12.6661505663 13.8782192434 0.743356308858 
12.6661505663 13.8782192434 0.743356308858 
12.6661505663 13.8782192434 0.743356308858 
12.6661505663 13.8782192434 0.743356308858 
12.6661505663 13.8782192434 0.743356308858 
12.6661505663 13.8782192434 0.743356308858 
12.6661505663 13.8782192434 0.743356308858 
13.1994192564 13.9193572963 -0.00672631097055 
13.1994192564 13.9193572963 -0.00672631097055 
13.5645801985 13.877963301 0.356918372782 
13.6961810553 13.921244737 0.530666742597 
13.7634761297 13.9579285348 0.541566045321 
13.9766465389 14.0725090469 0.555880626556 
14.09987342 14.1378053392 0.526214027731 
14.2891617977 14.2370581592 0.571834689029 
14.4222769701 14.3044069971 0.656728635215 
14.5174219572 14.3664846982 1.03125575917 
14.5766303503 14.4499194587 1.16607960194 
14.6491419041 14.5842255915 1.2294910506 
14.7209709847 14.7271956171 1.18979435996 
14.7920879089 14.8607249225 1.18742480113 
14.86179268 14.9977132345 1.18644749588 
14.9197792375 15.1112509633 1.1334002807 
15.0158493483 15.2678502875 0.645674490272 
15.0618008935 15.3076087947 0.370635380231 
15.1056200826 15.3363893221 0.0452002650355 
15.1185883247 15.3618582378 -0.367851283232 
15.1627438628 15.3475092615 -0.54981184453 
15.2366045081 15.2930458153 -0.545593925054 
15.3200786078 15.2305931405 -0.536362704451 
15.3667137587 15.1885817724 -0.367644897612 
15.3974016869 15.1592464859 -0.101324463307 
15.4188924694 15.1355420838 0.227367730685 
15.4179311657 15.127913628 0.332699425725 
15.4181073868 15.1315576548 0.284498727543 
15.4168233239 15.1414061303 0.12365323282 
15.4200994932 15.1696201975 -0.302595720571 
15.4233570361 15.1740465055 -0.403645401425 
15.4217526579 15.1724566559 -0.335487565346 
15.4216690623 15.1723865906 -0.368713095015 
15.4213518166 15.1687118749 -0.294157791 
15.4187164867 15.1584741587 -0.114564600918 
15.4170461857 15.1387020017 0.171861424885 
15.4749506378 15.1417504738 0.37251254852 
15.5637784564 15.1671608801 0.355622260479 
15.7134324574 15.2106431855 0.352480263028 
15.8262135127 15.2424455753 0.353248155498 
15.9485481494 15.2774031761 0.348663824043 
16.013676528 15.2951674278 0.363370017719 
16.0554604792 15.3069432268 0.354251276094 
16.0726251119 15.3115750665 0.353801297824 
16.0730778837 15.3115929703 0.354084578202 
16.0729769283 15.3115167136 0.354784588813 
16.0729713255 15.3114763836 0.354741388052 
16.0729114228 15.3114734108 0.355748812599 
16.0729642027 15.3115042786 0.355059070786 
16.0729672873 15.311486278 0.354711491873 
16.0729304665 15.31148937 0.355667529107 
16.0729615652 15.3114745731 0.355003693333 
16.0729682409 15.3114817257 0.354620666213 
16.0729699844 15.3114909122 0.354515645249 
16.073013913 15.3114979158 0.35389950083 
16.0729435646 15.3114646787 0.354782222775 
16.0729416424 15.3114876712 0.354884085795 
16.0729684049 15.3114813382 0.354517016264 
16.0729510003 15.3114843855 0.354583235914 
16.0731754416 15.3115767131 0.350869556601 
16.0731238836 15.3115567158 0.351716440815 
16.0731270873 15.3115699331 0.351800437014 
16.0729884171 15.3114936242 0.353947045892 
16.0731014424 15.3115619684 0.352023301798 
16.072989937 15.3115187625 0.353777504048 
16.0729790592 15.3115015219 0.353979628459 
16.0729445034 15.3115026692 0.35447454022 
16.0729319119 15.3114836032 0.354780768928 
16.0729385429 15.3114963363 0.354795879811 
16.0728992039 15.3115063051 0.35549621712 
16.0729406887 15.3114781121 0.354468552825 
16.0731508398 15.3115809376 0.351055411007 
16.0730896109 15.3115562762 0.351929523741 
