15.8800224132 15.2400060089 0.0431837516308 
15.8800165263 15.2400143894 0.0432108277121 
15.880364501 15.2402876073 0.0448693240053 
15.8800167871 15.2400059897 0.0432373982633 
15.87999029 15.2400108839 0.0430967214669 
15.8799945238 15.240009565 0.0429477695204 
15.8799966621 15.2400153112 0.0430382268782 
15.8799969061 15.2400242275 0.043022771173 
15.8799894649 15.2400167409 0.0431915354072 
15.8799886751 15.2400164489 0.0430291415759 
15.8799717437 15.2399980888 0.0431975739997 
15.8799633264 15.2400128075 0.042991490661 
15.8804219562 15.2404032971 0.0450073261176 
15.8799575913 15.2400247641 0.0428512871192 
15.8804149843 15.240380201 0.0451421685918 
15.8803938694 15.2403654514 0.0451566631022 
15.8804002573 15.2403587205 0.0450596097468 
15.8803822194 15.2403822967 0.0449951767639 
15.8803902921 15.240397726 0.0451397663315 
15.8803855126 15.2403959113 0.0449658578011 
15.8803831983 15.2404005351 0.0449541683426 
15.8803790222 15.2404002466 0.0450871698894 
15.8803825752 15.2403958403 0.0449413014851 
15.8803923802 15.2403800814 0.0449319444059 
15.8803879918 15.2403819489 0.0451812009644 
15.8803694827 15.2403937625 0.0451195412427 
15.88028296 15.2403121097 0.0445639742981 
15.8803706384 15.2404004687 0.045089571567 
15.8803722887 15.2404006836 0.0451528639044 
15.8803787614 15.2403899215 0.0452238027859 
15.8803675297 15.2403730836 0.0449974025011 
15.8803971998 15.2405702127 0.0456330777226 
15.880078883 15.2400635079 0.0424578367082 
15.8799177977 15.2400042939 0.0430542339039 
15.8802841037 15.2403040908 0.0445915923735 
15.8799495167 15.240031307 0.0430278620288 
15.8800995239 15.2400568081 0.0425179010372 
15.8800793468 15.2400623242 0.0424767074745 
15.8799498101 15.2400301229 0.0430873286867 
15.8800824239 15.2400704315 0.0424519349528 
15.8799492895 15.2400306391 0.0430813555582 
15.8800943104 15.2400706601 0.0425293658154 
15.8800942862 15.2400631121 0.0424735111992 
15.8800850027 15.2400486372 0.0425356722998 
15.8800964729 15.2400599702 0.0426033447717 
15.8800888566 15.2400744765 0.0425743851344 
15.8800929935 15.2400605395 0.0425277109231 
15.88009593 15.2400785682 0.0425359221557 
15.8800880165 15.240067038 0.0425316700761 
15.8800945916 15.2400578362 0.0424929553036 
15.8801152782 15.2400781089 0.0425052742303 
15.8801482163 15.2401344772 0.043063883292 
15.8803021061 15.240312546 0.0443285131504 
15.8803071949 15.2403165614 0.0446028918092 
15.8803877012 15.2403999283 0.0451232112015 
15.8800625392 15.2400601438 0.0424039715247 
15.8801247358 15.2401143501 0.0428928423248 
15.8800999048 15.2400652354 0.0424691354992 
15.880377886 15.2403807384 0.0450872972646 
15.8803127446 15.240296873 0.0445028943195 
15.880303993 15.240290262 0.0445138865016 
15.8801403717 15.2401049535 0.0429130595326 
15.8800887187 15.2400414323 0.0426454387888 
15.8803721053 15.2403524798 0.0451662033401 
15.8803646147 15.2403626305 0.0449197490693 
15.8803663367 15.2403789684 0.0447263750731 
15.8803862502 15.2403988505 0.0452628041767 
15.8803697993 15.2404003728 0.0452017783391 
15.8801065675 15.2400542275 0.0424509247246 
15.8801120409 15.2400570713 0.0424394324783 
15.8800944007 15.2400466243 0.0425418246708 
15.8801131771 15.2400644891 0.0426100772056 
15.8800950657 15.2400530807 0.0425641928201 
15.8801526596 15.2401119764 0.0430741745217 
15.880054406 15.2400841154 0.0422527859252 
15.8800392431 15.240070357 0.0423943393098 
15.8800556344 15.2400808735 0.0424087356281 
15.8800552312 15.2400549968 0.0423187553454 
15.8800685034 15.2400895587 0.0424540198864 
15.8800622235 15.2400632419 0.042528838151 
15.8846410095 15.2396412171 0.0463261589435 
15.9348400646 15.2387163222 0.0304155074416 
15.9732403049 15.2372358475 0.0325057009449 
16.01476058 15.2351873387 0.0359290794456 
16.0694613272 15.2333525734 0.0335726879805 
16.1976856255 15.2285826618 0.031571033514 
16.3080708646 15.2256359097 0.0398548020105 
16.4747271502 15.2208489946 0.0347289450352 
16.5614167416 15.2174290496 0.045578809435 
16.6498095953 15.2143999899 0.0450737203375 
16.8030942046 15.2090300752 0.0447888125097 
16.9231275284 15.2045031751 0.0476719818317 
17.1010488236 15.1951910632 0.0631953840061 
17.1994894707 15.1920858997 0.0451535271305 
17.370870825 15.1843184086 0.0490820975275 
17.5282739365 15.1775327886 0.0449661408347 
17.7120097839 15.17089377 0.0293578339702 
17.9404389822 15.1616946275 0.0462648945358 
18.0947320425 15.1570896844 0.0427533732555 
18.1703889334 15.1533934141 0.0537984733145 
18.3787200415 15.1452268402 0.0389701419603 
18.5464816057 15.138723139 0.0310231241455 
18.7069270575 15.134526212 -0.197990758824 
18.7909960711 15.1206977556 -0.512714823779 
18.8537697756 15.0937460626 -0.891509159644 
18.8800587618 15.0865844304 -1.1967657519 
18.8986966574 15.0955412055 -1.44588352599 
18.9050648176 15.053786617 4.62997042036 
18.8886883223 14.9705462421 4.65896071151 
18.8781757319 14.9014243449 4.62492160176 
18.8484570944 14.752452519 4.62119540894 
18.8199717962 14.5969321097 4.61529460717 
18.7940101587 14.4535714949 4.61287614336 
18.7616584265 14.2776588167 4.66900738043 
18.7458338701 14.1844574178 -1.44921428513 
18.752930876 14.0494543279 -1.10692236456 
18.7724933588 13.9952419961 -1.05865158773 
18.7956805193 13.9521244729 -1.12655718698 
18.8277137243 13.9309358562 -1.52104128751 
18.8449552023 13.9210299219 4.47801764405 
18.8457019293 13.9162712062 4.47167729097 
18.8457019293 13.9162712062 4.47167729097 
18.8457019293 13.9162712062 4.47167729097 
18.8457019293 13.9162712062 4.47167729097 
18.8457019293 13.9162712062 4.47167729097 
18.8457019293 13.9162712062 4.47167729097 
18.5612695181 13.2653492654 3.94575735543 
18.5612695181 13.2653492654 3.94575735543 
18.5612695181 13.2653492654 3.94575735543 
18.5612695181 13.2653492654 3.94575735543 
18.0959067309 13.1157625879 3.37253654279 
17.8980376684 13.087617513 3.37653004615 
17.7912714445 13.0730270112 3.39715337928 
17.6001738274 13.0441909994 3.33412457944 
17.4427156412 13.0371690954 3.25436002819 
17.3219704592 13.0371440614 3.21433097855 
17.1927599871 13.0395368303 3.2010901178 
17.1689699852 13.0394645895 3.21137898451 
16.7970657312 13.0465370382 3.22454680477 
16.6546884739 13.0507968629 3.20085729195 
16.5302094781 13.0513066019 3.18623251138 
16.31084257 13.0580533708 3.19906188402 
16.1280364805 13.0597766603 3.23561497771 
16.0317888671 13.0589286054 3.20701539867 
15.8077782356 13.0625072683 3.20805626868 
15.6677215063 13.0651286806 3.20147959091 
15.5029591584 13.0681003297 3.17654339076 
15.3865030968 13.0706216062 3.17679800868 
15.2696682179 13.0746666158 3.19152610469 
15.1224781835 13.0779215063 3.19017072654 
15.0022993052 13.0804990495 3.18833159845 
14.9301950895 13.0806983675 3.17826588639 
14.8793482744 13.0804878438 3.17360402691 
14.8108210528 13.05777156 2.71120372904 
14.7969040835 13.0481284822 2.38171353655 
14.774618026 13.0531800951 2.13315273087 
14.7555403673 13.0860546792 2.08609429879 
14.7555403673 13.0860546792 2.08609429879 
14.6190650427 13.3817336524 2.07013512413 
14.5628666842 13.5062733854 2.07422543686 
14.5057556593 13.6237038339 2.08958503353 
14.4197680914 13.8134086097 2.10572741045 
14.3655328714 13.9353013004 2.46928565985 
14.3278958761 13.9928369487 2.82222843946 
14.3207226956 14.0207877124 3.28928277826 
14.2685170138 14.0286792482 3.40054110788 
14.186060425 14.0123531784 3.41889180717 
14.1021294558 13.9975744451 3.43201329476 
13.983687278 13.9770520891 3.37259159501 
13.8599772417 13.9558694328 3.38271667818 
13.7463808024 13.9353493417 3.39414656957 
13.6363375151 13.8782141174 2.38644873292 
13.4730503523 13.9104440177 -0.641157717003 
13.4730503523 13.9104440177 -0.641157717003 
13.2603535616 13.8429673875 3.74031599081 
13.1691467726 13.8418576683 3.80671702315 
13.1278145277 13.835790273 4.15675548146 
13.1142759287 13.8440014089 4.38409411478 
13.1142759287 13.8440014089 4.38409411478 
13.1142759287 13.8440014089 4.38409411478 
13.1041424238 13.834721681 4.50217319687 
13.0934398138 13.7958891357 4.49794293425 
13.0698442423 13.7238818372 4.51294550232 
13.0204985106 13.5627245868 4.53808264959 
12.9952030146 13.4950350488 -1.55334497949 
12.9802730047 13.4521548713 -1.27109361063 
12.9621031248 13.418842193 -0.8524135759 
12.9425470793 13.3958733047 -0.381488116711 
12.9363851511 13.3774198259 -0.0733770962053 
12.9416449034 13.3582663501 0.226329229876 
12.9652874434 13.3575916255 0.31304113726 
12.9652874434 13.3575916255 0.31304113726 
13.1036093199 13.3879860605 0.380680501861 
13.1036093199 13.3879860605 0.380680501861 
13.1036093199 13.3879860605 0.380680501861 
13.1760466063 13.3919261659 0.853794991924 
13.1760466063 13.3919261659 0.853794991924 
13.3773577177 13.6421622003 0.868923983154 
13.445302006 13.7175328697 0.69968667587 
13.5212194883 13.7754766906 0.75592825688 
13.6472840273 13.8739565576 0.738108373573 
13.751496073 13.954671141 0.736940234749 
13.9364395105 14.0981641973 0.738316594743 
14.1051304304 14.2282144989 0.730961647906 
14.2320305073 14.3245279754 0.705817805379 
14.4087721073 14.4565821255 0.730748823174 
14.5317426884 14.5509771074 0.704825677786 
14.7171698773 14.6934424604 0.709861082441 
14.8557623589 14.8005000318 0.711739980191 
14.9931259715 14.907081988 0.735410899053 
15.1205651128 15.006261986 0.721209416694 
15.1885827148 15.0580125416 0.727995847933 
15.2697161996 15.1140857751 0.778777969858 
15.300647434 15.1247101391 1.0365034274 
15.300647434 15.1247101391 1.0365034274 
15.3370060885 15.1192266981 1.63016252923 
15.3392063343 15.1818145255 1.72264701079 
15.3355575168 15.2461826906 1.72204242133 
15.3279443347 15.3444129566 1.72197626985 
15.3167213165 15.4911515082 1.73681449071 
15.3102722728 15.5847490395 1.71810539674 
15.3082671725 15.6133982504 1.72502793236 
15.3186836803 15.6213102604 1.93527283712 
15.3415638172 15.6282744075 2.31174579341 
15.3424758279 15.631002065 2.33234601041 
15.3385780418 15.6294583345 2.2940028469 
15.3206169569 15.6200499202 1.90712482635 
15.3023409807 15.6187912787 1.67663269483 
15.2993444168 15.6175502504 1.62698376404 
15.2994527185 15.6185208226 1.63036318025 
15.3033713662 15.6415787304 1.705572169 
15.2994862759 15.701305833 1.70059420269 
15.3025901281 15.7520579661 1.82308106508 
15.3213013374 15.773674723 2.18703589364 
15.3280085289 15.7772335375 2.30440714495 
15.3289421165 15.7766534055 2.29751920411 
15.33566105 15.7839586104 2.45399815045 
15.3466694915 15.7991481389 2.75661748327 
15.35259467 15.8175092901 3.04355192641 
15.3198692166 15.8296354974 3.20345737926 
15.2544859612 15.8324243988 3.21540284157 
15.2174867951 15.8394585813 3.34527390338 
15.2002209389 15.8620459999 3.72893357117 
15.1958534681 15.8640796507 3.80661255733 
15.1716083848 15.8472245301 3.80075438782 
15.1062427723 15.8043684329 3.8081381933 
15.0110170209 15.7409378851 3.84859132351 
14.8828083241 15.6566442216 3.81039851689 
14.7476767265 15.5655857886 3.79002704307 
14.6379702055 15.4920165206 3.79437183253 
14.4461504185 15.3631616498 3.80600014536 
14.2977174484 15.267194357 3.7935721473 
14.180896517 15.1889049898 3.78845862673 
14.0421954357 15.0986454452 3.51696961887 
13.9657362663 15.0706878717 3.29154080607 
13.912292 15.0637465979 3.19906768055 
13.8751060927 15.0649022872 3.20085978802 
13.8650736773 15.0651502425 3.2060032069 
13.8652310335 15.0652635063 3.20704561835 
13.8433585131 15.0656008686 3.20621587774 
13.8033714258 15.0662530179 3.21135512574 
13.8033714258 15.0662530179 3.21135512574 
13.7487843001 15.0696565027 3.20825565175 
13.7487843001 15.0696565027 3.20825565175 
13.7487843001 15.0696565027 3.20825565175 
13.7242717707 15.0821543599 3.40217238239 
13.7183814013 15.0991936589 3.67965530441 
13.7183814013 15.0991936589 3.67965530441 
13.6842746698 15.1275677944 4.36350213095 
13.6487190687 15.133440275 -1.32771157934 
13.6386563742 15.1222905705 -1.1576714424 
13.6386563742 15.1222905705 -1.1576714424 
13.6434788668 15.0486626143 -0.959320019442 
13.6385259592 15.0289579595 -0.708878451425 
13.6677789652 14.987517264 -0.518798010732 
13.708216902 14.9582272733 -0.458539462454 
13.708216902 14.9582272733 -0.458539462454 
13.8882873022 14.8590815032 -0.340469816117 
14.0762221777 14.7437752152 -0.338716787422 
14.1750385725 14.6926029886 -0.481106736944 
14.2777281963 14.6361706818 -0.649061381506 
14.3878082001 14.5263534749 -0.898072819487 
14.4714617693 14.4019540513 -0.934247176116 
14.5523178541 14.2816070879 -0.94439512209 
14.6240301096 14.1731753314 -1.07656038271 
14.6721516811 14.0542693103 -1.20805163132 
14.7279388868 13.8804964984 -1.14562705339 
14.7877775395 13.6915491785 -1.17239070219 
14.8410171234 13.5186653102 -1.04912279567 
14.8887722456 13.416060325 -0.755044948194 
15.0166454279 13.2900901998 -0.52870917712 
15.1367380583 13.2051132883 -0.0908919975459 
15.2148155534 13.185710069 0.200686795817 
15.2645520532 13.1901093687 0.247966958363 
15.3743854129 13.2156578268 0.0956433525357 
15.4526692593 13.2258599962 -0.313177729151 
15.5464737081 13.1837753023 -0.344270383007 
15.5663208329 13.1710299219 -0.280503930055 
15.6050113105 13.1405252183 0.0759506244241 
15.6742991471 13.1396213735 0.118701562939 
15.7575215959 13.1435257162 0.117357084904 
15.8622681723 13.1476670469 0.116773961915 
15.9782711157 13.1519747938 0.11851253899 
16.1462277734 13.1591974462 0.114265735075 
16.2996043527 13.1653381551 0.115725573767 
16.5692790115 13.1756344999 0.126895231787 
16.761533674 13.1816559995 0.129201327242 
16.8935737574 13.1849104131 0.130668819285 
17.0122595989 13.1876524652 0.113930163174 
17.1990761721 13.1951767171 0.112881748041 
17.375911113 13.2014778818 0.108821556784 
17.494636532 13.2062343324 0.108207288909 
17.6714451277 13.2112523283 0.109998197999 
17.9117696249 13.2198160852 0.0982112181706 
18.034432646 13.2250360216 0.0956812093403 
18.1545731985 13.2272509302 0.102419835353 
18.4335725271 13.2354282106 0.218507319533 
18.5306184256 13.2399533952 0.37159217862 
18.5991160833 13.2482911314 0.651525440334 
18.6515338385 13.2699081863 0.880097958154 
18.712688204 13.3295901979 1.26480684572 
18.7394826376 13.3927903141 1.31601249881 
18.784745928 13.4858783449 1.68938803954 
18.7944562399 13.5271565879 1.97859624494 
18.7817227804 13.5699863399 2.07102851671 
18.7601778471 13.6088230575 2.01335089433 
18.7442917788 13.6161712373 1.81281546973 
18.7350556814 13.6609282459 1.75528241911 
18.7250735724 13.7451144422 1.75555254725 
18.7150003874 13.8348251546 1.75459730697 
18.7083229982 13.8989009822 1.76191966806 
18.6773772204 14.1764723028 1.75549817181 
18.6559386217 14.3683733309 1.75622034907 
18.6378815138 14.5299970473 1.75652259484 
18.6223266089 14.6824925507 1.75455530938 
18.6028673613 14.8613608445 1.76108694662 
18.5882205927 15.0029288794 1.74776814596 
18.5663123095 15.2059737931 1.74109170822 
18.5423994028 15.4234278316 1.74656590078 
18.5263235533 15.5594269002 1.54186907976 
18.5353796446 15.6725356246 1.16510498245 
18.5762002432 15.7569181288 0.905730049589 
18.6634895765 15.8489404286 0.851895934184 
18.8506903612 16.03134596 0.858647407637 
18.9105253183 16.0892611707 0.837269144386 
19.0854465925 16.2569483484 0.860056170898 
19.1495730841 16.3178175653 0.847322826958 
19.1495730841 16.3178175653 0.847322826958 
19.1495730841 16.3178175653 0.847322826958 
19.1495730841 16.3178175653 0.847322826958 
19.1495730841 16.3178175653 0.847322826958 
19.1495730841 16.3178175653 0.847322826958 
19.1495730841 16.3178175653 0.847322826958 
19.1495730841 16.3178175653 0.847322826958 
19.1495730841 16.3178175653 0.847322826958 
19.1495730841 16.3178175653 0.847322826958 
19.1495730841 16.3178175653 0.847322826958 
19.1495730841 16.3178175653 0.847322826958 
19.1495730841 16.3178175653 0.847322826958 
19.1495730841 16.3178175653 0.847322826958 
19.1495730841 16.3178175653 0.847322826958 
19.1495730841 16.3178175653 0.847322826958 
19.1495730841 16.3178175653 0.847322826958 
19.1495730841 16.3178175653 0.847322826958 
19.1495730841 16.3178175653 0.847322826958 
19.1495730841 16.3178175653 0.847322826958 
19.1495730841 16.3178175653 0.847322826958 
19.1495730841 16.3178175653 0.847322826958 
19.1495730841 16.3178175653 0.847322826958 
19.1495730841 16.3178175653 0.847322826958 
19.1495730841 16.3178175653 0.847322826958 
19.1495730841 16.3178175653 0.847322826958 
19.1495730841 16.3178175653 0.847322826958 
19.1495730841 16.3178175653 0.847322826958 
19.1974768602 15.7093817259 4.00185893816 
19.1758177244 15.6871722008 4.01198290309 
19.1758177244 15.6871722008 4.01198290309 
19.0142753088 15.5668616558 3.56855860292 
18.8633787596 15.5129904116 3.57057249082 
18.6921992266 15.4498748595 3.5682542033 
18.504589554 15.3820752467 3.53750494644 
18.3907718622 15.3416532988 3.33485829172 
18.301610943 15.3280174325 3.16805771248 
18.1418662035 15.3412896807 3.1121240494 
17.9884364569 15.3577097023 3.10726543928 
17.8736464941 15.3694506849 3.09079724627 
17.6447038614 15.3971730585 3.10364733345 
17.3658708298 15.4277438338 3.09644215591 
17.2033302748 15.4470204229 3.10259266331 
16.960155245 15.4767396415 3.09026164387 
16.8680956924 15.4863356019 3.08445926029 
16.5787417256 15.521595862 3.10104510646 
16.4692104423 15.5351744259 3.10055771142 
16.309969958 15.5557536448 3.09227948868 
16.1389968955 15.5753740335 3.08901536356 
15.9443109893 15.5992822016 3.09758100594 
15.7220816725 15.628342327 3.20203757335 
15.5974295401 15.6324985291 3.35639083718 
15.3790078723 15.6010262931 3.46451555091 
15.2828640902 15.583479401 3.63967552866 
15.1600860321 15.5250539149 4.07107937021 
15.0894658529 15.4452416862 4.17896581728 
15.0507019126 15.3881365771 4.173685105 
15.0507019126 15.3881365771 4.173685105 
14.8148499691 15.0483638162 4.21034523107 
14.7038899624 14.8918761278 4.17367399443 
14.6444543564 14.8107559348 4.19813038752 
14.5616204702 14.6883437003 4.17792607559 
14.391571995 14.4526599611 4.14711070545 
14.3589985335 14.4058960641 4.16153070555 
14.3589985335 14.4058960641 4.16153070555 
14.2188800537 14.2065125669 3.93372549431 
14.0801639521 14.0720310176 3.88735891724 
14.0505750143 14.0476269687 3.90325705563 
13.8121361696 13.8759212459 3.60801059699 
13.6857330763 13.8211950029 3.35128417239 
13.591576811 13.7977038587 3.17740984548 
13.3375172579 13.8027061189 3.22896537746 
13.207998749 13.8008699382 3.22767946692 
13.1071310007 13.7989062036 3.22717688909 
12.8964579069 13.8026468719 2.86074299273 
12.8215160334 13.8196579183 2.57092785668 
12.7528822386 13.853673693 2.11992279538 
12.7319424116 13.8570045198 1.85755467521 
12.7262656653 13.8553333248 1.76316825066 
12.7262656653 13.8553333248 1.76316825066 
12.7262656653 13.8553333248 1.76316825066 
12.6661505663 13.8782192434 0.743356308858 
12.6661505663 13.8782192434 0.743356308858 
12.6661505663 13.8782192434 0.743356308858 
12.6661505663 13.8782192434 0.743356308858 
12.6661505663 13.8782192434 0.743356308858 
12.6661505663 13.8782192434 0.743356308858 
12.6661505663 13.8782192434 0.743356308858 
13.1994192564 13.9193572963 -0.00672631097055 
13.1994192564 13.9193572963 -0.00672631097055 
13.1994192564 13.9193572963 -0.00672631097055 
13.5849046671 13.8806008066 0.401729247226 
13.7376036608 13.9421687091 0.573564434473 
13.8804278338 14.0209920372 0.548345900909 
14.0372767412 14.1033043827 0.542265823255 
14.1915976965 14.1863948072 0.564801872842 
14.356357094 14.2710320915 0.610669009545 
14.4826590979 14.3410325016 0.88831498283 
14.561904546 14.4199210967 1.17107232168 
14.6287178957 14.5506470169 1.19392814938 
14.7149672472 14.7150608862 1.20654124635 
14.8111766541 14.8963701988 1.1506132497 
14.9083340132 15.0877388383 1.14991082695 
14.9954030478 15.2445680762 0.75280055576 
15.0682563746 15.3110587264 0.374848200623 
15.1050241553 15.3374940718 0.0190041101198 
15.1360359752 15.3616282682 -0.497401698101 
15.187523123 15.3291361446 -0.545894551657 
15.2757341826 15.2633100527 -0.553749010963 
15.3471930587 15.2048137526 -0.446239438342 
15.3958125078 15.1607339869 -0.119491904338 
15.418823477 15.136368599 0.214362938312 
15.4179311657 15.127913628 0.332699425725 
15.4174931907 15.1353970582 0.220171500215 
15.4157950246 15.1444456617 0.0869480420849 
15.4202693367 15.1673903877 -0.284307586377 
15.4235732519 15.1737350563 -0.402887892211 
15.4223360085 15.1720183308 -0.366629733642 
15.4216056728 15.1718796084 -0.326857343495 
15.4195204341 15.1613029877 -0.173124753373 
15.4133139515 15.1439748744 0.111566776491 
15.4423308932 15.1339496041 0.337212973478 
15.4780576789 15.1431143994 0.357697830605 
15.5713473522 15.1693465749 0.357422586955 
15.659601044 15.1954201425 0.338903651894 
15.8423884438 15.247202053 0.353536193443 
15.9698469454 15.2834464053 0.351086738546 
16.0381704682 15.301793691 0.351449713423 
16.0707728529 15.3106377462 0.353783647277 
16.073202964 15.3117888684 0.352401382674 
16.072967481 15.3115401308 0.354918907148 
16.0729681515 15.3114838863 0.354912251146 
16.0729769432 15.3114834766 0.35448413062 
16.072967183 15.3114782015 0.354771046444 
16.0729672873 15.311486278 0.354711491873 
16.0729737991 15.3114707435 0.354794601157 
16.0729615652 15.3114745731 0.355003693333 
16.0729271882 15.3114991451 0.355768298637 
16.0729636961 15.3114840577 0.354722820994 
16.0729669594 15.3114896903 0.35468421775 
16.0729658568 15.311485451 0.354575154425 
16.0729057157 15.3114813084 0.355601219284 
16.0729560965 15.3114704678 0.354594187585 
16.07296085 15.3114989961 0.354538033492 
16.0729412847 15.311481897 0.354705170108 
16.0731784218 15.3115753646 0.350835695488 
16.0729570651 15.3115111555 0.354687838233 
16.0731676483 15.3115741427 0.350974933296 
16.0731631779 15.3115800286 0.350992159908 
16.0731652194 15.31158359 0.350999679324 
16.0731622988 15.3115765716 0.350905524428 
16.0729445034 15.3115026692 0.35447454022 
16.0731109792 15.3115705589 0.35186248055 
16.0731660986 15.3115783448 0.350898917999 
16.0728992039 15.3115063051 0.35549621712 
16.0729427302 15.3114822994 0.354529852538 
16.0730904454 15.3115512843 0.351942870382 
16.0731511229 15.3115681226 0.350929294881 
16.0730896109 15.3115562762 0.351929523741 
