15.8800005513 15.2399970651 0.043192391278 
15.8800119526 15.2400236032 0.0432689835181 
15.8800165263 15.2400143894 0.0432108277121 
15.8800022538 15.2400240539 0.0428850493219 
15.8799952568 15.2400015689 0.0430396811741 
15.8800092443 15.24002434 0.0430547970989 
15.8799982798 15.2400185756 0.0429517824723 
15.8799966621 15.2400153112 0.0430382268782 
15.879980377 15.2400224229 0.0431165984909 
15.8799897117 15.2400075211 0.043241609878 
15.8799843612 15.2400146599 0.0430252164333 
15.8804412895 15.2404048138 0.0453045744997 
15.8799686508 15.2400119972 0.0430945842608 
15.8804219562 15.2404032971 0.0450073261176 
15.8804103268 15.2403808259 0.0451752161236 
15.8804146034 15.2403893813 0.0451509951791 
15.8803888356 15.240374391 0.0450714805167 
15.880379499 15.240372197 0.0449759573849 
15.8803866376 15.2403933904 0.0449519173938 
15.8803908416 15.2403814211 0.0449510773793 
15.8803932882 15.2403848569 0.0451965753335 
15.8803831983 15.2404005351 0.0449541683426 
15.8803790222 15.2404002466 0.0450871698894 
15.8803613355 15.2403717458 0.045145358572 
15.8803886521 15.2403863964 0.0449486035353 
15.8803640763 15.2403807831 0.0450245487836 
15.8803928309 15.2404100536 0.0452066468847 
15.8803709877 15.2403965062 0.0449348191814 
15.8803691148 15.2403956959 0.0450147977241 
15.8803814399 15.2403980605 0.045048866438 
15.8799992074 15.2400870123 0.0434408844654 
15.8802691038 15.2402929205 0.0445643772815 
15.8799077413 15.2401253646 0.0437636585352 
15.880078883 15.2400635079 0.0424578367082 
15.8799385076 15.2400239896 0.0430419184988 
15.8801687938 15.2401280598 0.0430914567629 
15.8800052676 15.2400962507 0.0436061401983 
15.8799439958 15.2400078125 0.0429881676511 
15.8800891006 15.2400607839 0.04253653882 
15.8799498101 15.2400301229 0.0430873286867 
15.8800955053 15.2400621482 0.0425647554608 
15.8800964263 15.2400782356 0.042469204819 
15.8800943104 15.2400706601 0.0425293658154 
15.8800862563 15.2400643365 0.0425237304317 
15.8800928659 15.2400571609 0.0424962954321 
15.8800829678 15.2400680508 0.0425155786505 
15.8800928203 15.240074705 0.0425659490048 
15.8800929935 15.2400605395 0.0425277109231 
15.880084905 15.2400811027 0.0426176304303 
15.880098832 15.2400719771 0.0424952537435 
15.8800937702 15.2400860099 0.0424444729226 
15.880087522 15.2400565723 0.0424835730275 
15.8801462158 15.240127692 0.0431748459438 
15.8801320802 15.2401157034 0.0428810710108 
15.8803608316 15.2403972147 0.0450885105585 
15.8803877012 15.2403999283 0.0451232112015 
15.8800625392 15.2400601438 0.0424039715247 
15.8803256481 15.2403226167 0.0445308843435 
15.8803538178 15.240392735 0.0451194195503 
15.8802962993 15.2403035706 0.0443606708357 
15.8801513492 15.2401216781 0.0431323241768 
15.8803105402 15.2403021625 0.044573907042 
15.880288073 15.2402871212 0.044307063399 
15.8800887187 15.2400414323 0.0426454387888 
15.8803603213 15.2403540872 0.0451588796643 
15.8803603315 15.2403659036 0.0451070718636 
15.8803835754 15.2403886202 0.0448255078041 
15.880358738 15.2403725388 0.0451695878591 
15.8801153583 15.2400678933 0.0422241876594 
15.8801608692 15.2401148265 0.042892533544 
15.8801070518 15.2400378859 0.042457681359 
15.8800854405 15.2400317317 0.0425918333141 
15.880107782 15.2400467069 0.0426162417688 
15.8800950657 15.2400530807 0.0425641928201 
15.8803101258 15.2402965638 0.0444219822241 
15.8800441261 15.2400502258 0.0423318967552 
15.8800592312 15.2400747076 0.0423204771472 
15.8800482379 15.2400651715 0.0423974281614 
15.8800644345 15.2400794866 0.0423849323271 
15.8800629332 15.240069447 0.04238475287 
15.8800622235 15.2400632419 0.042528838151 
15.892923162 15.2399629339 0.0407368499879 
15.939782452 15.2389876461 0.0335461949142 
15.9797271976 15.2367990706 0.0307695471961 
16.0170122647 15.234919053 0.0370865914417 
16.0882912093 15.2318002123 0.0374431990794 
16.2039963567 15.228458063 0.0314316749129 
16.3273142242 15.2250145909 0.0396101203229 
16.4923230373 15.2205331533 0.0346213661534 
16.5913479292 15.2160824651 0.0397848798518 
16.6936470234 15.2130080743 0.0453686119299 
16.8109071219 15.2088095623 0.0462463178752 
16.9591367209 15.203089502 0.0399788650339 
17.1010488236 15.1951910632 0.0631953840061 
17.2237834894 15.1918771791 0.0414519979728 
17.4019198382 15.1834769624 0.0406323101821 
17.5282739365 15.1775327886 0.0449661408347 
17.7120097839 15.17089377 0.0293578339702 
17.956976887 15.160942849 0.0463406979378 
18.1193623507 15.1560678298 0.0439423907717 
18.2021646463 15.1528492908 0.0418068199987 
18.3864049875 15.144743372 0.0401870273671 
18.5696165526 15.1375032405 0.0354827843367 
18.7118544542 15.1343527401 -0.214299513714 
18.7965724432 15.1188600699 -0.536169444453 
18.8556096518 15.0929404611 -0.91015127865 
18.8800587618 15.0865844304 -1.1967657519 
18.8986966574 15.0955412055 -1.44588352599 
18.9050648176 15.053786617 4.62997042036 
18.8886883223 14.9705462421 4.65896071151 
18.8746578657 14.8808425928 4.62491666957 
18.8460280859 14.7376983131 4.62635510213 
18.8190143072 14.5855018462 4.59566530423 
18.7875907385 14.4166609014 4.61325808605 
18.7611293757 14.2744818295 4.67268687289 
18.7430198156 14.1650545562 -1.38663247749 
18.7568030321 14.0393521751 -1.09864484858 
18.7865457499 13.9689623083 -1.07893547296 
18.8076851332 13.9385170902 -1.23747820938 
18.8297414744 13.9307787384 -1.55384497062 
18.8453347647 13.9183045591 4.47326752898 
18.8457019293 13.9162712062 4.47167729097 
18.8457019293 13.9162712062 4.47167729097 
18.8457019293 13.9162712062 4.47167729097 
18.8457019293 13.9162712062 4.47167729097 
18.8457019293 13.9162712062 4.47167729097 
18.8457019293 13.9162712062 4.47167729097 
18.5612695181 13.2653492654 3.94575735543 
18.5612695181 13.2653492654 3.94575735543 
18.5612695181 13.2653492654 3.94575735543 
18.5612695181 13.2653492654 3.94575735543 
18.0917577707 13.114993688 3.37017607902 
17.8980376684 13.087617513 3.37653004615 
17.7627510988 13.0681992734 3.37747059051 
17.5829868281 13.0416818822 3.32212057379 
17.4427156412 13.0371690954 3.25436002819 
17.2828941309 13.0399934019 3.24421996553 
17.1689699852 13.0394645895 3.21137898451 
17.1689699852 13.0394645895 3.21137898451 
16.7882272565 13.0466257299 3.2269242029 
16.646094259 13.0510376657 3.20560756597 
16.4426017367 13.054944631 3.19827157987 
16.2804132962 13.0568257535 3.19073632074 
16.1200059616 13.0573207105 3.1900858401 
15.9483356365 13.0602017606 3.20668110143 
15.7994946876 13.0626245702 3.20732193888 
15.6550929659 13.0653330053 3.2011837692 
15.4821992778 13.0691927637 3.17655841302 
15.3865030968 13.0706216062 3.17679800868 
15.2502006852 13.0751222337 3.18916608108 
15.1116033756 13.078185674 3.19281582963 
14.9952400887 13.0797136987 3.17994689967 
14.9140105807 13.0811871255 3.18167948588 
14.8793482744 13.0804878438 3.17360402691 
14.8090267145 13.065316316 2.69235266206 
14.7932397091 13.0460101331 2.31741696098 
14.7651425564 13.0664905275 2.09594101881 
14.7555403673 13.0860546792 2.08609429879 
14.7555403673 13.0860546792 2.08609429879 
14.6190650427 13.3817336524 2.07013512413 
14.5539910757 13.5251083339 2.07318151547 
14.5057556593 13.6237038339 2.08958503353 
14.4197680914 13.8134086097 2.10572741045 
14.3606146538 13.9436993564 2.50850432993 
14.3263990843 13.9939568008 2.84291821214 
14.3203650677 14.02358472 3.27756672805 
14.2656264269 14.0299529994 3.40072856573 
14.1759519541 14.0118756259 3.4033064469 
14.0833822453 13.9927823509 3.44067625471 
13.9530619347 13.9720290864 3.43424016116 
13.8108973467 13.9482588733 3.39767353746 
13.6600308382 13.9192903007 3.3686686202 
13.5334804022 13.8960378135 3.37713858421 
13.4730503523 13.9104440177 -0.641157717003 
13.4730503523 13.9104440177 -0.641157717003 
13.2603535616 13.8429673875 3.74031599081 
13.1691467726 13.8418576683 3.80671702315 
13.1260118448 13.8375205959 4.20942598199 
13.1142759287 13.8440014089 4.38409411478 
13.1142759287 13.8440014089 4.38409411478 
13.1142759287 13.8440014089 4.38409411478 
13.1041424238 13.834721681 4.50217319687 
13.0772945845 13.7477114166 4.48630593447 
13.0698442423 13.7238818372 4.51294550232 
13.0189714396 13.5587599243 4.54463220587 
12.9920394384 13.4838830198 -1.49537158369 
12.9758222067 13.435889479 -1.1560463411 
12.9605390989 13.4173394407 -0.821704286069 
12.941483494 13.3942755426 -0.355479708646 
12.9363851511 13.3774198259 -0.0733770962053 
12.9416449034 13.3582663501 0.226329229876 
12.9652874434 13.3575916255 0.31304113726 
12.9652874434 13.3575916255 0.31304113726 
13.1036093199 13.3879860605 0.380680501861 
13.1036093199 13.3879860605 0.380680501861 
13.1760466063 13.3919261659 0.853794991924 
13.1760466063 13.3919261659 0.853794991924 
13.1760466063 13.3919261659 0.853794991924 
13.3773577177 13.6421622003 0.868923983154 
13.445302006 13.7175328697 0.69968667587 
13.526813265 13.7785907949 0.749176055843 
13.6547980272 13.8789808715 0.722844622135 
13.7751810515 13.9728224243 0.739787789028 
13.96020424 14.1157190765 0.744823477315 
14.1133748257 14.2327666248 0.706675077057 
14.259443041 14.344608661 0.695204143383 
14.4273432457 14.471861061 0.708647136737 
14.546736952 14.5629190172 0.738665575625 
14.7286993229 14.7042096222 0.731120084164 
14.8710682356 14.8130593861 0.720128246546 
15.0100926721 14.9202574457 0.729690887062 
15.1249552333 15.0092415477 0.724026446098 
15.2060047352 15.070919689 0.729106389932 
15.2744272315 15.1168377141 0.812166328029 
15.300647434 15.1247101391 1.0365034274 
15.3232094609 15.1133603195 1.41446859376 
15.3370060885 15.1192266981 1.63016252923 
15.3387961351 15.1875592547 1.72407303026 
15.3361538016 15.2580038479 1.72471959883 
15.3267369234 15.3604216913 1.72106505315 
15.3157544696 15.5014521743 1.73512684054 
15.3086161577 15.5902799333 1.73529915138 
15.3090782725 15.6150306726 1.71034859818 
15.322183963 15.6213397647 1.98442905413 
15.3415638172 15.6282744075 2.31174579341 
15.3424758279 15.631002065 2.33234601041 
15.3391064369 15.6277616287 2.27731986646 
15.3206169569 15.6200499202 1.90712482635 
15.3013285362 15.6182612742 1.65226692064 
15.2992904746 15.6178413297 1.62714855651 
15.2999359929 15.6191183294 1.63665035796 
15.3030329311 15.6435144211 1.7025182439 
15.2992246115 15.7049011255 1.70018853818 
15.3031712138 15.7550330127 1.83865288295 
15.3241026961 15.7729428376 2.22215070391 
15.3278306687 15.7779906953 2.30435273956 
15.3290349805 15.7766116227 2.29934972477 
15.3364469969 15.7852726544 2.48107302026 
15.3470876777 15.8000902499 2.77009790871 
15.3502164447 15.8217678631 3.0888221384 
15.3021097743 15.8301583494 3.20573127868 
15.2468339169 15.8336117829 3.22536216684 
15.2121463382 15.8423340286 3.41056943734 
15.2003316843 15.862512585 3.73936846371 
15.19406515 15.8634759153 3.80690725014 
15.1661586725 15.8453128303 3.78967038645 
15.1010806524 15.8010773624 3.80772689598 
15.0110170209 15.7409378851 3.84859132351 
14.8672655785 15.6445277298 3.80174745871 
14.720868107 15.5480483139 3.79311503871 
14.5945738518 15.4642732854 3.80359827487 
14.4337903225 15.3552093844 3.81006345105 
14.2912037336 15.2612168102 3.79780307309 
14.1650426352 15.1778219456 3.77540518345 
14.037008878 15.0960096384 3.49402224961 
13.9551283085 15.0688888694 3.26481586682 
13.8995554411 15.0639321769 3.19267778858 
13.8704585993 15.0641840811 3.19327683464 
13.8651630842 15.0652531798 3.20775885148 
13.8652310335 15.0652635063 3.20704561835 
13.8364028895 15.0651954229 3.23841984679 
13.8033714258 15.0662530179 3.21135512574 
13.8033714258 15.0662530179 3.21135512574 
13.7487843001 15.0696565027 3.20825565175 
13.7487843001 15.0696565027 3.20825565175 
13.7487843001 15.0696565027 3.20825565175 
13.7185842955 15.0906541909 3.5522674021 
13.7183814013 15.0991936589 3.67965530441 
13.7183814013 15.0991936589 3.67965530441 
13.6684205496 15.1345809663 4.64014605858 
13.6450142824 15.1325722004 -1.27039683133 
13.6386563742 15.1222905705 -1.1576714424 
13.6386563742 15.1222905705 -1.1576714424 
13.6434788668 15.0486626143 -0.959320019442 
13.6603071653 15.0165732617 -0.608779197869 
13.6708342993 14.9853306974 -0.502457459354 
13.708216902 14.9582272733 -0.458539462454 
13.708216902 14.9582272733 -0.458539462454 
13.9250264132 14.8379611338 -0.344482157357 
14.0938084089 14.741225716 -0.454999778271 
14.2141035759 14.6725974644 -0.493972467368 
14.3117943966 14.610739466 -0.776404762059 
14.3910795414 14.5206524099 -0.932055862952 
14.4898008072 14.378252324 -0.883737854025 
14.5523178541 14.2816070879 -0.94439512209 
14.6334284508 14.1586439575 -1.10856987626 
14.6794152224 14.0247900451 -1.18495822199 
14.7359243595 13.8593941892 -1.18286259815 
14.7971900665 13.6668680871 -1.19663240846 
14.845434066 13.50732803 -1.03873166809 
14.9097952807 13.3882856334 -0.680208484674 
15.0436561668 13.2653217281 -0.44250562143 
15.1367380583 13.2051132883 -0.0908919975459 
15.2148155534 13.185710069 0.200686795817 
15.2811054551 13.193652984 0.241793777607 
15.3850566113 13.2183302606 0.0547412594671 
15.4560275042 13.2250620092 -0.320789098159 
15.5464737081 13.1837753023 -0.344270383007 
15.5796441698 13.1617466176 -0.207219964392 
15.6084947252 13.1400302614 0.0852865812889 
15.6783978903 13.1396619047 0.119852399351 
15.7575215959 13.1435257162 0.117357084904 
15.8622681723 13.1476670469 0.116773961915 
16.0072581732 13.1531642641 0.118501578662 
16.1548401677 13.1596640314 0.115048594164 
16.3166725003 13.165855285 0.1157672694 
16.5775417053 13.1758540834 0.125202424221 
16.761533674 13.1816559995 0.129201327242 
16.9166116678 13.1850517953 0.114451536699 
17.0845112764 13.1911755765 0.112281464537 
17.1990761721 13.1951767171 0.112881748041 
17.375911113 13.2014778818 0.108821556784 
17.494636532 13.2062343324 0.108207288909 
17.6714451277 13.2112523283 0.109998197999 
17.9117696249 13.2198160852 0.0982112181706 
18.034432646 13.2250360216 0.0956812093403 
18.1881177389 13.2269829477 0.173137099041 
18.4410922491 13.2348870004 0.230614803774 
18.5306184256 13.2399533952 0.37159217862 
18.5991160833 13.2482911314 0.651525440334 
18.6837420427 13.2876864637 1.13304040174 
18.712688204 13.3295901979 1.26480684572 
18.7394826376 13.3927903141 1.31601249881 
18.784745928 13.4858783449 1.68938803954 
18.7944562399 13.5271565879 1.97859624494 
18.778760668 13.5780411924 2.07658276611 
18.7601778471 13.6088230575 2.01335089433 
18.7442917788 13.6161712373 1.81281546973 
18.7340407335 13.667438742 1.75345000374 
18.7245619261 13.749764439 1.75613186182 
18.7142832243 13.8413857187 1.75614886761 
18.6947827303 14.0261377061 1.75601565576 
18.6737904513 14.2062301601 1.7544031402 
18.6548926794 14.3769808973 1.75639073315 
18.6347532236 14.5592896307 1.75579449866 
18.6193757021 14.7112323607 1.74754501646 
18.6018326246 14.870007124 1.76360289988 
18.5872163736 15.0114015604 1.74734518969 
18.5682280027 15.2202614567 1.81186312409 
18.5423994028 15.4234278316 1.74656590078 
18.5263235533 15.5594269002 1.54186907976 
18.5368008577 15.6786969865 1.1381113951 
18.5849657023 15.7680598463 0.888577241343 
18.6896183455 15.8741301859 0.856972413361 
18.8657400572 16.046570238 0.843789733702 
18.9570085966 16.1343151892 0.830472471467 
19.0976245367 16.2688600982 0.861232903317 
19.1495730841 16.3178175653 0.847322826958 
19.1495730841 16.3178175653 0.847322826958 
19.1495730841 16.3178175653 0.847322826958 
19.1495730841 16.3178175653 0.847322826958 
19.1495730841 16.3178175653 0.847322826958 
19.1495730841 16.3178175653 0.847322826958 
19.1495730841 16.3178175653 0.847322826958 
19.1495730841 16.3178175653 0.847322826958 
19.1495730841 16.3178175653 0.847322826958 
19.1495730841 16.3178175653 0.847322826958 
19.1495730841 16.3178175653 0.847322826958 
19.1495730841 16.3178175653 0.847322826958 
19.1495730841 16.3178175653 0.847322826958 
19.1495730841 16.3178175653 0.847322826958 
19.1495730841 16.3178175653 0.847322826958 
19.1495730841 16.3178175653 0.847322826958 
19.1495730841 16.3178175653 0.847322826958 
19.1495730841 16.3178175653 0.847322826958 
19.1495730841 16.3178175653 0.847322826958 
19.1495730841 16.3178175653 0.847322826958 
19.1495730841 16.3178175653 0.847322826958 
19.1495730841 16.3178175653 0.847322826958 
19.1495730841 16.3178175653 0.847322826958 
19.1495730841 16.3178175653 0.847322826958 
19.1495730841 16.3178175653 0.847322826958 
19.1495730841 16.3178175653 0.847322826958 
19.1495730841 16.3178175653 0.847322826958 
19.2317285502 15.7438484992 4.01107984477 
19.1938965284 15.7055625583 3.99148007142 
19.1758177244 15.6871722008 4.01198290309 
19.12779307 15.6181973482 3.6748238403 
19.0142753088 15.5668616558 3.56855860292 
18.8392286265 15.5027188028 3.56561081915 
18.6921992266 15.4498748595 3.5682542033 
18.4985015356 15.3796406353 3.53057639468 
18.376838442 15.3380627225 3.30229953459 
18.2793264353 15.3286184559 3.14988969722 
18.1324655974 15.3411410789 3.09600562756 
17.9667029345 15.3589403669 3.09509653901 
17.8152650559 15.3762204612 3.09534762384 
17.6104549133 15.4007808382 3.09643166444 
17.3658708298 15.4277438338 3.09644215591 
17.1900716984 15.4493214155 3.10488509844 
16.960155245 15.4767396415 3.09026164387 
16.7497262919 15.5006895627 3.08527999488 
16.5700994098 15.5221322442 3.09382330473 
16.4402028286 15.5391598905 3.09878055642 
16.3019867801 15.5570943023 3.09553306768 
16.105222311 15.5797908867 3.08743316539 
15.9142075704 15.6024982298 3.09487085858 
15.7142928356 15.6289609636 3.19104974813 
15.5577409231 15.6278819109 3.37127945299 
15.3790078723 15.6010262931 3.46451555091 
15.2699835264 15.580148902 3.68524978408 
15.155795511 15.5215289558 4.07994349075 
15.0844073856 15.4315217699 4.20500404586 
15.0507019126 15.3881365771 4.173685105 
15.0507019126 15.3881365771 4.173685105 
14.8023785317 15.0314401949 4.20142494257 
14.6976753437 14.8815472091 4.19871517859 
14.6279242003 14.7865348125 4.18748847998 
14.5517327749 14.6748934949 4.18237007332 
14.3906713688 14.4492888416 4.17560277663 
14.3589985335 14.4058960641 4.16153070555 
14.3589985335 14.4058960641 4.16153070555 
14.2188800537 14.2065125669 3.93372549431 
14.0505750143 14.0476269687 3.90325705563 
13.9147040808 13.9364595378 3.80008389195 
13.7732024157 13.8575414384 3.56938887337 
13.6821582281 13.8206907476 3.34988813085 
13.5035378897 13.8041824068 3.23457064164 
13.3204910719 13.8024464811 3.22915758289 
13.1652343237 13.8000876869 3.23329291569 
13.0306029284 13.7965035404 3.16894343176 
12.8833966219 13.803444382 2.75855083286 
12.8215160334 13.8196579183 2.57092785668 
12.7505717241 13.8550885881 2.09773631894 
12.7273514235 13.8545002902 1.77139063041 
12.7262656653 13.8553333248 1.76316825066 
12.7262656653 13.8553333248 1.76316825066 
12.6661505663 13.8782192434 0.743356308858 
12.6661505663 13.8782192434 0.743356308858 
12.6661505663 13.8782192434 0.743356308858 
12.6661505663 13.8782192434 0.743356308858 
12.6661505663 13.8782192434 0.743356308858 
12.6661505663 13.8782192434 0.743356308858 
12.6661505663 13.8782192434 0.743356308858 
12.6661505663 13.8782192434 0.743356308858 
13.1994192564 13.9193572963 -0.00672631097055 
13.1994192564 13.9193572963 -0.00672631097055 
13.1994192564 13.9193572963 -0.00672631097055 
13.5849046671 13.8806008066 0.401729247226 
13.7473123037 13.947241422 0.554121911115 
13.913202759 14.0390278066 0.548308749144 
14.058588978 14.1133590902 0.55625378648 
14.2245022022 14.2041187252 0.557859438939 
14.3645293676 14.2722154821 0.590634465514 
14.5068951809 14.3576068843 1.01114921175 
14.5766303503 14.4499194587 1.16607960194 
14.6416473353 14.5713631476 1.22522594306 
14.7254691088 14.7339348162 1.18585388098 
14.8153277599 14.9061230684 1.20767267314 
14.9134509527 15.098876294 1.14255134965 
15.0125127995 15.2644661556 0.659037422469 
15.073841747 15.3143734674 0.330661416187 
15.113548454 15.3424816916 -0.0560505540716 
15.1360359752 15.3616282682 -0.497401698101 
15.187523123 15.3291361446 -0.545894551657 
15.2801649534 15.260106642 -0.555355378551 
15.3552675807 15.1986464264 -0.431768468267 
15.3974016869 15.1592464859 -0.101324463307 
15.4188924694 15.1355420838 0.227367730685 
15.4179311657 15.127913628 0.332699425725 
15.4174931907 15.1353970582 0.220171500215 
15.4168214464 15.1514670069 -0.0195269272526 
15.4200994932 15.1696201975 -0.302595720571 
15.424090203 15.1739410276 -0.401839281397 
15.4223360085 15.1720183308 -0.366629733642 
15.4232731127 15.1713801513 -0.35749085577 
15.4193423056 15.160388794 -0.157884045265 
15.4145648443 15.1427548865 0.104017604283 
15.4457722568 15.1340690518 0.339061267282 
15.502854433 15.1500801484 0.362416109513 
15.5713473522 15.1693465749 0.357422586955 
15.6659939104 15.1974168273 0.339027330421 
15.8482408562 15.2488840206 0.352843365652 
15.9739331641 15.2842187921 0.349975987381 
16.0408283138 15.3025666291 0.349686683704 
16.0707728529 15.3106377462 0.353783647277 
16.0730319583 15.3116387914 0.353504059088 
16.0729688966 15.3115522007 0.354699721742 
16.0729605668 15.3114722634 0.354816844012 
16.0729576611 15.3114733289 0.354659212588 
16.072967183 15.3114782015 0.354771046444 
16.0729710722 15.3114789242 0.354807323869 
16.0729220771 15.3114696781 0.355693993442 
16.0729615652 15.3114745731 0.355003693333 
16.0729286486 15.3114964108 0.355658221917 
16.0729627126 15.3114783133 0.354575337127 
16.0729669594 15.3114896903 0.35468421775 
16.0729658568 15.311485451 0.354575154425 
16.0729542636 15.3114822994 0.354595742494 
16.0729193055 15.3115043903 0.355544049001 
16.0729630106 15.3114834318 0.354593168486 
16.0729412847 15.311481897 0.354705170108 
16.0731125885 15.311541755 0.351703957258 
16.0728938692 15.3115015442 0.355802408261 
16.0731151813 15.3115584666 0.351677160768 
16.0731620156 15.3115721385 0.351124031227 
16.0729885065 15.3115121985 0.353909776758 
16.0731102192 15.3115639503 0.351776675483 
16.0731248521 15.3115608061 0.351611258238 
16.0729547405 15.3115248869 0.354658009198 
16.0729552322 15.3115137334 0.354586624749 
16.0728992039 15.3115063051 0.35549621712 
16.0729427302 15.3114822994 0.354529852538 
16.0730904454 15.3115512843 0.351942870382 
16.0730896109 15.3115562762 0.351929523741 
