15.8800258908 15.2400212768 0.043218248381 
15.8800202013 15.2400157913 0.0430011722888 
15.8801360849 15.2400392168 0.0427933861777 
15.8804593423 15.2403802595 0.0455418410812 
15.8800117039 15.2400366048 0.0429475956856 
15.8803903117 15.2403205896 0.044910421028 
15.8800053663 15.2400289774 0.0431586471207 
15.8799945238 15.240009565 0.0429477695204 
15.8799776212 15.2400042726 0.0432711459909 
15.879987592 15.2399972073 0.0432486922435 
15.8799871803 15.2400112263 0.043163640922 
15.8804259571 15.2403908307 0.0453996867105 
15.8799687793 15.2400038128 0.0431220323664 
15.8800684541 15.2400981258 0.0433354953954 
15.8799498054 15.239996246 0.043050510121 
15.8804103268 15.2403808259 0.0451752161236 
15.880324429 15.240309265 0.0447942459423 
15.8803947904 15.2403802041 0.0450241720633 
15.8802789209 15.240301762 0.0445748182988 
15.8803893869 15.2403801335 0.0450494629703 
15.8803828071 15.2403660882 0.0452232507297 
15.8803935006 15.2403830625 0.0451813050421 
15.8803850386 15.2403943006 0.0450273998032 
15.8803831983 15.2404005351 0.0449541683426 
15.8803019692 15.240318486 0.0446279401641 
15.8803821831 15.2403716657 0.0448694355826 
15.8803149807 15.2403294724 0.0446915872972 
15.8799093516 15.2400087353 0.0430074534805 
15.8803655404 15.2403966982 0.0450547153311 
15.8803774995 15.2404173385 0.0451169422465 
15.8803884034 15.240399065 0.0451684984771 
15.880373424 15.2403909492 0.0450664030654 
15.8803796732 15.240388778 0.0450381297127 
15.8803758362 15.2403977725 0.0450557639209 
15.8802986528 15.2404948962 0.0454221563498 
15.8803791675 15.240555974 0.0456839486342 
15.8799218863 15.2401550982 0.0439882346042 
15.8801525609 15.2401246383 0.0431240476403 
15.8800979742 15.2400714461 0.04255978337 
15.8800052676 15.2400962507 0.0436061401983 
15.8800995239 15.2400568081 0.0425179010372 
15.8800952817 15.2400717975 0.0426237145181 
15.8800814889 15.2400615938 0.0425200298975 
15.8800824239 15.2400704315 0.0424519349528 
15.8800991262 15.2400687765 0.0425803370059 
15.8800950648 15.2400709015 0.042696069942 
15.8800862563 15.2400643365 0.0425237304317 
15.8800928659 15.2400571609 0.0424962954321 
15.8800891527 15.2400644635 0.0425466122699 
15.8801003062 15.2400721837 0.0425968334291 
15.8800931248 15.2400659337 0.0425626162019 
15.8800899322 15.2400589063 0.0423904640567 
15.8800951625 15.2400653953 0.0425923374658 
15.8800916561 15.2400594424 0.0423949919171 
15.8800995677 15.2400491895 0.0425426033605 
15.8800879997 15.2400672551 0.0424702006146 
15.8803570896 15.2403861161 0.0450550661564 
15.8800908915 15.2400714256 0.0425140347101 
15.8802999511 15.2403054766 0.0443805516215 
15.8803795996 15.2403879955 0.045023058151 
15.8803727786 15.2403821212 0.0450397783059 
15.8803004344 15.2403125248 0.044530901758 
15.8803856616 15.2403726408 0.0450875637005 
15.8800903718 15.2400525269 0.0423822970215 
15.8803124783 15.2402948511 0.044415260625 
15.8800845632 15.2400346643 0.0424645773267 
15.8803675772 15.240380333 0.045040984543 
15.8800827862 15.2400507422 0.0425535032915 
15.8803651027 15.2403701183 0.0450969081016 
15.8803835754 15.2403886202 0.0448255078041 
15.8803546886 15.2403812753 0.045290760669 
15.88038624 15.2407619886 0.0362792737819 
15.8801608692 15.2401148265 0.042892533544 
15.8801064632 15.2400542848 0.0425819991057 
15.8800944007 15.2400466243 0.0425418246708 
15.8801131771 15.2400644891 0.0426100772056 
15.8801062695 15.2400418514 0.0425479656239 
15.8803911052 15.2403697858 0.0451977872388 
15.8800465969 15.2400611146 0.0423533750561 
15.8800359993 15.2400703235 0.0421601961598 
15.8800482807 15.2400620929 0.0423782362673 
15.8800559604 15.2400616383 0.0423641647698 
15.8800604121 15.2400895343 0.042499918119 
15.880057281 15.2400651862 0.0423773288898 
15.890399547 15.2396811418 0.04364690021 
15.9317267166 15.2385527086 0.0316664583416 
15.9787679502 15.2372669871 0.028221248192 
16.0035438948 15.2362897939 0.0329405530906 
16.0505906009 15.2333873024 0.0371658296441 
16.1241289043 15.2310306456 0.0333428238847 
16.2259367966 15.2280642551 0.0312827413862 
16.3827760481 15.2238687 0.0381090306537 
16.5198805296 15.2188656817 0.046404339845 
16.6123801434 15.215545377 0.0452718644631 
16.7164233291 15.2122859734 0.0421421935094 
16.858969506 15.2069067659 0.0483977660287 
17.0120155775 15.2004133093 0.0345715777637 
17.1212340557 15.1945560316 0.0624434612325 
17.2237834894 15.1918771791 0.0414519979728 
17.4378008806 15.1816277655 0.0522376077068 
17.5718195402 15.1765020269 0.0410913473972 
17.7047122681 15.1714544485 0.0443214039074 
17.9105226957 15.1627153421 0.0472042413683 
18.0426006281 15.1585482324 0.0391675359916 
18.1376166308 15.1554780195 0.0389595828077 
18.2590389216 15.1498324911 0.04064318597 
18.4340505564 15.1425943116 0.0477513812653 
18.6042747461 15.1378380025 -0.000320454222696 
18.7010045015 15.1350729654 -0.178042263196 
18.8153023684 15.1115156377 -0.624402732987 
18.8574161493 15.0919398929 -0.927244958611 
18.8856754267 15.0880306179 -1.2882783936 
18.9045417273 15.0843587185 4.70815896278 
18.9046072924 15.0503027255 4.63173771728 
18.8934285605 14.9982404078 4.66101325599 
18.8722226584 14.8686387802 4.62684567709 
18.8401017153 14.705343839 4.60456555066 
18.8131895029 14.5469795431 4.59357842669 
18.7797059977 14.3670228685 4.60382287335 
18.7528502905 14.2274931634 -1.54519485328 
18.7404127085 14.1179952587 -1.24308223572 
18.7589509451 14.0306189025 -1.1091420675 
18.7911212408 13.960250255 -1.09409302049 
18.8132472002 13.9337836469 -1.30158089712 
18.8297414744 13.9307787384 -1.55384497062 
18.8453347647 13.9183045591 4.47326752898 
18.8457019293 13.9162712062 4.47167729097 
18.8457019293 13.9162712062 4.47167729097 
18.8457019293 13.9162712062 4.47167729097 
18.8457019293 13.9162712062 4.47167729097 
18.8457019293 13.9162712062 4.47167729097 
18.8457019293 13.9162712062 4.47167729097 
18.5612695181 13.2653492654 3.94575735543 
18.5612695181 13.2653492654 3.94575735543 
18.5612695181 13.2653492654 3.94575735543 
18.5612695181 13.2653492654 3.94575735543 
18.1692964995 13.1256343091 3.36197140959 
18.0293414557 13.1060458387 3.3726394537 
17.8980376684 13.087617513 3.37653004615 
17.7163761818 13.0609983171 3.38885801667 
17.6001738274 13.0441909994 3.33412457944 
17.4958270752 13.0359977449 3.21812133659 
17.3004591429 13.0388132299 3.23602750023 
17.1927599871 13.0395368303 3.2010901178 
17.1689699852 13.0394645895 3.21137898451 
16.8267961704 13.046748277 3.20751932827 
16.6629875266 13.050764438 3.20350396008 
16.5144136512 13.0532058443 3.19793958416 
16.3624841237 13.0558215345 3.19124817289 
16.1700243616 13.0587669576 3.2188289147 
16.0099645668 13.0595113004 3.20050379735 
15.8796336568 13.0612100328 3.20700914277 
15.6550929659 13.0653330053 3.2011837692 
15.4897833728 13.0688680376 3.17513979024 
15.3954578602 13.0706633295 3.17531157969 
15.2502006852 13.0751222337 3.18916608108 
15.1293504798 13.0774937833 3.18682330292 
15.0022993052 13.0804990495 3.18833159845 
14.9068340623 13.0816255773 3.1947860738 
14.8793482744 13.0804878438 3.17360402691 
14.8078434431 13.0640424455 2.67807516994 
14.7947937214 13.0468941892 2.34463280376 
14.774618026 13.0531800951 2.13315273087 
14.7651425564 13.0664905275 2.09594101881 
14.7555403673 13.0860546792 2.08609429879 
14.7555403673 13.0860546792 2.08609429879 
14.5951241219 13.4345509971 2.07273488426 
14.5057556593 13.6237038339 2.08958503353 
14.453042742 13.7384676898 2.09943914348 
14.4022148811 13.8578129972 2.17592100258 
14.3539719545 13.9640474285 2.5896175969 
14.3082817757 14.0263342823 3.25862627349 
14.2215537989 14.020319816 3.43118829564 
14.107507106 13.9986298049 3.39399184512 
13.9632774555 13.9745701517 3.42580857862 
13.7831175291 13.9421241249 3.40960885541 
13.6422142946 13.9170187677 3.37145789434 
13.5012915098 13.8923580612 3.38826096725 
13.4730503523 13.9104440177 -0.641157717003 
13.2603535616 13.8429673875 3.74031599081 
13.1331512892 13.8361960615 4.09620762306 
13.1142759287 13.8440014089 4.38409411478 
13.1142759287 13.8440014089 4.38409411478 
13.0698442423 13.7238818372 4.51294550232 
13.0163912737 13.5519049133 4.55807409624 
12.9731409514 13.4507367576 -1.48345108705 
12.945392605 13.40317845 -0.497308848999 
12.9382450544 13.3819987739 -0.158055424745 
12.9450621569 13.3576711381 0.24258654738 
12.9652874434 13.3575916255 0.31304113726 
12.9652874434 13.3575916255 0.31304113726 
13.1036093199 13.3879860605 0.380680501861 
13.1036093199 13.3879860605 0.380680501861 
13.1760466063 13.3919261659 0.853794991924 
13.1760466063 13.3919261659 0.853794991924 
13.3536756003 13.6033221448 0.978392698159 
13.467962023 13.7354135478 0.748695887962 
13.6547980272 13.8789808715 0.722844622135 
13.8327276671 14.0174689258 0.739232000693 
13.999987241 14.1470336879 0.737397124028 
14.1768916809 14.2823069061 0.720390866409 
14.3395274841 14.4060596193 0.733190478429 
14.4890676701 14.5182685221 0.719527723618 
14.7416243517 14.7144170369 0.735458021884 
14.918050524 14.849456575 0.704078720332 
15.0900807345 14.982685026 0.728495912142 
15.1927151644 15.0612085427 0.727665974087 
15.2618004047 15.1107571388 0.756377532196 
15.300647434 15.1247101391 1.0365034274 
15.300647434 15.1247101391 1.0365034274 
15.339033004 15.1230200196 1.65961993922 
15.3394508922 15.1781221593 1.72352857589 
15.335663017 15.2411845459 1.72486287164 
15.3249565923 15.3837777341 1.72040227823 
15.3175530398 15.4948743249 1.72171733444 
15.3094153368 15.5825875367 1.7313734572 
15.3069521153 15.6085998083 1.73956344982 
15.3152730429 15.6202026273 1.86864974849 
15.3330768907 15.6246616209 2.13716028843 
15.3418922388 15.631379124 2.33633153739 
15.3380790317 15.6275718177 2.24517384698 
15.3159609401 15.6199066604 1.88099125331 
15.3013285362 15.6182612742 1.65226692064 
15.2993869149 15.6175610388 1.62698647837 
15.2990370357 15.6179684962 1.62677932916 
15.3033001387 15.634800222 1.7035458195 
15.3005553448 15.7376990283 1.761925585 
15.3142709696 15.7687905396 2.06422630963 
15.3287795746 15.7735962237 2.28351585884 
15.3290414774 15.7765959466 2.29885948768 
15.3320062124 15.7790533269 2.35354631912 
15.3429656589 15.793621179 2.65269025152 
15.35259467 15.8175092901 3.04355192641 
15.3223737442 15.8292099203 3.20341248627 
15.2403840983 15.8347759212 3.24912574125 
15.20874637 15.8443962301 3.44265188451 
15.2006156408 15.8628719414 3.74601189477 
15.1887937748 15.8592050041 3.80053938394 
15.1463240349 15.8322891558 3.81318669602 
15.0681482517 15.779916879 3.80424194525 
14.9585103356 15.7065283919 3.80944850591 
14.8406361305 15.6266399289 3.81729523668 
14.6760199034 15.517712679 3.79695509471 
14.508895632 15.4077429439 3.84915089473 
14.4023605549 15.3329376916 3.79315417271 
14.2731550896 15.2501037859 3.79892503731 
14.1395665371 15.1583173613 3.74245541532 
14.0296454393 15.092247721 3.46434703978 
13.9329826796 15.0651000703 3.21800469054 
13.8838965857 15.0651792402 3.20480791087 
13.8649120295 15.0653139318 3.21014077841 
13.8652310335 15.0652635063 3.20704561835 
13.8652310335 15.0652635063 3.20704561835 
13.8033714258 15.0662530179 3.21135512574 
13.8033714258 15.0662530179 3.21135512574 
13.7487843001 15.0696565027 3.20825565175 
13.7487843001 15.0696565027 3.20825565175 
13.7487843001 15.0696565027 3.20825565175 
13.7487843001 15.0696565027 3.20825565175 
13.7183814013 15.0991936589 3.67965530441 
13.7183814013 15.0991936589 3.67965530441 
13.7183814013 15.0991936589 3.67965530441 
13.6632838213 15.1345336849 -1.5636478589 
13.631346699 15.1305230523 -1.32585393057 
13.6386563742 15.1222905705 -1.1576714424 
13.6386563742 15.1222905705 -1.1576714424 
13.6434788668 15.0486626143 -0.959320019442 
13.6603071653 15.0165732617 -0.608779197869 
13.6661348307 14.9906720335 -0.543002666852 
13.6970019304 14.9645223881 -0.453972305112 
13.708216902 14.9582272733 -0.458539462454 
13.708216902 14.9582272733 -0.458539462454 
13.9484150374 14.8248968388 -0.349919102413 
14.0762221777 14.7437752152 -0.338716787422 
14.2603061163 14.6467493738 -0.587890756886 
14.3812276089 14.5357094372 -0.889033481166 
14.4944759571 14.3712695206 -0.88837791211 
14.5786195957 14.2486118043 -0.997496491082 
14.6437582934 14.1352467502 -1.15395716852 
14.6878714525 14.0038559402 -1.18006860455 
14.7561974489 13.791249987 -1.1699062232 
14.8136939966 13.6135969127 -1.17889313497 
14.8712446653 13.4450846876 -0.827574484773 
14.9652282559 13.3340517248 -0.584707882033 
15.0857182109 13.2343989576 -0.296942692515 
15.1806814634 13.188515302 0.114755063988 
15.2763987743 13.1925569738 0.244644162349 
15.358966943 13.2114678586 0.149439380468 
15.41489416 13.2303360666 -0.185500226875 
15.4685896599 13.2210868562 -0.343708417475 
15.5685565734 13.1695491041 -0.271731749762 
15.5956886077 13.1434153284 0.0322448012813 
15.6341518128 13.1375051702 0.126345215299 
15.7050657981 13.1410397256 0.118743476689 
15.8287820333 13.1462498868 0.119377943814 
15.9503385798 13.1507414545 0.113842865507 
16.1980164015 13.1612664426 0.115935906904 
16.3493774497 13.167446729 0.129941277878 
16.5105008447 13.1736866201 0.128067680461 
16.6806018912 13.1783364976 0.134101122293 
16.8776146137 13.1838647092 0.114446259094 
17.0845112764 13.1911755765 0.112281464537 
17.2907565796 13.1979159082 0.111276235305 
17.494636532 13.2062343324 0.108207288909 
17.6629292929 13.2109557355 0.109896360299 
17.792963382 13.214493152 0.111090931724 
17.9117696249 13.2198160852 0.0982112181706 
18.1374199354 13.2267686094 0.102029077918 
18.2718594038 13.2306016649 0.115662844414 
18.4454362356 13.2340165342 0.213913566292 
18.5941877329 13.2479723657 0.619814464783 
18.6515338385 13.2699081863 0.880097958154 
18.712688204 13.3295901979 1.26480684572 
18.7394826376 13.3927903141 1.31601249881 
18.7893595659 13.449763533 2.31444684319 
18.7954599821 13.5199317897 1.95528324967 
18.7727088892 13.5919076169 2.08622496466 
18.7513141596 13.6147415603 1.90988545315 
18.7369761431 13.6404803956 1.7519068267 
18.7281334364 13.7175086702 1.75417730655 
18.718105551 13.8051593269 1.75325978244 
18.7018001043 13.9620410169 1.7593254415 
18.6773772204 14.1764723028 1.75549817181 
18.6583425963 14.3470173443 1.7562395797 
18.6282889807 14.6232010687 1.75339124911 
18.6120376551 14.780429181 1.754605185 
18.5904271566 14.9814425672 1.74811208757 
18.5729429686 15.1430751796 1.75415918547 
18.5529074633 15.3225468735 1.75644814134 
18.5331199133 15.4835870529 1.6778091518 
18.5279631579 15.6276091898 1.35039179275 
18.5511825049 15.7174288298 0.999226187142 
18.6531698668 15.8391365374 0.85216233571 
18.7721977198 15.9556159342 0.856727894914 
18.9165840113 16.0977453555 0.846018725993 
19.0179488623 16.1919399465 0.878506197989 
19.1409120524 16.3099011148 0.847869655311 
19.1495730841 16.3178175653 0.847322826958 
19.1495730841 16.3178175653 0.847322826958 
19.1495730841 16.3178175653 0.847322826958 
19.1495730841 16.3178175653 0.847322826958 
19.1495730841 16.3178175653 0.847322826958 
19.1495730841 16.3178175653 0.847322826958 
19.1495730841 16.3178175653 0.847322826958 
19.1495730841 16.3178175653 0.847322826958 
19.1495730841 16.3178175653 0.847322826958 
19.1495730841 16.3178175653 0.847322826958 
19.1495730841 16.3178175653 0.847322826958 
19.1495730841 16.3178175653 0.847322826958 
19.1495730841 16.3178175653 0.847322826958 
19.1495730841 16.3178175653 0.847322826958 
19.1495730841 16.3178175653 0.847322826958 
19.1495730841 16.3178175653 0.847322826958 
19.1495730841 16.3178175653 0.847322826958 
19.1495730841 16.3178175653 0.847322826958 
19.1495730841 16.3178175653 0.847322826958 
19.1495730841 16.3178175653 0.847322826958 
19.1495730841 16.3178175653 0.847322826958 
19.2271146738 15.7393902505 4.01069038199 
19.1758177244 15.6871722008 4.01198290309 
19.1758177244 15.6871722008 4.01198290309 
19.1008846724 15.6008254553 3.5963775945 
19.041090008 15.5766894186 3.56889434022 
18.8804526293 15.5189121033 3.57174672459 
18.6522583925 15.4355305398 3.56574050666 
18.5134787523 15.3845837528 3.52477594006 
18.3506963217 15.330919985 3.22475729462 
18.1668593847 15.3372192348 3.09502758507 
17.976023432 15.3585801686 3.10347760221 
17.6400315725 15.3972065265 3.10258096768 
17.445222851 15.4177456314 3.09887964396 
17.1727572643 15.4518011327 3.09866736113 
17.0280950033 15.4686669225 3.10062642121 
16.7576851213 15.4989667202 3.09108596687 
16.5326405727 15.5267696644 3.10805904942 
16.3606228196 15.549476173 3.09980097178 
16.1697328651 15.5720131958 3.08816441577 
15.9443109893 15.5992822016 3.09758100594 
15.7369586342 15.6265744234 3.16452960587 
15.4273625576 15.6074384714 3.3722590086 
15.2977471315 15.5869001711 3.61721664991 
15.1600860321 15.5250539149 4.07107937021 
15.0559893214 15.394490775 4.18309791612 
15.0507019126 15.3881365771 4.173685105 
14.8320612871 15.0742459411 4.18183134512 
14.7217867338 14.9159488345 4.19679873705 
14.6489154064 14.8172847892 4.19646396732 
14.5448609554 14.6647739972 4.18251923907 
14.4210559094 14.4886293376 4.16844849755 
14.3589985335 14.4058960641 4.16153070555 
14.3589985335 14.4058960641 4.16153070555 
14.2188800537 14.2065125669 3.93372549431 
14.0505750143 14.0476269687 3.90325705563 
13.9102778399 13.9337071146 3.79821956536 
13.8404161894 13.8884791101 3.65262466721 
13.7369277441 13.8386166061 3.46742574213 
13.5528268778 13.8049002851 3.23243262325 
13.3375172579 13.8027061189 3.22896537746 
13.1478812658 13.7999434436 3.22776401527 
13.0027210676 13.7958028282 3.11918405138 
12.8964579069 13.8026468719 2.86074299273 
12.8215160334 13.8196579183 2.57092785668 
12.8215160334 13.8196579183 2.57092785668 
12.73849177 13.8596941198 1.94454200007 
12.7262656653 13.8553333248 1.76316825066 
12.7262656653 13.8553333248 1.76316825066 
12.7262656653 13.8553333248 1.76316825066 
12.6661505663 13.8782192434 0.743356308858 
12.6661505663 13.8782192434 0.743356308858 
12.6661505663 13.8782192434 0.743356308858 
12.6661505663 13.8782192434 0.743356308858 
12.6661505663 13.8782192434 0.743356308858 
12.6661505663 13.8782192434 0.743356308858 
12.6661505663 13.8782192434 0.743356308858 
12.6661505663 13.8782192434 0.743356308858 
13.1994192564 13.9193572963 -0.00672631097055 
13.6050806009 13.8876290287 0.465338131903 
13.7542748415 13.9510687555 0.555182325131 
13.959382292 14.0625351633 0.536031719325 
14.09987342 14.1378053392 0.526214027731 
14.2702856028 14.2271406616 0.566058487459 
14.4431948626 14.3151041234 0.714748210688 
14.5174219572 14.3664846982 1.03125575917 
14.5719877445 14.439780351 1.18180463605 
14.6192032063 14.5269747342 1.21418852273 
14.6924712622 14.6710472668 1.16913568795 
14.7791403496 14.8383968736 1.16333194617 
14.8506501877 14.9742209578 1.19555154729 
14.9134509527 15.098876294 1.14255134965 
14.9758851492 15.2145969609 0.879330631391 
15.0274085962 15.2783364954 0.565940799058 
15.077234205 15.3177754695 0.289465560827 
15.1164083445 15.3530559654 -0.232206298174 
15.1378162467 15.3611524741 -0.5063872134 
15.1955516898 15.3245137895 -0.557208164057 
15.2446061933 15.2874024662 -0.544272472576 
15.3305525148 15.2217262725 -0.499082661502 
15.3880895936 15.1697262938 -0.223659345196 
15.4142273032 15.144749325 0.10759802979 
15.4166410529 15.1299608762 0.300289988423 
15.4175678455 15.1294554214 0.327677892355 
15.4169922733 15.1383854637 0.172726991442 
15.4195983374 15.1620934869 -0.177924085814 
15.4228260779 15.1733892898 -0.393975108972 
15.4223141038 15.1730448271 -0.367608075103 
15.4200641775 15.1726329664 -0.348142293375 
15.4216585719 15.1700829233 -0.317567816153 
15.4193423056 15.160388794 -0.157884045265 
15.4137810433 15.1458338986 0.0863308116106 
15.4392445945 15.1341735611 0.333858904988 
15.502854433 15.1500801484 0.362416109513 
15.60893121 15.1793106611 0.357144980661 
15.7134324574 15.2106431855 0.352480263028 
15.8423884438 15.247202053 0.353536193443 
15.9582773485 15.2803699563 0.361116305769 
16.0232738518 15.2980760413 0.381643908147 
16.0622910821 15.3082774917 0.353313321477 
16.0732913726 15.3118045966 0.35251017789 
16.0730011874 15.311583143 0.354547306253 
16.0729625785 15.3114932294 0.354762015136 
16.0729714894 15.3114768753 0.354816600489 
16.0729541444 15.311480392 0.354921112572 
16.0729495549 15.311464716 0.354977049907 
16.072965976 15.3114749382 0.354904379277 
16.0729733669 15.3114846314 0.354704168571 
16.0729594791 15.3114722113 0.354825747677 
16.0729682409 15.3114817257 0.354620666213 
16.0729170853 15.3114885355 0.355812695652 
16.0729118549 15.3114858533 0.3557008472 
16.0729508066 15.3114747594 0.354678798531 
16.0729524755 15.3114698867 0.354498377886 
16.0729165786 15.3115034888 0.35572351398 
16.0731322729 15.311554637 0.351703742032 
16.0729539805 15.3115071172 0.3547827186 
16.0729514622 15.311508585 0.354747262796 
16.0731598401 15.3115793283 0.351197126767 
16.0729432964 15.3114882822 0.354679607989 
16.0729372912 15.311475035 0.354696504871 
16.073159706 15.3115959654 0.350962768246 
16.0731659197 15.3115773837 0.350967000643 
16.0731248521 15.3115608061 0.351611258238 
16.0731620901 15.3115861903 0.351086363023 
16.0731648618 15.311576877 0.350954485541 
16.0728976988 15.3114883045 0.355468710061 
16.0731033796 15.3115550692 0.351888176149 
16.0731092208 15.3115591819 0.351656715553 
