15.8800038613 15.2399952957 0.0432317204151 
15.8800058217 15.240006036 0.0432961586045 
15.8800146013 15.240011759 0.0430458583336 
15.8800086585 15.2400097511 0.0430484500545 
15.8799872372 15.2400078528 0.0431970809495 
15.8799920027 15.2400186661 0.0430754027709 
15.8801279749 15.2400724909 0.043249661335 
15.8799800427 15.2400048187 0.0431638237254 
15.8799895236 15.2400163253 0.0430931873763 
15.8800131568 15.2400318814 0.0431160018658 
15.880430326 15.2403934011 0.0453354281079 
15.8804324038 15.2403885771 0.04524793321 
15.880418284 15.2403860861 0.0450444295324 
15.880422487 15.2403987618 0.0452298003317 
15.8800409419 15.2400847604 0.0432872017423 
15.8803886325 15.240370879 0.045112947484 
15.880389589 15.2403871559 0.0448805856136 
15.8803890665 15.2403924698 0.0451629048636 
15.8799441868 15.2400222385 0.0430362514278 
15.8803908416 15.2403814211 0.0449510773793 
15.8803874758 15.240392959 0.0450718810535 
15.8803806222 15.2403815729 0.045274002899 
15.8803822055 15.2403679655 0.0449664370748 
15.8803948445 15.2403939171 0.0451969970492 
15.8802895407 15.2403250132 0.0447674090731 
15.8803605699 15.2403940603 0.0450405932143 
15.8803884034 15.240399065 0.0451684984771 
15.880373424 15.2403909492 0.0450664030654 
15.880367255 15.2403975399 0.0449862460716 
15.8800230111 15.2401074316 0.0435510804456 
15.8802700752 15.2402996428 0.0444975968441 
15.8803791675 15.240555974 0.0456839486342 
15.8800596149 15.2400476922 0.042655875975 
15.8799461584 15.2400287305 0.0430179630693 
15.880094627 15.2400630917 0.042379851271 
15.8800922019 15.2400661804 0.0425002711771 
15.880081324 15.2400703991 0.0426684460623 
15.8800955053 15.2400621482 0.0425647554608 
15.880085922 15.240068507 0.0425936437324 
15.8800942862 15.2400631121 0.0424735111992 
15.880090627 15.2400711164 0.0425690330032 
15.880101204 15.2400905973 0.0425815971529 
15.8800839792 15.2400777936 0.042580222982 
15.8800796821 15.2400607137 0.0424872758269 
15.880087522 15.2400565723 0.0424835730275 
15.8803632717 15.2403779891 0.0450682019928 
15.8803544753 15.2403815941 0.0450077183096 
15.8800989251 15.2400798944 0.0426307826514 
15.8800931704 15.2400702243 0.0425023527812 
15.8800963835 15.2400574671 0.042389115964 
15.8802962993 15.2403035706 0.0443606708357 
15.8803111027 15.2403071288 0.0445793356525 
15.8801323866 15.2401025016 0.0430735177276 
15.8801531299 15.2401126083 0.0429839854688 
15.8803681369 15.2403678973 0.0450388851979 
15.8803537768 15.240362925 0.0448965869618 
15.8803862502 15.2403988505 0.0452628041767 
15.8803336081 15.2403035842 0.0444300728561 
15.8801189141 15.2400541561 0.0426388828235 
15.8801032762 15.2400433533 0.0425676476675 
15.8800942443 15.2400904433 0.0434902014335 
15.8801159618 15.2400598663 0.042554410415 
15.8801036972 15.2400387252 0.0426313741168 
15.8800796635 15.2400454275 0.0424935811125 
15.8800372976 15.2400593436 0.0421786567664 
15.8800483599 15.2400752545 0.0422778821147 
15.8800552312 15.2400549968 0.0423187553454 
15.8800685034 15.2400895587 0.0424540198864 
15.8800750534 15.2400823287 0.0423967265394 
15.8984578486 15.239192364 0.0445295684621 
15.9453488031 15.238224821 0.0326095562145 
15.9797271976 15.2367990706 0.0307695471961 
16.0232026094 15.2344911452 0.0422563344597 
16.111875292 15.2310733709 0.0360745615486 
16.2119730377 15.2281997849 0.0253517254773 
16.3080708646 15.2256359097 0.0398548020105 
16.4923230373 15.2205331533 0.0346213661534 
16.6356804931 15.2143398526 0.0489023139952 
16.7501307094 15.2100994906 0.0502660939324 
16.858969506 15.2069067659 0.0483977660287 
17.0293785297 15.1991660486 0.0369380160841 
17.1448957884 15.1947575437 0.051016944286 
17.2956489288 15.1879284161 0.0354904592558 
17.4089441263 15.1832329969 0.0475651796009 
17.5592880213 15.1764156895 0.0336278899037 
17.6969263517 15.1712845753 0.0286122874582 
17.9694988691 15.1603435169 0.0470040333451 
18.1163160765 15.1561860705 0.0447381821681 
18.2524528467 15.1501940603 0.0381813223517 
18.3592643702 15.1460680778 0.0376341431077 
18.6346981489 15.1378058905 -0.0409004636457 
18.7909960711 15.1206977556 -0.512714823779 
18.8693313562 15.0882378633 -1.04268631822 
18.8911714518 15.0902040864 -1.38184905869 
18.9070746863 15.0574641938 4.62713330448 
18.8872094118 14.9647884036 4.66630413655 
18.8655285799 14.8357199694 4.59825591777 
18.8361248934 14.6849623288 4.60375292827 
18.8132958376 14.555546161 4.61238912658 
18.7706949675 14.3173844779 4.62261649706 
18.7528502905 14.2274931634 -1.54519485328 
18.7409832441 14.1119855607 -1.23089005731 
18.7642347777 14.0156472887 -1.06453706033 
18.792224642 13.9582734073 -1.09824650532 
18.8183178866 13.9326579536 -1.35742406377 
18.8408358061 13.9296150173 4.55668092268 
18.8457019293 13.9162712062 4.47167729097 
18.8457019293 13.9162712062 4.47167729097 
18.8457019293 13.9162712062 4.47167729097 
18.8457019293 13.9162712062 4.47167729097 
18.8457019293 13.9162712062 4.47167729097 
18.8457019293 13.9162712062 4.47167729097 
18.5612695181 13.2653492654 3.94575735543 
18.5612695181 13.2653492654 3.94575735543 
18.5612695181 13.2653492654 3.94575735543 
18.5612695181 13.2653492654 3.94575735543 
18.160277363 13.1243535245 3.36268085547 
17.9931895697 13.1010853017 3.37458103646 
17.8313915693 13.0781706537 3.37533022967 
17.6293020212 13.0475619997 3.34227015643 
17.4673103058 13.0364946092 3.24561594127 
17.2415455544 13.0410183633 3.24224968788 
17.1689699852 13.0394645895 3.21137898451 
17.1689699852 13.0394645895 3.21137898451 
16.7269566023 13.0478621686 3.19931120317 
16.5013894403 13.0535575117 3.19682814091 
16.2367623114 13.0571120943 3.20062523388 
16.1495695972 13.0589300359 3.21986814755 
15.9101230038 13.0604149068 3.20297481764 
15.7483179831 13.0637117589 3.20711222046 
15.6011255347 13.0665065015 3.19931551754 
15.4680435323 13.0696476663 3.22480770744 
15.3126459086 13.0730138982 3.19150936104 
15.1658527815 13.0778745378 3.19693899052 
15.0622342193 13.0793987478 3.17010592219 
14.9140105807 13.0811871255 3.18167948588 
14.8793482744 13.0804878438 3.17360402691 
14.8036609852 13.0601617063 2.59538939413 
14.7830452883 13.0462695325 2.19408831425 
14.7651425564 13.0664905275 2.09594101881 
14.7555403673 13.0860546792 2.08609429879 
14.7555403673 13.0860546792 2.08609429879 
14.7555403673 13.0860546792 2.08609429879 
14.5838930571 13.4586234058 2.07387705844 
14.5057556593 13.6237038339 2.08958503353 
14.4226298296 13.8097771371 2.10062782537 
14.3655328714 13.9353013004 2.46928565985 
14.340065118 13.9793860877 2.72122035479 
14.3183516228 14.0163853134 3.15664589681 
14.2909644806 14.0291968549 3.36194801037 
14.2098369562 14.0179316963 3.38473433638 
14.0562708342 13.9895311559 3.40548089397 
13.928296324 13.9651641811 3.41572966408 
13.733446356 13.9330706562 3.37784443427 
13.6363375151 13.8782141174 2.38644873292 
13.4594886267 13.8850712741 3.38956724083 
13.4730503523 13.9104440177 -0.641157717003 
13.2603535616 13.8429673875 3.74031599081 
13.2603535616 13.8429673875 3.74031599081 
13.1691467726 13.8418576683 3.80671702315 
13.1206052267 13.8366050685 4.25415011541 
13.1142759287 13.8440014089 4.38409411478 
13.1142759287 13.8440014089 4.38409411478 
13.0940258467 13.7990791763 4.50960310756 
13.0698442423 13.7238818372 4.51294550232 
13.0403544867 13.6232433284 4.50056657754 
13.0189714396 13.5587599243 4.54463220587 
12.9850361311 13.4635482992 -1.37045574801 
12.9702215159 13.4238680566 -1.00741264451 
12.9605390989 13.4173394407 -0.821704286069 
12.9382450544 13.3819987739 -0.158055424745 
12.9365513289 13.361527201 0.157730342448 
12.9450621569 13.3576711381 0.24258654738 
12.9652874434 13.3575916255 0.31304113726 
13.1036093199 13.3879860605 0.380680501861 
13.1036093199 13.3879860605 0.380680501861 
13.1760466063 13.3919261659 0.853794991924 
13.1760466063 13.3919261659 0.853794991924 
13.1760466063 13.3919261659 0.853794991924 
13.3713347876 13.6328666175 0.939407029578 
13.457121607 13.7261205877 0.760780292972 
13.5527012312 13.7990759576 0.746630124043 
13.670722481 13.891503569 0.737334150661 
13.8558237517 14.035462376 0.738155990639 
14.0300216639 14.1700352396 0.735344181222 
14.1435313189 14.2578896845 0.716344374923 
14.3227949106 14.3915029729 0.685136083748 
14.4563932383 14.4938360418 0.737023948422 
14.6427426302 14.632967111 0.734218242831 
14.8020157778 14.7604010666 0.740392315935 
14.918050524 14.849456575 0.704078720332 
15.0227265918 14.930173334 0.735473916765 
15.1249552333 15.0092415477 0.724026446098 
15.1885827148 15.0580125416 0.727995847933 
15.2744272315 15.1168377141 0.812166328029 
15.300647434 15.1247101391 1.0365034274 
15.300647434 15.1247101391 1.0365034274 
15.3298101985 15.1114890988 1.5290467763 
15.3412128651 15.159114633 1.72749651997 
15.3343320453 15.2634672357 1.72347530332 
15.3179936969 15.4580097164 1.73074925569 
15.3107022607 15.5648663307 1.73785588259 
15.3084751331 15.6055901016 1.71945045156 
15.3201131785 15.621399727 1.95639946758 
15.3354388439 15.6250410045 2.20413664326 
15.3442890012 15.6303703154 2.29857829248 
15.3398802244 15.628840592 2.29593404274 
15.3225011193 15.6211978162 1.99575460285 
15.2990744674 15.6174797083 1.61755100061 
15.2996935808 15.6182923282 1.63441862523 
15.304346677 15.6199590529 1.70452814845 
15.3001141512 15.691992786 1.70167020972 
15.2992593014 15.7303294207 1.73452185207 
15.3161957824 15.7700974906 2.09675407226 
15.3278433048 15.7753019894 2.27433043922 
15.3289421165 15.7766534055 2.29751920411 
15.3288010919 15.7778336967 2.31483460896 
15.3448505365 15.79606789 2.69308048591 
15.3523932659 15.8140107954 2.992237051 
15.3198692166 15.8296354974 3.20345737926 
15.2669787967 15.8309560383 3.20531089616 
15.2162365877 15.8400315011 3.35711990348 
15.1996238196 15.857874092 3.68220647149 
15.1960019433 15.8647675479 3.80164255692 
15.1294345224 15.8195528949 3.8112029324 
15.0506501758 15.7668935622 3.8052411658 
14.9001188242 15.666941073 3.80862268316 
14.7647811138 15.5751087333 3.78733392077 
14.6379702055 15.4920165206 3.79437183253 
14.4657496178 15.377566051 3.82282536522 
14.3169319594 15.2779469194 3.7938754566 
14.247782942 15.2330750099 3.8018911734 
14.063660618 15.111652639 3.5899523927 
13.9551283085 15.0688888694 3.26481586682 
13.9057646954 15.0637751783 3.19151694639 
13.8751060927 15.0649022872 3.20085978802 
13.8653521502 15.0649667347 3.20358768359 
13.8652310335 15.0652635063 3.20704561835 
13.8222162687 15.0655794109 3.21543638485 
13.8033714258 15.0662530179 3.21135512574 
13.7487843001 15.0696565027 3.20825565175 
13.7487843001 15.0696565027 3.20825565175 
13.7487843001 15.0696565027 3.20825565175 
13.7185842955 15.0906541909 3.5522674021 
13.7183814013 15.0991936589 3.67965530441 
13.7183814013 15.0991936589 3.67965530441 
13.6727874243 15.1338413397 4.57465075271 
13.6438507998 15.1321764181 -1.24792967948 
13.6386563742 15.1222905705 -1.1576714424 
13.6386563742 15.1222905705 -1.1576714424 
13.6434788668 15.0486626143 -0.959320019442 
13.6640586817 14.9977181966 -0.602364572168 
13.6889040434 14.969456997 -0.449664411493 
13.708216902 14.9582272733 -0.458539462454 
13.8552651369 14.8786938454 -0.341211160174 
13.9873591625 14.8004158104 -0.3416559213 
14.1943082773 14.6848646368 -0.492373909337 
14.2777281963 14.6361706818 -0.649061381506 
14.407404896 14.4976192678 -0.945250478077 
14.5264146292 14.3221349085 -0.884327032759 
14.6334284508 14.1586439575 -1.10856987626 
14.7279388868 13.8804964984 -1.14562705339 
14.8034092152 13.6472997631 -1.19415646347 
14.8580211365 13.4729022945 -0.92700255451 
15.0119320118 13.295049187 -0.549001655272 
15.1946889722 13.186033603 0.15973840975 
15.336422857 13.2041395868 0.215228372114 
15.4114282691 13.2294334138 -0.162659890201 
15.5404404664 13.1880341733 -0.36071276433 
15.5931701326 13.1465557779 -0.0113784324554 
15.6480503195 13.1385561193 0.120611834409 
15.7464938426 13.1430815423 0.118245276977 
15.9581732416 13.1511596406 0.116392139166 
16.2066535914 13.1616440977 0.115573146858 
16.4809023702 13.1725813116 0.136561221511 
16.7920991742 13.1814318861 0.109904568007 
17.0122595989 13.1876524652 0.113930163174 
17.1990761721 13.1951767171 0.112881748041 
17.490316149 13.2060390676 0.108575122837 
17.6714451277 13.2112523283 0.109998197999 
17.9117696249 13.2198160852 0.0982112181706 
18.1545731985 13.2272509302 0.102419835353 
18.3852155172 13.2343100275 0.125593083132 
18.5306184256 13.2399533952 0.37159217862 
18.6515338385 13.2699081863 0.880097958154 
18.6837420427 13.2876864637 1.13304040174 
18.7588305437 13.435442921 1.40303367396 
18.7897272074 13.4966877664 1.78720589139 
18.7850246393 13.5632117952 2.06624681617 
18.7574102842 13.6117593015 1.98848623168 
18.7411677801 13.6215428079 1.78085426148 
18.7333419287 13.6722905601 1.75123383832 
18.7193326914 13.7941071952 1.75630467822 
18.706659075 13.9171742166 1.7590346422 
18.6826164686 14.1342109407 1.75614759966 
18.6548926794 14.3769808973 1.75639073315 
18.633469578 14.571869489 1.75520484691 
18.6103281939 14.7970111633 1.75413085845 
18.5892896616 14.994483527 1.74905007369 
18.5710098707 15.1768746416 1.65352281083 
18.545548197 15.394877624 1.75451534058 
18.5266969168 15.5529120828 1.55668344653 
18.5368008577 15.6786969865 1.1381113951 
18.6531698668 15.8391365374 0.85216233571 
18.8029310667 15.9851931895 0.845583769491 
19.0179488623 16.1919399465 0.878506197989 
19.1495730841 16.3178175653 0.847322826958 
19.1495730841 16.3178175653 0.847322826958 
19.1495730841 16.3178175653 0.847322826958 
19.1495730841 16.3178175653 0.847322826958 
19.1495730841 16.3178175653 0.847322826958 
19.1495730841 16.3178175653 0.847322826958 
19.1495730841 16.3178175653 0.847322826958 
19.1495730841 16.3178175653 0.847322826958 
19.1495730841 16.3178175653 0.847322826958 
19.1495730841 16.3178175653 0.847322826958 
19.1495730841 16.3178175653 0.847322826958 
19.1495730841 16.3178175653 0.847322826958 
19.1495730841 16.3178175653 0.847322826958 
19.1495730841 16.3178175653 0.847322826958 
19.1495730841 16.3178175653 0.847322826958 
19.1495730841 16.3178175653 0.847322826958 
19.1495730841 16.3178175653 0.847322826958 
19.1495730841 16.3178175653 0.847322826958 
19.1495730841 16.3178175653 0.847322826958 
19.1495730841 16.3178175653 0.847322826958 
19.1495730841 16.3178175653 0.847322826958 
19.2374026739 15.749346372 4.01109972243 
19.1800112688 15.6899541582 3.99936923197 
19.1758177244 15.6871722008 4.01198290309 
19.0369002783 15.5756394232 3.57415268118 
18.9606344664 15.5467411245 3.59080277296 
18.7938158476 15.4868180121 3.55410184799 
18.5489563906 15.3988984639 3.56593503012 
18.4362719023 15.3560090552 3.42950784995 
18.2094664538 15.3331706564 3.11257737261 
17.9884364569 15.3577097023 3.10726543928 
17.7937505209 15.3792893107 3.10082069818 
17.4863481485 15.4129035289 3.07592495005 
17.3201582396 15.4372910226 3.22499477976 
16.9686282837 15.4753885383 3.08942961791 
16.6421394908 15.5136263336 3.08930243917 
16.389950093 15.5456705357 3.09856500924 
16.2004166209 15.5688201452 3.09470207494 
15.9058347066 15.6035581494 3.09710245306 
15.7220816725 15.628342327 3.20203757335 
15.5577409231 15.6278819109 3.37127945299 
15.4027274513 15.6050581897 3.41142225555 
15.1722128355 15.5350358749 4.04113084126 
15.0507019126 15.3881365771 4.173685105 
14.9098316991 15.1850500407 4.18208565853 
14.7680561506 14.9815266396 4.20201330804 
14.6205557549 14.7755287851 4.10079786906 
14.4830124342 14.5833490456 4.13955079046 
14.4016718828 14.4639380539 4.17553702168 
14.3589985335 14.4058960641 4.16153070555 
14.3589985335 14.4058960641 4.16153070555 
14.0801639521 14.0720310176 3.88735891724 
14.0505750143 14.0476269687 3.90325705563 
13.7540256941 13.8476604188 3.5189098924 
13.6329908335 13.8122634853 3.29556682858 
13.4467477762 13.8035715784 3.2304968916 
13.2002274954 13.8005318607 3.22758892988 
13.0446906054 13.7973579133 3.19792110692 
12.9537985289 13.7980010475 3.09022098974 
12.8833966219 13.803444382 2.75855083286 
12.8215160334 13.8196579183 2.57092785668 
12.7395524943 13.8596427406 1.96212823668 
12.7262656653 13.8553333248 1.76316825066 
12.7262656653 13.8553333248 1.76316825066 
12.7262656653 13.8553333248 1.76316825066 
12.6661505663 13.8782192434 0.743356308858 
12.6661505663 13.8782192434 0.743356308858 
12.6661505663 13.8782192434 0.743356308858 
12.6661505663 13.8782192434 0.743356308858 
12.6661505663 13.8782192434 0.743356308858 
12.6661505663 13.8782192434 0.743356308858 
12.6661505663 13.8782192434 0.743356308858 
12.6661505663 13.8782192434 0.743356308858 
13.1994192564 13.9193572963 -0.00672631097055 
13.1994192564 13.9193572963 -0.00672631097055 
13.5506088698 13.8773769105 0.327765843777 
13.7032732927 13.9248566593 0.539675720176 
13.862619158 14.0114126171 0.533782216002 
14.0316865408 14.0988192523 0.551609119125 
14.1818828547 14.180188414 0.577337963971 
14.3992639744 14.2902837361 0.659128424072 
14.5345196688 14.3862072195 1.10056344476 
14.5669039452 14.4304879273 1.1663384021 
14.6257426703 14.54373711 1.18890824183 
14.7057954037 14.6968590582 1.178112697 
14.8043531143 14.8872470821 1.16665596736 
14.8862326109 15.0453993941 1.17258511529 
14.9385513031 15.1495594422 1.04524194379 
15.0125127995 15.2644661556 0.659037422469 
15.094286617 15.3277302275 0.179286106926 
15.1140317285 15.346883815 -0.135525531058 
15.1360359752 15.3616282682 -0.497401698101 
15.185998615 15.3312355767 -0.543369201106 
15.2692949736 15.2679126191 -0.551961387937 
15.3334876263 15.218548788 -0.512541403993 
15.3937394583 15.1634463559 -0.138740882243 
15.4185465538 15.1400778631 0.152042642921 
15.4166410529 15.1299608762 0.300289988423 
15.4182392323 15.1282950754 0.328178329992 
15.4167360627 15.1423340181 0.110389127597 
15.4202693367 15.1673903877 -0.284307586377 
15.4233570361 15.1740465055 -0.403645401425 
15.4214212262 15.1723526085 -0.33458367961 
15.4218884968 15.171971936 -0.358021216275 
15.4159531557 15.1527613888 -0.0172014015761 
15.4322681391 15.1336896683 0.289880864428 
15.5637784564 15.1671608801 0.355622260479 
15.6888074988 15.203443371 0.354860571926 
15.8887518613 15.2603762916 0.355873022553 
15.9851235413 15.2873514446 0.349882185179 
16.0589118713 15.3078175748 0.350489989664 
16.0732115024 15.3118028382 0.353049950825 
16.0729823076 15.3115962113 0.355233602155 
16.0729715639 15.3115145008 0.354847196251 
16.0729714894 15.3114768753 0.354816600489 
16.0729232394 15.3114844377 0.355629847521 
16.0731352085 15.3115395347 0.351840968666 
16.0729671085 15.3114824111 0.35475790456 
16.0729623997 15.3114888782 0.355037243002 
16.0729190671 15.3114883343 0.35569693515 
16.0729676449 15.3114833424 0.354572810407 
16.0729593747 15.3114801014 0.354641894378 
16.0729057157 15.3114813084 0.355601219284 
16.0729548746 15.311483931 0.354692109941 
16.0729166233 15.3115144486 0.355614141975 
16.0731776321 15.3115755136 0.351039939377 
16.0731240326 15.3115555013 0.351808087868 
16.0729784482 15.3114784847 0.35392168095 
16.0729549789 15.311517332 0.354636702109 
16.0729823076 15.3115032951 0.353932828988 
16.0731264615 15.3115670795 0.351654917068 
16.0729867482 15.3115128169 0.353963466411 
16.073166784 15.3115688453 0.351004120925 
16.072888177 15.3114852498 0.355716472442 
16.0729227179 15.3114848847 0.354841048627 
16.0730918461 15.3115452642 0.351976009492 
16.0730896109 15.3115562762 0.351929523741 
16.0730896109 15.3115562762 0.351929523741 
