0.416960954666
0.358561038971
0.346261978149
0.375797986984
0.400582790375
0.415292978287
0.437823057175
0.292016983032
0.371840000153
0.446848869324
0.332545042038
0.357264995575
0.388099908829
0.287014961243
0.328311920166
0.386259078979
0.380038976669
0.279209136963
0.322869062424
0.293427944183
0.306698083878
0.344584226608
0.352565050125
0.361593008041
0.375321865082
0.340315818787
0.287533998489
0.359053850174
0.344283103943
0.259938001633
0.328056097031
0.367812156677
0.370507955551
0.332046985626
0.373270988464
0.355923175812
0.411810159683
0.33744597435
0.326332092285
0.35555100441
0.377487182617
0.35893201828
0.301646947861
0.342357873917
0.330429792404
0.423400163651
0.410876989365
0.385188817978
0.252006053925
0.321810007095
0.289072990417
0.29980301857
0.366864919662
0.350672960281
0.335456132889
0.351081132889
0.322232961655
0.36127614975
0.33419585228
0.3552069664
0.370788097382
0.326163053513
0.32306599617
0.420045852661
0.410953998566
0.508388996124
0.453345060349
0.401411771774
0.417964935303
0.316515922546
0.430593013763
0.410618066788
0.341723203659
0.360240936279
0.344017982483
0.483356952667
0.363315820694
0.389686107635
0.395151853561
0.332032203674
0.358179092407
0.363604068756
0.333909988403
0.31884598732
0.321096897125
0.319996118546
0.329741001129
0.317429065704
0.333354949951
0.309798002243
0.385527849197
0.361452102661
0.323298215866
0.323452949524
0.308188915253
0.290530920029
0.297744035721
0.280180931091
0.369103908539
0.403226137161
0.292891025543
0.381644010544
0.27622795105
0.251811027527
0.381916046143
0.287055969238
0.336493015289
0.248769044876
0.262989044189
0.328723907471
0.189404010773
0.254805088043
0.281188011169
0.223140954971
0.293558120728
0.304944038391
0.333741903305
0.35397195816
0.360301017761
0.316008090973
0.32547211647
0.36096906662
0.342441082001
0.318324804306
0.504215955734
0.37322807312
0.308605909348
0.34573507309
0.357345819473
0.372494935989
0.325495958328
0.289380073547
0.250077009201
0.242046117783
0.279647827148
0.463031053543
0.289518117905
0.318135976791
0.357161998749
0.324131011963
0.250250101089
0.325776100159
0.391731023788
0.306568145752
0.262022972107
0.228713989258
0.321754932404
0.384394168854
0.327647924423
0.446489095688
0.377281188965
0.350501060486
0.397393941879
0.404688119888
0.295609951019
0.281417131424
0.187624931335
0.23588514328
0.235190868378
0.255414009094
0.384019136429
0.391582012177
0.273183107376
0.329277992249
0.275437831879
0.293516874313
0.243950843811
0.283442974091
0.260718822479
0.299314022064
0.281763076782
0.294356822968
0.261680841446
0.243736028671
0.278053998947
0.298943042755
0.296890974045
0.325204849243
0.346206903458
0.305162906647
0.284194946289
0.273379087448
0.261204957962
0.307543039322
0.290242910385
0.359575033188
0.32052898407
0.370501995087
0.371374845505
0.494582891464
0.364109992981
0.406468153
0.363116979599
0.412532091141
0.346986055374
0.377515077591
0.269444942474
0.330406188965
0.338346004486
0.31982588768
0.367928028107
0.313256978989
0.329092979431
0.360612869263
0.314950942993
0.502607107162
0.461098909378
0.410748004913
0.443679094315
0.334925889969
0.421986103058
0.342303037643
0.335051059723
0.333029985428
0.377706050873
0.417941093445
0.288787126541
0.357043027878
0.345122098923
0.295646905899
0.36069393158
0.396987199783
0.361681938171
0.311340093613
0.394642829895
0.250824213028
0.269623994827
0.294352054596
0.365106105804
0.370836019516
0.35936999321
0.358448028564
0.284342050552
0.388550043106
0.310345888138
0.282236814499
0.284500837326
0.267997980118
0.291996955872
0.233835935593
0.276540994644
0.27316403389
0.333786964417
0.272793054581
0.290420055389
0.265606880188
0.269459962845
0.263478040695
0.280385017395
0.257086038589
0.35714507103
0.317013025284
0.252044916153
0.250338077545
0.225833177567
0.313944101334
0.277213096619
0.275310993195
0.285756111145
0.33357000351
0.256586074829
0.319422006607
0.320709943771
0.342951059341
0.409658193588
0.314655065536
0.32594704628
0.353223085403
0.309815168381
0.36767911911
0.358319997787
0.352267026901
0.366843938828
0.255713939667
0.334192991257
0.299226999283
0.286698818207
0.27733707428
0.367132902145
0.35639500618
0.319618940353
0.373291969299
0.332628965378
0.339735984802
0.381056070328
0.271672964096
0.288054943085
0.297976970673
0.335778951645
0.280630111694
0.309738874435
0.382946014404
0.330435037613
0.292649030685
0.285244226456
0.297034978867
0.343976974487
0.286370038986
0.290685176849
0.30775308609
0.288546085358
0.324797153473
0.339528083801
0.328253984451
0.333268165588
0.297021865845
0.318104982376
0.203660011292
0.319766998291
0.372466087341
0.32457613945
0.323875904083
0.332210063934
0.287065982819
0.336491107941
0.26388502121
0.342840194702
0.186412096024
0.34703207016
0.354218006134
0.332780122757
0.386804103851
0.319765090942
0.349442005157
0.379019021988
0.369471073151
0.360218048096
0.331977128983
0.357877969742
0.458640098572
0.364941120148
0.389986991882
0.287112951279
0.417944908142
0.466302156448
0.418423891068
0.389513969421
0.245314121246
0.355537176132
0.364797115326
0.348557949066
0.431077957153
0.402194023132
0.406219005585
0.377389907837
0.46450304985
0.518665075302
0.473335027695
0.424329996109
0.368219137192
0.379433870316
0.464942932129
0.512475013733
0.450026988983
0.475170135498
0.48805308342
0.46549987793
0.515305042267
0.486960887909
0.48632478714
0.41440320015
0.423877954483
0.422273159027
0.497766017914
0.434918165207
0.477849960327
0.400517940521
0.438886880875
0.511110782623
0.516904830933
0.44383597374
0.251386165619
0.387419939041
0.273642063141
0.407480955124
0.43350815773
0.376478910446
0.34822678566
0.352447032928
0.361530065536
0.386677026749
0.260847091675
0.283771038055
0.314893007278
0.345054864883
0.343233108521
0.302137851715
0.225234985352
0.287447214127
0.307641983032
0.359266042709
0.334842920303
0.346903085709
0.280040979385
0.233964920044
0.267654895782
0.297734975815
0.273178815842
0.315327167511
0.280898094177
0.378293037415
0.238425970078
0.273056983948
0.202291965485
0.259217977524
0.227900981903
0.241944074631
0.279523134232
0.267621040344
0.305129051208
0.343626022339
0.305125951767
0.260352134705
0.261653900146
0.290344953537
0.327824831009
0.294677019119
0.198637008667
0.302398920059
0.299608945847
0.370985984802
0.360895872116
0.36626291275
0.340232849121
0.37376499176
0.323659181595
0.310663938522
0.314982175827
0.327412128448
0.427092790604
0.340728998184
0.339039087296
0.367730140686
0.381443977356
0.349940061569
0.33579492569
0.31707406044
0.312127113342
0.420128107071
0.294110059738
0.297311067581
0.302311182022
0.407819032669
0.346947908401
0.277305841446
0.33132314682
0.307564973831
0.31338596344
0.327430009842
0.358527183533
0.304301977158
0.364180088043
0.264472961426
0.316617012024
0.24033498764
0.316341876984
0.325583934784
0.375080108643
0.366839885712
0.312477111816
0.311794042587
0.340161085129
0.393126010895
0.413943052292
0.331471920013
0.462577819824
0.386234998703
0.314383983612
0.357385873795
0.409232139587
0.350264072418
0.345299959183
0.405158996582
0.383556842804
0.363847970963
0.349087953568
0.330008029938
0.380557060242
0.337238073349
0.279021024704
0.319993972778
0.382663965225
0.319378137589
0.367854833603
0.394971132278
0.280709028244
