0.311383962631
0.340728998184
0.305047035217
0.316588163376
0.34105014801
0.286526203156
0.31830906868
0.345582008362
0.313664913177
0.323693990707
0.32125711441
0.272447109222
0.337280988693
0.295924901962
0.390806913376
0.334280014038
0.373383045197
0.314807891846
0.295652866364
0.270348072052
0.275244951248
0.274384021759
0.28204703331
0.281155824661
0.26783490181
0.371117115021
0.225157976151
0.247037172318
0.25931596756
0.297129869461
0.275262117386
0.247279167175
0.292327880859
0.350598812103
0.279576063156
0.287157058716
0.307415008545
0.313167095184
0.335608005524
0.288203954697
0.292787075043
0.277158975601
0.273887872696
0.299340009689
0.303054094315
0.296855926514
0.290068149567
0.313956975937
0.276677846909
0.261471986771
0.269826173782
0.283822059631
0.320790052414
0.284005880356
0.329450845718
0.313124895096
0.301514863968
0.228662967682
0.221642971039
0.3010160923
0.344603061676
0.270971059799
0.328364133835
0.269992828369
0.278053045273
0.388685941696
0.350505828857
0.277752876282
0.348447084427
0.339443922043
0.268843889236
0.367999792099
0.339389801025
0.235916137695
0.225650072098
0.311713933945
0.313172101974
0.280087947845
0.28795003891
0.285061836243
0.271370887756
0.323583126068
0.281152963638
0.316077947617
0.357501029968
0.327263832092
0.339884996414
0.293935060501
0.401329994202
0.375888109207
0.317994832993
0.250689029694
0.284004926682
0.300406932831
0.321088075638
0.332169055939
0.355398893356
0.352076053619
0.285393953323
0.370668888092
0.386923074722
0.305578947067
0.309299230576
0.519748926163
0.42303609848
0.292804002762
0.260541200638
0.391701936722
0.320698976517
0.287220954895
0.296462059021
0.323188066483
0.263005018234
0.232713937759
0.267013072968
0.267951011658
0.338935136795
0.362837076187
0.231613874435
0.239036083221
0.259567022324
0.318088054657
0.316164016724
0.277619838715
0.251908063889
0.268942117691
0.197906017303
0.24866104126
0.33690905571
0.277298927307
0.334177970886
0.302857875824
0.255587100983
0.320990085602
0.283712863922
0.275146007538
0.333560943604
0.374019861221
0.364104986191
0.379216909409
0.324798822403
0.380657911301
0.327466964722
0.280604839325
0.301738023758
0.249825000763
0.246325016022
0.280868053436
0.326018095016
0.31672000885
0.298884868622
0.311162948608
0.287245035172
0.329514980316
0.340434074402
0.304076910019
0.383519887924
0.372489929199
0.2012591362
0.285444021225
0.361994981766
0.321235895157
0.355402946472
0.325987815857
0.380377054214
0.326333999634
0.337148189545
0.283653020859
0.239072084427
0.319849967957
0.329571008682
0.285061120987
0.303265094757
0.26616692543
0.280376911163
0.246985912323
0.259605884552
0.271770954132
0.303560972214
0.288618087769
0.260047912598
0.263113975525
0.242648839951
0.309932947159
0.270785093307
0.27374792099
0.253268003464
0.272270917892
0.258645057678
0.236508131027
0.292743206024
0.296712875366
0.307396888733
0.279047966003
0.233135938644
0.337468862534
0.320816040039
0.305859088898
0.335410118103
0.274101018906
0.273462057114
0.315611124039
0.340996026993
0.357571125031
0.284519910812
0.34560084343
0.350503921509
0.33814907074
0.365274190903
0.319241046906
0.376775026321
0.285430192947
0.269052028656
0.308938980103
0.301385164261
0.327230930328
0.339176893234
0.347160816193
0.292364120483
0.363950014114
0.3386759758
0.334756851196
0.356618881226
0.374902009964
0.330482006073
0.383644104004
0.396198034286
0.339473009109
0.327844142914
0.345616102219
0.332043886185
0.319473028183
0.433200120926
0.383754014969
0.308541059494
0.30826997757
0.331686973572
0.342612981796
0.33759188652
0.37953209877
0.314046859741
0.347997903824
0.30206489563
0.318389177322
0.319253921509
0.330584049225
0.321885108948
0.434236049652
0.424820899963
0.369697809219
0.292932987213
0.308210849762
0.418635129929
0.331560850143
0.473150968552
0.319113969803
0.258881092072
0.299057006836
0.228118896484
0.271359920502
0.289274930954
0.266816139221
0.266880989075
0.303175926208
0.270096063614
0.308000087738
0.237584114075
0.240121841431
0.310689926147
0.232877969742
0.337942838669
0.28338098526
0.270115852356
0.256576776505
0.253602981567
0.325777053833
0.313153028488
0.313297986984
0.304836034775
0.356317996979
0.342592000961
0.309214115143
0.357897996902
0.281089067459
0.395977973938
0.334331035614
0.299729824066
0.337465047836
0.318057060242
0.346584796906
0.317018985748
0.32547211647
0.347562074661
0.319189071655
0.385574817657
0.307051181793
0.356945037842
0.344522953033
0.299372911453
0.371063947678
0.463785886765
0.35001707077
0.356469869614
0.47553396225
0.365699052811
0.416353940964
0.408046960831
0.478672981262
0.453629970551
0.374428033829
0.36779499054
0.338350057602
0.29348897934
0.289816856384
0.294127941132
0.284265995026
0.24982380867
0.320137023926
0.243646144867
0.24436712265
0.275559902191
0.157350063324
0.293463945389
0.402524232864
0.282926082611
0.353360891342
0.327648878098
0.383006095886
0.267718791962
0.29688501358
0.319852113724
0.337615013123
0.363358020782
0.333960056305
0.288480997086
0.354243993759
0.391880989075
0.354971885681
0.306986808777
0.323694944382
0.359790086746
0.380558013916
0.328086853027
0.295964002609
0.315149068832
0.302513837814
0.23763012886
0.336505174637
0.244807958603
0.3236079216
0.234816074371
0.331658840179
0.330229997635
0.303375005722
0.287284851074
0.317179203033
0.336499929428
0.296555995941
0.339766979218
0.346348047256
0.325265884399
0.353291988373
0.334979057312
0.333505153656
0.37440776825
0.375440120697
0.30220913887
0.305066108704
0.348917007446
0.349675893784
0.353357076645
0.373960971832
0.346957921982
0.358641147614
0.38034081459
0.300622940063
0.37681889534
0.360695123672
0.319980144501
0.298384189606
0.359171152115
0.38053894043
0.315798044205
0.238885879517
0.29657793045
0.355891942978
0.355978012085
0.436170101166
0.340225934982
0.354511022568
0.351942062378
0.360957860947
0.340303897858
0.374094963074
0.416091918945
0.356689929962
0.344324827194
0.333404064178
0.346688985825
0.394572973251
0.302615880966
0.380967140198
0.343331098557
0.330358028412
0.30949306488
0.349125862122
0.259959936142
0.305099010468
0.299925804138
0.338279008865
0.261586904526
0.289942979813
0.198427200317
0.299246072769
0.306483030319
0.293550014496
0.300478219986
0.288529872894
0.288745880127
0.250573158264
0.258903026581
0.285346984863
0.273748874664
0.25243806839
0.252077102661
0.285953044891
0.24494600296
0.294746875763
0.231989145279
0.275720834732
0.180737018585
0.209109067917
0.286076068878
0.246430158615
0.315143108368
0.262563943863
0.270750999451
0.263685941696
0.260333061218
0.278404951096
0.290306091309
0.387924909592
0.274478912354
0.309770822525
0.337676048279
0.355189085007
0.318603992462
0.372870922089
0.326955080032
0.406332969666
0.291323900223
0.338576793671
0.34163403511
0.360527038574
0.37589097023
0.402647972107
0.299895048141
0.385442972183
0.370207071304
0.329787015915
0.390182971954
0.338126182556
0.322954893112
0.313452959061
0.337318897247
0.30732011795
0.266803026199
0.295773029327
0.317435979843
0.248522043228
0.301296949387
0.280074834824
0.29415678978
0.296258926392
0.277188062668
0.335187911987
0.295734882355
0.338687896729
0.298623800278
0.367074012756
0.304254055023
0.350309848785
0.330947160721
0.306406974792
0.38473200798
0.356034994125
0.341578006744
0.298697948456
0.323088169098
0.335139036179
0.353559970856
0.351099014282
0.389297962189
0.310373067856
0.345591783524
0.415859937668
0.316827774048
0.405887842178
0.323328018188
0.379447937012
0.392973899841
0.391134023666
0.308617830276
0.437834978104
0.328922986984
0.380963802338
0.335000991821
0.326788187027
0.367178201675
0.37864613533
0.375048875809
0.318161010742
