0.381101131439
0.374941825867
0.363362073898
0.27065205574
0.276385068893
0.308561086655
0.292146921158
0.277163982391
0.317463159561
0.288334846497
0.31255197525
0.3104159832
0.298902988434
0.327162027359
0.309114933014
0.337765216827
0.272431850433
0.324769973755
0.359457015991
0.331614017487
0.368277072906
0.492871999741
0.475539922714
0.430594921112
0.359342098236
0.252952098846
0.277319192886
0.29322719574
0.250405073166
0.28000497818
0.331809997559
0.242855072021
0.37587594986
0.341951131821
0.476213932037
0.414336204529
0.563669204712
0.386016130447
0.469302177429
0.439519166946
0.33849811554
0.484889984131
0.605187177658
0.493168830872
0.510949134827
0.511739969254
0.526888132095
0.415933132172
0.316490888596
0.463687896729
0.325474023819
0.396544933319
0.447962999344
0.399502038956
0.450487852097
0.387670993805
0.447474956512
0.417759895325
0.31168794632
0.369879007339
0.37327003479
0.264819860458
0.396322965622
0.334753990173
0.415605068207
0.364933013916
0.372488975525
0.311594963074
0.301640987396
0.388279914856
0.29710483551
0.316259860992
0.364879131317
0.341104984283
0.330085992813
0.294754981995
0.378194093704
0.315464019775
0.309508085251
0.26118683815
0.29504108429
0.303843021393
0.350049972534
0.31938791275
0.328990221024
0.328662157059
0.420253992081
0.390251159668
0.480879068375
0.421159982681
0.507089853287
0.463069915771
0.427094936371
0.353619813919
0.379137992859
0.438248157501
0.383484125137
0.330939054489
0.306618928909
0.404865980148
0.301479101181
0.308849096298
0.316773891449
0.317461967468
0.284889936447
0.327658891678
0.36475110054
0.285573959351
0.341696023941
0.254897117615
0.315116167068
0.29635310173
0.382429838181
0.277347803116
0.305622816086
0.337181091309
0.328135967255
0.345212936401
0.369801044464
0.383675098419
0.364506006241
0.36268901825
0.308746099472
0.439887046814
0.328998088837
0.344975948334
0.371945142746
0.262089967728
0.344166040421
0.339364051819
0.319473981857
0.344506978989
0.464786052704
0.346004009247
0.310009002686
0.338364839554
0.359167814255
0.39229798317
0.40106511116
0.343605041504
0.253885984421
0.151721000671
0.290745973587
0.389378070831
0.368338108063
0.455840110779
0.386996030807
0.315604925156
0.402664899826
0.363396883011
0.304336071014
0.405505180359
0.324982881546
0.290272951126
0.292071819305
0.30459189415
0.283696889877
0.305507898331
0.304749965668
0.298543930054
0.334884166718
0.378150939941
0.27759718895
0.356212854385
0.322555780411
0.340945005417
0.270267009735
0.338693141937
0.321211099625
0.289087057114
0.40326499939
0.333925008774
0.273537158966
0.342076063156
0.34667801857
0.320484876633
0.382349014282
0.344691038132
0.315437078476
0.346884012222
0.382004976273
0.319162130356
0.294597864151
0.404823064804
0.442154884338
0.292654037476
0.38086104393
0.352948904037
0.427138090134
0.397300004959
0.330348968506
0.25804400444
0.331263065338
0.323719978333
0.383082866669
0.341327905655
0.394344806671
0.279533863068
0.36980009079
0.386188030243
0.430110931396
0.393980979919
0.347923994064
0.465198040009
0.322990894318
0.314985990524
0.379204034805
0.378143072128
0.448389053345
0.395537137985
0.373753070831
0.450397014618
0.302604913712
0.362958192825
0.298262834549
0.369168043137
0.369381189346
0.41508603096
0.314787149429
0.356183052063
0.316499948502
0.350561141968
0.355923891068
0.373528957367
0.427019119263
0.393985033035
0.370100975037
0.393367052078
0.339378118515
0.344331026077
0.33961391449
0.21760892868
0.30873799324
0.356896877289
0.297504901886
0.302082061768
0.348434925079
0.379854917526
0.372073888779
0.382359027863
0.332904100418
0.323845863342
0.326635122299
0.226440906525
0.316418170929
0.302491188049
0.292550086975
0.342242002487
0.376982927322
0.299465894699
0.337397098541
0.440890073776
0.332537174225
0.250977039337
0.398901939392
0.372796058655
0.434192895889
0.30558514595
0.550148963928
0.467835903168
0.51377415657
0.552021026611
0.510567903519
0.497070074081
0.566277980804
0.476806879044
0.523733854294
0.580307006836
0.481312990189
0.474575996399
0.466480016708
0.354957818985
0.524955034256
0.503306865692
0.588215112686
0.547761917114
0.45995092392
0.494688987732
0.448933124542
0.45145201683
0.445397853851
0.417897224426
0.465431928635
0.488181829453
0.409651994705
0.276068925858
0.466553926468
0.415984153748
0.439025878906
0.443233013153
0.380707979202
0.295449972153
0.427787065506
0.326668024063
0.443089008331
0.449248075485
0.393075942993
0.44761300087
0.38006401062
0.36333489418
0.41334605217
0.420830011368
0.494361162186
0.471080064774
0.502691984177
0.539794921875
0.484174013138
0.437047958374
0.401953935623
0.512318849564
0.541911840439
0.562950849533
0.534590959549
0.44340801239
0.43115401268
0.49235701561
0.418446063995
0.40248298645
0.347666025162
0.434107780457
0.383641004562
0.407341957092
0.477847099304
0.414062023163
0.412917137146
0.444075107574
0.44410610199
0.395712137222
0.428061008453
0.406628131866
0.468891859055
0.290621995926
0.395604133606
0.48935008049
0.323140859604
0.504327058792
0.43866109848
0.482378959656
0.455057859421
0.412349939346
0.715643167496
0.579038858414
0.454295873642
0.387881994247
0.555853128433
0.485350131989
0.54824590683
0.55783700943
0.530347108841
0.481647968292
0.374662160873
0.347718954086
0.463856935501
0.400312900543
0.339590072632
0.359119176865
0.210031032562
0.375643014908
0.41224193573
0.48575592041
0.342611074448
0.457188844681
0.363828897476
0.338190078735
0.256170034409
0.252228021622
0.291354894638
0.399290084839
0.338464975357
0.380624055862
0.283187150955
0.324803829193
0.291241884232
0.267409086227
0.315644025803
0.372515916824
0.332856893539
0.350837945938
0.317238092422
0.340512037277
0.268571853638
0.371788978577
0.363353013992
0.317770004272
0.385893106461
0.371623039246
0.448859930038
0.444535970688
0.28010892868
0.342876195908
0.371828079224
0.398360013962
0.321671962738
0.30016207695
0.444562911987
0.39180803299
0.330907821655
0.386003017426
0.367647171021
0.389256954193
0.313534975052
0.38015294075
0.302623033524
0.27387714386
0.26300907135
0.36162686348
0.436058044434
0.360505104065
0.303295135498
0.427661895752
0.437041044235
0.583778142929
0.489981889725
0.355653047562
0.41726398468
0.464440107346
0.344368934631
0.358527898788
0.404141902924
0.327409982681
0.380439996719
0.340087890625
0.442183017731
0.29160785675
0.410135984421
0.455065965652
0.511000871658
0.444892168045
0.447141885757
0.452821016312
0.405081987381
0.354936122894
0.441979885101
0.315184831619
0.608356952667
0.417260169983
0.484442949295
0.493590116501
0.377067089081
0.414680957794
0.362824201584
0.357451915741
0.427536010742
0.372133970261
