0.321137189865
0.319617986679
0.341098070145
0.343600034714
0.264422178268
0.356809139252
0.281671047211
0.328262090683
0.360815048218
0.28503203392
0.369099140167
0.40270614624
0.361553907394
0.370558023453
0.364884853363
0.272262096405
0.336813926697
0.375422954559
0.356523036957
0.294221878052
0.347029924393
0.325842142105
0.33579993248
0.336745023727
0.357235193253
0.315406084061
0.260433912277
0.349362134933
0.336059093475
0.272076129913
0.323137998581
0.31426692009
0.299165964127
0.344529151917
0.361820936203
0.310086011887
0.385413885117
0.305708885193
0.369704008102
0.380396127701
0.341722011566
0.293426990509
0.394087076187
0.386630058289
0.312784910202
0.333476066589
0.372822999954
0.33642411232
0.293396949768
0.352282047272
0.28634095192
0.355935096741
0.316323041916
0.383370161057
0.359805107117
0.351803064346
0.363982200623
0.324100017548
0.226497888565
0.299032926559
0.345292806625
0.308879137039
0.332915067673
0.33932518959
0.332382202148
0.268476009369
0.357208013535
0.302571058273
0.316824913025
0.360571861267
0.33093380928
0.33655500412
0.370997905731
0.313226938248
0.339161157608
0.294708013535
0.318057060242
0.335510969162
0.326956033707
0.347711086273
0.353230953217
0.407773017883
0.341310977936
0.349012136459
0.355344057083
0.376031160355
0.34575510025
0.340922832489
0.288101196289
0.310434103012
0.329403877258
0.279932975769
0.335770845413
0.365875959396
0.307008981705
0.360289096832
0.353055000305
0.385909080505
0.313637018204
0.32297205925
0.291964054108
0.416735887527
0.43590593338
0.338330984116
0.270828962326
0.30794095993
0.35208106041
0.301473140717
0.30470085144
0.26224899292
0.300721883774
0.280731916428
0.271332025528
0.267363071442
0.289080142975
0.299395084381
0.245995998383
0.269455909729
0.322098016739
0.271821022034
0.296630859375
0.262799024582
0.31386089325
0.301673173904
0.367578983307
0.277926921844
0.277301073074
0.310404062271
0.303191900253
0.267319202423
0.320749998093
0.354121923447
0.327889919281
0.30753993988
0.286962032318
0.303563117981
0.301848173141
0.414664030075
0.294635057449
0.310194015503
0.30154299736
0.260164022446
0.267687082291
0.363888025284
0.313601970673
0.333261966705
0.341865062714
0.349107980728
0.304774999619
0.324956893921
0.322014093399
0.288423061371
0.335677146912
0.217838048935
0.323324918747
0.341086864471
0.362175941467
0.415952920914
0.372120141983
0.240556955338
0.29580783844
0.331485033035
0.326044082642
0.253579854965
0.381687164307
0.294338941574
0.222845077515
0.287969827652
0.318675041199
0.290102005005
0.283771038055
0.276684045792
0.333709001541
0.297564983368
0.315038919449
0.258168935776
0.290910005569
0.287771940231
0.287861824036
0.269411802292
0.298182010651
0.265336036682
0.305238008499
0.297802209854
0.22946190834
0.279226064682
0.315985918045
0.261682987213
0.325208902359
0.273639917374
0.232235908508
0.326831102371
0.261904001236
0.313327074051
0.357460975647
0.384479045868
0.317749023438
0.233869075775
0.221262931824
0.363790035248
0.36293721199
0.387815952301
0.338542938232
0.360861063004
0.351493835449
0.385792016983
0.384976148605
0.349773168564
0.372902870178
0.394173145294
0.377614021301
0.251708030701
0.356076955795
0.264847993851
0.287799119949
0.38102889061
0.386923074722
0.441972017288
0.339453935623
0.35985994339
0.291730880737
0.313066005707
0.438513994217
0.325171947479
0.424211978912
0.34561085701
0.406136989594
0.316999912262
0.33940410614
0.330916166306
0.3924472332
0.333841085434
0.349606990814
0.389712095261
0.26294708252
0.26756310463
0.352211952209
0.373589992523
0.361010074615
0.30123090744
0.357024908066
0.393126964569
0.266440868378
0.290171861649
0.307838916779
0.390114068985
0.313766002655
0.2865858078
0.285267114639
0.282438993454
0.363682031631
0.299551963806
0.25123500824
0.297837972641
0.31928896904
0.296878814697
0.314785003662
0.299901008606
0.267335891724
0.303749084473
0.253778219223
0.312978982925
0.240593910217
0.240597009659
0.259701013565
0.251775026321
0.239520072937
0.204025030136
0.223128080368
0.263726949692
0.249104976654
0.256863832474
0.306373119354
0.294634819031
0.278399944305
0.343406915665
0.357570886612
0.304488897324
0.289916992188
0.363956928253
0.384989023209
0.329212903976
0.363343000412
0.344121932983
0.312838792801
0.361065149307
0.351483106613
0.31131696701
0.336339950562
0.329787969589
0.35736489296
0.331248044968
0.378148078918
0.44691991806
0.387129068375
0.304518938065
0.508809089661
0.477833986282
0.418817043304
0.522125005722
0.513087034225
0.440549850464
0.37201499939
0.46061706543
0.506152153015
0.363888978958
0.372096061707
0.285588026047
0.38047003746
0.35299706459
0.370619058609
0.282873868942
0.228854894638
0.330608844757
0.251324892044
0.287001132965
0.328256130219
0.295598983765
0.272270917892
0.343950033188
0.287135124207
0.45022892952
0.264204025269
0.277503967285
0.255167961121
0.287704944611
0.372357845306
0.471990823746
0.31437087059
0.345870018005
0.327594041824
0.391331911087
0.291511058807
0.329930067062
0.332643985748
0.343490123749
0.418552875519
0.313460111618
0.305917978287
0.310665130615
0.273347139359
0.291074991226
0.288308143616
0.258422136307
0.263178110123
0.299597978592
0.29807806015
0.333313941956
0.309906005859
0.359755039215
0.29842209816
0.476783037186
0.342887878418
0.415961027145
0.390794992447
0.334626913071
0.449208974838
0.429644107819
0.421377897263
0.352871894836
0.333250999451
0.337740182877
0.400053024292
0.38290810585
0.376947879791
0.307435035706
0.359350919724
0.423238039017
0.353379964828
0.447642803192
0.353801012039
0.309528827667
0.334053039551
0.292376995087
0.356971025467
0.283535003662
0.281476974487
0.31599187851
0.384649991989
0.33617401123
0.346952915192
0.398421049118
0.43301320076
0.365653991699
0.38808298111
0.452423810959
0.355401992798
0.366981983185
0.358882904053
0.401862859726
0.381202936172
0.364259004593
0.349666118622
0.339234113693
0.268386125565
0.327467918396
0.25975894928
0.30249786377
0.30600810051
0.362486124039
0.320641994476
0.328037023544
0.434547185898
0.31253194809
0.319128990173
0.357280015945
0.257448911667
0.273672103882
0.251239061356
0.239786148071
0.420787096024
0.257345914841
0.396461963654
0.349172115326
0.322712182999
0.326256036758
0.251415014267
0.331017017365
0.240303993225
0.268174886703
0.305443048477
0.243830919266
0.250290870667
0.344530105591
0.266587972641
0.248747110367
0.314764976501
0.296258926392
0.246421098709
0.289711952209
0.34467792511
0.240237951279
0.379906892776
0.285929918289
0.318064928055
0.346740007401
0.421895980835
0.3072681427
0.40268611908
0.328016042709
0.458041906357
0.478223085403
0.298846006393
0.353343009949
0.348984956741
0.342605113983
0.370171785355
0.319786071777
0.313142061234
0.396790027618
0.339545965195
0.334782838821
0.300876140594
0.297700881958
0.275658130646
0.303188085556
0.276518821716
0.33110499382
0.318280935287
0.309314012527
0.343606948853
0.304228067398
0.292941093445
0.291020870209
0.47295999527
0.270442962646
0.334663152695
0.36976313591
0.350304841995
0.467657089233
0.332188844681
0.371207952499
0.35916686058
0.342432975769
0.347808837891
0.354709863663
0.296630144119
0.430023193359
0.295216798782
0.414189100266
0.359346151352
0.360915184021
0.310706853867
0.359748125076
0.282413005829
0.397534132004
0.345633029938
0.394038200378
0.376412153244
0.401039838791
0.343993902206
0.307075023651
0.29470205307
0.324914932251
0.433005094528
0.37347817421
0.342643022537
0.334509134293
0.444871902466
0.37034201622
