0.320621967316
0.267004013062
0.33135008812
0.382941961288
0.349224805832
0.346079111099
0.367902040482
0.321074962616
0.318197011948
0.336317062378
0.278451919556
0.346721887589
0.292428970337
0.310144901276
0.330486059189
0.350826978683
0.358289957047
0.407469034195
0.307376146317
0.332416057587
0.268936157227
0.342508077621
0.287384033203
0.311841011047
0.3216381073
0.246196985245
0.26571893692
0.317184925079
0.244706869125
0.291372060776
0.336637020111
0.348394870758
0.238821983337
0.212759017944
0.229960918427
0.296356916428
0.284814119339
0.291563034058
0.312674999237
0.29322385788
0.282207965851
0.326425790787
0.279644012451
0.284303188324
0.436388015747
0.374950885773
0.369585037231
0.25751209259
0.445056915283
0.376322984695
0.387432098389
0.446978092194
0.459360122681
0.432110071182
0.369956970215
0.374073028564
0.384915828705
0.419445991516
0.444939136505
0.402173995972
0.504734992981
0.369988918304
0.468086957932
0.410085916519
0.380254030228
0.404153823853
0.449259996414
0.325531959534
0.379866838455
0.345471143723
0.464184999466
0.321254968643
0.358323097229
0.344472169876
0.337459802628
0.300019979477
0.319698095322
0.337368011475
0.196561813354
0.240062952042
0.262824058533
0.250890016556
0.264631986618
0.227924823761
0.257071018219
0.198458909988
0.341012954712
0.298957109451
0.32010102272
0.375021934509
0.339484214783
0.338994026184
0.405735969543
0.553043842316
0.416594982147
0.466863155365
0.390769004822
0.29469203949
0.312696933746
0.414793968201
0.32294011116
0.284220933914
0.367313146591
0.281562805176
0.250506162643
0.289068937302
0.285617828369
0.360310077667
0.288686037064
0.258166074753
0.288316011429
0.282778978348
0.207778930664
0.315380096436
0.319204092026
0.276425123215
0.281597852707
0.258655071259
0.236327886581
0.340615034103
0.320247888565
0.384046077728
0.292093992233
0.321464776993
0.374021053314
0.434948921204
0.312224149704
0.39543390274
0.467278957367
0.403092861176
0.37405705452
0.369048118591
0.376540899277
0.369104146957
0.447182893753
0.482707023621
0.267184019089
0.382245063782
0.4083340168
0.349280118942
0.485574960709
0.398026943207
0.390679836273
0.377687931061
0.396163225174
0.507176876068
0.368886947632
0.430469989777
0.499264001846
0.56555390358
0.412659168243
0.352921009064
0.416205883026
0.345084905624
0.390053987503
0.380917072296
0.315441131592
0.273108005524
0.410058021545
0.479307889938
0.355029821396
0.503875017166
0.286721944809
0.283676862717
0.32252907753
0.38972401619
0.291576862335
0.350046873093
0.250632047653
0.294600963593
0.366982936859
0.383395910263
0.236293077469
0.240043878555
0.211213111877
0.304826021194
0.45330119133
0.343052864075
0.250371932983
0.395308017731
0.39063000679
0.32670211792
0.371509075165
0.364325046539
0.395578145981
0.331769943237
0.485691070557
0.450279951096
0.453022003174
0.445837974548
0.34335398674
0.311467885971
0.288650989532
0.382826089859
0.346267223358
0.29080581665
0.34928393364
0.379678010941
0.312660932541
0.354415893555
0.300868988037
0.403890132904
0.298891782761
0.395792961121
0.273301839828
0.317645788193
0.337786197662
0.350146055222
0.301167011261
0.341906785965
0.368279933929
0.30398106575
0.321119070053
0.33536195755
0.326379060745
0.229610204697
0.280842781067
0.328240871429
0.303171157837
0.353368997574
0.367097854614
0.289644002914
0.287616014481
0.355367898941
0.295861005783
0.338984966278
0.313905000687
0.387787818909
0.305230855942
0.361688137054
0.379680156708
0.318030834198
0.272813081741
0.323709964752
0.297902107239
0.358319997787
0.277525186539
0.271661043167
0.264099836349
0.273840904236
0.286242008209
0.312111854553
0.243447065353
0.277160167694
0.268327951431
0.35870718956
0.275615930557
0.294961929321
0.277430057526
0.359980106354
0.398017883301
0.26291680336
0.238173007965
0.285685062408
0.307829856873
0.294193983078
0.390624046326
0.304988145828
0.303447008133
0.319097995758
0.285717964172
0.292970895767
0.340428113937
0.313204050064
0.338803052902
0.225285053253
0.282580852509
0.310726165771
0.32227396965
0.306223869324
0.313018083572
0.35011100769
0.355674028397
0.295400857925
0.391269207001
0.387124061584
0.285883903503
0.335910797119
0.470626115799
0.318218946457
0.329869031906
0.35412311554
0.28471493721
0.28596496582
0.334939956665
0.328658103943
0.328187942505
0.252873897552
0.31115603447
0.288456916809
0.286134004593
0.289186000824
0.340773105621
0.325796842575
0.275031805038
0.298011064529
0.321815013885
0.356647014618
0.341752052307
0.292309999466
0.295923948288
0.317449092865
0.387512922287
0.406645059586
0.265925884247
0.306309938431
0.26301908493
0.351629972458
0.242443084717
0.279086112976
0.345537900925
0.337692022324
0.384995937347
0.366178035736
0.330933094025
0.337836027145
0.292395114899
0.387515068054
0.367619991302
0.410526037216
0.283338069916
0.263733863831
0.347365856171
0.26878118515
0.321533918381
0.286954164505
0.349342823029
0.417774915695
0.33452296257
0.349583864212
0.335047960281
0.377533912659
0.285648822784
0.288650035858
0.318335056305
0.294947147369
0.349776029587
0.307615041733
0.318545818329
0.301595211029
0.362435102463
0.349508047104
0.424423933029
0.381149053574
0.362497806549
0.347059011459
0.388386964798
0.383121967316
0.365732908249
0.389961957932
0.37490105629
0.35785984993
0.402754068375
0.403488874435
0.368493080139
0.390064001083
0.335345029831
0.441405057907
0.377283096313
0.333764076233
0.279099941254
0.378515958786
0.43590092659
0.269965171814
0.351120948792
0.393600940704
0.359592914581
0.325309991837
0.346309900284
0.396306991577
0.372044086456
0.25132894516
0.348253011703
0.376798152924
0.375434875488
0.391067028046
0.295490980148
0.335230112076
0.338017940521
0.373249053955
0.3411860466
0.369061946869
0.307039022446
0.395818948746
0.280184984207
0.353136062622
0.350960016251
0.319957971573
0.352112054825
0.382395029068
0.317520856857
0.348041057587
0.339953184128
0.311242103577
0.252812147141
0.236274003983
0.299896001816
0.273340940475
0.363415002823
0.292922019958
0.254916191101
0.309151887894
0.271948814392
0.263157844543
0.283459186554
0.209542036057
0.259860992432
0.262140989304
0.229285001755
0.218049049377
0.299515008926
0.249583005905
0.217597007751
0.25509595871
0.217055082321
0.22726392746
0.301311016083
0.318058013916
0.286041021347
0.325352907181
0.249043941498
0.324368000031
0.340769052505
0.345765113831
0.302103996277
0.314162969589
0.288547039032
0.363746881485
0.366291046143
0.395051956177
0.344075918198
0.266273021698
0.297914028168
0.329904079437
0.240858078003
0.300846099854
0.321363210678
0.356770992279
0.277820825577
0.287921190262
0.304460048676
0.312036037445
0.412768125534
0.370456933975
0.278124809265
0.341943025589
0.33654499054
0.34773015976
0.31406211853
0.360540866852
0.318958997726
0.354857206345
0.371155023575
0.296833992004
0.35942196846
0.32797908783
0.291213989258
0.330696105957
0.39714384079
0.334370851517
0.311723947525
0.333434104919
0.334311962128
0.368686914444
0.321633815765
0.270832061768
0.243950843811
0.394628047943
0.366847991943
0.30829501152
0.403682947159
0.388010025024
0.350407123566
0.323520898819
0.40682387352
0.366420984268
0.433093070984
0.300736188889
0.344342947006
0.358384847641
0.317963123322
0.366409063339
0.381791114807
0.316897153854
0.39638209343
0.34125995636
0.405250787735
0.336380004883
0.408189058304
0.391268014908
0.334243059158
0.357059001923
0.368406057358
0.347590923309
0.334888935089
