0.390599966049
0.370633840561
0.312110185623
0.386991024017
0.402447938919
0.321425914764
0.297179937363
0.319915056229
0.31703710556
0.365889072418
0.307001829147
0.351283073425
0.309653997421
0.315722942352
0.337350130081
0.340416908264
0.317121982574
0.357268095016
0.386445999146
0.261059999466
0.294156074524
0.351012945175
0.347276926041
0.392539024353
0.360499858856
0.493901014328
0.419987201691
0.405951976776
0.53705906868
0.30907702446
0.337175130844
0.272316932678
0.435938119888
0.424648046494
0.354575872421
0.401069879532
0.476874113083
0.423923969269
0.467482089996
0.399636983871
0.528324842453
0.450340032578
0.364284038544
0.423757076263
0.416940927505
0.385099172592
0.355844974518
0.315041065216
0.277608156204
0.365029096603
0.441998004913
0.414089918137
0.422957897186
0.451086044312
0.406810045242
0.327794075012
0.301533937454
0.382484912872
0.282895803452
0.347297906876
0.310335874557
0.368312835693
0.34309720993
0.339538097382
0.337249994278
0.347887992859
0.369270086288
0.25239610672
0.320207834244
0.340965032578
0.331254005432
0.294185876846
0.350510120392
0.346336126328
0.339272975922
0.297139167786
0.300616979599
0.299748897552
0.304147958755
0.323110103607
0.348372936249
0.430751800537
0.308692932129
0.41752910614
0.372282981873
0.291068077087
0.3959171772
0.408352136612
0.313297986984
0.313836097717
0.412157773972
0.419523954391
0.356694936752
0.30269408226
0.290209054947
0.341187000275
0.285323143005
0.353447914124
0.312180042267
0.302262067795
0.339006900787
0.314296960831
0.275956869125
0.281738042831
0.262320995331
0.342666864395
0.276762962341
0.309044837952
0.301224946976
0.29793381691
0.324154138565
0.337363004684
0.250602960587
0.235024929047
0.2904920578
0.245313882828
0.225566148758
0.272397041321
0.277178049088
0.286259889603
0.343300104141
0.41551399231
0.290573120117
0.312960863113
0.368613958359
0.316804885864
0.361340999603
0.321433067322
0.329129934311
0.43240904808
0.36674785614
0.421121835709
0.348541975021
0.394344091415
0.339596033096
0.325927972794
0.311119794846
0.395672082901
0.321151971817
0.368859052658
0.351516962051
0.320463895798
0.396688938141
0.368726015091
0.270691871643
0.336251020432
0.377794981003
0.298835992813
0.396713972092
0.341098070145
0.3546230793
0.343712091446
0.364241123199
0.410526990891
0.329435825348
0.299168109894
0.367473840714
0.305354118347
0.200383901596
0.433987140656
0.316854953766
0.320343017578
0.271333932877
0.257635116577
0.3005900383
0.297171115875
0.347887992859
0.264494180679
0.270056009293
0.26469707489
0.296164035797
0.267310142517
0.249570131302
0.334699869156
0.25256896019
0.332818984985
0.306131839752
0.269523859024
0.294518947601
0.29358792305
0.306147098541
0.280771970749
0.253348112106
0.287350177765
0.332243919373
0.336010932922
0.33390212059
0.326832056046
0.344577074051
0.37468290329
0.357084035873
0.384711027145
0.371713161469
0.350526094437
0.375721931458
0.374679088593
0.290514945984
0.308526992798
0.396934986115
0.467201948166
0.401307821274
0.350118875504
0.406589984894
0.382076025009
0.388818025589
0.380393981934
0.394950151443
0.293924093246
0.393373012543
0.365778923035
0.32790517807
0.333107948303
0.473691940308
0.363232851028
0.353447914124
0.390918970108
0.396176099777
0.377826929092
0.323668003082
0.363145828247
0.329879045486
0.328144073486
0.34818482399
0.34285902977
0.429600000381
0.409241914749
0.392683029175
0.342558145523
0.301779031754
0.357679128647
0.353265047073
0.334177970886
0.334146976471
0.324154138565
0.298493862152
0.37168598175
0.358426094055
0.220062017441
0.22576379776
0.268370866776
0.324959993362
0.242289066315
0.384666204453
0.356703996658
0.275601148605
0.328079938889
0.316038131714
0.331771850586
0.263937950134
0.287258863449
0.282998085022
0.381528139114
0.352017879486
0.281862020493
0.253174066544
0.261631011963
0.245193004608
0.356476783752
0.362302064896
0.320322036743
0.259968996048
0.285413980484
0.389991044998
0.381325006485
0.31857085228
0.266239881516
0.385792970657
0.387130022049
0.288303136826
0.399767160416
0.353660106659
0.343682050705
0.320016145706
0.290448904037
0.288208961487
0.307793140411
0.322605848312
0.336328029633
0.371312141418
0.347164869308
0.342702865601
0.339401006699
0.221294879913
0.373365163803
0.414373874664
0.314237117767
0.321434020996
0.290847063065
0.315041065216
0.307008981705
0.294700860977
0.309355974197
0.308496952057
0.30891418457
0.325444936752
0.279861927032
0.286495923996
0.299296855927
0.323824882507
0.269045114517
0.345940828323
0.32196187973
0.366148948669
0.323187828064
0.27336192131
0.269073009491
0.292635202408
0.429692029953
0.381319999695
0.296660900116
0.322505950928
0.333200931549
0.343902826309
0.277155160904
0.331881046295
0.215793848038
0.328626155853
0.383062124252
0.289652824402
0.349081993103
0.411623001099
0.378088951111
0.385068893433
0.27116894722
0.319687128067
0.331912994385
0.338814020157
0.352370977402
0.365075111389
0.346581935883
0.318086147308
0.369796037674
0.245854854584
0.32364487648
0.326424837112
0.299353837967
0.373553037643
0.322572231293
0.351989984512
0.352682113647
0.388331890106
0.322082042694
0.352257013321
0.318990945816
0.412024021149
0.488970994949
0.294109106064
0.471626996994
0.347724914551
0.51696896553
0.491312980652
0.317744016647
0.360019207001
0.407715082169
0.483283996582
0.447702884674
0.487476825714
0.35159611702
0.445678949356
0.44419503212
0.419423103333
0.390793085098
0.378957986832
0.365317821503
0.343986988068
0.426486968994
0.360216140747
0.379041910172
0.407232999802
0.446745157242
0.363623142242
0.516999959946
0.290059089661
0.34418797493
0.335909128189
0.34253692627
0.348102092743
0.384895086288
0.417193889618
0.343822002411
0.364454984665
0.339809179306
0.428733825684
0.299601078033
0.363219022751
0.401090860367
0.489870071411
0.444960832596
0.273490905762
0.370604991913
0.43211889267
0.308444976807
0.305900096893
0.327273845673
0.288012981415
0.213795900345
0.216871976852
0.221064090729
0.236259937286
0.291265964508
0.263299942017
0.29586315155
0.293879985809
0.314872026443
0.291730880737
0.253916978836
0.287844896317
0.246945142746
0.277217149734
0.238129138947
0.26184797287
0.256271123886
0.294034004211
0.303657054901
0.367429018021
0.282829999924
0.324565887451
0.40056681633
0.240875005722
0.245777845383
0.263955116272
0.451108932495
0.404579162598
0.278044223785
0.370884895325
0.312457084656
0.366874933243
0.392464160919
0.314702987671
0.344644069672
0.349145889282
0.438866853714
0.357219934464
0.245089054108
0.483426094055
0.365631818771
0.342408895493
0.322303056717
0.33027100563
0.334383010864
0.330155849457
0.287948846817
0.308736801147
0.363541841507
0.284708976746
0.306195020676
0.322641849518
0.345217943192
0.314604997635
0.348536968231
0.359441041946
0.398927927017
0.374421834946
0.286162137985
0.332129001617
0.349310874939
0.273995161057
0.319128036499
0.334014892578
0.319516181946
0.312058925629
0.373172044754
0.347759962082
0.328649997711
0.348026990891
0.297683954239
0.314577102661
0.339582204819
0.336395025253
0.364070892334
0.393942117691
0.355181932449
0.34440612793
0.348754882812
0.349117994308
0.340483188629
0.288517951965
0.318664073944
0.387899160385
0.379379987717
0.34788608551
0.407469987869
0.335866928101
0.337058067322
0.301498889923
0.528192996979
0.479820013046
