0.43283200264
0.334767818451
0.310734033585
0.393145084381
0.294183015823
0.393247127533
0.295552015305
0.291420221329
0.318320989609
0.292098045349
0.316793203354
0.32598400116
0.309720039368
0.344900131226
0.352629899979
0.329581975937
0.289107084274
0.282202005386
0.378828048706
0.288484811783
0.333712100983
0.348191022873
0.333364963531
0.307701826096
0.311342954636
0.316884994507
0.316192865372
0.328367948532
0.249243974686
0.262231826782
0.26421380043
0.291929960251
0.3517370224
0.304906129837
0.355033159256
0.313322782516
0.304965019226
0.30684709549
0.314515829086
0.267012834549
0.289579868317
0.299327850342
0.297287940979
0.301936149597
0.375283002853
0.291836977005
0.303843975067
0.310477972031
0.291228055954
0.332110881805
0.285308122635
0.279141902924
0.273511886597
0.350716114044
0.314246892929
0.359426021576
0.286284208298
0.318202018738
0.310831069946
0.334901094437
0.344125986099
0.295418024063
0.338413000107
0.331386089325
0.271923065186
0.252639055252
0.289138793945
0.276736974716
0.342337846756
0.313915014267
0.395473957062
0.304458141327
0.332397937775
0.33908700943
0.338777065277
0.321641206741
0.364377975464
0.286584854126
0.307481050491
0.333149909973
0.302124977112
0.315856933594
0.28014087677
0.328670978546
0.281064033508
0.334667921066
0.303909063339
0.317126989365
0.273340940475
0.231117010117
0.297111988068
0.281985044479
0.350188970566
0.358140945435
0.315544128418
0.302888870239
0.429906845093
0.414123058319
0.391736984253
0.276948928833
0.39589715004
0.381705999374
0.377657175064
0.312617063522
0.350934028625
0.298690080643
0.342319965363
0.342063903809
0.345273971558
0.249576091766
0.343147039413
0.309396028519
0.282596111298
0.302309036255
0.342154026031
0.354246139526
0.238415002823
0.253935098648
0.295293092728
0.320020914078
0.309988975525
0.315150976181
0.34753203392
0.295070171356
0.302968978882
0.281528949738
0.313352108002
0.341323852539
0.281563043594
0.302122831345
0.372069835663
0.364164113998
0.292737960815
0.366816043854
0.331015110016
0.277832984924
0.258918046951
0.365167140961
0.357157945633
0.296044111252
0.257642030716
0.311269044876
0.295729875565
0.246272087097
0.299147844315
0.30557012558
0.342993974686
0.322311878204
0.335091114044
0.296972990036
0.311434030533
0.296638011932
0.311616897583
0.394843101501
0.343048095703
0.32688999176
0.323915958405
0.240953207016
0.36564207077
0.291858911514
0.320935964584
0.428010940552
0.426732063293
0.348741054535
0.366125106812
0.371138095856
0.322124958038
0.256101131439
0.288159132004
0.269336938858
0.186836004257
0.243046045303
0.315976142883
0.27211523056
0.311635017395
0.297948122025
0.286167144775
0.28075504303
0.29385304451
0.262099027634
0.236232995987
0.2553191185
0.289866924286
0.328881978989
0.276211977005
0.276216030121
0.318171024323
0.361951828003
0.353699207306
0.300215005875
0.277215957642
0.331174135208
0.256759166718
0.280733108521
0.2638630867
0.320235967636
0.250074148178
0.358728170395
0.337783098221
0.295747041702
0.313795089722
0.3150370121
0.380841016769
0.371277093887
0.339851856232
0.435345888138
0.312067985535
0.377665042877
0.343550205231
0.285135984421
0.364957809448
0.256942033768
0.398144960403
0.339949131012
0.258550882339
0.330580949783
0.38204407692
0.339842796326
0.323952913284
0.365665197372
0.387257099152
0.327525854111
0.363604068756
0.354001998901
0.298163175583
0.399505138397
0.376059055328
0.39121389389
0.341284036636
0.34210395813
0.413043022156
0.352791070938
0.332894086838
0.381951093674
0.324638843536
0.341935873032
0.404765129089
0.302502155304
0.35241985321
0.258074998856
0.284668922424
0.309622049332
0.36400604248
0.314898014069
0.321053981781
0.34959602356
0.355009078979
0.389532089233
0.326175928116
0.30136680603
0.328020095825
0.339098930359
0.313117980957
0.346339941025
0.295566082001
0.257972002029
0.273858070374
0.305964946747
0.253699064255
0.323664903641
0.297249078751
0.324103832245
0.265373945236
0.325410842896
0.300143957138
0.291445016861
0.271918058395
0.228622913361
0.246585130692
0.303972959518
0.266150951385
0.243664979935
0.317847967148
0.314429998398
0.317663908005
0.342748880386
0.320744991302
0.358040094376
0.371950149536
0.260460853577
0.241446018219
0.317693948746
0.329797029495
0.313174009323
0.367290973663
0.313915014267
0.340018033981
0.327585935593
0.351584911346
0.337111949921
0.33621096611
0.36104798317
0.366319894791
0.283508062363
0.354969978333
0.416840076447
0.399541139603
0.269535064697
0.358314037323
0.37419295311
0.302849054337
0.302117109299
0.30335021019
0.308155059814
0.320208072662
0.388775110245
0.356693029404
0.318171024323
0.289635896683
0.263073921204
0.329851150513
0.25749206543
0.287976980209
0.370332956314
0.293912887573
0.326869010925
0.412497997284
0.328450918198
0.284021139145
0.277391910553
0.289336919785
0.330527067184
0.345236063004
0.332864046097
0.26552605629
0.329232931137
0.312772989273
0.370539903641
0.321602106094
0.332911968231
0.2070748806
0.336041927338
0.339015960693
0.342235088348
0.310620069504
0.319127082825
0.288087844849
0.356244802475
0.388942956924
0.345452070236
0.370175123215
0.352921009064
0.390897989273
0.409538984299
0.251570940018
0.326080083847
0.279836893082
0.263822078705
0.276757001877
0.288086891174
0.423206806183
0.307411909103
0.334006071091
0.252813100815
0.354079961777
0.330144166946
0.380089998245
0.320124149323
0.370709896088
0.374557971954
0.310106992722
0.336184024811
0.403241872787
0.329828023911
0.369681119919
0.41086602211
0.350560188293
0.454761981964
0.379972934723
0.293627977371
0.388077974319
0.457377910614
0.341892004013
0.374352931976
0.323365926743
0.360213041306
0.363760948181
0.443629026413
0.402792215347
0.341403007507
0.341283082962
0.304159879684
0.308907032013
0.340384960175
0.352440834045
0.342175006866
0.369668960571
0.436899185181
0.362772941589
0.433450222015
0.209213972092
0.339828968048
0.273546934128
0.3010430336
0.351260900497
0.354068040848
0.386654853821
0.328433990479
0.366301059723
0.349191904068
0.376502990723
0.307339906693
0.303820133209
0.343084096909
0.362009048462
0.320858001709
0.295655965805
0.326795101166
0.403483867645
0.287485122681
0.285914897919
0.3180539608
0.29380106926
0.313570022583
0.332451105118
0.312335014343
0.252591848373
0.322937011719
0.280965805054
0.246921062469
0.310420036316
0.374134063721
0.29598903656
0.2811191082
0.307439088821
0.269895076752
0.229203939438
0.242214918137
0.288352966309
0.336631059647
0.319447994232
0.305045127869
0.25279378891
0.3258228302
0.296185016632
0.283727884293
0.290926933289
0.414347887039
0.326508998871
0.333302021027
0.330377101898
0.368587970734
0.334421157837
0.336539983749
0.373041152954
0.359110116959
0.353139162064
0.378281116486
0.384172916412
0.422195196152
0.386725187302
0.34422492981
0.409660100937
0.361384153366
0.407094955444
0.334916830063
0.341422080994
0.364222049713
0.352683067322
0.386066913605
0.244713068008
0.31896686554
0.356357097626
0.320714950562
0.401030063629
0.292802095413
0.285343885422
0.322731018066
0.253694057465
0.326510190964
0.290380001068
0.386521100998
0.371123075485
0.356283903122
0.346004009247
0.350914955139
0.340041875839
0.414635896683
0.362708091736
0.39532494545
0.302850961685
0.345895051956
0.391420125961
0.307574033737
0.345704078674
0.375066995621
0.344841003418
0.375469923019
0.363168001175
0.351658821106
0.39808011055
0.410662889481
0.329155921936
0.430807113647
0.409838914871
0.437391042709
0.378062963486
0.321783065796
0.344942092896
0.364132881165
0.315431833267
0.378155946732
0.297496795654
0.350215911865
0.329967975616
