0.312348127365
0.325887918472
0.307734966278
0.224470853806
0.219074964523
0.302122831345
0.26483297348
0.290290117264
0.304668903351
0.325824022293
0.274563074112
0.278640985489
0.321588993073
0.266885042191
0.270316123962
0.291755914688
0.240351200104
0.199193000793
0.232215166092
0.29373884201
0.294641971588
0.304921865463
0.26190495491
0.266004085541
0.27336192131
0.278913974762
0.253468990326
0.28128695488
0.242581129074
0.310029029846
0.332117080688
0.294015884399
0.268055915833
0.281497955322
0.27774477005
0.286015987396
0.29694890976
0.234129190445
0.23430109024
0.277886867523
0.301691055298
0.277922153473
0.298644065857
0.274593114853
0.27342581749
0.276986122131
0.28193116188
0.226478099823
0.295470952988
0.298692941666
0.275917053223
0.323315858841
0.296506881714
0.256036996841
0.330394029617
0.224847078323
0.276980161667
0.377861976624
0.371414899826
0.308684110641
0.304665088654
0.249093055725
0.25448012352
0.361368179321
0.360086202621
0.298540115356
0.284687995911
0.392642021179
0.351948976517
0.311851024628
0.234673023224
0.335860013962
0.319859981537
0.314247846603
0.310557126999
0.303758144379
0.276648044586
0.342028856277
0.273269176483
0.280966043472
0.293411970139
0.254897117615
0.332921981812
0.415973901749
0.222944974899
0.248748064041
0.289780139923
0.270015954971
0.233268022537
0.205113887787
0.211625099182
0.250658988953
0.213030099869
0.283132076263
0.246599912643
0.325193881989
0.32165813446
0.321368932724
0.381055831909
0.362185001373
0.315231084824
0.36078119278
0.304729938507
0.290707111359
0.361984014511
0.338695049286
0.360416889191
0.310518026352
0.385848999023
0.287365913391
0.282956838608
0.335576057434
0.287553071976
0.306267023087
0.344992876053
0.325783014297
0.319933891296
0.316826820374
0.292932987213
0.307552099228
0.268030166626
0.251255989075
0.293054103851
0.29101896286
0.300837993622
0.319237947464
0.291873931885
0.270830869675
0.284385204315
0.30433011055
0.244052886963
0.250080823898
0.230957984924
0.2623898983
0.338469028473
0.323904037476
0.264467954636
0.313107013702
0.297855138779
0.310002088547
0.280547857285
0.327988862991
0.288049936295
0.314348936081
0.35760307312
0.325471878052
0.277674198151
0.287230014801
0.316950798035
0.280522823334
0.282961130142
0.371433019638
0.351817131042
0.308725118637
0.370512008667
0.288842916489
0.327826976776
0.339565992355
0.364018917084
0.290241003036
0.316543102264
0.298449993134
0.359763145447
0.420120000839
0.389917135239
0.412094831467
0.415910959244
0.321274995804
0.374742031097
0.501018047333
0.469394922256
0.461798906326
0.307525873184
0.34475684166
0.341617107391
0.426740884781
0.440942049026
0.350845813751
0.5130610466
0.445672035217
0.464079141617
0.506572961807
0.491511106491
0.411455154419
0.662658929825
0.584664821625
0.378293037415
0.362200975418
0.381041049957
0.296903848648
0.360893964767
0.320605039597
0.339833974838
0.432074069977
0.306683063507
0.387686014175
0.393182992935
0.425574064255
0.458373069763
0.379401922226
0.396796941757
0.498512983322
0.493411779404
0.427505016327
0.451151132584
0.368812084198
0.392197847366
0.47513794899
0.3136510849
0.345375061035
0.358145952225
0.298285961151
0.3800740242
0.343724966049
0.367863178253
0.285640001297
0.322564840317
0.324553012848
0.48006606102
0.306616067886
0.351905822754
0.366780042648
0.311487197876
0.404048919678
0.428909063339
0.529231786728
0.378029108047
0.375584125519
0.422811031342
0.31813287735
0.362061977386
0.408705949783
0.33850312233
0.368071079254
0.364624023438
0.339287996292
0.340610980988
0.37100481987
0.33248591423
0.332875967026
0.364149093628
0.319082021713
0.349635124207
0.32671380043
0.31281208992
0.273032903671
0.318520069122
0.317605018616
0.283663988113
0.222898960114
0.244786977768
0.319273948669
0.365522146225
0.289174079895
0.295982837677
0.291042089462
0.264974832535
0.324765920639
0.279185056686
0.218274116516
0.222788095474
0.271243095398
0.231438159943
0.248993873596
0.249793052673
0.24708199501
0.266215085983
0.28373503685
0.26530790329
0.304818868637
0.329313993454
0.468695878983
0.311043024063
0.466924905777
0.343097925186
0.316127061844
0.314408063889
0.244501113892
0.335458040237
0.368952989578
0.356593847275
0.423764944077
0.369448900223
0.377614974976
0.438628911972
0.365415096283
0.272346019745
0.330134868622
0.364979028702
0.398392915726
0.347924947739
0.311806917191
0.303735017776
0.365319013596
0.284656047821
0.385507106781
0.345731973648
0.315197944641
0.364086866379
0.424048900604
0.39361000061
0.345086097717
0.38050198555
0.291860103607
0.296311855316
0.375185966492
0.297588825226
0.312159061432
0.469954013824
0.339067935944
0.273247003555
0.218092918396
0.323049068451
0.350919008255
0.35404586792
0.384238004684
0.38427400589
0.377592086792
0.361585855484
0.336811065674
0.335778951645
0.390039920807
0.400087118149
0.461079835892
0.335065841675
0.381988048553
0.289714097977
0.347211122513
0.351647138596
0.389942884445
0.350246906281
0.416543960571
0.344538927078
0.384396076202
0.325801849365
0.32810997963
0.347090959549
0.334542036057
0.33371090889
0.476253032684
0.447020053864
0.352023124695
0.357728004456
0.353910923004
0.495981216431
0.460803985596
0.425620079041
0.405662059784
0.496941804886
0.444833040237
0.512781858444
0.401877880096
0.493015050888
0.539402008057
0.395836114883
0.515020132065
0.397127866745
0.429350137711
0.392211914062
0.334062814713
0.349467039108
0.320426940918
0.513963937759
0.460155010223
0.379770040512
0.449898004532
0.33530497551
0.353912115097
0.619204998016
0.393491029739
0.449590921402
0.309744119644
0.461135149002
0.492527008057
0.360543966293
0.314949989319
0.520333051682
0.434543848038
0.600618124008
0.344203948975
0.44510602951
0.443934202194
0.347259044647
0.380943059921
0.372079133987
0.307708978653
0.327493906021
0.373929977417
0.357745885849
0.216213941574
0.324769020081
0.439016819
0.292375087738
0.31318116188
0.269423007965
0.347834825516
0.276702880859
0.302425146103
0.260205984116
0.279230117798
0.334323883057
0.258704900742
0.266335010529
0.286199092865
0.262089014053
0.312311887741
0.474529027939
0.388288974762
0.329253911972
0.430309057236
0.390917062759
0.364804983139
0.319223880768
0.298784971237
0.470143079758
0.375858068466
0.324690103531
0.452954053879
0.294696092606
0.37983584404
0.426983833313
0.32678604126
0.243172883987
0.357872009277
0.314234972
0.369810819626
0.321154117584
0.284275054932
0.33701300621
0.297749042511
0.306493997574
0.439883947372
0.322288990021
0.404247999191
0.304076910019
0.34666800499
0.351529836655
0.305756092072
0.328165769577
0.328070878983
0.353181123734
0.355794906616
0.338437795639
0.307408094406
0.351664066315
0.313550949097
0.298930883408
0.285815000534
0.334418058395
0.339601039886
0.28124499321
0.291077852249
0.300191164017
0.341187953949
0.276145935059
0.297661066055
0.397077083588
0.33353805542
0.332726955414
0.332427978516
0.35391998291
0.33913397789
0.324266910553
0.430519104004
0.414903879166
0.359353065491
0.320801973343
0.336573123932
0.327193975449
0.352452039719
0.399630069733
0.356440067291
0.330492973328
0.308327913284
0.334556102753
0.321477174759
0.294390916824
0.381797075272
0.344508886337
0.403342008591
0.513859987259
0.332737922668
0.325210094452
0.302631855011
0.358779907227
0.43737912178
