0.251438856125
0.33331489563
0.28694486618
0.296581983566
0.289144039154
0.310823917389
0.26056098938
0.297644138336
0.294301986694
0.301132917404
0.230880022049
0.243760108948
0.306616067886
0.288141012192
0.270104169846
0.287487030029
0.279341936111
0.312838077545
0.24839091301
0.258775234222
0.316245079041
0.284902095795
0.281538963318
0.23464012146
0.30696105957
0.269092082977
0.241236925125
0.343156814575
0.327311038971
0.345952987671
0.296689033508
0.323861122131
0.283596038818
0.282549858093
0.198454141617
0.32048201561
0.261808156967
0.236704111099
0.295889139175
0.315140008926
0.361212015152
0.36786699295
0.347630977631
0.314770936966
0.299061059952
0.28968501091
0.321686983109
0.295892000198
0.277671098709
0.255568027496
0.356767892838
0.221338033676
0.323204040527
0.269832849503
0.266529083252
0.266789913177
0.313093900681
0.344236135483
0.32367515564
0.268982172012
0.303310155869
0.298532962799
0.329898118973
0.28931593895
0.277632951736
0.282068967819
0.275980949402
0.305094957352
0.276376962662
0.327611923218
0.269711017609
0.308916807175
0.325753927231
0.27889084816
0.325796842575
0.214163064957
0.284950017929
0.275897979736
0.341309070587
0.29442691803
0.358642816544
0.311274766922
0.338389873505
0.320589065552
0.321564912796
0.303399085999
0.314023017883
0.233263015747
0.23074388504
0.281322002411
0.314398050308
0.248027086258
0.220894098282
0.240749120712
0.243093967438
0.321103811264
0.278794050217
0.417018175125
0.357671976089
0.411271095276
0.227442979813
0.322847127914
0.341372966766
0.365422964096
0.348012924194
0.411637067795
0.31484413147
0.346654891968
0.303428173065
0.298012018204
0.377837181091
0.318542957306
0.326637983322
0.345673084259
0.25853395462
0.314596891403
0.315663099289
0.302965164185
0.28918504715
0.269369125366
0.247234106064
0.242132902145
0.277867078781
0.256801128387
0.243348836899
0.240488052368
0.268440961838
0.282700061798
0.267502069473
0.306407928467
0.255061864853
0.254035949707
0.402970075607
0.346716880798
0.314289093018
0.359265804291
0.3462870121
0.281021118164
0.285231113434
0.346012115479
0.251091003418
0.334494113922
0.365941047668
0.327445983887
0.254903078079
0.28636598587
0.291495084763
0.242699146271
0.281762123108
0.267446041107
0.261281967163
0.32931303978
0.327847003937
0.332002162933
0.332834005356
0.360939025879
0.346242904663
0.366458892822
0.304624080658
0.307394981384
0.321583986282
0.313673019409
0.304644107819
0.31031703949
0.330131053925
0.360613107681
0.366979837418
0.213325977325
0.350018978119
0.333537101746
0.332360982895
0.331602096558
0.270310878754
0.282399177551
0.284478902817
0.19141292572
0.270275115967
0.281699180603
0.262003898621
0.297134160995
0.228417158127
0.288558959961
0.337512016296
0.351520061493
0.332185983658
0.302250862122
0.321954011917
0.291002035141
0.263685941696
0.299550056458
0.261567831039
0.286286115646
0.28257894516
0.272708892822
0.257864952087
0.253118991852
0.288589954376
0.284291028976
0.192787885666
0.243108034134
0.259641885757
0.280868053436
0.32405090332
0.284106969833
0.269284963608
0.292458057404
0.277908086777
0.336410045624
0.304831027985
0.439838886261
0.296314954758
0.39618396759
0.372395992279
0.403847932816
0.314707040787
0.312814950943
0.351104974747
0.375459909439
0.301109790802
0.448013067245
0.248320102692
0.397197961807
0.3156208992
0.359241962433
0.377344846725
0.4009308815
0.273194074631
0.339846849442
0.401451826096
0.37633395195
0.338533878326
0.366496086121
0.288806915283
0.397531986237
0.458856105804
0.380373001099
0.312350034714
0.327368021011
0.363123893738
0.351039886475
0.378353118896
0.263541936874
0.291011810303
0.321611881256
0.366230964661
0.289925098419
0.28315114975
0.323772907257
0.399199962616
0.472785949707
0.349282979965
0.47560095787
0.395627975464
0.339895963669
0.282999992371
0.29801607132
0.302294015884
0.368615865707
0.277047872543
0.262837171555
0.295264959335
0.298071146011
0.275825977325
0.237903118134
0.288522958755
0.243190050125
0.236531972885
0.285019159317
0.287484169006
0.252889156342
0.278908967972
0.337333917618
0.257469177246
0.331038951874
0.335428953171
0.293559074402
0.332087993622
0.343418121338
0.335217952728
0.272681951523
0.356775999069
0.312750816345
0.31604385376
0.290902137756
0.349140167236
0.342154979706
0.330456018448
0.36779499054
0.272355079651
0.350965023041
0.248259067535
0.318476915359
0.336771011353
0.325196027756
0.359059095383
0.364144086838
0.285917043686
0.279942989349
0.301185846329
0.301874876022
0.377591133118
0.365656852722
0.323632955551
0.269531011581
0.327032089233
0.391955852509
0.284114122391
0.379271030426
0.338201999664
0.340318918228
0.34975194931
0.327993154526
0.276815891266
0.302946090698
0.244601964951
0.342452049255
0.330672979355
0.316807985306
0.329178094864
0.304522037506
0.307679176331
0.291949987411
0.281570911407
0.315135955811
0.298326015472
0.250853061676
0.288926839828
0.236699819565
0.269848823547
0.297391176224
0.322601795197
0.316758871078
0.318968057632
0.366750001907
0.319612979889
0.279069900513
0.317920207977
0.393772125244
0.388434886932
0.328412055969
0.372844934464
0.42141699791
0.354374170303
0.357950925827
0.439857006073
0.312610864639
0.316529989243
0.344694852829
0.444295883179
0.274328947067
0.302037000656
0.29381108284
0.291922807693
0.328969955444
0.29226398468
0.270226955414
0.304402112961
0.359572172165
0.351241111755
0.330287218094
0.381233930588
0.225697994232
0.331804037094
0.38959813118
0.359865903854
0.345690011978
0.378926038742
0.32741189003
0.338049173355
0.341607809067
0.40159201622
0.415421009064
0.36675620079
0.399667978287
0.359130144119
0.364329814911
0.316302061081
0.366453886032
0.3930311203
0.357774019241
0.471376895905
0.572554826736
0.357641935349
0.388247013092
0.369652986526
0.361890077591
0.300154924393
0.375236034393
0.378185033798
0.379014015198
0.321779966354
0.460289955139
0.367698907852
0.30784201622
0.345084190369
0.200854063034
0.327059984207
0.241907119751
0.432634115219
0.372098922729
0.307414054871
0.344507217407
0.303559064865
0.319605827332
0.351171970367
0.333210945129
0.411330938339
0.348641872406
0.325189113617
0.292767047882
0.302882909775
0.331562042236
0.367114782333
0.318011045456
0.32811999321
0.301890134811
0.303719043732
0.269301891327
0.318361997604
0.290635824203
0.283066034317
0.307777881622
0.23189496994
0.268322944641
0.26692700386
0.274588823318
0.223089933395
0.268093109131
0.222556114197
0.235397100449
0.215446949005
0.257169961929
0.210928916931
0.197510957718
0.200515031815
0.204315900803
0.307379007339
0.292320966721
0.307199954987
0.284376144409
0.261518955231
0.346281051636
0.31618309021
0.284223079681
0.301298856735
0.297857999802
0.327504873276
0.367054224014
0.361433982849
0.37159204483
0.333796977997
0.31450510025
0.398195981979
0.344149827957
0.336282014847
0.329243898392
0.412329912186
0.430077791214
0.37607216835
0.460672140121
0.424244165421
0.381823062897
0.429139852524
0.386268138885
0.332306146622
0.280250072479
0.247648954391
0.299125909805
0.315665006638
0.295038938522
0.321664094925
0.308598995209
0.299767017365
0.342646837234
0.315266132355
0.347525835037
0.333035945892
0.367557048798
0.345559120178
0.308862924576
0.355860948563
0.374226093292
0.386163949966
0.350157022476
0.359337091446
0.333219051361
0.384153842926
0.31671500206
0.423058986664
0.500149011612
0.357049942017
0.367640972137
0.39026093483
0.381822109222
0.3564889431
0.371307134628
0.36346912384
0.376122951508
0.337923049927
0.34336400032
0.337659835815
0.370177030563
0.37238407135
0.3970079422
0.378575801849
0.362206935883
0.340049028397
0.369630098343
0.376541137695
0.346349000931
