0.385215044022
0.3377161026
0.33270907402
0.254929065704
0.316468000412
0.246570825577
0.252020120621
0.325273036957
0.309251070023
0.343070983887
0.24859213829
0.269015073776
0.296241044998
0.278805017471
0.313898801804
0.313503026962
0.272711038589
0.287849903107
0.279205083847
0.28187084198
0.355271816254
0.279484987259
0.269169092178
0.317186117172
0.273735046387
0.349709033966
0.255186080933
0.263888120651
0.330891132355
0.274883031845
0.271209001541
0.303987026215
0.280320167542
0.322609901428
0.323381900787
0.306858062744
0.251423120499
0.223656177521
0.285902023315
0.275171041489
0.292692184448
0.289808034897
0.293552160263
0.297688961029
0.331324100494
0.314678907394
0.334876775742
0.253550052643
0.248320102692
0.270519971848
0.256556034088
0.267043113708
0.29344701767
0.250840187073
0.337075948715
0.256532907486
0.326436042786
0.270009994507
0.230864048004
0.266741037369
0.307327985764
0.297709941864
0.279719114304
0.286804914474
0.293589115143
0.265859127045
0.330273151398
0.307090997696
0.302289009094
0.349009037018
0.359105825424
0.257204055786
0.300910949707
0.342082023621
0.338373184204
0.346518993378
0.293054103851
0.312939167023
0.29154086113
0.27737903595
0.256069898605
0.287639856339
0.320348978043
0.299897909164
0.321389913559
0.35359287262
0.258641958237
0.336040973663
0.301362991333
0.263776063919
0.31266617775
0.28794002533
0.25563120842
0.331904172897
0.324089050293
0.283732175827
0.277110815048
0.291273832321
0.28062415123
0.341326951981
0.294623851776
0.354212999344
0.36366891861
0.307977199554
0.331595897675
0.34880900383
0.345376014709
0.323799848557
0.378304958344
0.371466159821
0.381731987
0.266984939575
0.283008098602
0.316856145859
0.270492076874
0.295882940292
0.309708118439
0.296225070953
0.327945947647
0.282459020615
0.312980890274
0.240751981735
0.225027084351
0.258249998093
0.292848110199
0.300672054291
0.312160015106
0.281527996063
0.261054992676
0.262428998947
0.234972000122
0.320766925812
0.299471139908
0.297355175018
0.299839019775
0.340625047684
0.360955953598
0.336078882217
0.306578159332
0.359177112579
0.373063087463
0.357503175735
0.308347940445
0.333228826523
0.351059913635
0.277904033661
0.311825037003
0.269777774811
0.265808820724
0.303550958633
0.304357051849
0.297356843948
0.434944152832
0.274743080139
0.328365087509
0.352169036865
0.302489995956
0.324951887131
0.293057918549
0.310859918594
0.350152015686
0.382673025131
0.342433214188
0.316340923309
0.367895126343
0.367613792419
0.385406970978
0.36489200592
0.35650396347
0.361496925354
0.33612203598
0.329761981964
0.34480214119
0.227291107178
0.223885059357
0.216670036316
0.299211978912
0.284348964691
0.265643119812
0.299937009811
0.273458003998
0.322888851166
0.319819927216
0.274266004562
0.298592805862
0.266222000122
0.305598974228
0.29007601738
0.275369882584
0.302570819855
0.291394948959
0.27658700943
0.31630396843
0.343827962875
0.227324962616
0.284851074219
0.332293987274
0.295233011246
0.336848020554
0.322070121765
0.332357168198
0.320683956146
0.320853948593
0.337308883667
0.322880029678
0.196516990662
0.319617986679
0.286292076111
0.255167961121
0.339471101761
0.31106710434
0.395744085312
0.464452028275
0.319719076157
0.315644025803
0.319513082504
0.362586975098
0.290469884872
0.353528022766
0.412951946259
0.311799049377
0.406286001205
0.395333051682
0.277526140213
0.325134992599
0.354238033295
0.353241920471
0.305697917938
0.351274013519
0.413819074631
0.30585193634
0.33785200119
0.354012966156
0.345983028412
0.381431102753
0.334105014801
0.343245983124
0.315794944763
0.277375936508
0.321891069412
0.340589046478
0.353535890579
0.345785140991
0.299029827118
0.34965801239
0.311341047287
0.285664796829
0.322891950607
0.391544103622
0.370671987534
0.408784866333
0.358484983444
0.319417953491
0.365751981735
0.347226858139
0.276224136353
0.316393852234
0.307979822159
0.340146064758
0.309106111526
0.249651908875
0.282377004623
0.32001209259
0.309771060944
0.303014039993
0.289407014847
0.237321853638
0.262512207031
0.269456863403
0.304049015045
0.286179065704
0.282186031342
0.311012029648
0.289407014847
0.266311168671
0.238970041275
0.213749170303
0.279329061508
0.2987408638
0.367972135544
0.306233167648
0.319849014282
0.291582107544
0.384356975555
0.409204006195
0.357133865356
0.263025045395
0.260010957718
0.337499856949
0.356452941895
0.230345964432
0.284353971481
0.346577167511
0.300040960312
0.376008033752
0.338263988495
0.399135112762
0.288441896439
0.314075946808
0.308476924896
0.304671049118
0.386284828186
0.276788949966
0.288953065872
0.282063961029
0.343996047974
0.362546920776
0.329837083817
0.339370965958
0.342900037766
0.362540960312
0.310642004013
0.319075107574
0.370932102203
0.355018854141
0.307666778564
0.294620990753
0.331927061081
0.330949068069
0.34419798851
0.274734020233
0.338290929794
0.289935112
0.287326097488
0.28012919426
0.302194833755
0.274870157242
0.260439872742
0.300689935684
0.387387990952
0.318895816803
0.313017845154
0.37944483757
0.346374034882
0.357893943787
0.25412106514
0.294610977173
0.2057929039
0.344950199127
0.318790912628
0.300085067749
0.410796165466
0.328463077545
0.330823898315
0.314381837845
0.286022901535
0.360651016235
0.333781003952
0.310492992401
0.348479032516
0.35585808754
0.392987966537
0.330012798309
0.329304933548
0.28629899025
0.306806087494
0.331764936447
0.329331159592
0.343450784683
0.289682149887
0.346481084824
0.31329202652
0.38273692131
0.376921892166
0.333787918091
0.394077062607
0.394253015518
0.405548810959
0.353153944016
0.373494148254
0.337412834167
0.337390184402
0.384849071503
0.257728099823
0.337408065796
0.403439998627
0.371935129166
0.336582183838
0.35612487793
0.342147827148
0.39116692543
0.386251926422
0.318119049072
0.373251914978
0.300756931305
0.320350170135
0.374503135681
0.356719017029
0.325968980789
0.331979990005
0.259752988815
0.37312078476
0.337505102158
0.309730052948
0.336071968079
0.459477901459
0.31973695755
0.373631000519
0.404132127762
0.334336042404
0.340283870697
0.334662914276
0.432949066162
0.296369075775
0.338493108749
0.339197874069
0.318488836288
0.299549102783
0.292222976685
0.37646317482
0.412136077881
0.317322969437
0.24622297287
0.292687177658
0.384866952896
0.290461063385
0.363718986511
0.200594902039
0.358547925949
0.317220926285
0.319094896317
0.322130918503
0.269742012024
0.302244186401
0.222306013107
0.20391201973
0.167620897293
0.254400968552
0.289869070053
0.209099054337
0.241741895676
0.219480991364
0.271697044373
0.195198059082
0.213879108429
0.221548080444
0.204159021378
0.228979825974
0.214793920517
0.242800951004
0.272020816803
0.286525011063
0.185413122177
0.240114927292
0.219247817993
0.267774105072
0.300775051117
0.247758865356
0.257090091705
0.206322908401
0.291103124619
0.30394411087
0.303187847137
0.439503192902
0.30073595047
0.310361862183
0.330006837845
0.291507005692
0.327618122101
0.306693077087
0.362606048584
0.313521146774
0.305682897568
0.352526903152
0.228346824646
0.294954061508
0.291493177414
0.316122055054
0.400944232941
0.303703784943
0.329359054565
0.298613071442
0.297879934311
0.382431983948
0.340138912201
0.317817926407
0.254721879959
0.335491895676
0.309679985046
0.293416023254
0.321333885193
0.297930002213
0.323176145554
0.284880161285
0.260717153549
0.303683042526
0.341547966003
0.298898935318
0.3832051754
0.339919090271
0.322784900665
0.322825908661
0.343278884888
0.309770822525
0.355749130249
0.381863832474
0.327799797058
0.369615793228
0.361122846603
0.40557384491
0.419093132019
0.287273168564
0.310162067413
0.354370832443
0.342437028885
0.356003046036
0.322421789169
0.362708091736
0.328699827194
0.311407089233
0.288507938385
0.380748033524
0.324896097183
0.30989408493
0.388209819794
0.384080886841
0.364860057831
0.405712127686
0.349024057388
0.297613143921
