(17.168969985209404, 13.03946458945051, 3.2113789845083907)
(15.879995688907801, 15.239995042104276, 0.0431699004799635)
(15.88001158285886, 15.240014162389564, 0.043285240206163866)
(15.88005301926285, 15.240049605965616, 0.04290337592012139)
(15.879994717538356, 15.239977446277628, 0.04334550747686805)
(15.879990290030836, 15.24001088390127, 0.04309672146693089)
(15.879985618516802, 15.240005904585125, 0.043203578792684105)
(15.879985765665769, 15.240019633793274, 0.043069224694396224)
(15.879991924501955, 15.240023202970626, 0.04321284419076554)
(15.879984816648065, 15.240010259216653, 0.04312048597125351)
(15.88044135376811, 15.240402370933445, 0.04539951073478243)
(15.879961684457957, 15.239999779858628, 0.043015589760636797)
(15.880419709831475, 15.240396025367083, 0.04530360753305995)
(15.880324429012834, 15.240309264985846, 0.044794245942277655)
(15.880383685342967, 15.24035980739631, 0.04519496063680872)
(15.880278920866548, 15.240301762018355, 0.0445748182987864)
(15.8803843922168, 15.24038819643669, 0.04513915458861284)
(15.88039029214531, 15.240397725962104, 0.045139766331485864)
(15.880386359170078, 15.240394868431615, 0.045228952130661915)
(15.880389485619961, 15.24038860156201, 0.04494243390198216)
(15.880378241762518, 15.240369377667086, 0.04523542663656466)
(15.880377475284039, 15.240384439714255, 0.04489489628968113)
(15.880373501330613, 15.240398092903199, 0.045147661673721196)
(15.880375828705727, 15.240391363399105, 0.04517914832683423)
(15.879928642995655, 15.240020495499486, 0.04313585230959194)
(15.88039283093065, 15.240410053646194, 0.045206646884675905)
(15.88038235168904, 15.240388547778132, 0.04510798376340097)
(15.880384038314222, 15.240396145740526, 0.04503442251635392)
(15.880359653495251, 15.240394718954342, 0.04513500472159149)
(15.88036444980651, 15.240393679598348, 0.04513511809928006)
(15.880369473360478, 15.240378276919948, 0.045171235452005964)
(15.880377994962036, 15.240569280236961, 0.04566145977947511)
(15.880285043381154, 15.24031501450576, 0.04469110229969009)
(15.879926968477665, 15.240018121791074, 0.04314435511226633)
(15.880093271955847, 15.240058402772995, 0.04240217353802578)
(15.880007201917469, 15.240092799542474, 0.04351239577799193)
(15.879910634942352, 15.240027577974836, 0.04310638277216583)
(15.879941833317279, 15.240023121712731, 0.042985295173302296)
(15.880088084489106, 15.24006141595077, 0.042612528728313004)
(15.880085267238318, 15.240062856357547, 0.04248847096079955)
(15.88009550526738, 15.240062148203144, 0.04256475546078553)
(15.880103326514362, 15.240081252539532, 0.04249708899896021)
(15.88008603837341, 15.240058611040006, 0.042473514679468805)
(15.88011231470853, 15.240087327673102, 0.042711329467351344)
(15.88030917674303, 15.240315990531819, 0.04458017287172522)
(15.880091414898633, 15.240072535010988, 0.042468006498427524)
(15.880087521970271, 15.240057739787737, 0.04250049131632361)
(15.880086784362792, 15.24006044993643, 0.04257617012675241)
(15.880083979219197, 15.24007779360749, 0.042580222981956295)
(15.880088016502558, 15.240067037995907, 0.04253167007613334)
(15.880094591639935, 15.240057836179624, 0.042492955303615076)
(15.880115278176962, 15.240078108860182, 0.04250527423029049)
(15.880081809237598, 15.240059586949648, 0.04244341640021121)
(15.88035215821117, 15.240363043043764, 0.04511284967229923)
(15.880087273307144, 15.240054566073233, 0.04231511745335004)
(15.880305291265248, 15.240301914755257, 0.044364974048750394)
(15.880080426223575, 15.240062710256318, 0.042559022680590086)
(15.880385714694857, 15.240390011351558, 0.04511613558318617)
(15.880325648114084, 15.240322616659107, 0.044530884343467525)
(15.880096383504569, 15.240057467143053, 0.04238911596400241)
(15.880364368781446, 15.240375585630538, 0.044953293850959586)
(15.880365975312888, 15.240354579184206, 0.04491996615255944)
(15.88035738479346, 15.240357202719899, 0.044958257891903886)
(15.88037170574069, 15.240369848916309, 0.0450200776262597)
(15.880377664342522, 15.24038210093044, 0.045132711872807985)
(15.880361043028532, 15.240358972931283, 0.04481672717214269)
(15.880370554625987, 15.240379382167013, 0.04498880283717477)
(15.880353776849805, 15.240362924998628, 0.044896586961798324)
(15.880130608677863, 15.240113812275233, 0.04322262192410542)
(15.880366854481398, 15.240393665395679, 0.044992860930074485)
(15.88033360812813, 15.240303584150972, 0.04443007285613887)
(15.880310290604829, 15.240319378916176, 0.04447355630372618)
(15.880089089386164, 15.240039507169278, 0.04262473174992598)
(15.880104470178484, 15.240038950121964, 0.04261633123901687)
(15.880113177113234, 15.240064489082435, 0.04261007720556487)
(15.880106269493698, 15.240041851424614, 0.042547965623917605)
(15.880310125760733, 15.240296563841405, 0.04442198222408189)
(15.880083921477198, 15.240051971641371, 0.04256104454505638)
(15.88004453677684, 15.24009147950914, 0.04215362833132685)
(15.88004264526069, 15.24006419257261, 0.04249026881110729)
(15.88005596037954, 15.240061638304034, 0.042364164769757684)
(15.880051853246986, 15.240056607881563, 0.042400545089691155)
(15.880049705617129, 15.240048334943133, 0.04234827075319414)
(15.880045968219637, 15.240063905725258, 0.04248021372294475)
(15.907186186052858, 15.238586782661734, 0.04791087822898166)
(15.96192682173103, 15.237492838068867, 0.03491058900511468)
(15.9876206183061, 15.236947835781613, 0.029836792437345716)
(16.026040788851677, 15.234295557029547, 0.042209320277731166)
(16.08829120930284, 15.231800212301316, 0.037443199079432166)
(16.156573351584374, 15.22978743562475, 0.01920525325732081)
(16.308070864640175, 15.225635909717532, 0.0398548020104581)
(16.455978032313286, 15.221608827132734, 0.03702254753334144)
(16.553270276747643, 15.2174361201562, 0.050134813351461416)
(16.67070001002401, 15.21317724535242, 0.050535001366440735)
(16.75013070937246, 15.210099490601571, 0.050266093932356926)
(16.951252695284783, 15.203336950633677, 0.04231957606686132)
(17.068608876429497, 15.196665119621905, 0.049232138763515954)
(17.17736255761236, 15.193295877669009, 0.052136311299508575)
(17.284405823908745, 15.188828684631737, 0.03444942321317712)
(17.437800880633294, 15.181627765540036, 0.052237607706832945)
(17.56533050175756, 15.176039994005116, 0.035066089839014714)
(17.678168412409722, 15.173378158602866, -0.009861001643718614)
(17.859147068224846, 15.165142189953478, 0.04168187910623655)
(18.014479156695305, 15.159645561371, 0.040534321029155995)
(18.122734066210686, 15.15639995435253, 0.03867852829122276)
(18.229742046557366, 15.15152838477865, 0.0402106389885557)
(18.339542623721062, 15.146647889409216, 0.03774164547755432)
(18.47820162411779, 15.140907924864443, 0.04487495086964399)
(18.62786841031164, 15.137836266551169, -0.03227300380523124)
(18.731641527377068, 15.132449601087721, -0.28243690993339166)
(18.803629156313836, 15.116284456346186, -0.571199397845183)
(18.85097288724035, 15.095146712157877, -0.8659735185252413)
(18.87355327244848, 15.085760917756708, -1.1058539861740244)
(18.899231191836297, 15.090944733712824, -1.4958651629342632)
(18.90799021359533, 15.061072867605837, 4.628976961659143)
(18.897921320162713, 15.013581153247507, 4.63476161431055)
(18.88547086354345, 14.946335610244425, 4.647674410727039)
(18.860981460772454, 14.812409904096278, 4.591340389185721)
(18.840844150744378, 14.713125642631205, 4.612837266714903)
(18.80748366948217, 14.525084730479868, 4.61065970829571)
(18.783741947375237, 14.395942684505137, 4.61212476879142)
(18.764839884005486, 14.29156762013212, 4.651856688890777)
(18.74005889531225, 14.12389731058851, -1.2567078302450172)
(18.749714847765862, 14.061474200580271, -1.1295943928881997)
(18.772493358813225, 13.995241996143015, -1.0586515877261458)
(18.80278181668371, 13.943993088100108, -1.1864306571601975)
(18.8254413568601, 13.931007500980051, -1.4880491376213096)
(18.843108411990105, 13.928668853137644, 4.528246093116554)
(18.845701929293572, 13.916271206233652, 4.471677290972085)
(18.845701929293572, 13.916271206233652, 4.471677290972085)
(18.845701929293572, 13.916271206233652, 4.471677290972085)
(18.845701929293572, 13.916271206233652, 4.471677290972085)
(18.845701929293572, 13.916271206233652, 4.471677290972085)
(18.845701929293572, 13.916271206233652, 4.471677290972085)
(18.845701929293572, 13.916271206233652, 4.471677290972085)
(18.561269518099724, 13.265349265430125, 3.945757355434139)
(18.561269518099724, 13.265349265430125, 3.945757355434139)
(18.561269518099724, 13.265349265430125, 3.945757355434139)
(18.270933147631585, 13.142247554156931, 3.3477197384686423)
(18.15189146634191, 13.123156186435374, 3.3637199754293023)
(17.99318956967443, 13.101085301730784, 3.374581036459654)
(17.831391569338738, 13.078170653674754, 3.375330229667785)
(17.69073974724859, 13.05876767287031, 3.372813480341657)
(17.536032077036797, 13.03643405089155, 3.2654784361532023)
(17.37281775113195, 13.037668582294138, 3.2363427689991915)
(17.22083997365087, 13.040901776645335, 3.2390481661238772)
(17.168969985209404, 13.03946458945051, 3.2113789845083907)
(17.168969985209404, 13.03946458945051, 3.2113789845083907)
(16.766703780852257, 13.047382947299631, 3.226653758704402)
(16.65468847390264, 13.050796862933787, 3.2008572919475213)
(16.493068631850182, 13.053936597201975, 3.201165002347448)
(16.37073444958776, 13.05583536276594, 3.1952119855194248)
(16.17002436157316, 13.058766957614573, 3.2188289146958926)
(15.989318069182335, 13.05966746458784, 3.1957942644871977)
(15.850502517186104, 13.06163918623701, 3.1998243649975953)
(15.726991471014916, 13.064228412006052, 3.2065896744366325)
(15.56355297204107, 13.067735072467478, 3.1957027602728054)
(15.413887586556374, 13.071260329578074, 3.176717791883446)
(15.332303639613091, 13.072493192050608, 3.188440072431782)
(15.232346054278313, 13.075931187961253, 3.191915592311984)
(15.068949397765099, 13.07902323851362, 3.175837837393179)
(14.983011480532586, 13.080367680881174, 3.182402537730015)
(14.898289080820977, 13.081589814517649, 3.192646587942056)
(14.879348274432122, 13.080487843845042, 3.1736040269122325)
(14.806712266169487, 13.06325256476179, 2.662888013159534)
(14.792275067530571, 13.045505877826365, 2.3003766763951834)
(14.771347876749932, 13.056919928882273, 2.1173036970273875)
(14.75554036732763, 13.086054679248484, 2.086094298791517)
(14.75554036732763, 13.086054679248484, 2.086094298791517)
(14.75554036732763, 13.086054679248484, 2.086094298791517)
(14.621193286143242, 13.376110431049021, 2.061797414054683)
(14.553991075716912, 13.5251083339192, 2.073181515473188)
(14.477111932002007, 13.689702984187754, 2.097981254687468)
(14.427133914195, 13.795529838893565, 2.120576347866105)
(14.380526419840752, 13.907362457606943, 2.3146192581326797)
(14.353971954546868, 13.964047428462656, 2.589617596899565)
(14.324301000796257, 13.996073004100474, 2.8662290568079567)
(14.318351622782647, 14.01638531336561, 3.1566458968050597)
(14.302938457690178, 14.027770396564158, 3.3671013791312756)
(14.228065725527703, 14.021989699695261, 3.392163972295524)
(14.150277610979973, 14.00535940775648, 3.4575223735613774)
(14.056270834170281, 13.989531155917796, 3.4054808939661596)
(13.92829632397741, 13.965164181087168, 3.415729664081428)
(13.78311752911657, 13.94212412485853, 3.4096088554050117)
(13.636337515078484, 13.878214117381724, 2.386448732921786)
(13.473050352297722, 13.910444017741831, -0.6411577170026015)
(13.473050352297722, 13.910444017741831, -0.6411577170026015)
(13.260353561602532, 13.842967387530955, 3.7403159908053727)
(13.169146772585808, 13.841857668254526, 3.8067170231483334)
(13.13818573590368, 13.835352774951609, 4.022009040818234)
(13.115472789965569, 13.842870828006419, 4.370622250671902)
(13.11427592869848, 13.844001408908518, 4.384094114778948)
(13.11427592869848, 13.844001408908518, 4.384094114778948)
(13.104142423830925, 13.834721680972727, 4.502173196870045)
(13.077294584475457, 13.74771141657606, 4.486305934469905)
(13.069844242297112, 13.723881837222727, 4.512945502316688)
(13.018971439562737, 13.55875992426649, 4.544632205872893)
(12.99423288937658, 13.489467617366465, -1.5321701194510027)
(12.982019420824944, 13.455365296695383, -1.3155528768904223)
(12.966027971468865, 13.420673486087473, -0.9611781728982205)
(12.951541897021233, 13.410971280429514, -0.6528605836585082)
(12.939827200137078, 13.393223401401194, -0.3310916958010861)
(12.935926910601555, 13.371687408778818, 0.01537431276440171)
(12.939450975619256, 13.359335419032725, 0.20621330778798708)
(12.965287443362175, 13.357591625545176, 0.3130411372597057)
(12.965287443362175, 13.357591625545176, 0.3130411372597057)
(13.103609319888054, 13.38798606047407, 0.3806805018613866)
(13.103609319888054, 13.38798606047407, 0.3806805018613866)
(13.103609319888054, 13.38798606047407, 0.3806805018613866)
(13.176046606265007, 13.391926165912302, 0.853794991923593)
(13.176046606265007, 13.391926165912302, 0.853794991923593)
(13.34813594456762, 13.594313141200693, 0.989411553280384)
(13.377357717715203, 13.642162200305613, 0.8689239831540407)
(13.494225259982048, 13.755227085445078, 0.7483834257992911)
(13.562988277636467, 13.807701345775278, 0.7432746778393462)
(13.687468763552605, 13.904217239711436, 0.7420588283828753)
(13.809957500658928, 13.999276396129282, 0.7483170535056082)
(14.00668656464666, 14.152336593959483, 0.7392662668081074)
(14.168953653536736, 14.273896929118784, 0.7218550781894423)
(14.359921928606926, 14.42173576006666, 0.734810450864166)
(14.522180315218865, 14.54256575951353, 0.6700414055142674)
(14.623265024386345, 14.6236293281056, 0.7316443555622285)
(14.778600331507622, 14.742443736884745, 0.7449439714510739)
(14.840422030650078, 14.787886884305628, 0.7147730169772154)
(14.958489116393029, 14.880938109252604, 0.6998449587524358)
(15.120565112791954, 15.006261985991152, 0.7212094166936184)
(15.206004735194146, 15.070919689033182, 0.7291063899324376)
(15.255493339262902, 15.107094314191492, 0.7513471941122474)
(15.289018627367913, 15.122931923959406, 0.9117547746589995)
(15.300647433958947, 15.124710139129313, 1.0365034274002574)
(15.32768666382879, 15.111325022075327, 1.497007481158191)
(15.341900047026574, 15.136816431079062, 1.709794800016771)
(15.339271661005913, 15.2010285111703, 1.7207898915915525)
(15.333393987379967, 15.276152357701214, 1.7215201967330227)
(15.322771486006676, 15.40031204769388, 1.729397938133373)
(15.315754469595849, 15.50145217427984, 1.735126840542844)
(15.311025854311882, 15.56123017916456, 1.737244361277549)
(15.308475133143364, 15.605590101573618, 1.719450451561724)
(15.315658148489891, 15.620682176444681, 1.8863535482601637)
(15.327821191512047, 15.623772200439127, 2.096622123747512)
(15.339880164824425, 15.625876929853113, 2.267775075448048)
(15.341894801817833, 15.631403830144556, 2.336718067943591)
(15.338578041754662, 15.629458334539088, 2.2940028469030422)
(15.327028926573693, 15.621121581885966, 2.031358856695315)
(15.304659422598778, 15.618018266055735, 1.6983891078406639)
(15.299214001856743, 15.61757784733549, 1.6186016808773844)
(15.299722727499901, 15.618292328212412, 1.6343467233359488)
(15.299452718459069, 15.618520822618159, 1.6303631802491374)
(15.304346677027642, 15.619959052894266, 1.7045281484534145)
(15.301675375662743, 15.669055190179499, 1.6998927203732328)
(15.298750218115746, 15.710446473453196, 1.7025716983958086)
(15.303823884688317, 15.758129533622416, 1.8587754363773255)
(15.321838315688073, 15.773499068114909, 2.195034371000913)
(15.327180381976067, 15.776566382739695, 2.2999416584879815)
(15.327899452410637, 15.777566489074381, 2.300106332417058)
(15.328546818457543, 15.777957137916239, 2.3123058864141623)
(15.337211664877831, 15.785917338225993, 2.497759105125439)
(15.34666949149221, 15.799148138854655, 2.756617483268574)
(15.352053877077996, 15.818791684005411, 3.0659037281652894)
(15.328245278559624, 15.828784164283427, 3.1907158647645693)
(15.26163178320974, 15.83176183352247, 3.2122205710175313)
(15.217486795149743, 15.839458581302317, 3.345273903379689)
(15.20075976487249, 15.854353484008463, 3.6146039599060478)
(15.1978276931867, 15.865677353236826, 3.788460043485248)
(15.179891701899468, 15.853799816463145, 3.801661664054879)
(15.142591234408318, 15.830022212360056, 3.8047628561113838)
(15.10624277230352, 15.804368432853373, 3.8081381932987743)
(14.992120798788964, 15.728816028926524, 3.81894726288313)
(14.92210381861776, 15.682003226373347, 3.806330089693396)
(14.755186673365532, 15.569127764794978, 3.7867663654686314)
(14.637970205508172, 15.492016520593317, 3.7943718325273332)
(14.500822659693657, 15.399931784961375, 3.8123348743843786)
(14.352849956713616, 15.300844442341479, 3.794195823161694)
(14.205111023150383, 15.204667378459128, 3.7987584480723515)
(14.120083209238945, 15.144885812196883, 3.7101312228553276)
(14.037008877955376, 15.096009638402613, 3.4940222496116498)
(13.951505299769341, 15.068305235598238, 3.2580196186589028)
(13.897038933001458, 15.06409707317129, 3.1928690904790864)
(13.868005748949944, 15.06464926550165, 3.1962978784666927)
(13.865352150164544, 15.064966734740885, 3.2035876835863526)
(13.86523103352636, 15.065263506267222, 3.207045618346556)
(13.845871206484734, 15.065548580382021, 3.2049379023078646)
(13.803371425829827, 15.0662530178763, 3.2113551257379096)
(13.803371425829827, 15.0662530178763, 3.2113551257379096)
(13.748784300051629, 15.069656502697619, 3.208255651747035)
(13.748784300051629, 15.069656502697619, 3.208255651747035)
(13.748784300051629, 15.069656502697619, 3.208255651747035)
(13.720268484316765, 15.09442005703226, 3.6049822092417063)
(13.718381401263176, 15.09919365892187, 3.679655304407226)
(13.718381401263176, 15.09919365892187, 3.679655304407226)
(13.718381401263176, 15.09919365892187, 3.679655304407226)
(13.652843471728264, 15.134783040974291, -1.3928848880806481)
(13.638656374178826, 15.122290570531042, -1.1576714423963699)
(13.638656374178826, 15.122290570531042, -1.1576714423963699)
(13.643478866778313, 15.048662614319475, -0.9593200194421869)
(13.608109947405755, 15.039924439284952, 1.7178465107187955)
(13.664058681689202, 14.997718196604403, -0.6023645721676503)
(13.677113290987908, 14.978514250610026, -0.4482417118081732)
(13.70821690198034, 14.958227273318919, -0.4585394624535213)
(13.70821690198034, 14.958227273318919, -0.4585394624535213)
(13.874397751055657, 14.867478158567103, -0.3425167070086128)
(14.037061687670647, 14.773866709563883, -0.4583471762750002)
(14.168857690058648, 14.695872839782389, -0.4883839123199971)
(14.277728196345269, 14.636170681808146, -0.6490613815061397)
(14.363083239756524, 14.558426078651102, -0.8865560728531823)
