(17.168969985209404, 13.03946458945051, 3.2113789845083907)
(17.168969985209404, 13.03946458945051, 3.2113789845083907)
(15.880004909932612, 15.240004050438294, 0.04328529250137536)
(15.88001951586455, 15.240008453265766, 0.04314001145968449)
(15.880035418197512, 15.240036010169426, 0.04275731712225572)
(15.880011703930794, 15.24003660481889, 0.04294759568560691)
(15.880009244307875, 15.240024339999074, 0.04305479709887994)
(15.879990218318998, 15.240003329827452, 0.04304776999788462)
(15.879989988282322, 15.240022903550418, 0.04301760315193248)
(15.879987740069627, 15.240001172767954, 0.043013464595978546)
(15.88001315679401, 15.240031881383622, 0.043116001865836306)
(15.87998557101935, 15.240014477060178, 0.04316387774295394)
(15.880421956181525, 15.240403297133746, 0.04500732611756053)
(15.879957591295241, 15.240024764100092, 0.04285128711920261)
(15.880406939536332, 15.240387992477046, 0.04515558805083586)
(15.880398603267967, 15.240391767360272, 0.045140923274998856)
(15.88040025729686, 15.240358720542865, 0.04505960974683454)
(15.880389386899768, 15.2403801335115, 0.045049462970281784)
(15.88038662739098, 15.240389038352298, 0.04503889979352005)
(15.880385290943085, 15.240381707446652, 0.04514500722010828)
(15.880384170562028, 15.24036619580351, 0.0451874102406673)
(15.880016870908438, 15.240099079217764, 0.04344644008916121)
(15.880140134245156, 15.240160285271706, 0.043609692732100136)
(15.880325671397149, 15.240317592639478, 0.04461795691615156)
(15.880275942496954, 15.240295562436806, 0.04455885101725987)
(15.880365540385245, 15.240396698247643, 0.045054715331066086)
(15.880020173378288, 15.240108040636407, 0.04343511037464287)
(15.880373966060578, 15.24040304171853, 0.04495716247456638)
(15.880383012928068, 15.240399722950535, 0.04514450673254333)
(15.88038143992424, 15.24039806053974, 0.04504886643797046)
(15.879927083961665, 15.240015056226405, 0.04306201870134663)
(15.879996984377502, 15.240085927546026, 0.04349842119795966)
(15.880373588874935, 15.240412603141742, 0.04519576700969141)
(15.880064619816839, 15.240166721176358, 0.0428599103811369)
(15.880100433826446, 15.240069126021119, 0.0425857556672824)
(15.880168793834745, 15.240128059764395, 0.04309145676288484)
(15.87994951672852, 15.240031306990424, 0.04302786202883335)
(15.880092737376689, 15.240054360134529, 0.042516971802396775)
(15.880095170922576, 15.240071823596956, 0.04252432531884631)
(15.880091704539954, 15.240072845374236, 0.04247377393372198)
(15.87996053148061, 15.240037464429626, 0.04306703957258762)
(15.879946823343634, 15.240016427133234, 0.04311184477380414)
(15.880086188316344, 15.240074447132649, 0.04260687879740099)
(15.880106452964245, 15.240076925498435, 0.04243483851899543)
(15.880075489282607, 15.24004851666745, 0.04249889761799541)
(15.880096875242888, 15.240070684473032, 0.04259045489403901)
(15.880088457949459, 15.240089026056232, 0.04257744874435754)
(15.880088457949459, 15.240059945625255, 0.042491916216356174)
(15.880097791664301, 15.240063208281065, 0.04257255277954486)
(15.880096179544925, 15.240077214906925, 0.04249945059182547)
(15.880077759847044, 15.240057294964792, 0.04243530810726415)
(15.88009823217988, 15.240079194316642, 0.04252768394081374)
(15.880088413245975, 15.240057108351031, 0.0424314937146999)
(15.880086453743278, 15.240063779880295, 0.04247617613669452)
(15.880363073311745, 15.240372274778785, 0.04490414693267031)
(15.880088604167103, 15.240062671257185, 0.04250823974274809)
(15.880387701205908, 15.240399928307163, 0.045123211201525626)
(15.880081557780503, 15.240069172587248, 0.042426732431274816)
(15.880293379649519, 15.240316029414537, 0.044637346430889346)
(15.880361846759914, 15.240396879855545, 0.045206515622708165)
(15.88038566160947, 15.240372640788557, 0.045087563700485056)
(15.880084643252193, 15.240036405050198, 0.04239491507357673)
(15.880312478281557, 15.24029485113919, 0.0444152606249506)
(15.880086015090345, 15.240048594432885, 0.042492253012339054)
(15.88008566211909, 15.240048489659095, 0.042479306018218255)
(15.880098683871328, 15.24003743846901, 0.04229898748516914)
(15.880372105278074, 15.240352479750293, 0.04516620334014476)
(15.880360331498085, 15.240365903601052, 0.045107071863551784)
(15.880390257686376, 15.240400547403844, 0.04480068382349023)
(15.88035873800516, 15.240372538808735, 0.04516958785908387)
(15.880110337510704, 15.240059035373854, 0.04236803272450396)
(15.880113951973616, 15.240042422791014, 0.04243036852936055)
(15.880096756033598, 15.24003101245966, 0.04235614036949831)
(15.880093732029199, 15.240057719997132, 0.042596674683093916)
(15.880085373409091, 15.240053993193435, 0.042684936200009904)
(15.880180381350218, 15.240127181643622, 0.04300431885933964)
(15.880092717818915, 15.240038738711739, 0.04261508594774166)
(15.88007334910333, 15.240044033979068, 0.042448208339190385)
(15.880044126063584, 15.24005022576079, 0.04233189675524307)
(15.880059231184422, 15.240074707553724, 0.04232047714716103)
(15.88004514120519, 15.240065484899098, 0.04233414524208312)
(15.880063839368521, 15.240052416929977, 0.04237498721366628)
(15.880062722712754, 15.240077940872872, 0.0425247437893288)
(15.880063276849686, 15.240059747719208, 0.042426725045731084)
(15.886480581127106, 15.240013913959267, 0.04291018687959336)
(15.928937286250292, 15.238942290083507, 0.03051444273849957)
(15.97619918372482, 15.236616709395314, 0.033559332603853465)
(16.00076326366514, 15.235986464433374, 0.03557767433234438)
(16.046849470697342, 15.233542918469759, 0.040543840167349465)
(16.117034223042427, 15.231427756380292, 0.033170282233164095)
(16.20399635668844, 15.228458062987777, 0.03143167491290666)
(16.36203124757856, 15.224294051770123, 0.04714099761476054)
(16.51419287558645, 15.2192599179782, 0.04580815649271286)
(16.612380143366753, 15.215545377004894, 0.04527186446305498)
(16.71642332907766, 15.212285973373803, 0.0421421935094326)
(16.850746389590203, 15.207115629930051, 0.04806883399313855)
(17.005307313166558, 15.201249759886416, 0.03491073523596522)
(17.12123405572027, 15.19455603161827, 0.06244346123253397)
(17.22378348942846, 15.191877179089936, 0.04145199797279231)
(17.35883533593267, 15.185394425187262, 0.04289864380141539)
(17.510982271395623, 15.178421497587117, 0.044614002956600896)
(17.609606023989617, 15.173738714549692, 0.05271619468101307)
(17.776665207110344, 15.169018078837546, 0.03998469281457706)
(17.92725109692663, 15.16233646521345, 0.04693795720186089)
(18.05181026097387, 15.158222619686278, 0.04168578748786089)
(18.14645170804113, 15.155225385222586, 0.037578948326241424)
(18.268700834475457, 15.149420436713847, 0.038795623488784514)
(18.39727973576635, 15.143703419957312, 0.04116936379894187)
(18.538251157961785, 15.138481308016928, 0.028364647842068047)
(18.667162653170525, 15.136909034345301, -0.0981136897647994)
(18.763181444369256, 15.12726946571842, -0.4012997497225961)
(18.827255722247063, 15.106096189711245, -0.6888049920675146)
(18.86180281277746, 15.090120312068613, -0.969642796045517)
(18.887544151507317, 15.08871483454481, -1.3187090337643328)
(18.904541727267205, 15.084358718488367, 4.708158962780333)
(18.904607292376458, 15.050302725527438, 4.6317377172815615)
(18.893428560458123, 14.998240407798441, 4.661013255992546)
(18.874657865725457, 14.880842592809351, 4.624916669571196)
(18.851262565813958, 14.769713964555415, 4.6097233187678786)
(18.82329964276403, 14.613958891723307, 4.608526036004923)
(18.79621314641088, 14.46586155543104, 4.611925028265697)
(18.768937584124505, 14.310467895362528, 4.630873651031958)
(18.746864792071282, 14.19013130316511, -1.4657327914673068)
(18.742901560030877, 14.102407451961191, -1.2087215615891913)
(18.761912342272698, 14.025022384021433, -1.09355413064573)
(18.79222464200109, 13.958273407313975, -1.0982465053216277)
(18.81637906666845, 13.932560559604319, -1.3335003891575212)
(18.829741474352776, 13.930778738353403, -1.5538449706217512)
(18.845701929293572, 13.916271206233652, 4.471677290972085)
(18.845701929293572, 13.916271206233652, 4.471677290972085)
(18.845701929293572, 13.916271206233652, 4.471677290972085)
(18.845701929293572, 13.916271206233652, 4.471677290972085)
(18.845701929293572, 13.916271206233652, 4.471677290972085)
(18.845701929293572, 13.916271206233652, 4.471677290972085)
(18.845701929293572, 13.916271206233652, 4.471677290972085)
(18.561269518099724, 13.265349265430125, 3.945757355434139)
(18.561269518099724, 13.265349265430125, 3.945757355434139)
(18.561269518099724, 13.265349265430125, 3.945757355434139)
(18.561269518099724, 13.265349265430125, 3.945757355434139)
(18.185616728030144, 13.128301974628123, 3.365119338326269)
(18.051270481310784, 13.108424540851267, 3.3645215990038704)
(17.898037668429314, 13.087617513034495, 3.3765300461464385)
(17.726079579554497, 13.062085505817087, 3.3692527187872177)
(17.60017382737249, 13.04419099936262, 3.334124579439934)
(17.467310305796563, 13.036494609210642, 3.245615941268296)
(17.313674088679253, 13.03730451712385, 3.2181826661135173)
(17.192759987078606, 13.039536830279978, 3.2010901178018596)
(17.168969985209404, 13.03946458945051, 3.2113789845083907)
(16.861245211325585, 13.045485135409983, 3.201796023378597)
(16.692934807501732, 13.049385186526926, 3.201540719819996)
(16.551838036738335, 13.051957961414011, 3.2104321137310494)
(16.412019845210015, 13.054400559756907, 3.1839891815803814)
(16.236762311421334, 13.057112094257029, 3.200625233879671)
(16.100124221406876, 13.057288047168406, 3.2034467178271107)
(15.93120180826634, 13.060457583758982, 3.205455257233317)
(15.786702301464974, 13.062941428516062, 3.208368815293654)
(15.617680039368569, 13.066046353671702, 3.2077472364779274)
(15.50944825645536, 13.06775319227949, 3.1702909568197692)
(15.395457860194146, 13.070663329456004, 3.1753115796940654)
(15.293518420420586, 13.073653098437937, 3.1882268235308837)
(15.150635477267205, 13.078419562671336, 3.2077875036296444)
(15.029226478300988, 13.079648133609446, 3.1713619940789997)
(14.930195089541375, 13.080698367450388, 3.178265886388413)
(14.879348274432122, 13.080487843845042, 3.1736040269122325)
(14.879348274432122, 13.080487843845042, 3.1736040269122325)
(14.801727410517632, 13.05577432760969, 2.52282332135802)
(14.789701815806328, 13.044720765445383, 2.2638716397503615)
(14.771347876749932, 13.056919928882273, 2.1173036970273875)
(14.75554036732763, 13.086054679248484, 2.086094298791517)
(14.75554036732763, 13.086054679248484, 2.086094298791517)
(14.75554036732763, 13.086054679248484, 2.086094298791517)
(14.596955891810357, 13.430753704402598, 2.0739708925479423)
(14.532346364222466, 13.569585796687754, 2.064164971300131)
(14.477111932002007, 13.689702984187754, 2.097981254687468)
(14.415610786639153, 13.829713937137278, 2.1404245134714937)
(14.37400662537664, 13.921262856815012, 2.3730781058605404)
(14.34402274724096, 13.971954938266428, 2.6897582397212414)
(14.32283818360418, 14.004601951930674, 3.039900963375919)
(14.316931959353386, 14.025323864314707, 3.273853324168172)
(14.26851701375097, 14.028679248187693, 3.4005411078765855)
(14.20466899510473, 14.0162131751515, 3.415107779247874)
(14.107507106028496, 13.998629804942759, 3.393991845123021)
(13.983687277995049, 13.97705208906904, 3.3725915950075787)
(13.835710521899163, 13.952193018291148, 3.394500259093088)
(13.669214245043694, 13.920830127093943, 3.384242611793778)
(13.510215278826653, 13.893135424945505, 3.3897052103444154)
(13.473050352297722, 13.910444017741831, -0.6411577170026015)
(13.260353561602532, 13.842967387530955, 3.7403159908053727)
(13.260353561602532, 13.842967387530955, 3.7403159908053727)
(13.169146772585808, 13.841857668254526, 3.8067170231483334)
(13.122766729556023, 13.835892316196116, 4.224686766481009)
(13.11427592869848, 13.844001408908518, 4.384094114778948)
(13.11427592869848, 13.844001408908518, 4.384094114778948)
(13.11427592869848, 13.844001408908518, 4.384094114778948)
(13.093439813815056, 13.79588913569227, 4.497942934253964)
(13.069844242297112, 13.723881837222727, 4.512945502316688)
(13.040354486666619, 13.623243328426035, 4.500566577541683)
(13.011555668078362, 13.537594195697459, 4.5891057680972605)
(12.986726280413567, 13.47286188254133, -1.4056512499927099)
(12.975822206698357, 13.435889479015025, -1.15604634109645)
(12.963884111605584, 13.419623967502268, -0.8865151124088642)
(12.94879340764135, 13.40752792010084, -0.5847265001602002)
(12.936380859576165, 13.385303970668467, -0.18873465047896443)
(12.935497041903435, 13.369189616534861, 0.04714426755052337)
(12.94506215687841, 13.357671138141306, 0.24258654737999352)
(12.965287443362175, 13.357591625545176, 0.3130411372597057)
(12.965287443362175, 13.357591625545176, 0.3130411372597057)
(13.103609319888054, 13.38798606047407, 0.3806805018613866)
(13.103609319888054, 13.38798606047407, 0.3806805018613866)
(13.103609319888054, 13.38798606047407, 0.3806805018613866)
(13.176046606265007, 13.391926165912302, 0.853794991923593)
(13.176046606265007, 13.391926165912302, 0.853794991923593)
(13.363358255587517, 13.61980032572523, 0.954681816153807)
(13.377357717715203, 13.642162200305613, 0.8689239831540407)
(13.494225259982048, 13.755227085445078, 0.7483834257992911)
(13.606683965884148, 13.842332955691965, 0.7450820817231981)
(13.717681642733513, 13.927573438975962, 0.7429788406828081)
(13.823258634768425, 14.009604569766672, 0.7279083186062586)
(14.00668656464666, 14.152336593959483, 0.7392662668081074)
(14.183684464655816, 14.287789400909098, 0.7224605979654405)
(14.370306369028985, 14.428268965575846, 0.7095667546279814)
(14.522180315218865, 14.54256575951353, 0.6700414055142674)
(14.642742630206047, 14.632967110965403, 0.7342182428309606)
(14.791994925700127, 14.752017524335535, 0.7452900241816357)
(14.9180505239591, 14.849456575009974, 0.7040787203320097)
(15.022726591788231, 14.93017333397642, 0.7354739167647644)
(15.13593518372625, 15.017490398380907, 0.7272497670084271)
(15.212184127531945, 15.07626565942541, 0.7237900067118258)
(15.257641848288475, 15.107973631713541, 0.7364285791807671)
(15.292891915999352, 15.123837810251864, 0.9510191778766041)
(15.300647433958947, 15.124710139129313, 1.0365034274002574)
(15.334646042548119, 15.114674683902415, 1.594636583738618)
(15.341576691828667, 15.156888310108336, 1.7286976180929983)
(15.337490853033959, 15.21874161647633, 1.7190898367139051)
(15.330291148386895, 15.31393893459812, 1.7223318161392909)
(15.321317013464867, 15.428451311085375, 1.7179344759250434)
(15.31328349944204, 15.519493278358134, 1.7297927994824647)
(15.309389706812798, 15.580256607625635, 1.7363789318252958)
(15.308267172537743, 15.61339825043455, 1.7250279323597302)
(15.31653034325689, 15.620793309304865, 1.8786946630571966)
(15.335438843928276, 15.625041004512461, 2.2041366432576126)
(15.343813654147088, 15.630675759408625, 2.3336056711023354)
(15.341892238818108, 15.631379124019297, 2.336331537391806)
(15.336776074133812, 15.62771668681875, 2.2476093561464396)
(15.321873244009911, 15.620024409387263, 1.9246677866679942)
(15.30234098073095, 15.618791278693827, 1.676632694832028)
(15.29902523394674, 15.617586311195048, 1.6241206632160057)
(15.299693580828606, 15.618292328212412, 1.6344186252282253)
(15.302954848967492, 15.619582560155543, 1.6866284283717325)
(15.303346928320824, 15.637801256272944, 1.7036716054294212)
(15.300483819209038, 15.68847986707464, 1.7033809672080131)
(15.300555344782769, 15.73769902834669, 1.761925585003996)
(15.312403854094445, 15.767321702335032, 2.026842910506242)
(15.327366348467766, 15.77236801037565, 2.2556944284496065)
(15.327681597433983, 15.778694387767466, 2.3097135973645706)
(15.328454967699944, 15.777100201938303, 2.3011820478561744)
(15.331548687182366, 15.780089315269144, 2.3653823329794514)
(15.342965658865868, 15.793621178958567, 2.6526902515226065)
(15.351373072825371, 15.81181829819456, 2.9548030552161757)
(15.33477073546499, 15.827226575706156, 3.1688661153603137)
(15.294682081900536, 15.830274578426035, 3.205813920261468)
(15.233037408553063, 15.83775698790327, 3.2599830122745947)
(15.205843504630028, 15.848790105674418, 3.488358974807742)
(15.200331684313714, 15.862512585017832, 3.7393684637111)
(15.195149298869072, 15.863669034335764, 3.807359440684048)
(15.171608384810387, 15.847224530074747, 3.8007543878155037)
(15.126395281516015, 15.817407544944437, 3.809184442710644)
(15.046061750613152, 15.764182087276133, 3.8049257588627228)
(14.944226082526146, 15.695625659320505, 3.7977632329866076)
(14.840636130534111, 15.626639928910883, 3.8172952366847532)
(14.694466944895684, 15.529212024305018, 3.7925769453165645)
(14.584764476977288, 15.45794109651819, 3.8118177828248023)
(14.44615041848272, 15.363161649797114, 3.80600014535542)
(14.310446735583245, 15.273968592528256, 3.7919616981137665)
(14.180896517001091, 15.18890498975292, 3.7884586267306326)
(14.076700206957756, 15.119298879299315, 3.632602629774711)
(13.984238620959221, 15.07422504970804, 3.320405480569223)
(13.924645181857048, 15.06386553892866, 3.2044750685497894)
(13.877552744112908, 15.064974826071413, 3.2024057532010053)
(13.864836927615105, 15.065238844845446, 3.2091476649213995)
(13.86523103352636, 15.065263506267222, 3.207045618346556)
(13.86523103352636, 15.065263506267222, 3.207045618346556)
(13.822216268740593, 15.065579410884531, 3.2154363848548444)
(13.803371425829827, 15.0662530178763, 3.2113551257379096)
(13.748784300051629, 15.069656502697619, 3.208255651747035)
(13.748784300051629, 15.069656502697619, 3.208255651747035)
(13.748784300051629, 15.069656502697619, 3.208255651747035)
(13.748784300051629, 15.069656502697619, 3.208255651747035)
(13.718381401263176, 15.09919365892187, 3.679655304407226)
(13.718381401263176, 15.09919365892187, 3.679655304407226)
(13.718381401263176, 15.09919365892187, 3.679655304407226)
(13.668420549593865, 15.134580966327341, 4.6401460585806)
(13.645014282427727, 15.132572200391444, -1.2703968313322562)
(13.638656374178826, 15.122290570531042, -1.1576714423963699)
(13.638656374178826, 15.122290570531042, -1.1576714423963699)
(13.643478866778313, 15.048662614319475, -0.9593200194421869)
(13.657472130022942, 15.023294281456621, -0.6597195423771853)
(13.664554115496575, 14.994633283708247, -0.5781635734029669)
(13.688904043398797, 14.969456997010859, -0.44966441149296976)
(13.70821690198034, 14.958227273318919, -0.4585394624535213)
(13.70821690198034, 14.958227273318919, -0.4585394624535213)
(13.948415037356316, 14.824896838758143, -0.34991910241339674)
(14.076222177706658, 14.74377521524206, -0.3387167874221473)
(14.20002221699804, 14.680358287189158, -0.4961524381799327)
(14.30658149357885, 14.61600917229429, -0.7554112758636391)
