15.8800064615 15.2400059265 0.0430793944971 
15.8801942348 15.240077826 0.0426540245385 
15.8799870248 15.2400097362 0.0431827486868 
15.8799982798 15.2400185756 0.0429517824723 
15.8800133784 15.2400245696 0.0431315847708 
15.879982222 15.2400162412 0.043134539975 
15.8804259571 15.2403908307 0.0453996867105 
15.8799853792 15.2400264157 0.0431178586158 
15.8799719448 15.2400098518 0.0430746497847 
15.8803979448 15.2403866446 0.0449462390025 
15.8804095016 15.2403920945 0.0453057566229 
15.8804021507 15.2403766385 0.0450313333275 
15.880400383 15.2403687779 0.0451872955532 
15.8803893869 15.2403801335 0.0450494629703 
15.8803902921 15.240397726 0.0451397663315 
15.8803828509 15.2403886598 0.0451594675623 
15.8803796415 15.2403838663 0.0450955311777 
15.8803774753 15.2403844397 0.0448948962897 
15.8803613355 15.2403717458 0.045145358572 
15.8800076685 15.2400883462 0.0434447768508 
15.8803655404 15.2403966982 0.0450547153311 
15.8803890228 15.2404241043 0.0450060072968 
15.8803840383 15.2403961457 0.0450344225164 
15.8803767973 15.2403902593 0.0450745136129 
15.879927084 15.2400150562 0.0430620187013 
15.8802986528 15.2404948962 0.0454221563498 
15.8799247734 15.2400024515 0.0428191904189 
15.8799385076 15.2400239896 0.0430419184988 
15.8802784561 15.2403032843 0.0446036613397 
15.8800052676 15.2400962507 0.0436061401983 
15.8799043262 15.2400131493 0.0430667935511 
15.8800917045 15.2400728454 0.0424737739337 
15.8800941474 15.2400614465 0.0424873280419 
15.8800930354 15.2400686364 0.0424855447332 
15.8800950648 15.2400709015 0.042696069942 
15.8802978472 15.2403288039 0.0445155763405 
15.8800920352 15.2400615281 0.0424838336923 
15.8800884579 15.2400890261 0.0425774487444 
15.8800867844 15.2400604499 0.0425761701268 
15.8800862591 15.2400612201 0.0424602529323 
15.8800796821 15.2400607137 0.0424872758269 
15.8800892607 15.2400666297 0.0423772866517 
15.8800944696 15.2400648892 0.0424490734991 
15.8803521582 15.240363043 0.0451128496723 
15.8800798693 15.2400527159 0.0424425686418 
15.8799429192 15.2400393041 0.0429792631228 
15.8800807205 15.2400708244 0.0424373050586 
15.8801013745 15.2400699924 0.0424686134277 
15.880098859 15.2400535302 0.0424784281762 
15.8803659753 15.2403545792 0.0449199661526 
15.8803573466 15.2403699446 0.0449982804406 
15.8800856621 15.2400484897 0.0424793060182 
15.880361043 15.2403589729 0.0448167271721 
15.8803646147 15.2403626305 0.0449197490693 
15.8803806772 15.240392373 0.0448532918439 
15.8803796602 15.2403828555 0.045187847477 
15.8803609369 15.2403593217 0.0450593793579 
15.8801147427 15.2400642185 0.042575380915 
15.8803707819 15.2403734217 0.044918796509 
15.8801098644 15.2400526658 0.0427265631319 
15.8801138123 15.240047127 0.0426625575842 
15.8801506321 15.2401109471 0.0429746051578 
15.8800549126 15.2400611045 0.0422739647678 
15.8800392431 15.240070357 0.0423943393098 
15.8800468083 15.240045236 0.0422434794777 
15.8800518532 15.2400566079 0.0424005450897 
15.8800510933 15.240076709 0.0424268874019 
15.9218452611 15.2395888816 0.0292449545135 
15.9835016691 15.2371331382 0.0283803610955 
16.0652420038 15.2328974686 0.0368467030205 
16.1906882488 15.2285699297 0.0266521243433 
16.3467788958 15.2247971085 0.0392297365703 
16.5667055213 15.2172172556 0.0471475021228 
16.7098538839 15.2121995112 0.0463044241196 
16.8926292622 15.2056847292 0.0471669196161 
17.0523886644 15.1976319517 0.0433925327114 
17.2237834894 15.1918771791 0.0414519979728 
17.4192234242 15.1831929649 0.0383958707701 
17.5807347262 15.175958358 0.040444976926 
17.8156901562 15.1670424009 0.0388630046666 
18.0144791567 15.1596455614 0.0405343210292 
18.146451708 15.1552253852 0.0375789483262 
18.2687008345 15.1494204367 0.0387956234888 
18.4254796469 15.1429679582 0.0423716223043 
18.6446068251 15.1377203951 -0.0575977731016 
18.7661092245 15.1265903751 -0.401087167229 
18.8537697756 15.0937460626 -0.891509159644 
18.884740349 15.0875875766 -1.27259658021 
18.9045417273 15.0843587185 4.70815896278 
18.8970720732 15.0192583467 4.66072655749 
18.8825828993 14.9310762251 4.64498310584 
18.8377652132 14.6968765224 4.61089910978 
18.8034186327 14.5035889114 4.61108847767 
18.7737927401 14.3373327816 4.61592345256 
18.744566437 14.1761077608 -1.42294428148 
18.7568030321 14.0393521751 -1.09864484858 
18.7838330233 13.9737915958 -1.07152713231 
18.8132472002 13.9337836469 -1.30158089712 
18.8419654333 13.929152366 4.54141410445 
18.8457019293 13.9162712062 4.47167729097 
18.8457019293 13.9162712062 4.47167729097 
18.8457019293 13.9162712062 4.47167729097 
18.8457019293 13.9162712062 4.47167729097 
18.8457019293 13.9162712062 4.47167729097 
18.5612695181 13.2653492654 3.94575735543 
18.5612695181 13.2653492654 3.94575735543 
18.5612695181 13.2653492654 3.94575735543 
18.2250268423 13.1354843343 3.35623001048 
17.8980376684 13.087617513 3.37653004615 
17.7163761818 13.0609983171 3.38885801667 
17.55773687 13.0382794107 3.2867072525 
17.2612945997 13.0409194196 3.24753737348 
17.1689699852 13.0394645895 3.21137898451 
17.1689699852 13.0394645895 3.21137898451 
16.6756306851 13.0503467287 3.2007112261 
16.3408767843 13.0573154653 3.20023809166 
16.1280364805 13.0597766603 3.23561497771 
15.9398291447 13.0603696073 3.2074191459 
15.6974962169 13.0646210874 3.20131424025 
15.4734680318 13.0693780149 3.17702792642 
15.3323036396 13.0724931921 3.18844007243 
15.0777808392 13.0786160196 3.17705525284 
14.8982890808 13.0815898145 3.19264658794 
14.8793482744 13.0804878438 3.17360402691 
14.7922750675 13.0455058778 2.3003766764 
14.7651425564 13.0664905275 2.09594101881 
14.7555403673 13.0860546792 2.08609429879 
14.7555403673 13.0860546792 2.08609429879 
14.5838930571 13.4586234058 2.07387705844 
14.4896424973 13.6595349277 2.11505093563 
14.4156107866 13.8297139371 2.14042451347 
14.3463062012 13.9681879247 2.65201371352 
14.3250760996 14.0045657123 3.00373746771 
14.2849060261 14.0272606576 3.41537055757 
14.186060425 14.0123531784 3.41889180717 
14.0833822453 13.9927823509 3.44067625471 
13.8108973467 13.9482588733 3.39767353746 
13.6363375151 13.8782141174 2.38644873292 
13.4730503523 13.9104440177 -0.641157717003 
13.4730503523 13.9104440177 -0.641157717003 
13.2603535616 13.8429673875 3.74031599081 
13.1180396044 13.8412778343 4.32926990543 
13.1142759287 13.8440014089 4.38409411478 
13.0940258467 13.7990791763 4.50960310756 
13.0698442423 13.7238818372 4.51294550232 
13.0163912737 13.5519049133 4.55807409624 
12.9917018377 13.4791536296 -1.48416067641 
12.9713826143 13.4259898628 -1.04114865728 
12.9480321371 13.4065328802 -0.567740914258 
12.9382450544 13.3819987739 -0.158055424745 
12.9450621569 13.3576711381 0.24258654738 
12.9652874434 13.3575916255 0.31304113726 
12.9652874434 13.3575916255 0.31304113726 
13.1036093199 13.3879860605 0.380680501861 
13.1036093199 13.3879860605 0.380680501861 
13.1760466063 13.3919261659 0.853794991924 
13.1760466063 13.3919261659 0.853794991924 
13.3773577177 13.6421622003 0.868923983154 
13.5464382135 13.7941467727 0.746111459039 
13.6943068468 13.9093637432 0.742388809363 
13.9364395105 14.0981641973 0.738316594743 
14.1355030501 14.2517089809 0.714333828422 
14.3227949106 14.3915029729 0.685136083748 
14.4563932383 14.4938360418 0.737023948422 
14.6981806719 14.6803657974 0.740282894153 
14.8460251057 14.7926706935 0.683639111262 
15.0432813727 14.9452811743 0.739100566037 
15.178129729 15.0500907118 0.729301136877 
15.2349520886 15.0932455922 0.743329647302 
15.300647434 15.1247101391 1.0365034274 
15.3269579374 15.1124415959 1.47129251665 
15.3412128651 15.159114633 1.72749651997 
15.3340883219 15.2711876484 1.72165086104 
15.3185432517 15.4494637812 1.73160027688 
15.3102722728 15.5847490395 1.71810539674 
15.3126303517 15.620001104 1.83513368469 
15.3354388439 15.6250410045 2.20413664326 
15.3430660331 15.6304173435 2.33187701998 
15.3270289266 15.6211215819 2.0313588567 
15.3034262025 15.6181112195 1.68297821865 
15.2996060216 15.6166970397 1.6259584883 
15.3006758654 15.6198519433 1.65002242447 
15.3033713662 15.6415787304 1.705572169 
15.2989481651 15.7283236946 1.726225693 
15.3142709696 15.7687905396 2.06422630963 
15.3292944991 15.7771339978 2.32103704918 
15.3280220592 15.7777169908 2.31645978968 
15.3410258853 15.7906683649 2.59042208926 
15.3502164447 15.8217678631 3.0888221384 
15.2990579569 15.8302672471 3.20528344386 
15.2162365877 15.8400315011 3.35711990348 
15.1978276932 15.8656773532 3.78846004349 
15.1616366469 15.8404678071 3.80022061561 
15.0340208375 15.7558429206 3.80537327519 
14.8906236255 15.6603278483 3.82940518941 
14.7343409025 15.5569681788 3.80590171161 
14.53449988 15.4260333295 3.81497145746 
14.2977174484 15.267194357 3.7935721473 
14.0912722313 15.1266568492 3.64777722036 
13.973660227 15.0720971043 3.29975993478 
13.8995554411 15.0639321769 3.19267778858 
13.8674480879 15.0642316307 3.19267954166 
13.8653521502 15.0649667347 3.20358768359 
13.8652310335 15.0652635063 3.20704561835 
13.8340909445 15.0650289024 3.25726653477 
13.8033714258 15.0662530179 3.21135512574 
13.7487843001 15.0696565027 3.20825565175 
13.7487843001 15.0696565027 3.20825565175 
13.7183814013 15.0991936589 3.67965530441 
13.7183814013 15.0991936589 3.67965530441 
13.6842746698 15.1275677944 4.36350213095 
13.6552710497 15.1343103314 -1.42759038035 
13.6386563742 15.1222905705 -1.1576714424 
13.6386563742 15.1222905705 -1.1576714424 
13.6455821955 15.0407196696 -0.642642134315 
13.66381168 15.0022391642 -0.634755536573 
13.6944158041 14.9660801257 -0.450176878267 
13.708216902 14.9582272733 -0.458539462454 
13.918492552 14.8413730825 -0.339715511011 
14.1750385725 14.6926029886 -0.481106736944 
14.3259576523 14.6014721359 -0.767750053462 
14.460991975 14.419301566 -0.910355125184 
14.5670305454 14.2655869688 -0.955088071164 
14.6648360455 14.0744672979 -1.20083143757 
14.7359243595 13.8593941892 -1.18286259815 
14.7998194658 13.6587449277 -1.19566353472 
14.8510222399 13.4922114576 -0.989312974108 
14.9145885074 13.3831496204 -0.671341825792 
15.054752227 13.2566035951 -0.403572002555 
15.1367380583 13.2051132883 -0.0908919975459 
15.2488701307 13.1877018178 0.244373176531 
15.3449990117 13.2069975103 0.190532229181 
15.4173771405 13.2306469644 -0.199908258511 
15.5304388666 13.1940871442 -0.373846462736 
15.5874453747 13.1530669893 -0.101937925729 
15.6557668262 13.1391860212 0.115444711139 
15.7771905848 13.144385692 0.116850263017 
16.0371425712 13.1541925634 0.118068876527 
16.278468486 13.1644154752 0.114998072389 
16.540102657 13.1746464933 0.116413240448 
16.7540439927 13.1802645887 0.11180729156 
16.9460145199 13.1863070692 0.122517233141 
17.1013314688 13.1918057168 0.11303578239 
17.2907565796 13.1979159082 0.111276235305 
17.494636532 13.2062343324 0.108207288909 
17.6714451277 13.2112523283 0.109998197999 
17.9117696249 13.2198160852 0.0982112181706 
18.1545731985 13.2272509302 0.102419835353 
18.2718594038 13.2306016649 0.115662844414 
18.4454362356 13.2340165342 0.213913566292 
18.5991160833 13.2482911314 0.651525440334 
18.6790120566 13.2841297353 1.11055121814 
18.7365841829 13.385205027 1.31385101042 
18.7773234808 13.4556056226 1.42626784349 
18.7930066549 13.5345901216 1.99850734646 
18.7583286726 13.610874411 1.9960426702 
18.738671776 13.6293492282 1.75933104238 
18.7245619261 13.749764439 1.75613186182 
18.7038655245 13.9429670537 1.75828106419 
18.6763484442 14.1849721635 1.7545453331 
18.6533372366 14.3898401822 1.75575637663 
18.6282889807 14.6232010687 1.75339124911 
18.6133880579 14.7682856585 1.75496515549 
18.584307667 15.032439735 1.74270927222 
18.5566203558 15.2849288697 1.75624033796 
18.5346016848 15.4733177538 1.69160646474 
18.5343544447 15.6681823398 1.1805917883 
18.5795471632 15.7613762582 0.89649692802 
18.7267858946 15.9106489385 0.858266012373 
18.9299540484 16.1080333556 0.832708083791 
19.1495730841 16.3178175653 0.847322826958 
19.1495730841 16.3178175653 0.847322826958 
19.1495730841 16.3178175653 0.847322826958 
19.1495730841 16.3178175653 0.847322826958 
19.1495730841 16.3178175653 0.847322826958 
19.1495730841 16.3178175653 0.847322826958 
19.1495730841 16.3178175653 0.847322826958 
19.1495730841 16.3178175653 0.847322826958 
19.1495730841 16.3178175653 0.847322826958 
19.1495730841 16.3178175653 0.847322826958 
19.1495730841 16.3178175653 0.847322826958 
19.1495730841 16.3178175653 0.847322826958 
19.1495730841 16.3178175653 0.847322826958 
19.1495730841 16.3178175653 0.847322826958 
19.1495730841 16.3178175653 0.847322826958 
19.1495730841 16.3178175653 0.847322826958 
19.1495730841 16.3178175653 0.847322826958 
19.1495730841 16.3178175653 0.847322826958 
19.1495730841 16.3178175653 0.847322826958 
19.1495730841 16.3178175653 0.847322826958 
19.1495730841 16.3178175653 0.847322826958 
19.2334814036 15.7456923688 4.01148758778 
19.1758177244 15.6871722008 4.01198290309 
