15.8800244593 15.2400356758 0.0431128945309 
15.8800096792 15.2399962022 0.0429903315251 
15.8799956097 15.2400089272 0.0431668662579 
15.8799920027 15.2400186661 0.0430754027709 
15.8799800669 15.2400111383 0.0431630045492 
15.8799889974 15.2400320269 0.0432357746629 
15.8800014743 15.2400275165 0.0431318272215 
15.8804413538 15.2404023709 0.0453995107348 
15.8799712044 15.2400137936 0.0431166368571 
15.8804181191 15.2403884425 0.0452525523039 
15.8799393271 15.2399960728 0.0430460588088 
15.8803986033 15.2403917674 0.045140923275 
15.880379499 15.240372197 0.0449759573849 
15.8803777724 15.2403933138 0.0449847989641 
15.8803935006 15.2403830625 0.0451813050421 
15.880381534 15.2403840395 0.0449356776001 
15.8803775312 15.2403774571 0.0452900503726 
15.8803613355 15.2403717458 0.045145358572 
15.8803886521 15.2403863964 0.0449486035353 
15.8803760075 15.2403799624 0.044965472886 
15.8799210266 15.2400134809 0.0430431422069 
15.8803761156 15.2403951022 0.0449982207955 
15.8803838614 15.2404022818 0.0450395521474 
15.8803769975 15.2403724471 0.0450017076079 
15.8799077413 15.2401253646 0.0437636585352 
15.8799174569 15.2400169583 0.043125277914 
15.8801083585 15.2400719788 0.0426171966035 
15.8800842549 15.2400540854 0.0425557197149 
15.8800847578 15.2400791535 0.0425429477133 
15.879959426 15.2400248981 0.0430206918061 
15.8800678618 15.240064242 0.0427089807324 
15.880085922 15.240068507 0.0425936437324 
15.8800764932 15.2400617771 0.0425712803289 
15.8800891527 15.2400644635 0.0425466122699 
15.8800821799 15.2400619881 0.0425039744169 
15.8800841878 15.2400834352 0.0425297366571 
15.880165225 15.2401529926 0.0431664782475 
15.8800982322 15.2400791943 0.0425276839408 
15.8800879997 15.2400672551 0.0424702006146 
15.8803632717 15.2403779891 0.0450682019928 
15.8800798693 15.2400527159 0.0424425686418 
15.880387786 15.2404081035 0.0451824214448 
15.8803720578 15.2403920463 0.0450306431052 
15.8803097309 15.2403150152 0.0444487748281 
15.8803737304 15.240371262 0.044945123744 
15.8803788415 15.240382757 0.045022072431 
15.8801403717 15.2401049535 0.0429130595326 
15.8803639646 15.240391227 0.0452829128644 
15.8803633145 15.2403519601 0.0450735456073 
15.8803663367 15.2403789684 0.0447263750731 
15.8803825165 15.2403699888 0.0451324451677 
15.8801058234 15.240059336 0.0425325612933 
15.8800953842 15.2400438065 0.0425196757997 
15.8800914559 15.2400587836 0.0424539115047 
15.8801803814 15.2401271816 0.0430043188593 
15.880094437 15.2400508504 0.0424614488522 
15.8800527855 15.2400817903 0.0422626873615 
15.8800559604 15.2400616383 0.0423641647698 
15.8800685034 15.2400895587 0.0424540198864 
15.8846410095 15.2396412171 0.0463261589435 
15.939782452 15.2389876461 0.0335461949142 
15.9942975679 15.2357951652 0.0380835474632 
16.0882912093 15.2318002123 0.0374431990794 
16.2259367966 15.2280642551 0.0312827413862 
16.4025663101 15.2234787599 0.035886282538 
16.5860980713 15.2162764559 0.0383211465472 
16.7575929129 15.2100080422 0.0487200681937 
17.0120155775 15.2004133093 0.0345715777637 
17.1861515009 15.1925296413 0.0501304594461 
17.3877315485 15.1838434974 0.0410403319826 
17.609606024 15.1737387145 0.052716194681 
17.8156901562 15.1670424009 0.0388630046666 
18.030760523 15.1593532006 0.0382127862074 
18.2362706625 15.151118357 0.0401103624685 
18.4646193945 15.1412546078 0.046984870043 
18.6346981489 15.1378058905 -0.0409004636457 
18.7631814444 15.1272694657 -0.401299749723 
18.8556096518 15.0929404611 -0.91015127865 
18.8901889288 15.0898032005 -1.36490698764 
18.9086499178 15.0698202665 4.64066582757 
18.8934285605 14.9982404078 4.66101325599 
18.8622631991 14.8190959955 4.59047181193 
18.8192846739 14.5927457775 4.6163361255 
18.7823760473 14.3875756825 4.61075843285 
18.7567980253 14.2506664361 4.70416892851 
18.7467908823 14.0755661691 -1.15739708056 
18.7895252668 13.9633336032 -1.08870104937 
18.8163790667 13.9325605596 -1.33350038916 
18.8436496222 13.927809831 4.54469188476 
18.8457019293 13.9162712062 4.47167729097 
18.8457019293 13.9162712062 4.47167729097 
18.8457019293 13.9162712062 4.47167729097 
18.8457019293 13.9162712062 4.47167729097 
18.8457019293 13.9162712062 4.47167729097 
18.5612695181 13.2653492654 3.94575735543 
18.5612695181 13.2653492654 3.94575735543 
18.2250268423 13.1354843343 3.35623001048 
17.9600655996 13.097633716 3.37517213302 
17.7627510988 13.0681992734 3.37747059051 
17.55773687 13.0382794107 3.2867072525 
17.3219704592 13.0371440614 3.21433097855 
17.1689699852 13.0394645895 3.21137898451 
16.8267961704 13.046748277 3.20751932827 
16.5734628403 13.0516787733 3.1861164869 
16.3408767843 13.0573154653 3.20023809166 
16.1280364805 13.0597766603 3.23561497771 
15.9312018083 13.0604575838 3.20545525723 
15.726991471 13.064228412 3.20658967444 
15.4972850346 13.0685280527 3.17745114063 
15.3323036396 13.0724931921 3.18844007243 
15.1116033756 13.078185674 3.19281582963 
14.9496639335 13.0806347097 3.18779245777 
14.8793482744 13.0804878438 3.17360402691 
14.8053346836 13.0622261728 2.63805587504 
14.7866092884 13.0446313585 2.22913774838 
14.7555403673 13.0860546792 2.08609429879 
14.7555403673 13.0860546792 2.08609429879 
14.63943946 13.3366957868 2.05961938309 
14.5416926109 13.5506792034 2.07142629586 
14.453042742 13.7384676898 2.09943914348 
14.3740066254 13.9212628568 2.37307810586 
14.3228061163 14.001549002 2.94473736645 
14.2918815577 14.0302399362 3.30408175415 
14.2215537989 14.020319816 3.43118829564 
14.0562708342 13.9895311559 3.40548089397 
13.928296324 13.9651641811 3.41572966408 
13.7054963076 13.9287271465 3.38535295308 
13.5012915098 13.8923580612 3.38826096725 
13.4730503523 13.9104440177 -0.641157717003 
13.1733689272 13.8422826494 3.78297688493 
13.1260898077 13.8360577787 4.1874234455 
13.1142759287 13.8440014089 4.38409411478 
13.1142759287 13.8440014089 4.38409411478 
13.0863864386 13.7764943803 4.48350641604 
13.0416467154 13.6286103691 4.5039313607 
13.0072121584 13.527349707 4.62341603406 
12.9731965029 13.4286892379 -1.07533789937 
12.9474062883 13.4058070148 -0.553177778467 
12.9371867144 13.3847222293 -0.180129440463 
12.9450621569 13.3576711381 0.24258654738 
12.9652874434 13.3575916255 0.31304113726 
13.1036093199 13.3879860605 0.380680501861 
13.1036093199 13.3879860605 0.380680501861 
13.1760466063 13.3919261659 0.853794991924 
13.1760466063 13.3919261659 0.853794991924 
13.3327586615 13.5716212953 1.00088116805 
13.3773577177 13.6421622003 0.868923983154 
13.5775270426 13.8195406164 0.744862126744 
13.7751810515 13.9728224243 0.739787789028 
13.96020424 14.1157190765 0.744823477315 
14.0948958361 14.2200707162 0.730401348518 
14.2758439743 14.3563215102 0.7123160186 
14.4563932383 14.4938360418 0.737023948422 
14.6820361578 14.6670956577 0.710015833037 
14.8460251057 14.7926706935 0.683639111262 
15.0317902529 14.9368476535 0.739132542288 
15.1695004069 15.0430506135 0.728241812825 
15.2554933393 15.1070943142 0.751347194112 
15.300647434 15.1247101391 1.0365034274 
15.336215254 15.1172483976 1.62019586322 
15.3403015697 15.1695155467 1.724908572 
15.3329054081 15.2811573523 1.72057805362 
15.3171570861 15.4761131818 1.73257467981 
15.3093897068 15.5802566076 1.73637893183 
15.3089950645 15.6208398605 1.75158243812 
15.3278211915 15.6237722004 2.09662212375 
15.3445731365 15.6301480199 2.30563403025 
15.3398802244 15.628840592 2.29593404274 
15.3159609401 15.6199066604 1.88099125331 
15.2992406451 15.6176200772 1.62958864518 
15.2996935808 15.6182923282 1.63441862523 
15.3032436335 15.6334360505 1.70465592589 
15.3008249366 15.6831281448 1.70269877392 
15.3025901281 15.7520579661 1.82308106508 
15.3273663485 15.7723680104 2.25569442845 
15.328410145 15.7779168452 2.27953227352 
15.3325178587 15.780874368 2.38544644472 
15.3503655755 15.8092008794 2.9131172364 
15.3126410806 15.8299425806 3.20419271322 
15.2343676054 15.8365308608 3.26979038428 
15.1999550426 15.8592162097 3.69510994926 
15.1913130247 15.862656113 3.79371298456 
15.1181126797 15.8122503723 3.80951263281 
15.0110170209 15.7409378851 3.84859132351 
14.8406361305 15.6266399289 3.81729523668 
14.584764477 15.4579410965 3.81181778282 
14.3896338904 15.32580122 3.80485236905 
14.1450718605 15.1619988198 3.75294628622 
13.984238621 15.0742250497 3.32040548057 
13.8859477007 15.0648855383 3.20273917352 
13.8652310335 15.0652635063 3.20704561835 
13.8652310335 15.0652635063 3.20704561835 
13.8222162687 15.0655794109 3.21543638485 
13.8033714258 15.0662530179 3.21135512574 
13.7487843001 15.0696565027 3.20825565175 
13.7487843001 15.0696565027 3.20825565175 
13.7242717707 15.0821543599 3.40217238239 
13.7183814013 15.0991936589 3.67965530441 
13.7183814013 15.0991936589 3.67965530441 
13.6604742968 15.1344590227 -1.5215492669 
13.6316156351 15.1236483047 -1.27663605569 
13.6386563742 15.1222905705 -1.1576714424 
13.6081099474 15.0399244393 1.71784651072 
13.6654972994 14.9918125982 -0.554311475283 
13.708216902 14.9582272733 -0.458539462454 
13.708216902 14.9582272733 -0.458539462454 
14.1042442286 14.7332091297 -0.487052779138 
14.2777281963 14.6361706818 -0.649061381506 
14.4774728977 14.3943612541 -0.908378073848 
14.5991139376 14.2119246686 -1.01121039161 
14.6900950634 13.9959298337 -1.17167651224 
14.7598437035 13.7786631549 -1.17376861697 
14.8298526966 13.5553830827 -1.1029951236 
14.8712446653 13.4450846876 -0.827574484773 
14.9709452355 13.3290863002 -0.580368101765 
15.0901814663 13.2315088476 -0.279578975118 
15.2190389597 13.1856359209 0.208118999288 
15.3326439225 13.2031723226 0.222566355983 
15.4114282691 13.2294334138 -0.162659890201 
15.4928086662 13.2113431657 -0.364770010691 
15.5837326312 13.1573699678 -0.156635443762 
15.6200441086 13.1381100381 0.112115426446 
15.7005523854 13.1408632959 0.120161836677 
15.8287820333 13.1462498868 0.119377943814 
16.0242367053 13.1537634099 0.118059792728 
16.2488988304 13.1633228029 0.114917038267 
16.4680361712 13.1724010671 0.132723181581 
16.7229003274 13.1799470151 0.133799476895 
16.9248044455 13.1856301988 0.121404167368 
17.1013314688 13.1918057168 0.11303578239 
17.2907565796 13.1979159082 0.111276235305 
17.375911113 13.2014778818 0.108821556784 
17.6543358528 13.2106631959 0.108610386479 
17.792963382 13.214493152 0.111090931724 
18.1458010637 13.2268809045 0.10315351966 
18.3852155172 13.2343100275 0.125593083132 
18.5306184256 13.2399533952 0.37159217862 
18.6477143728 13.2693457569 0.835580236021 
18.6837420427 13.2876864637 1.13304040174 
18.7394826376 13.3927903141 1.31601249881 
18.784745928 13.4858783449 1.68938803954 
18.7880506479 13.5502759183 2.00269158019 
18.7668108904 13.5995911325 2.05106790292 
18.737008568 13.6358221735 1.74783496974 
18.729029175 13.7108683551 1.75534684219 
18.7125191652 13.8575702871 1.75766970196 
18.6923367941 14.0469745363 1.75729847963 
18.6688017809 14.2487623657 1.75523596021 
18.6429631674 14.4794689978 1.75560723641 
18.6133880579 14.7682856585 1.75496515549 
18.5918328726 14.9640461768 1.75649191795 
18.5674889052 15.1936491618 1.74378321028 
18.5433700049 15.415380236 1.75089473158 
18.5259749853 15.58991408 1.46712909275 
18.5488865339 15.7131351794 1.0113542759 
18.6714539492 15.8565049137 0.856193130472 
18.8237814867 16.0026100243 0.87026831 
18.9509026968 16.1290248002 0.846935846264 
19.1495730841 16.3178175653 0.847322826958 
19.1495730841 16.3178175653 0.847322826958 
19.1495730841 16.3178175653 0.847322826958 
19.1495730841 16.3178175653 0.847322826958 
19.1495730841 16.3178175653 0.847322826958 
19.1495730841 16.3178175653 0.847322826958 
19.1495730841 16.3178175653 0.847322826958 
19.1495730841 16.3178175653 0.847322826958 
19.1495730841 16.3178175653 0.847322826958 
19.1495730841 16.3178175653 0.847322826958 
19.1495730841 16.3178175653 0.847322826958 
19.1495730841 16.3178175653 0.847322826958 
19.1495730841 16.3178175653 0.847322826958 
19.1495730841 16.3178175653 0.847322826958 
19.1495730841 16.3178175653 0.847322826958 
19.1495730841 16.3178175653 0.847322826958 
19.1495730841 16.3178175653 0.847322826958 
19.1495730841 16.3178175653 0.847322826958 
19.1495730841 16.3178175653 0.847322826958 
19.1495730841 16.3178175653 0.847322826958 
19.1495730841 16.3178175653 0.847322826958 
19.1495730841 16.3178175653 0.847322826958 
19.1495730841 16.3178175653 0.847322826958 
19.1846737825 15.6957205797 4.00850453755 
19.1758177244 15.6871722008 4.01198290309 
19.1008846724 15.6008254553 3.5963775945 
18.9972202742 15.5612439478 3.57427370759 
18.7680923903 15.4780512864 3.56795122401 
18.5567102396 15.4016534502 3.56514190467 
18.3854727709 15.3397072742 3.31461703302 
18.199997183 15.3332691903 3.1037733101 
17.9542829954 15.3615985776 3.10713080831 
17.7263035738 15.3866015787 3.09357431501 
17.5019466841 15.4117778058 3.07987556438 
17.245586034 15.4412327374 3.08548248638 
17.0111749136 15.470956933 3.09884992912 
16.7298822963 15.5037217999 3.09312583574 
16.4483247363 15.5380325581 3.09711098815 
16.2219143772 15.5665036703 3.09419642039 
