18.2781052553 13.1435593332 3.35108296418 
15.8799985341 15.2399895339 0.0432414808589 
15.8799947175 15.2399774463 0.0433455074769 
15.87999029 15.2400108839 0.0430967214669 
15.8799982798 15.2400185756 0.0429517824723 
15.8799800427 15.2400048187 0.0431638237254 
15.8799799775 15.2400039913 0.0431101614406 
15.8799752734 15.2400136248 0.0431844970304 
15.8799853792 15.2400264157 0.0431178586158 
15.8799719448 15.2400098518 0.0430746497847 
15.8804081503 15.2403968552 0.0451744351777 
15.8804095016 15.2403920945 0.0453057566229 
15.8803886325 15.240370879 0.045112947484 
15.8802789209 15.240301762 0.0445748182988 
15.8803893869 15.2403801335 0.0450494629703 
15.8803763977 15.2403705784 0.0451168274474 
15.8803855126 15.2403959113 0.0449658578011 
15.8803831983 15.2404005351 0.0449541683426 
15.8803896412 15.2403778581 0.0451461382046 
15.8803787791 15.2403763468 0.0449188446612 
15.8799019075 15.2399934799 0.0430315202745 
15.8803759041 15.2404032638 0.0451488993408 
15.8803935741 15.2404292976 0.045034041033 
15.8803827224 15.2403933681 0.0450122343091 
15.8803767973 15.2403902593 0.0450745136129 
15.8800230111 15.2401074316 0.0435510804456 
15.8803935294 15.2404337984 0.0453825307646 
15.8799247734 15.2400024515 0.0428191904189 
15.8801525609 15.2401246383 0.0431240476403 
15.8802784561 15.2403032843 0.0446036613397 
15.8800981083 15.2400550372 0.042347154669 
15.8800904156 15.2400744879 0.0425210829274 
15.879959426 15.2400248981 0.0430206918061 
15.8800678618 15.240064242 0.0427089807324 
15.8800930354 15.2400686364 0.0424855447332 
15.8800989465 15.2400825996 0.0425006908635 
15.8800894824 15.2400545055 0.0424739618551 
15.8800775931 15.2400717632 0.0425129354692 
15.8801003062 15.2400721837 0.0425968334291 
15.8800867844 15.2400604499 0.0425761701268 
15.8800841878 15.2400834352 0.0425297366571 
15.8800796821 15.2400607137 0.0424872758269 
15.8800945916 15.2400578362 0.0424929553036 
15.8800944696 15.2400648892 0.0424490734991 
15.8803701719 15.2403744441 0.0449943773704 
15.8803544753 15.2403815941 0.0450077183096 
15.8799429192 15.2400393041 0.0429792631228 
15.8801201825 15.2401119939 0.0429298497934 
15.8803004344 15.2403125248 0.044530901758 
15.8802901321 15.2403029425 0.0443565090892 
15.8803617918 15.2403657874 0.0451098003385 
15.8800860151 15.2400485944 0.0424922530123 
15.8800856621 15.2400484897 0.0424793060182 
15.8803681369 15.2403678973 0.0450388851979 
15.8803603315 15.2403659036 0.0451070718636 
15.8803643585 15.2403779205 0.044963336653 
15.8803825165 15.2403699888 0.0451324451677 
15.8803609369 15.2403593217 0.0450593793579 
15.880096756 15.2400310125 0.0423561403695 
15.8800914559 15.2400587836 0.0424539115047 
15.8801031542 15.2400655387 0.0427098558182 
15.8801163939 15.2400559442 0.0426117987361 
15.8800733491 15.240044034 0.0424482083392 
15.8800549126 15.2400611045 0.0422739647678 
15.8800592312 15.2400747076 0.0423204771472 
15.8800490304 15.2400785375 0.042339880298 
15.8800503305 15.2400530463 0.0424379592978 
15.8801189131 15.2400674532 0.0429328380758 
15.9289372863 15.2389422901 0.0305144427385 
15.9835016691 15.2371331382 0.0283803610955 
16.0694613272 15.2333525734 0.0335726879805 
16.1976856255 15.2285826618 0.031571033514 
16.354709413 15.2249956394 0.0374623846415 
16.5808158481 15.2165128014 0.037807083354 
16.7261579597 15.2113875619 0.0482102104311 
16.900986191 15.2054119895 0.0459999310691 
17.0632462465 15.1970037522 0.0527217028697 
17.2586414778 15.1902046616 0.0442067858074 
17.428881284 15.1825167502 0.0489786488986 
17.5807347262 15.175958358 0.040444976926 
17.8156901562 15.1670424009 0.0388630046666 
18.0144791567 15.1596455614 0.0405343210292 
18.1578428709 15.1546119417 0.0406410062696 
18.2750275099 15.1490881036 0.0389546725135 
18.4646193945 15.1412546078 0.046984870043 
18.6446068251 15.1377203951 -0.0575977731016 
18.7721617186 15.1252556557 -0.425438257755 
18.8556096518 15.0929404611 -0.91015127865 
18.8856754267 15.0880306179 -1.2882783936 
18.9061651194 15.0803282822 4.69034849767 
18.894955393 15.0084294046 4.66433664697 
18.8821039164 14.9223251904 4.62519954448 
18.8361248934 14.6849623288 4.60375292827 
18.8017895186 14.4950777853 4.61094530445 
18.7706949675 14.3173844779 4.62261649706 
18.744566437 14.1761077608 -1.42294428148 
18.7574894392 14.0348278249 -1.11479939001 
18.788428303 13.9655647243 -1.08477997759 
18.8163790667 13.9325605596 -1.33350038916 
18.843108412 13.9286688531 4.52824609312 
18.8457019293 13.9162712062 4.47167729097 
18.8457019293 13.9162712062 4.47167729097 
18.8457019293 13.9162712062 4.47167729097 
18.8457019293 13.9162712062 4.47167729097 
18.8457019293 13.9162712062 4.47167729097 
18.5612695181 13.2653492654 3.94575735543 
18.5612695181 13.2653492654 3.94575735543 
18.5612695181 13.2653492654 3.94575735543 
18.1692964995 13.1256343091 3.36197140959 
17.8805837595 13.0854235853 3.36813150824 
17.6907397472 13.0587676729 3.37281348034 
17.5311381781 13.0360289777 3.23422730534 
17.2508546078 13.0402778352 3.23249674903 
17.1689699852 13.0394645895 3.21137898451 
17.1689699852 13.0394645895 3.21137898451 
16.6629875266 13.050764438 3.20350396008 
16.3321165108 13.0576683248 3.20465378675 
16.1200059616 13.0573207105 3.1900858401 
15.9398291447 13.0603696073 3.2074191459 
15.6677215063 13.0651286806 3.20147959091 
15.4680435323 13.0696476663 3.22480770744 
15.306468364 13.0733007158 3.18856379942 
15.0550020301 13.0789707864 3.17356671835 
14.8982890808 13.0815898145 3.19264658794 
14.8793482744 13.0804878438 3.17360402691 
14.787685033 13.0444709028 2.24094430327 
14.7651425564 13.0664905275 2.09594101881 
14.7555403673 13.0860546792 2.08609429879 
14.7555403673 13.0860546792 2.08609429879 
14.5838930571 13.4586234058 2.07387705844 
14.4871320688 13.66415393 2.11350304261 
14.4156107866 13.8297139371 2.14042451347 
14.3400635683 13.9752677644 2.68534754432 
14.3228381836 14.0046019519 3.03990096338 
14.2824084723 14.0273573364 3.41985388531 
14.1759519541 14.0118756259 3.4033064469 
14.0562708342 13.9895311559 3.40548089397 
13.8108973467 13.9482588733 3.39767353746 
13.6363375151 13.8782141174 2.38644873292 
13.4730503523 13.9104440177 -0.641157717003 
13.4730503523 13.9104440177 -0.641157717003 
13.2603535616 13.8429673875 3.74031599081 
13.1168584787 13.8433089221 4.3618326112 
13.1142759287 13.8440014089 4.38409411478 
13.0934398138 13.7958891357 4.49794293425 
13.0698442423 13.7238818372 4.51294550232 
13.0137324297 13.5438029731 4.57634528651 
12.9891447985 13.4765237535 -1.45022516316 
12.9702215159 13.4238680566 -1.00741264451 
12.9467480147 13.4045680727 -0.533205764214 
12.9371366465 13.3792276348 -0.106065667237 
12.9450621569 13.3576711381 0.24258654738 
12.9652874434 13.3575916255 0.31304113726 
12.9652874434 13.3575916255 0.31304113726 
13.1036093199 13.3879860605 0.380680501861 
13.1036093199 13.3879860605 0.380680501861 
13.1760466063 13.3919261659 0.853794991924 
13.3536756003 13.6033221448 0.978392698159 
13.3773577177 13.6421622003 0.868923983154 
13.5527012312 13.7990759576 0.746630124043 
13.7110710108 13.9224561418 0.743800615791 
13.96020424 14.1157190765 0.744823477315 
14.1435313189 14.2578896845 0.716344374923 
14.3227949106 14.3915029729 0.685136083748 
14.4800740444 14.5117284621 0.698428768938 
14.7171698773 14.6934424604 0.709861082441 
14.8557623589 14.8005000318 0.711739980191 
15.0532878601 14.9532755578 0.736978145967 
15.178129729 15.0500907118 0.729301136877 
15.2382591331 15.0960971529 0.725291681729 
15.300647434 15.1247101391 1.0365034274 
15.3287150824 15.1110522563 1.512901998 
15.3406119907 15.1666179116 1.72690356457 
15.3340883219 15.2711876484 1.72165086104 
15.3175954783 15.463426214 1.73150911541 
15.3087006175 15.5880978371 1.73485378373 
15.3141905033 15.6198931898 1.83045514995 
15.3372204268 15.6252101625 2.2297523922 
15.3436761462 15.6308860446 2.33781554791 
15.3225011193 15.6211978162 1.99575460285 
15.3013285362 15.6182612742 1.65226692064 
15.2992904746 15.6178413297 1.62714855651 
15.3011543715 15.6199453736 1.657612315 
15.3030329311 15.6435144211 1.7025182439 
15.2992593014 15.7303294207 1.73452185207 
15.3159705364 15.7700114215 2.08580320255 
15.3278306687 15.7779906953 2.30435273956 
15.3285468185 15.7779571379 2.31230588641 
15.3417029941 15.7915634478 2.60817353228 
15.3502164447 15.8217678631 3.0888221384 
15.2918121183 15.8303482498 3.20491947374 
15.2134981119 15.8417736853 3.39386459803 
15.1969097221 15.8659872378 3.83165576631 
15.157780286 15.8387072648 3.81490805606 
15.0299268925 15.7522305811 3.82390514261 
14.8828083241 15.6566442216 3.81039851689 
14.7265967095 15.5518972839 3.79359835645 
14.5187388622 15.4129551167 3.83875652273 
14.2834922039 15.2570675167 3.79940361639 
14.0852265322 15.1238048265 3.64400570348 
13.973660227 15.0720971043 3.29975993478 
13.8934805357 15.0644754733 3.19471228225 
13.8674480879 15.0642316307 3.19267954166 
13.8652310335 15.0652635063 3.20704561835 
13.8652310335 15.0652635063 3.20704561835 
13.8340909445 15.0650289024 3.25726653477 
13.8033714258 15.0662530179 3.21135512574 
13.7487843001 15.0696565027 3.20825565175 
13.7487843001 15.0696565027 3.20825565175 
13.7183814013 15.0991936589 3.67965530441 
13.7183814013 15.0991936589 3.67965530441 
13.6739540064 15.1348913426 4.55630780489 
13.6552710497 15.1343103314 -1.42759038035 
13.6386563742 15.1222905705 -1.1576714424 
13.6386563742 15.1222905705 -1.1576714424 
13.6455821955 15.0407196696 -0.642642134315 
13.6635861361 14.998623621 -0.613935263761 
13.6970019304 14.9645223881 -0.453972305112 
13.708216902 14.9582272733 -0.458539462454 
13.9411243164 14.828685757 -0.343766755618 
14.200022217 14.6803582872 -0.49615243818 
14.3300436699 14.5967372025 -0.796581699649 
14.4645034039 14.412503239 -0.93405610964 
14.5842283928 14.2399990524 -1.00360658665 
14.6671894753 14.0652277435 -1.1909124449 
14.7390332186 13.8476587499 -1.18940655297 
14.8034092152 13.6472997631 -1.19415646347 
14.8547853195 13.4853155578 -0.988709453392 
14.9145885074 13.3831496204 -0.671341825792 
15.0592197144 13.2531812156 -0.388479620348 
15.1504935586 13.1989432538 -0.0293694569872 
15.2599340045 13.1893476213 0.248007415197 
15.3558939063 13.2107075418 0.158931488241 
15.4275837206 13.2305740083 -0.24674272026 
15.5440700018 13.1853743757 -0.351259938246 
15.5908410215 13.149062034 -0.0476181309377 
15.6557668262 13.1391860212 0.115444711139 
15.7928573006 13.145040151 0.104617226567 
16.0455802345 13.154502746 0.117667326494 
16.3079546952 13.1657422746 0.114178429089 
16.56108379 13.1762562955 0.109252829947 
16.761533674 13.1816559995 0.129201327242 
16.9590436184 13.1878787244 0.13594319653 
17.1013314688 13.1918057168 0.11303578239 
17.2907565796 13.1979159082 0.111276235305 
17.494636532 13.2062343324 0.108207288909 
17.771371957 13.2143875326 0.103255569003 
17.9117696249 13.2198160852 0.0982112181706 
18.1545731985 13.2272509302 0.102419835353 
18.2718594038 13.2306016649 0.115662844414 
18.4454362356 13.2340165342 0.213913566292 
18.5991160833 13.2482911314 0.651525440334 
18.6837420427 13.2876864637 1.13304040174 
18.7365841829 13.385205027 1.31385101042 
18.7852814161 13.4561096395 1.68294612691 
18.7930066549 13.5345901216 1.99850734646 
18.7574102842 13.6117593015 1.98848623168 
18.7381107771 13.6312642063 1.75412985938 
18.7230501139 13.7620435918 1.75731640855 
18.7030949556 13.9506602252 1.75806948055 
18.6748194658 14.1978298391 1.75485921863 
18.6523141825 14.3984342779 1.75567569767 
18.6282889807 14.6232010687 1.75339124911 
18.6120376551 14.780429181 1.754605185 
18.5840654337 15.0459301586 1.7507302878 
18.5566203558 15.2849288697 1.75624033796 
18.530325886 15.5068360234 1.64184460628 
18.5343544447 15.6681823398 1.1805917883 
18.5795471632 15.7613762582 0.89649692802 
18.7297077143 15.9135727252 0.858548960471 
18.9350631201 16.1138400401 0.841948404677 
19.1495730841 16.3178175653 0.847322826958 
19.1495730841 16.3178175653 0.847322826958 
19.1495730841 16.3178175653 0.847322826958 
19.1495730841 16.3178175653 0.847322826958 
19.1495730841 16.3178175653 0.847322826958 
19.1495730841 16.3178175653 0.847322826958 
19.1495730841 16.3178175653 0.847322826958 
19.1495730841 16.3178175653 0.847322826958 
19.1495730841 16.3178175653 0.847322826958 
19.1495730841 16.3178175653 0.847322826958 
19.1495730841 16.3178175653 0.847322826958 
19.1495730841 16.3178175653 0.847322826958 
19.1495730841 16.3178175653 0.847322826958 
19.1495730841 16.3178175653 0.847322826958 
19.1495730841 16.3178175653 0.847322826958 
19.1495730841 16.3178175653 0.847322826958 
19.1495730841 16.3178175653 0.847322826958 
19.1495730841 16.3178175653 0.847322826958 
19.1495730841 16.3178175653 0.847322826958 
19.1495730841 16.3178175653 0.847322826958 
19.1495730841 16.3178175653 0.847322826958 
19.2317285502 15.7438484992 4.01107984477 
