18.5134787523 15.3845837528 3.52477594006 
15.8801200633 15.2400558937 0.0432183027269 
15.8800096792 15.2399962022 0.0429903315251 
15.8803903117 15.2403205896 0.044910421028 
15.8799920027 15.2400186661 0.0430754027709 
15.8799776212 15.2400042726 0.0432711459909 
15.8799889974 15.2400320269 0.0432357746629 
15.8800131568 15.2400318814 0.0431160018658 
15.8799769852 15.2400271855 0.0431785218823 
15.8800684541 15.2400981258 0.0433354953954 
15.8799478012 15.2400002601 0.0430377770164 
15.8799467516 15.239999367 0.0430763673868 
15.8803986033 15.2403917674 0.045140923275 
15.880379499 15.240372197 0.0449759573849 
15.8803825445 15.240379853 0.0452236458065 
15.8803803205 15.2404007539 0.0450504733078 
15.880381534 15.2403840395 0.0449356776001 
15.8800168709 15.2400990792 0.0434464400892 
15.8803735013 15.2403980929 0.0451476616737 
15.8803886521 15.2403863964 0.0449486035353 
15.8803655404 15.2403966982 0.0450547153311 
15.8799210266 15.2400134809 0.0430431422069 
15.8803761156 15.2403951022 0.0449982207955 
15.8803838614 15.2404022818 0.0450395521474 
15.8803663562 15.2403818735 0.0450521587825 
15.8802914919 15.2404671365 0.0453750572116 
15.8800494095 15.2400564053 0.0426209524013 
15.8801083585 15.2400719788 0.0426171966035 
15.8800842549 15.2400540854 0.0425557197149 
15.8800932282 15.2400609531 0.0425938333338 
15.879959426 15.2400248981 0.0430206918061 
15.8800955053 15.2400621482 0.0425647554608 
15.8800861883 15.2400744471 0.0426068787974 
15.8800996962 15.240072296 0.0425024315467 
15.8801034094 15.2400668135 0.0425366691572 
15.8801015477 15.2400761029 0.0424534656817 
15.8800841878 15.2400834352 0.0425297366571 
15.8800796821 15.2400607137 0.0424872758269 
15.8800982322 15.2400791943 0.0425276839408 
15.8800777449 15.2400556895 0.0424157194374 
15.8801439191 15.2401151194 0.0429215199851 
15.8803691576 15.2403716401 0.0449671212158 
15.8801015346 15.2400657506 0.042570702371 
15.8803720578 15.2403920463 0.0450306431052 
15.8803538178 15.240392735 0.0451194195503 
15.8801013801 15.2400512396 0.0424424879892 
15.8803500963 15.2403605571 0.0450140425299 
15.8803693188 15.2403771025 0.0452233726104 
15.8803521154 15.2403766906 0.0454022355916 
15.8803572814 15.2403690673 0.0451557529963 
15.8803643585 15.2403779205 0.044963336653 
15.8803550062 15.2403848588 0.0452100034618 
15.880113762 15.2400643792 0.0424046403999 
15.8801070518 15.2400378859 0.042457681359 
15.8800970503 15.2400434078 0.0425186831929 
15.880099726 15.2400485115 0.0425665196815 
15.8800796635 15.2400454275 0.0424935811125 
15.8800359993 15.2400703235 0.0421601961598 
15.8800559604 15.2400616383 0.0423641647698 
15.8800685034 15.2400895587 0.0424540198864 
15.8864805811 15.240013914 0.0429101868796 
15.9522426912 15.237595106 0.0354974982109 
15.9968311676 15.2357782396 0.0370365449061 
16.095681768 15.232161361 0.0381995242585 
16.2360276246 15.2275414674 0.0316806233746 
16.4221893513 15.2229085856 0.0338927157889 
16.5913479292 15.2160824651 0.0397848798518 
16.7765285933 15.2097079738 0.0455013224833 
17.0293785297 15.1991660486 0.0369380160841 
17.1994894707 15.1920858997 0.0451535271305 
17.4019198382 15.1834769624 0.0406323101821 
17.6206552946 15.1729480589 0.0534873764508 
17.8156901562 15.1670424009 0.0388630046666 
18.051810261 15.1582226197 0.0416857874879 
18.2524528467 15.1501940603 0.0381813223517 
18.4646193945 15.1412546078 0.046984870043 
18.6346981489 15.1378058905 -0.0409004636457 
18.7769868338 15.124386091 -0.454243579093 
18.8556096518 15.0929404611 -0.91015127865 
18.8939146959 15.0904541428 -1.42634765714 
18.9082286322 15.0633439536 4.63057846333 
18.89022493 14.9805920685 4.66380574843 
18.8590483629 14.8020754422 4.5914547824 
18.816871401 14.5764781798 4.61176072863 
18.7801938021 14.374831673 4.61336365744 
18.7567980253 14.2506664361 4.70416892851 
18.752930876 14.0494543279 -1.10692236456 
18.792224642 13.9582734073 -1.09824650532 
18.8163790667 13.9325605596 -1.33350038916 
18.8447906935 13.9225796426 4.48515140373 
18.8457019293 13.9162712062 4.47167729097 
18.8457019293 13.9162712062 4.47167729097 
18.8457019293 13.9162712062 4.47167729097 
18.8457019293 13.9162712062 4.47167729097 
18.8457019293 13.9162712062 4.47167729097 
18.5612695181 13.2653492654 3.94575735543 
18.5612695181 13.2653492654 3.94575735543 
18.2212150061 13.1347461904 3.35438126115 
17.9600655996 13.097633716 3.37517213302 
17.7163761818 13.0609983171 3.38885801667 
17.5272293055 13.0359302724 3.22500764813 
17.3004591429 13.0388132299 3.23602750023 
17.1689699852 13.0394645895 3.21137898451 
16.8267961704 13.046748277 3.20751932827 
16.5645478332 13.0515133108 3.20667910061 
16.3191648388 13.0565761293 3.1978317236 
16.1280364805 13.0597766603 3.23561497771 
15.9312018083 13.0604575838 3.20545525723 
15.7057252192 13.0647109712 3.20692254686 
15.4680435323 13.0696476663 3.22480770744 
15.306468364 13.0733007158 3.18856379942 
15.1032484138 13.0780845846 3.19174496463 
14.9382377231 13.0806232656 3.18215916219 
14.8793482744 13.0804878438 3.17360402691 
14.8045828306 13.0614896978 2.6223358246 
14.7856357061 13.0448452199 2.21859474595 
14.7555403673 13.0860546792 2.08609429879 
14.7555403673 13.0860546792 2.08609429879 
14.63943946 13.3366957868 2.05961938309 
14.5323463642 13.5695857967 2.0641649713 
14.435940262 13.774819609 2.09455867882 
14.3680517637 13.9288176263 2.42818390232 
14.3250760996 14.0045657123 3.00373746771 
14.2909644806 14.0291968549 3.36194801037 
14.1991654598 14.0152705873 3.43588643615 
14.0562708342 13.9895311559 3.40548089397 
13.928296324 13.9651641811 3.41572966408 
13.7046265566 13.9279198612 3.39360171832 
13.5012915098 13.8923580612 3.38826096725 
13.4730503523 13.9104440177 -0.641157717003 
13.1691467726 13.8418576683 3.80671702315 
13.1260118448 13.8375205959 4.20942598199 
13.1142759287 13.8440014089 4.38409411478 
13.1142759287 13.8440014089 4.38409411478 
13.0799567663 13.758001324 4.47571840232 
13.0416467154 13.6286103691 4.5039313607 
12.9985024893 13.5018045867 4.69807475345 
12.9702215159 13.4238680566 -1.00741264451 
12.9458944761 13.4038499559 -0.511241717705 
12.9363851511 13.3774198259 -0.0733770962053 
12.9450621569 13.3576711381 0.24258654738 
12.9652874434 13.3575916255 0.31304113726 
13.1036093199 13.3879860605 0.380680501861 
13.1036093199 13.3879860605 0.380680501861 
13.1760466063 13.3919261659 0.853794991924 
13.1760466063 13.3919261659 0.853794991924 
13.3481359446 13.5943131412 0.98941155328 
13.445302006 13.7175328697 0.69968667587 
13.5989921057 13.83575153 0.741033438035 
13.7822313273 13.9781610931 0.742020152415 
13.96020424 14.1157190765 0.744823477315 
14.1133748257 14.2327666248 0.706675077057 
14.2758439743 14.3563215102 0.7123160186 
14.474691745 14.5062108005 0.677887115895 
14.6888383591 14.6727783645 0.735741399105 
14.8460251057 14.7926706935 0.683639111262 
15.0378637874 14.941265669 0.741541060148 
15.178129729 15.0500907118 0.729301136877 
15.2618004047 15.1107571388 0.756377532196 
15.300647434 15.1247101391 1.0365034274 
15.3382836544 15.1208858008 1.64744698018 
15.3396785819 15.1744023899 1.72569293347 
15.3329582774 15.2938922087 1.72271418619 
15.3166720235 15.4805248792 1.73678190381 
15.3102722728 15.5847490395 1.71810539674 
15.3097906077 15.6208616162 1.7620338147 
15.3317921722 15.6242208744 2.12230743925 
15.3445731365 15.6301480199 2.30563403025 
15.3385780418 15.6294583345 2.2940028469 
15.3156979644 15.6187963749 1.83002247156 
15.2992406451 15.6176200772 1.62958864518 
15.2996675932 15.6183187927 1.63420533242 
15.3033001387 15.634800222 1.7035458195 
15.3008249366 15.6831281448 1.70269877392 
15.3025901281 15.7520579661 1.82308106508 
15.3273663485 15.7723680104 2.25569442845 
15.3289205396 15.7766822542 2.29727146408 
15.3325178587 15.780874368 2.38544644472 
15.3507189118 15.8102647627 2.92898571825 
15.3097240293 15.8301004137 3.20547214538 
15.2259045207 15.8380290831 3.30367621282 
15.1999736392 15.8606774772 3.72027031631 
15.1887937748 15.8592050041 3.80053938394 
15.1130625569 15.8089287842 3.80940687027 
14.9921207988 15.7288160289 3.81894726288 
14.8000304663 15.5994139875 3.79236408776 
14.5647244417 15.4455800916 3.81669516136 
14.3668701613 15.3095811571 3.79236373919 
14.1105903351 15.1394865404 3.69182896468 
13.973660227 15.0720971043 3.29975993478 
13.8775527441 15.0649748261 3.2024057532 
13.8652310335 15.0652635063 3.20704561835 
13.8652310335 15.0652635063 3.20704561835 
13.8222162687 15.0655794109 3.21543638485 
13.8033714258 15.0662530179 3.21135512574 
13.7487843001 15.0696565027 3.20825565175 
13.7487843001 15.0696565027 3.20825565175 
13.7199246847 15.0932221676 3.59514518297 
13.7183814013 15.0991936589 3.67965530441 
13.7183814013 15.0991936589 3.67965530441 
13.6587541067 15.1344808827 -1.49191324005 
13.6316156351 15.1236483047 -1.27663605569 
13.6386563742 15.1222905705 -1.1576714424 
13.6081099474 15.0399244393 1.71784651072 
13.6661348307 14.9906720335 -0.543002666852 
13.708216902 14.9582272733 -0.458539462454 
13.708216902 14.9582272733 -0.458539462454 
14.1384564602 14.7133225168 -0.464675202285 
14.299418565 14.6213234628 -0.727210633965 
14.4944759571 14.3712695206 -0.88837791211 
14.6181466543 14.184157368 -1.06816039003 
14.7022500002 13.966929313 -1.19376698887 
14.766403433 13.7611714567 -1.20904459603 
14.8304548227 13.5494388307 -1.11055970221 
14.8712446653 13.4450846876 -0.827574484773 
14.9709452355 13.3290863002 -0.580368101765 
15.1075336897 13.2207704748 -0.216125330552 
15.2296507322 13.1859577859 0.223641756668 
15.3326439225 13.2031723226 0.222566355983 
15.4173771405 13.2306469644 -0.199908258511 
15.4971776569 13.2096101011 -0.369633514247 
15.5861982965 13.1544526781 -0.117541974096 
15.6241265201 13.1377226079 0.120142005932 
15.7095931732 13.1413246358 0.11852861858 
15.8454040588 13.1469191278 0.119232882772 
16.0455802345 13.154502746 0.117667326494 
16.2572824025 13.1636413301 0.114209928484 
16.4680361712 13.1724010671 0.132723181581 
16.7229003274 13.1799470151 0.133799476895 
16.9460145199 13.1863070692 0.122517233141 
17.1013314688 13.1918057168 0.11303578239 
17.2907565796 13.1979159082 0.111276235305 
17.494636532 13.2062343324 0.108207288909 
17.6714451277 13.2112523283 0.109998197999 
17.792963382 13.214493152 0.111090931724 
18.1545731985 13.2272509302 0.102419835353 
18.3852155172 13.2343100275 0.125593083132 
18.5306184256 13.2399533952 0.37159217862 
18.6515338385 13.2699081863 0.880097958154 
18.6837420427 13.2876864637 1.13304040174 
18.7394826376 13.3927903141 1.31601249881 
18.7867038214 13.4913120235 1.73105912582 
18.7903280222 13.5495498146 2.04874252194 
18.7654068434 13.6032820905 2.05033128388 
18.7369761431 13.6404803956 1.7519068267 
18.7281334364 13.7175086702 1.75417730655 
18.7104549372 13.874172088 1.75905957865 
18.6897613966 14.067631718 1.75453322323 
18.6678683722 14.2572658623 1.75481704856 
18.6416361296 14.4924700821 1.75307417184 
18.6120376551 14.780429181 1.754605185 
18.5918328726 14.9640461768 1.75649191795 
18.5674889052 15.1936491618 1.74378321028 
18.5394511187 15.4420063759 1.73142870969 
18.5264859163 15.5925911034 1.45345807402 
18.555067774 15.724355873 0.980095087806 
18.6765582525 15.8614232505 0.857521179006 
18.8447172606 16.0254348482 0.86039355483 
18.9570085966 16.1343151892 0.830472471467 
19.1495730841 16.3178175653 0.847322826958 
19.1495730841 16.3178175653 0.847322826958 
19.1495730841 16.3178175653 0.847322826958 
19.1495730841 16.3178175653 0.847322826958 
19.1495730841 16.3178175653 0.847322826958 
19.1495730841 16.3178175653 0.847322826958 
19.1495730841 16.3178175653 0.847322826958 
19.1495730841 16.3178175653 0.847322826958 
19.1495730841 16.3178175653 0.847322826958 
19.1495730841 16.3178175653 0.847322826958 
19.1495730841 16.3178175653 0.847322826958 
19.1495730841 16.3178175653 0.847322826958 
19.1495730841 16.3178175653 0.847322826958 
19.1495730841 16.3178175653 0.847322826958 
19.1495730841 16.3178175653 0.847322826958 
19.1495730841 16.3178175653 0.847322826958 
19.1495730841 16.3178175653 0.847322826958 
19.1495730841 16.3178175653 0.847322826958 
19.1495730841 16.3178175653 0.847322826958 
19.1495730841 16.3178175653 0.847322826958 
19.1495730841 16.3178175653 0.847322826958 
19.1495730841 16.3178175653 0.847322826958 
19.1495730841 16.3178175653 0.847322826958 
19.1846737825 15.6957205797 4.00850453755 
19.1758177244 15.6871722008 4.01198290309 
19.0980772936 15.5988628829 3.58663391755 
18.9715425932 15.5508501197 3.58673866261 
18.7566764319 15.4738385195 3.56708743898 
18.5489563906 15.3988984639 3.56593503012 
18.376838442 15.3380627225 3.30229953459 
18.1668593847 15.3372192348 3.09502758507 
17.9542829954 15.3615985776 3.10713080831 
17.7122830116 15.3883226032 3.0967844716 
17.4863481485 15.4129035289 3.07592495005 
17.245586034 15.4412327374 3.08548248638 
16.9686282837 15.4753885383 3.08942961791 
16.7215021813 15.5051183666 3.09516799347 
16.4483247363 15.5380325581 3.09711098815 
