15.8799983506 15.2399831144 0.0431406465102 
15.8800159144 15.2400139193 0.0432436878979 
15.8800083679 15.2400258913 0.0431945651347 
15.8799855291 15.2399928242 0.0431376659651 
15.8799848166 15.2400102592 0.0431204859713 
15.8799840856 15.2400123507 0.0429926582831 
15.8800378434 15.2400909143 0.0433967917923 
15.880389412 15.2403714487 0.0450150447457 
15.8804104171 15.2403905199 0.0449816828801 
15.8803850386 15.2403943006 0.0450273998032 
15.8803790222 15.2404002466 0.0450871698894 
15.8803149807 15.2403294724 0.0446915872972 
15.8803871871 15.2404125538 0.0451355632535 
15.8803803195 15.2403948228 0.045058193152 
15.8803632354 15.2403785002 0.0450754982773 
15.8798964649 15.2399962922 0.0429688056857 
15.880093272 15.2400584028 0.042402173538 
15.8800981083 15.2400550372 0.042347154669 
15.8800831503 15.2400580829 0.0425527100688 
15.8799538194 15.2400209619 0.0431430373991 
15.8800943104 15.2400706601 0.0425293658154 
15.8800979276 15.2400749425 0.0425876886784 
15.8800932235 15.2400721978 0.0425733945776 
15.8803731884 15.2403765954 0.0450401928071 
15.8801013745 15.2400699924 0.0424686134277 
15.8803617918 15.2403657874 0.0451098003385 
15.8803105402 15.2403021625 0.044573907042 
15.8803597504 15.240367522 0.0451783859221 
15.8801183525 15.240071518 0.0426917319325 
15.880107782 15.2400467069 0.0426162417688 
15.8800392431 15.240070357 0.0423943393098 
15.8800385996 15.2400534682 0.042361448202 
16.0348430091 15.2338973389 0.039455217542 
16.3198268079 15.2256350063 0.0376750701103 
16.6555570924 15.2140301394 0.0472428914887 
17.2586414778 15.1902046616 0.0442067858074 
17.5347834789 15.1770207326 0.041297472148 
17.7326658928 15.1699519495 0.0499345909919 
18.2845807039 15.1486240144 0.0395211689683 
18.7010045015 15.1350729654 -0.178042263196 
18.8646163904 15.0877082909 -1.02930624028 
18.8622631991 14.8190959955 4.59047181193 
18.7929677927 14.44576728 4.60575485578 
18.7430198156 14.1650545562 -1.38663247749 
18.8436496222 13.927809831 4.54469188476 
18.8457019293 13.9162712062 4.47167729097 
18.5612695181 13.2653492654 3.94575735543 
18.5612695181 13.2653492654 3.94575735543 
17.7627510988 13.0681992734 3.37747059051 
17.4567731583 13.0366498197 3.25447696625 
17.1927599871 13.0395368303 3.2010901178 
16.2804132962 13.0568257535 3.19073632074 
15.9187347816 13.06026518 3.20180862776 
15.5463271701 13.0682977403 3.19672120365 
14.9301950895 13.0806983675 3.17826588639 
14.8793482744 13.0804878438 3.17360402691 
14.774618026 13.0531800951 2.13315273087 
14.5658535921 13.4989317621 2.07415439046 
14.4226298296 13.8097771371 2.10062782537 
14.3400635683 13.9752677644 2.68534754432 
14.0562708342 13.9895311559 3.40548089397 
13.8178183996 13.9486875499 3.4011752232 
13.6422142946 13.9170187677 3.37145789434 
13.4730503523 13.9104440177 -0.641157717003 
13.2603535616 13.8429673875 3.74031599081 
13.1041424238 13.834721681 4.50217319687 
13.0698442423 13.7238818372 4.51294550232 
12.9605390989 13.4173394407 -0.821704286069 
12.9398272001 13.3932234014 -0.331091695801 
12.9450621569 13.3576711381 0.24258654738 
12.9652874434 13.3575916255 0.31304113726 
13.3327586615 13.5716212953 1.00088116805 
13.6649093592 13.8867522443 0.722619292984 
13.999987241 14.1470336879 0.737397124028 
14.6116613114 14.6117139424 0.715073463502 
14.9531612956 14.8773134316 0.714322505864 
15.2121841275 15.0762656594 0.723790006712 
15.3406119907 15.1666179116 1.72690356457 
15.322771486 15.4003120477 1.72939793813 
15.3415638172 15.6282744075 2.31174579341 
15.3361897432 15.6276913846 2.23833673317 
15.3038617932 15.6179929639 1.69169028093 
15.3016753757 15.6690551902 1.69989272037 
15.3268233502 15.7726970876 2.26101576424 
15.3347707355 15.8272265757 3.16886611536 
15.243722912 15.8337141241 3.23225493261 
15.1958534681 15.8640796507 3.80661255733 
14.8828083241 15.6566442216 3.81039851689 
14.6760199034 15.517712679 3.79695509471 
14.4568020069 15.3706562186 3.80471459399 
13.9036036694 15.0633173699 3.18904235538 
13.8648869955 15.0652538205 3.20818976926 
13.8652310335 15.0652635063 3.20704561835 
13.8033714258 15.0662530179 3.21135512574 
13.7242717707 15.0821543599 3.40217238239 
13.7183814013 15.0991936589 3.67965530441 
13.6450142824 15.1325722004 -1.27039683133 
13.677113291 14.9785142506 -0.448241711808 
13.708216902 14.9582272733 -0.458539462454 
14.1195719206 14.7241775955 -0.486342495301 
14.5842283928 14.2399990524 -1.00360658665 
14.9331210816 13.3639787401 -0.615794042608 
15.146636542 13.2006641592 -0.0458574708561 
15.2554816568 13.1886640752 0.24686991878 
15.4010074997 13.2244600023 -0.0560932021281 
15.4784380757 13.2175310815 -0.354890417704 
15.7095931732 13.1413246358 0.11852861858 
16.1087370926 13.1568902696 0.115107879128 
16.4175165856 13.1699291433 0.133319753992 
17.1055822336 13.1919840539 0.113495344681 
17.494636532 13.2062343324 0.108207288909 
18.034432646 13.2250360216 0.0956812093403 
18.6837420427 13.2876864637 1.13304040174 
18.7733027899 13.4507205451 1.37030000722 
18.7897312605 13.5419443811 1.98366321106 
18.7654068434 13.6032820905 2.05033128388 
18.7059154474 13.9246492351 1.75983891273 
18.6474487745 14.4412481154 1.7551203723 
18.5682280027 15.2202614567 1.81186312409 
18.5322904551 15.6569625104 1.22296967018 
18.9105253183 16.0892611707 0.837269144386 
19.1495730841 16.3178175653 0.847322826958 
19.1495730841 16.3178175653 0.847322826958 
19.1495730841 16.3178175653 0.847322826958 
19.1495730841 16.3178175653 0.847322826958 
19.1495730841 16.3178175653 0.847322826958 
19.1495730841 16.3178175653 0.847322826958 
19.1495730841 16.3178175653 0.847322826958 
19.1495730841 16.3178175653 0.847322826958 
19.0021343195 15.562516805 3.56804119471 
18.5760033095 15.4089028502 3.56856234551 
17.7556488478 15.3841141577 3.10470960331 
17.4027771914 15.4237177933 3.10296357092 
17.1727572643 15.4518011327 3.09866736113 
16.28057554 15.5592044557 3.09227035173 
15.8758515214 15.6067620779 3.10363676915 
15.6332018637 15.6345625187 3.34872964949 
15.1018279755 15.4612764085 4.18208847616 
15.0507019126 15.3881365771 4.173685105 
14.7976006233 15.0240703488 4.20411610039 
14.6489154064 14.8172847892 4.19646396732 
14.3589985335 14.4058960641 4.16153070555 
14.0505750143 14.0476269687 3.90325705563 
13.4302434885 13.8032034601 3.22866745415 
13.2173392737 13.8007715906 3.22815968816 
12.8833966219 13.803444382 2.75855083286 
12.7262656653 13.8553333248 1.76316825066 
12.6661505663 13.8782192434 0.743356308858 
12.6661505663 13.8782192434 0.743356308858 
13.1994192564 13.9193572963 -0.00672631097055 
13.569388386 13.8788758481 0.393003687466 
14.2176912987 14.1987786258 0.545307556611 
14.5420916044 14.3944668139 1.09987625039 
14.9347702229 15.1428991372 1.06816498037 
15.0856556856 15.3236911262 0.224068204648 
15.1300315225 15.3633292283 -0.467751774493 
15.2801649534 15.260106642 -0.555355378551 
15.4176035785 15.1286561529 0.347448730772 
15.4207457566 15.1668589229 -0.277484715058 
15.4423308932 15.1339496041 0.337212973478 
15.6990280711 15.2061240564 0.353517466655 
16.0726251119 15.3115750665 0.353801297824 
16.0729607457 15.3115272934 0.354901789938 
16.072966572 15.31147429 0.354767763617 
16.0729065054 15.3114785517 0.355704056111 
16.0729170853 15.3114885355 0.355812695652 
