17.6511806213 13.0516346658 3.36319416162 
15.8799956889 15.2399950421 0.04316990048 
15.8800165263 15.2400143894 0.0432108277121 
15.8800167871 15.2400059897 0.0432373982633 
15.8799905294 15.240008552 0.0430073558586 
15.8800916226 15.2400587545 0.0432217506406 
15.8804219171 15.2403858043 0.0453330975407 
15.8800332668 15.2400811573 0.0432492166174 
15.8803926437 15.2403886081 0.0451580801881 
15.8803782632 15.240380167 0.0448880638431 
15.8803931178 15.2403672931 0.0451732076426 
15.8803801929 15.2403720936 0.0451092768166 
15.880371241 15.2403828874 0.0449695327068 
15.8803774995 15.2404173385 0.0451169422465 
15.8803758045 15.2403895159 0.0450994831188 
15.8803694734 15.2403782769 0.045171235452 
15.880078883 15.2400635079 0.0424578367082 
15.8800851043 15.2400638796 0.042534595976 
15.8799113409 15.2400293953 0.0431410706871 
15.8799071294 15.240005104 0.04317370383 
15.8800959029 15.2400540173 0.0425303776248 
15.8800979705 15.2400738939 0.0426311440132 
15.8800780625 15.2400547119 0.0425207107407 
15.8800913143 15.2400701953 0.0424722608726 
15.8803731884 15.2403765954 0.0450401928071 
15.8803004344 15.2403125248 0.044530901758 
15.8800839476 15.2400538712 0.0423578167355 
15.8803566351 15.2403741633 0.0451178336689 
15.88036221 15.2403736692 0.0450154825124 
15.8801198668 15.2400673155 0.0424964202442 
15.8801159618 15.2400598663 0.042554410415 
15.8800420716 15.2400729201 0.0422150617977 
15.8800654357 15.2400762868 0.0425269591346 
16.0433980786 15.2339984442 0.0379808824659 
16.3467788958 15.2247971085 0.0392297365703 
16.67070001 15.2131772454 0.0505350013664 
17.2956489288 15.1879284161 0.0354904592558 
17.5347834789 15.1770207326 0.041297472148 
17.7641499006 15.1689640323 0.0378827883376 
18.3137252295 15.147623081 0.0386679032121 
18.7196686232 15.1336719582 -0.239017990705 
18.8693313562 15.0882378633 -1.04268631822 
18.8609814608 14.8124099041 4.59134038919 
18.7908937895 14.4369464482 4.61547637383 
18.74098086 14.1512240137 -1.3382362737 
18.8447906935 13.9225796426 4.48515140373 
18.8457019293 13.9162712062 4.47167729097 
18.5612695181 13.2653492654 3.94575735543 
18.5612695181 13.2653492654 3.94575735543 
17.7627510988 13.0681992734 3.37747059051 
17.4427156412 13.0371690954 3.25436002819 
17.1689699852 13.0394645895 3.21137898451 
16.2497160995 13.0581244195 3.20357058552 
15.9101230038 13.0604149068 3.20297481764 
15.5152602458 13.0678735937 3.17190669467 
14.9140105807 13.0811871255 3.18167948588 
14.8793482744 13.0804878438 3.17360402691 
14.7683831417 13.0613402093 2.10382088557 
14.5539910757 13.5251083339 2.07318151547 
14.41280007 13.8347841466 2.1333168299 
14.340065118 13.9793860877 2.72122035479 
14.0075445139 13.9815326894 3.43867003044 
13.7927472555 13.9440469707 3.4004173957 
13.6363375151 13.8782141174 2.38644873292 
13.4730503523 13.9104440177 -0.641157717003 
13.2603535616 13.8429673875 3.74031599081 
13.1041424238 13.834721681 4.50217319687 
13.0467843973 13.6445049013 4.50049574806 
12.9605390989 13.4173394407 -0.821704286069 
12.9376835787 13.3862646783 -0.214517544311 
12.9450621569 13.3576711381 0.24258654738 
13.1036093199 13.3879860605 0.380680501861 
13.3481359446 13.5943131412 0.98941155328 
13.7042946779 13.9170603717 0.743776323054 
14.0066865646 14.152336594 0.739266266808 
14.6232650244 14.6236293281 0.731644355562 
14.9531612956 14.8773134316 0.714322505864 
15.3241823279 15.1123040135 1.43856135371 
15.3392063343 15.1818145255 1.72264701079 
15.320992347 15.4224167431 1.72871799527 
15.34278005 15.6295055712 2.33475796863 
15.3365992868 15.625088122 2.18628168282 
15.3009950482 15.6186581815 1.66078186584 
15.301135596 15.6796470846 1.70135429186 
15.3270216548 15.7740797366 2.26559845464 
15.3311844432 15.8283058966 3.17989715175 
15.2330374086 15.8377569879 3.25998301227 
15.1913130247 15.862656113 3.79371298456 
14.8828083241 15.6566442216 3.81039851689 
14.6526851618 15.5014314617 3.78976399641 
14.4276365006 15.349543337 3.79540607211 
13.897038933 15.0640970732 3.19286909048 
13.8653521502 15.0649667347 3.20358768359 
13.8652310335 15.0652635063 3.20704561835 
13.8033714258 15.0662530179 3.21135512574 
13.7242717707 15.0821543599 3.40217238239 
13.7183814013 15.0991936589 3.67965530441 
13.6376600229 15.1321186686 -1.21809829597 
13.6748797857 14.9748278225 -0.390329867892 
13.8684701883 14.8706892396 -0.339348854763 
14.1195719206 14.7241775955 -0.486342495301 
14.5906592571 14.229619738 -1.02195354134 
14.9510340654 13.3467466796 -0.594341615241 
15.1540858113 13.1974014009 -0.0123427717888 
15.2717803681 13.1915110315 0.24733588675 
15.4080356323 13.227713939 -0.133479283114 
15.4784380757 13.2175310815 -0.354890417704 
15.7257959807 13.1422318185 0.118013853595 
16.1251456254 13.1577616895 0.112567393611 
16.4175165856 13.1699291433 0.133319753992 
17.1863409245 13.1947621072 0.111512751635 
17.6158206427 13.2098613943 0.109040576889 
18.034432646 13.2250360216 0.0956812093403 
18.6837420427 13.2876864637 1.13304040174 
18.7773234808 13.4556056226 1.42626784349 
18.7880506479 13.5502759183 2.00269158019 
18.729029175 13.7108683551 1.75534684219 
18.7038655245 13.9429670537 1.75828106419 
18.6474487745 14.4412481154 1.7551203723 
18.5634279215 15.2441267853 1.75861137526 
18.5343544447 15.6681823398 1.1805917883 
18.9299540484 16.1080333556 0.832708083791 
19.1495730841 16.3178175653 0.847322826958 
19.1495730841 16.3178175653 0.847322826958 
19.1495730841 16.3178175653 0.847322826958 
19.1495730841 16.3178175653 0.847322826958 
19.1495730841 16.3178175653 0.847322826958 
19.1495730841 16.3178175653 0.847322826958 
19.1495730841 16.3178175653 0.847322826958 
19.1495730841 16.3178175653 0.847322826958 
18.979018923 15.5550209249 3.57502906524 
18.5685622656 15.4061139936 3.566465522 
17.6825752222 15.3910661305 3.09173720836 
17.391303178 15.4253122176 3.11297623763 
17.160289284 15.4535493369 3.10161092635 
16.2515001559 15.5629481936 3.09314636749 
15.8548023069 15.6097651983 3.12131661696 
15.6263619923 15.6350277329 3.37209672935 
15.1018279755 15.4612764085 4.18208847616 
15.0507019126 15.3881365771 4.173685105 
14.7799708807 14.9987831677 4.20252250229 
14.391571995 14.4526599611 4.14711070545 
14.3589985335 14.4058960641 4.16153070555 
14.0505750143 14.0476269687 3.90325705563 
13.4302434885 13.8032034601 3.22866745415 
13.2002274954 13.8005318607 3.22758892988 
12.8682150805 13.8054313625 2.70401963259 
12.7262656653 13.8553333248 1.76316825066 
12.6661505663 13.8782192434 0.743356308858 
12.6661505663 13.8782192434 0.743356308858 
13.1994192564 13.9193572963 -0.00672631097055 
13.5937881434 13.8844706977 0.455742795688 
14.2351913416 14.2098147834 0.558105726275 
14.5451844895 14.3980062569 1.1051864613 
14.9495693409 15.1698121543 1.00616849101 
15.0865073168 15.3243485952 0.204088122446 
15.1360359752 15.3616282682 -0.497401698101 
15.2912272775 15.2522791347 -0.556613093124 
15.4182259404 15.1298086757 0.299598804891 
15.4191471898 15.1651590357 -0.230273613763 
15.4486359322 15.1357981975 0.373844346167 
15.7059400493 15.2080850566 0.355279026685 
16.0735429638 15.3118365298 0.351754597788 
16.0729769283 15.3115167136 0.354784588813 
16.072921645 15.3114662806 0.35592697351 
16.0729065054 15.3114785517 0.355704056111 
