11.139999751 14.7799996696 3.051182338576175 
17.0999996178 14.899999667 3.4931793399568725 
14.719999671 13.8799996898 2.4754582888542624 
14.3799996786 14.3399996795 1.995844548678042 
13.3599997014 15.2199996598 5.896632526796191 
14.6999996714 12.2199997269 4.423148212462682 
15.0999996625 14.4599996768 1.1966617837342888 
16.2199996375 18.0799995959 0.6051079158610895 
14.7999996692 15.2199996598 4.217790504493904 
14.1999996826 11.9999997318 5.493003694824158 
15.8599996455 12.1599997282 6.265953374928799 
14.5599996746 13.4199997 4.616774376931679 
14.8799996674 12.6199997179 1.8593189234055296 
17.3999996111 14.8599996679 2.709298550130644 
16.5199996307 16.6599996276 5.672412296648736 
14.9199996665 13.5399996974 5.8660727237423735 
18.6399995834 13.7199996933 1.5143552654414858 
16.9199996218 13.599999696 3.5764788832279186 
18.3999995887 13.0399997085 0.3462725823457952 
16.7199996263 12.8599997126 5.219581333797567 
13.7999996915 12.8199997135 1.9599730288451847 
18.0799995959 14.9999996647 2.503421766460549 
15.8199996464 16.1199996397 2.5878296626748134 
16.2199996375 15.1399996616 5.304260046243136 
19.4399995655 15.1799996607 1.8172923510126695 
12.0999997295 14.1799996831 4.725418355985612 
15.7199996486 17.4399996102 2.356233702209631 
19.7999995574 14.2999996804 5.557322857167859 
14.0799996853 12.6199997179 1.6032294013628656 
12.9999997094 12.9199997112 3.4986445437442324 
13.4999996983 12.6999997161 4.113411923394363 
15.5199996531 16.819999624 6.108581814104835 
18.3999995887 14.4599996768 6.1368376756090575 
18.1799995936 17.0799996182 0.828041266867228 
18.6199995838 16.4999996312 0.40110316564748266 
18.8399995789 15.0999996625 5.604201109048309 
18.0799995959 12.5599997193 2.5994106675154156 
18.879999578 13.1599997059 4.758766609712314 
14.5999996737 14.5199996755 5.852391320722932 
18.7199995816 16.239999637 6.056369302220823 
14.8599996679 12.7399997152 2.5267941969647003 
18.4199995883 12.7599997148 0.5092498434811933 
13.0999997072 15.4399996549 6.0851903882216 
13.9199996889 14.0999996848 2.340040657698038 
18.4399995878 14.8799996674 1.6228433856380808 
16.5199996307 14.9399996661 1.9118955585829778 
13.6799996942 17.4999996088 4.859270896679412 
18.4999995865 12.2399997264 5.0307498560666595 
17.939999599 14.4799996763 1.0794206928552612 
16.0199996419 13.2799997032 6.0913204216366115 
15.119999662 13.959999688 1.6435470617499106 
14.539999675 15.5599996522 4.542398648564453 
18.0799995959 13.9799996875 1.6839537473028912 
14.0799996853 15.2399996594 1.1696608735361627 
15.2399996594 13.6799996942 6.017565937953564 
19.23999957 13.7199996933 0.555655411786612 
14.8199996687 17.6199996062 0.06422534823452074 
18.1999995932 16.3599996343 4.4851200553959085 
18.3399995901 13.7199996933 3.7804441129145996 
13.6399996951 16.7799996249 5.702796060080333 
14.2599996813 15.8799996451 0.6077791603696936 
13.7199996933 14.4199996777 2.147704625520692 
18.4199995883 16.2199996375 1.9455764790660584 
14.2599996813 12.4399997219 5.954144517433753 
17.9199995995 12.4799997211 5.155490481249518 
14.1199996844 15.5399996527 4.099808178272009 
14.2999996804 13.4199997 3.144814786396812 
16.4799996316 17.8999995999 2.3385910888888017 
17.7999996021 14.9799996652 4.032798611031573 
19.2199995704 14.6999996714 1.229590124782943 
16.5599996299 16.599999629 0.7985081273315207 
15.7199996486 15.3999996558 1.6468741769072202 
13.6199996956 16.1199996397 5.87449361026861 
15.1599996611 15.2199996598 3.761962820662044 
17.7399996035 16.4599996321 3.0358263245119677 
13.9999996871 15.1399996616 0.6500362398252327 
14.899999667 17.8599996008 0.09791324681022513 
14.2999996804 12.9799997099 1.4631152692146 
16.1999996379 15.8799996451 4.0388308526908725 
14.5799996741 14.2999996804 1.081331134019504 
15.4199996553 15.8199996464 3.034776101176461 
12.0199997313 14.4399996772 0.29378583005898745 
17.8599996008 13.3599997014 1.070441007071693 
18.1999995932 15.7999996468 5.690616876008274 
20.2599995472 17.2599996142 3.394299310249536 
17.3399996124 18.8199995793 2.8723332211393258 
13.5399996974 13.9799996875 3.3423478017668673 
18.119999595 11.8799997345 1.841310425212233 
18.5999995843 14.3199996799 2.8619698448991997 
13.5599996969 13.4399996996 5.93435764802006 
17.4599996097 12.7599997148 0.3523435189232545 
17.8399996012 17.6999996044 1.884852559853246 
17.5799996071 17.539999608 3.3099492316129835 
18.6399995834 13.019999709 0.10801211129414345 
17.7799996026 13.0799997076 0.5976824460419806 
18.1799995936 13.0599997081 2.8640814808754063 
19.4999995641 15.5599996522 1.4359117397562935 
15.1399996616 14.9799996652 3.1181129656403987 
14.7999996692 13.7199996933 2.056947130657734 
19.6799995601 17.0799996182 5.108618376404497 
14.2199996822 14.5199996755 2.712310829811405 
15.9599996433 12.9999997094 3.173768289263888 
14.8799996674 14.9999996647 3.3393766304363184 
14.1399996839 13.6999996938 4.533912903695375 
14.1999996826 14.4999996759 5.842024331873022 
14.899999667 12.259999726 6.240749650727286 
15.479999654 16.4999996312 2.0965818140222185 
15.2199996598 12.259999726 5.83043541435347 
13.4799996987 17.6999996044 1.5337808052462862 
18.7799995802 15.2799996585 5.990685894105657 
13.5599996969 16.239999637 2.4286583459335906 
19.0999995731 15.65999965 1.0866145945367944 
16.8999996223 17.6999996044 5.586083384031725 
17.2599996142 18.6799995825 5.996560420430293 
17.2199996151 13.2199997045 2.08345222142571 
20.6799995378 13.6999996938 4.670109965037825 
19.8799995556 17.3199996129 1.6970365195350425 
20.5599995404 14.6599996723 0.8233194657269676 
12.5799997188 13.5199996978 5.8897018674649315 
13.8599996902 14.8399996683 1.1555679617729195 
18.8399995789 14.0399996862 1.586670556099345 
20.1599995494 17.2999996133 0.18524347936660374 
17.4599996097 13.599999696 0.5004853367672067 
18.8599995784 12.6799997166 1.3439459121921251 
16.6199996285 13.5399996974 1.2898096776241337 
18.3199995905 15.1799996607 4.805491777936631 
12.5599997193 11.2199997492 0.9747413765728137 
13.9199996889 15.1399996616 3.3549370184161713 
16.7199996263 17.3199996129 4.781646440993729 
18.4999995865 16.0199996419 2.6615765177198365 
18.0799995959 14.9199996665 0.3304636106964068 
18.519999586 11.5599997416 3.4258613318443825 
13.5599996969 16.6799996272 2.433713714591555 
13.8599996902 17.7799996026 4.53505271489679 
16.9599996209 14.9799996652 0.4345558712267869 
13.779999692 16.2599996366 5.72735895667772 
17.6799996048 12.4999997206 4.480797962693393 
13.8799996898 13.3199997023 1.901382997899081 
11.7799997367 14.9199996665 0.3253814291521357 
14.4399996772 13.019999709 2.8762257197025636 
13.5799996965 12.7999997139 5.763410511741953 
20.3799995445 15.9799996428 0.0117925759455599 
15.7599996477 13.7399996929 5.734034570795403 
19.1799995713 15.1599996611 2.4551915808832128 
15.2399996594 17.759999603 4.740424739632537 
13.4799996987 16.6799996272 1.3507403543597436 
18.4199995883 17.5599996075 0.28597340579739466 
13.6199996956 16.2199996375 4.665180818790182 
13.4999996983 13.0999997072 2.5734851970669035 
17.359999612 12.3199997246 0.809679455632185 
15.2799996585 15.6999996491 2.67047261437837 
16.9799996205 13.4999996983 2.7672643721337384 
20.6399995387 16.3199996352 0.27833472615762916 
17.2399996147 12.3599997237 1.2943508412045606 
10.779999759 14.3399996795 3.8558057056301567 
14.2599996813 15.8599996455 4.510123069228564 
18.3399995901 14.539999675 0.8060591768773978 
17.5799996071 16.7399996258 1.2985656314946605 
19.0799995735 17.0399996191 1.565737873067598 
13.3199997023 17.6199996062 3.612483218384495 
14.0199996866 17.0399996191 4.930753518432026 
17.759999603 11.719999738 4.012627081722103 
19.0799995735 14.2799996808 3.001916508987266 
10.9199997559 14.8599996679 2.6308635832837535 
17.4799996093 15.3599996567 4.899837823290184 
15.0999996625 15.0399996638 3.8826110892072148 
16.7799996249 15.9599996433 0.6910417754152492 
16.5199996307 17.6999996044 0.5340423207648168 
15.6199996509 12.6999997161 2.9389785064978193 
13.4199997 12.8199997135 6.158650021004917 
19.6999995597 14.2599996813 0.7270331566753928 
14.8599996679 15.3199996576 1.835551646372455 
18.7199995816 12.5799997188 2.4890850164833993 
15.2399996594 12.9399997108 0.7593383108433649 
16.819999624 12.7399997152 3.461110845317825 
14.1599996835 14.1599996835 2.541023628348293 
19.5199995637 14.9599996656 5.370681689462494 
15.299999658 15.7999996468 2.9796061959702054 
16.6799996272 13.4999996983 1.8724785432960385 
17.4799996093 16.3599996343 1.6906505305844808 
20.7399995364 17.3199996129 1.223140804380221 
13.959999688 16.2599996366 2.722153043019716 
20.4999995418 17.0599996187 2.8708804990444214 
14.1799996831 13.5199996978 4.189494812528279 
18.4999995865 17.0599996187 2.227914015438571 
16.4999996312 16.6599996276 2.7705669157079997 
18.0599995963 13.9399996884 3.2543722774080437 
15.1799996607 11.8799997345 1.2728866930157983 
15.7799996473 13.9399996884 2.7787055555286604 
12.7999997139 13.6799996942 4.039794940130026 
16.419999633 13.3799997009 0.1176022763724663 
19.3999995664 16.0799996406 3.3241016957711675 
15.1399996616 14.7999996692 0.5604165428301133 
18.9999995753 12.8599997126 4.266420886031273 
20.0399995521 16.6999996267 1.3567181106985349 
12.8799997121 14.7599996701 4.111659138005377 
18.299999591 15.0599996634 0.6094409707340452 
17.9199995995 15.2599996589 3.3473031359493226 
15.65999965 17.5999996066 4.624026914779139 
18.1799995936 12.4799997211 2.602534369743937 
11.139999751 14.7799996696 3.0511504214057843 
13.3599997014 15.2199996598 5.896648887223659 
13.3599997014 15.2199996598 5.896617690827859 
13.3599997014 15.2199996598 5.896621868047437 
13.3599997014 15.2199996598 5.896627916535522 
13.3599997014 15.2199996598 5.896663535874992 
13.3599997014 15.2199996598 5.896622944949965 
13.3599997014 15.2199996598 5.896622517838376 
13.3599997014 15.2199996598 5.896641202268403 
13.3599997014 15.2199996598 5.896647211912251 
14.7999996692 15.2199996598 4.21784134669156 
14.7999996692 15.2199996598 4.217786943329496 
14.7999996692 15.2199996598 4.217804567045516 
15.8599996455 12.1599997282 6.26597968617869 
15.8599996455 12.1599997282 6.2659663087937885 
15.8599996455 12.1599997282 6.266017170277344 
14.5599996746 13.4199997 4.616792862895951 
14.5599996746 13.4199997 4.6167367005780955 
16.9199996218 13.599999696 3.5765029367274983 
16.9199996218 13.599999696 3.576474062849759 
18.3999995887 13.0399997085 0.3462823117220021 
18.3999995887 13.0399997085 0.34622681676653966 
18.3999995887 13.0399997085 0.3462848643898019 
18.3999995887 13.0399997085 0.3462774375919965 
13.7999996915 12.8199997135 1.9599938735891655 
15.8199996464 16.1199996397 2.58782543305329 
16.2199996375 15.1399996616 5.304241753651003 
19.4399995655 15.1799996607 1.817276123989621 
19.4399995655 15.1799996607 1.8173311901301463 
19.4399995655 15.1799996607 1.8172844809799966 
19.4399995655 15.1799996607 1.8172895009398151 
19.7999995574 14.2999996804 5.557348666389676 
14.5999996737 14.5199996755 5.852392917509358 
18.4199995883 12.7599997148 0.5092234968996577 
18.4199995883 12.7599997148 0.5092658757261941 
18.4199995883 12.7599997148 0.509266995557782 
18.4199995883 12.7599997148 0.5092381141677172 
18.4199995883 12.7599997148 0.5092436446445924 
18.4999995865 12.2399997264 5.030768340949421 
16.0199996419 13.2799997032 6.091358559677561 
14.539999675 15.5599996522 4.542383646541486 
18.3399995901 13.7199996933 3.7804382928518074 
18.3399995901 13.7199996933 3.7804709635762186 
18.4199995883 16.2199996375 1.9455609370242366 
18.4199995883 16.2199996375 1.9455818684446737 
14.2599996813 12.4399997219 5.954106586269264 
14.2599996813 12.4399997219 5.95415598471271 
14.2599996813 12.4399997219 5.954159822681454 
14.2599996813 12.4399997219 5.954126211379692 
14.2599996813 12.4399997219 5.954114611728289 
14.2599996813 12.4399997219 5.954119175433961 
17.9199995995 12.4799997211 5.155486995151247 
14.1199996844 15.5399996527 4.099805049965592 
14.1199996844 15.5399996527 4.099825845727644 
14.1199996844 15.5399996527 4.099826917729176 
14.1199996844 15.5399996527 4.099774350024058 
14.1199996844 15.5399996527 4.099805775275308 
16.4799996316 17.8999995999 2.338561266926302 
16.4799996316 17.8999995999 2.3385880575216706 
19.2199995704 14.6999996714 1.2296014775490889 
19.2199995704 14.6999996714 1.2295721491618126 
15.1599996611 15.2199996598 3.76196341251107 
15.1599996611 15.2199996598 3.7619557876428447 
17.7399996035 16.4599996321 3.035808303561758 
17.7399996035 16.4599996321 3.0357655892544595 
17.7399996035 16.4599996321 3.035824621023127 
17.7399996035 16.4599996321 3.0358101923908545 
17.7399996035 16.4599996321 3.035850486115422 
12.0199997313 14.4399996772 0.29381104339747294 
20.2599995472 17.2599996142 3.3943128405774265 
20.2599995472 17.2599996142 3.394299913097511 
20.2599995472 17.2599996142 3.394305452538126 
20.2599995472 17.2599996142 3.3943200284752253 
20.2599995472 17.2599996142 3.394258318583961 
20.2599995472 17.2599996142 3.3943357129658107 
20.2599995472 17.2599996142 3.394310515544256 
20.2599995472 17.2599996142 3.3943079658250483 
20.2599995472 17.2599996142 3.3943094354872936 
20.2599995472 17.2599996142 3.3942504079233937 
17.8399996012 17.6999996044 1.8848224868052001 
19.4999995641 15.5599996522 1.435921309907866 
19.4999995641 15.5599996522 1.4358733530314247 
19.4999995641 15.5599996522 1.4359015194575315 
15.9599996433 12.9999997094 3.173737524726003 
14.1399996839 13.6999996938 4.533917703936997 
14.1399996839 13.6999996938 4.53392202626029 
14.1399996839 13.6999996938 4.53394104037001 
14.1399996839 13.6999996938 4.533921089098548 
14.899999667 12.259999726 6.240744599767709 
14.899999667 12.259999726 6.240776985260725 
14.899999667 12.259999726 6.240727618182081 
15.2199996598 12.259999726 5.830439259428036 
15.2199996598 12.259999726 5.830439686929167 
15.2199996598 12.259999726 5.830415031426814 
15.2199996598 12.259999726 5.830435402720714 
15.2199996598 12.259999726 5.830422517842074 
15.2199996598 12.259999726 5.8303847620747336 
15.2199996598 12.259999726 5.830445182336243 
15.2199996598 12.259999726 5.8304549180154455 
15.2199996598 12.259999726 5.830439980202555 
19.0999995731 15.65999965 1.0866361451097006 
17.2199996151 13.2199997045 2.083465679424946 
17.2199996151 13.2199997045 2.083394820391339 
17.2199996151 13.2199997045 2.083461115219931 
17.2199996151 13.2199997045 2.0834940890850486 
17.2199996151 13.2199997045 2.083489843206616 
17.2199996151 13.2199997045 2.0834713763513633 
17.2199996151 13.2199997045 2.083432295207558 
12.5799997188 13.5199996978 5.8897140480982415 
12.5799997188 13.5199996978 5.889745624318031 
12.5799997188 13.5199996978 5.889666401813431 
12.5799997188 13.5199996978 5.889695602397702 
12.5799997188 13.5199996978 5.889711934497085 
12.5799997188 13.5199996978 5.889723437281136 
12.5799997188 13.5199996978 5.889682044584158 
12.5799997188 13.5199996978 5.889680958332961 
12.5799997188 13.5199996978 5.889690541247003 
18.8399995789 14.0399996862 1.5867029803553065 
18.8399995789 14.0399996862 1.5866602236343907 
18.8399995789 14.0399996862 1.5866769734181514 
18.4999995865 16.0199996419 2.6616168052174736 
18.4999995865 16.0199996419 2.661539208867733 
18.4999995865 16.0199996419 2.661586823409451 
16.9599996209 14.9799996652 0.43453666502354965 
17.6799996048 12.4999997206 4.480825837536698 
13.5799996965 12.7999997139 5.7633962278806 
15.2399996594 17.759999603 4.740413798100804 
15.2399996594 17.759999603 4.740438606588851 
15.2399996594 17.759999603 4.740449074679222 
15.2399996594 17.759999603 4.740437757520826 
15.2399996594 17.759999603 4.740381473963811 
15.2399996594 17.759999603 4.740445854881303 
15.2399996594 17.759999603 4.740395182006266 
15.2399996594 17.759999603 4.740410362948117 
15.2399996594 17.759999603 4.740402114943006 
13.6199996956 16.2199996375 4.665237874059427 
13.6199996956 16.2199996375 4.665216345505956 
13.6199996956 16.2199996375 4.665216694344426 
13.6199996956 16.2199996375 4.665182910126936 
13.6199996956 16.2199996375 4.665165233528546 
13.6199996956 16.2199996375 4.6651703139607354 
13.6199996956 16.2199996375 4.665213148006877 
13.6199996956 16.2199996375 4.665203947852635 
13.6199996956 16.2199996375 4.665198776786 
13.6199996956 16.2199996375 4.665150130031501 
16.9799996205 13.4999996983 2.7672451779384106 
16.9799996205 13.4999996983 2.767222141038336 
16.9799996205 13.4999996983 2.767241194608335 
16.9799996205 13.4999996983 2.7672694952032857 
16.9799996205 13.4999996983 2.767267390784725 
16.9799996205 13.4999996983 2.767255546212703 
16.9799996205 13.4999996983 2.7672363123047554 
16.9799996205 13.4999996983 2.767318154724691 
17.2399996147 12.3599997237 1.2943912144803975 
14.2599996813 15.8599996455 4.510075198960617 
18.3399995901 14.539999675 0.806095763269611 
18.3399995901 14.539999675 0.8060873952484768 
15.0999996625 15.0399996638 3.882613739509364 
15.0999996625 15.0399996638 3.8826159238053033 
19.6999995597 14.2599996813 0.7270316587498865 
19.6999995597 14.2599996813 0.7269721589376001 
19.6999995597 14.2599996813 0.727016737123851 
19.6999995597 14.2599996813 0.727024424617523 
19.6999995597 14.2599996813 0.727027207828313 
19.6999995597 14.2599996813 0.7270659393342365 
19.6999995597 14.2599996813 0.7270501677658957 
19.6999995597 14.2599996813 0.7270675561447381 
13.959999688 16.2599996366 2.7221565913873143 
20.4999995418 17.0599996187 2.8708582102547346 
20.4999995418 17.0599996187 2.8708986573213755 
20.4999995418 17.0599996187 2.8708090833423068 
20.4999995418 17.0599996187 2.8709157903225 
20.4999995418 17.0599996187 2.8709016629438375 
20.4999995418 17.0599996187 2.870879336919683 
20.4999995418 17.0599996187 2.8708778681731904 
20.4999995418 17.0599996187 2.8708831003506696 
20.4999995418 17.0599996187 2.870860115634025 
20.4999995418 17.0599996187 2.8708637391044824 
14.1799996831 13.5199996978 4.189491303467027 
18.4999995865 17.0599996187 2.227924978409326 
18.4999995865 17.0599996187 2.2279084770788313 
16.4999996312 16.6599996276 2.770573376925309 
16.4999996312 16.6599996276 2.770578311602358 
16.4999996312 16.6599996276 2.7705602480869693 
16.4999996312 16.6599996276 2.7705840274463163 
19.3999995664 16.0799996406 3.324065751470193 
15.1399996616 14.7999996692 0.5603693485141663 
15.1399996616 14.7999996692 0.5604012901912179 
15.1399996616 14.7999996692 0.5604131809610566 
15.1399996616 14.7999996692 0.5604186510187542 
15.1399996616 14.7999996692 0.560460944917783 
15.1399996616 14.7999996692 0.5603985449897578 
15.1399996616 14.7999996692 0.5604478739437219 
18.299999591 15.0599996634 0.6093942601796271 
15.65999965 17.5999996066 4.623992737078085 
15.65999965 17.5999996066 4.62402556556252 
15.65999965 17.5999996066 4.624005127622031 
15.65999965 17.5999996066 4.624046762940493 
15.65999965 17.5999996066 4.623960347988787 
15.65999965 17.5999996066 4.624022634331667 
11.139999751 14.7799996696 3.0511567655073977 
13.3599997014 15.2199996598 5.8966349144850385 
13.3599997014 15.2199996598 5.896619283376907 
13.3599997014 15.2199996598 5.896610329321087 
13.3599997014 15.2199996598 5.896633694029546 
13.3599997014 15.2199996598 5.896628863662556 
13.3599997014 15.2199996598 5.896598677999694 
13.3599997014 15.2199996598 5.896634705126501 
13.3599997014 15.2199996598 5.8966193305308074 
13.3599997014 15.2199996598 5.896630548531749 
14.7999996692 15.2199996598 4.217874537589455 
14.7999996692 15.2199996598 4.217801373105052 
14.7999996692 15.2199996598 4.21780571879557 
15.8599996455 12.1599997282 6.2659920809442 
15.8599996455 12.1599997282 6.266006357786568 
15.8599996455 12.1599997282 6.265965367537371 
14.5599996746 13.4199997 4.616847439376021 
14.5599996746 13.4199997 4.6167341440879825 
16.9199996218 13.599999696 3.5764819151809113 
16.9199996218 13.599999696 3.576479358470275 
18.3999995887 13.0399997085 0.3463526283170203 
18.3999995887 13.0399997085 0.34621427714833075 
18.3999995887 13.0399997085 0.34630292229377196 
18.3999995887 13.0399997085 0.34620716549830916 
13.7999996915 12.8199997135 1.9600001398559137 
15.8199996464 16.1199996397 2.5878270724838752 
16.2199996375 15.1399996616 5.304216224109109 
19.4399995655 15.1799996607 1.8172690725597875 
19.4399995655 15.1799996607 1.8173431368912967 
19.4399995655 15.1799996607 1.817275678907385 
19.4399995655 15.1799996607 1.8173414071353646 
19.7999995574 14.2999996804 5.55734069444552 
14.5999996737 14.5199996755 5.852449056751311 
18.4199995883 12.7599997148 0.5092096213173865 
18.4199995883 12.7599997148 0.5092710799308494 
18.4199995883 12.7599997148 0.5092621352369366 
18.4199995883 12.7599997148 0.5092247332296463 
18.4199995883 12.7599997148 0.5092494085207009 
18.4999995865 12.2399997264 5.030785060790455 
16.0199996419 13.2799997032 6.091367067240582 
14.539999675 15.5599996522 4.542392315966398 
18.3399995901 13.7199996933 3.7804019780729647 
18.3399995901 13.7199996933 3.7805003655521543 
18.4199995883 16.2199996375 1.9455636380536265 
18.4199995883 16.2199996375 1.9455817510064954 
14.2599996813 12.4399997219 5.954100216106565 
14.2599996813 12.4399997219 5.954141337009212 
14.2599996813 12.4399997219 5.954151719768383 
14.2599996813 12.4399997219 5.954115255535463 
14.2599996813 12.4399997219 5.954132794572697 
14.2599996813 12.4399997219 5.954139778674043 
17.9199995995 12.4799997211 5.155517341872875 
14.1199996844 15.5399996527 4.099819929380237 
14.1199996844 15.5399996527 4.099839183185649 
14.1199996844 15.5399996527 4.099822297521212 
14.1199996844 15.5399996527 4.099810439034326 
14.1199996844 15.5399996527 4.099771022650307 
16.4799996316 17.8999995999 2.3385784525913893 
16.4799996316 17.8999995999 2.3385742078750007 
19.2199995704 14.6999996714 1.2296342266602032 
19.2199995704 14.6999996714 1.229528559597296 
15.1599996611 15.2199996598 3.761944141663582 
15.1599996611 15.2199996598 3.7619854113173976 
17.7399996035 16.4599996321 3.035782231746913 
17.7399996035 16.4599996321 3.03572182314533 
17.7399996035 16.4599996321 3.0358269793784536 
17.7399996035 16.4599996321 3.0357980128431987 
17.7399996035 16.4599996321 3.035865669504796 
12.0199997313 14.4399996772 0.29380488108159425 
20.2599995472 17.2599996142 3.394252218288633 
20.2599995472 17.2599996142 3.3942864131298367 
20.2599995472 17.2599996142 3.394289302949276 
20.2599995472 17.2599996142 3.394301662679489 
20.2599995472 17.2599996142 3.3942317603497716 
20.2599995472 17.2599996142 3.3943544578926397 
20.2599995472 17.2599996142 3.3943418422975533 
20.2599995472 17.2599996142 3.3943549661174806 
20.2599995472 17.2599996142 3.394259889802914 
20.2599995472 17.2599996142 3.394244809649631 
17.8399996012 17.6999996044 1.8848405196867857 
19.4999995641 15.5599996522 1.4359675919792956 
19.4999995641 15.5599996522 1.4358829453930353 
19.4999995641 15.5599996522 1.4359206380034248 
15.9599996433 12.9999997094 3.17374320992324 
14.1399996839 13.6999996938 4.533967263246013 
14.1399996839 13.6999996938 4.533916362284077 
14.1399996839 13.6999996938 4.533887660379466 
14.1399996839 13.6999996938 4.533910711122469 
14.899999667 12.259999726 6.240762326533239 
14.899999667 12.259999726 6.240787998936443 
14.899999667 12.259999726 6.240730024629067 
15.2199996598 12.259999726 5.830438032049045 
15.2199996598 12.259999726 5.830420306835361 
15.2199996598 12.259999726 5.830391942435886 
15.2199996598 12.259999726 5.830423504507195 
15.2199996598 12.259999726 5.83041963967362 
15.2199996598 12.259999726 5.83038704235825 
15.2199996598 12.259999726 5.830397980474064 
15.2199996598 12.259999726 5.830451042370284 
15.2199996598 12.259999726 5.830421175582137 
19.0999995731 15.65999965 1.0866562112752096 
17.2199996151 13.2199997045 2.0835002319813305 
17.2199996151 13.2199997045 2.083407740887129 
17.2199996151 13.2199997045 2.0834558361724196 
17.2199996151 13.2199997045 2.0834892924346895 
17.2199996151 13.2199997045 2.08353543181194 
17.2199996151 13.2199997045 2.083466584298349 
17.2199996151 13.2199997045 2.083435934524387 
12.5799997188 13.5199996978 5.88971197610748 
12.5799997188 13.5199996978 5.889718492499402 
12.5799997188 13.5199996978 5.889656698985012 
12.5799997188 13.5199996978 5.889694722568208 
12.5799997188 13.5199996978 5.8896833655366265 
12.5799997188 13.5199996978 5.889720099145516 
12.5799997188 13.5199996978 5.889655321697213 
12.5799997188 13.5199996978 5.889665990266021 
12.5799997188 13.5199996978 5.889678480725415 
18.8399995789 14.0399996862 1.5866951325537255 
18.8399995789 14.0399996862 1.5866728148178955 
18.8399995789 14.0399996862 1.586676264779691 
18.4999995865 16.0199996419 2.661581217834741 
18.4999995865 16.0199996419 2.6615640583234015 
18.4999995865 16.0199996419 2.661606109227025 
16.9599996209 14.9799996652 0.43457935538524317 
17.6799996048 12.4999997206 4.480848274404422 
13.5799996965 12.7999997139 5.763429376746244 
15.2399996594 17.759999603 4.740401887166208 
15.2399996594 17.759999603 4.740419528242875 
15.2399996594 17.759999603 4.74044929813914 
15.2399996594 17.759999603 4.74043585295742 
15.2399996594 17.759999603 4.740363711766386 
15.2399996594 17.759999603 4.740435274976191 
15.2399996594 17.759999603 4.7404056251180275 
15.2399996594 17.759999603 4.740439021831725 
15.2399996594 17.759999603 4.740420491883984 
13.6199996956 16.2199996375 4.665282898564269 
13.6199996956 16.2199996375 4.665231931964074 
13.6199996956 16.2199996375 4.665208336495889 
13.6199996956 16.2199996375 4.6651954830692155 
13.6199996956 16.2199996375 4.665177617455387 
13.6199996956 16.2199996375 4.6651530957771925 
13.6199996956 16.2199996375 4.66520270342614 
13.6199996956 16.2199996375 4.665182130544196 
13.6199996956 16.2199996375 4.665209541947366 
13.6199996956 16.2199996375 4.665167293424424 
16.9799996205 13.4999996983 2.7672347129714656 
16.9799996205 13.4999996983 2.767246586333447 
16.9799996205 13.4999996983 2.767235291474613 
16.9799996205 13.4999996983 2.7672680391886435 
16.9799996205 13.4999996983 2.7673275202583936 
16.9799996205 13.4999996983 2.767256232614411 
16.9799996205 13.4999996983 2.7672391414135737 
16.9799996205 13.4999996983 2.7673426524242957 
17.2399996147 12.3599997237 1.294381553024988 
14.2599996813 15.8599996455 4.510065440530464 
18.3399995901 14.539999675 0.8060840261851087 
18.3399995901 14.539999675 0.8061152653762795 
15.0999996625 15.0399996638 3.8826074007917137 
15.0999996625 15.0399996638 3.8825866438498204 
19.6999995597 14.2599996813 0.7269954607786568 
19.6999995597 14.2599996813 0.7269404891689087 
19.6999995597 14.2599996813 0.7270311126498377 
19.6999995597 14.2599996813 0.7269738578537775 
19.6999995597 14.2599996813 0.7269956672467914 
19.6999995597 14.2599996813 0.7270510077542615 
19.6999995597 14.2599996813 0.7270361976454194 
19.6999995597 14.2599996813 0.7270637457529486 
13.959999688 16.2599996366 2.722139793482444 
20.4999995418 17.0599996187 2.8708961733517344 
20.4999995418 17.0599996187 2.8708705160188037 
20.4999995418 17.0599996187 2.870839079758637 
20.4999995418 17.0599996187 2.8709059294463155 
20.4999995418 17.0599996187 2.870882779004707 
20.4999995418 17.0599996187 2.870897318152438 
20.4999995418 17.0599996187 2.870801780424025 
20.4999995418 17.0599996187 2.8709449126387367 
20.4999995418 17.0599996187 2.870849337849726 
20.4999995418 17.0599996187 2.8708288959613903 
14.1799996831 13.5199996978 4.189504609329386 
18.4999995865 17.0599996187 2.2279053461417306 
18.4999995865 17.0599996187 2.227930392620256 
16.4999996312 16.6599996276 2.7706008211580255 
16.4999996312 16.6599996276 2.7705707715277095 
16.4999996312 16.6599996276 2.7705828100789596 
16.4999996312 16.6599996276 2.770623377150809 
19.3999995664 16.0799996406 3.3240542321965254 
15.1399996616 14.7999996692 0.5603590890922959 
15.1399996616 14.7999996692 0.5604209468483543 
15.1399996616 14.7999996692 0.5604062005874711 
15.1399996616 14.7999996692 0.5604518438252654 
15.1399996616 14.7999996692 0.5604517752132252 
15.1399996616 14.7999996692 0.5604051828271789 
15.1399996616 14.7999996692 0.5604415550111997 
18.299999591 15.0599996634 0.6094056261628156 
15.65999965 17.5999996066 4.624015651705428 
15.65999965 17.5999996066 4.624012451850617 
15.65999965 17.5999996066 4.623979102248373 
15.65999965 17.5999996066 4.624069813608782 
15.65999965 17.5999996066 4.623957310139214 
15.65999965 17.5999996066 4.624018376588677 
11.139999751 14.7799996696 3.0511154373927742 
13.3599997014 15.2199996598 5.89668023834199 
13.3599997014 15.2199996598 5.896670424599744 
13.3599997014 15.2199996598 5.896642155487883 
13.3599997014 15.2199996598 5.896604762270016 
13.3599997014 15.2199996598 5.896658794526537 
13.3599997014 15.2199996598 5.896632434519033 
13.3599997014 15.2199996598 5.896603129900694 
13.3599997014 15.2199996598 5.896580478269812 
13.3599997014 15.2199996598 5.896576306049433 
14.7999996692 15.2199996598 4.217855322995595 
14.7999996692 15.2199996598 4.217770300443923 
14.7999996692 15.2199996598 4.21780961026759 
15.8599996455 12.1599997282 6.266008008150214 
15.8599996455 12.1599997282 6.266018193997162 
15.8599996455 12.1599997282 6.2659708024102985 
14.5599996746 13.4199997 4.616861420792399 
14.5599996746 13.4199997 4.6167411220195245 
16.9199996218 13.599999696 3.5764897491896277 
16.9199996218 13.599999696 3.5765108969529784 
18.3999995887 13.0399997085 0.34631538429782405 
18.3999995887 13.0399997085 0.346239688885663 
18.3999995887 13.0399997085 0.3462784767026231 
18.3999995887 13.0399997085 0.34620293815280934 
13.7999996915 12.8199997135 1.9599925910715466 
15.8199996464 16.1199996397 2.587820443342268 
16.2199996375 15.1399996616 5.304190477420117 
19.4399995655 15.1799996607 1.817255048357231 
19.4399995655 15.1799996607 1.8173223051963356 
19.4399995655 15.1799996607 1.8172851780686379 
19.4399995655 15.1799996607 1.8173242194863604 
19.7999995574 14.2999996804 5.557326664349234 
14.5999996737 14.5199996755 5.852472701519667 
18.4199995883 12.7599997148 0.509169601319887 
18.4199995883 12.7599997148 0.5092940597118398 
18.4199995883 12.7599997148 0.5092756596042302 
18.4199995883 12.7599997148 0.5092419962691224 
18.4199995883 12.7599997148 0.5092648730806363 
18.4999995865 12.2399997264 5.0307734499774215 
16.0199996419 13.2799997032 6.091393549806727 
14.539999675 15.5599996522 4.542367414322285 
18.3399995901 13.7199996933 3.780391738123654 
18.3399995901 13.7199996933 3.780502235102322 
18.4199995883 16.2199996375 1.9455437718889725 
18.4199995883 16.2199996375 1.9455994283137368 
14.2599996813 12.4399997219 5.954088765463244 
14.2599996813 12.4399997219 5.954123554699066 
14.2599996813 12.4399997219 5.954113800240426 
14.2599996813 12.4399997219 5.954086479564971 
14.2599996813 12.4399997219 5.954123112588728 
14.2599996813 12.4399997219 5.954139327187902 
17.9199995995 12.4799997211 5.155575340538912 
14.1199996844 15.5399996527 4.099785818732617 
14.1199996844 15.5399996527 4.099814962621497 
14.1199996844 15.5399996527 4.099797228943195 
14.1199996844 15.5399996527 4.099808846293766 
14.1199996844 15.5399996527 4.099769405005834 
16.4799996316 17.8999995999 2.338629360000382 
16.4799996316 17.8999995999 2.338604143146665 
19.2199995704 14.6999996714 1.229643975033 
19.2199995704 14.6999996714 1.2295055919124849 
15.1599996611 15.2199996598 3.7619244476953533 
15.1599996611 15.2199996598 3.761999870859786 
17.7399996035 16.4599996321 3.035786813576204 
17.7399996035 16.4599996321 3.035731848630883 
17.7399996035 16.4599996321 3.0357937452012984 
17.7399996035 16.4599996321 3.0358176487470874 
17.7399996035 16.4599996321 3.035845989338428 
12.0199997313 14.4399996772 0.29378999915527665 
20.2599995472 17.2599996142 3.3942276104997973 
20.2599995472 17.2599996142 3.3942944968372983 
20.2599995472 17.2599996142 3.394294384285166 
20.2599995472 17.2599996142 3.3942802510503753 
20.2599995472 17.2599996142 3.3942180624983576 
20.2599995472 17.2599996142 3.394368035439692 
20.2599995472 17.2599996142 3.394345785461753 
20.2599995472 17.2599996142 3.394302817207553 
20.2599995472 17.2599996142 3.3942725914525242 
20.2599995472 17.2599996142 3.3942642595376724 
17.8399996012 17.6999996044 1.8848275253933366 
19.4999995641 15.5599996522 1.435984060963656 
19.4999995641 15.5599996522 1.4359204311264682 
19.4999995641 15.5599996522 1.43593029496197 
15.9599996433 12.9999997094 3.173756315992131 
14.1399996839 13.6999996938 4.533954509648715 
14.1399996839 13.6999996938 4.533891629882031 
14.1399996839 13.6999996938 4.533838994986344 
14.1399996839 13.6999996938 4.533914631827708 
14.899999667 12.259999726 6.240759889348792 
14.899999667 12.259999726 6.240770494848268 
14.899999667 12.259999726 6.240747990492603 
15.2199996598 12.259999726 5.830484382921363 
15.2199996598 12.259999726 5.830390305524254 
15.2199996598 12.259999726 5.830354840094042 
15.2199996598 12.259999726 5.830439874758834 
15.2199996598 12.259999726 5.830451708851214 
15.2199996598 12.259999726 5.8303764725554865 
15.2199996598 12.259999726 5.830406685608598 
15.2199996598 12.259999726 5.830427041326168 
15.2199996598 12.259999726 5.830409593048438 
19.0999995731 15.65999965 1.0866710845895375 
17.2199996151 13.2199997045 2.0834938701463663 
17.2199996151 13.2199997045 2.0834245393268085 
17.2199996151 13.2199997045 2.083473517907694 
17.2199996151 13.2199997045 2.0834790707435977 
17.2199996151 13.2199997045 2.0835271278967396 
17.2199996151 13.2199997045 2.0834266010342906 
17.2199996151 13.2199997045 2.083403337275762 
12.5799997188 13.5199996978 5.889732839370067 
12.5799997188 13.5199996978 5.889738796906021 
12.5799997188 13.5199996978 5.889669915739268 
12.5799997188 13.5199996978 5.889599743398083 
12.5799997188 13.5199996978 5.889712607115105 
12.5799997188 13.5199996978 5.889686081017455 
12.5799997188 13.5199996978 5.889663735258485 
12.5799997188 13.5199996978 5.889694833717754 
12.5799997188 13.5199996978 5.889678701544001 
18.8399995789 14.0399996862 1.5867319584993627 
18.8399995789 14.0399996862 1.5866727608386668 
18.8399995789 14.0399996862 1.586667124573474 
18.4999995865 16.0199996419 2.661643731514905 
18.4999995865 16.0199996419 2.6615387525270955 
18.4999995865 16.0199996419 2.661642081465867 
16.9599996209 14.9799996652 0.43456277253464737 
17.6799996048 12.4999997206 4.480849829803773 
13.5799996965 12.7999997139 5.763440963556173 
15.2399996594 17.759999603 4.740421877568504 
15.2399996594 17.759999603 4.7404253251297925 
15.2399996594 17.759999603 4.7404384556206285 
15.2399996594 17.759999603 4.740446582916737 
15.2399996594 17.759999603 4.740332534159595 
15.2399996594 17.759999603 4.740414281990091 
15.2399996594 17.759999603 4.740449920069256 
15.2399996594 17.759999603 4.740439304982361 
15.2399996594 17.759999603 4.740386026241649 
13.6199996956 16.2199996375 4.66529764372753 
13.6199996956 16.2199996375 4.665256156910379 
13.6199996956 16.2199996375 4.6651767250530085 
13.6199996956 16.2199996375 4.665237765305945 
13.6199996956 16.2199996375 4.665153249775269 
13.6199996956 16.2199996375 4.665139704916556 
13.6199996956 16.2199996375 4.665192072651691 
13.6199996956 16.2199996375 4.665234162956558 
13.6199996956 16.2199996375 4.665234450639258 
13.6199996956 16.2199996375 4.665144890219528 
16.9799996205 13.4999996983 2.7672532846032354 
16.9799996205 13.4999996983 2.7672998544620686 
16.9799996205 13.4999996983 2.7672595453457998 
16.9799996205 13.4999996983 2.7672621854904915 
16.9799996205 13.4999996983 2.767336568374323 
16.9799996205 13.4999996983 2.767294512849132 
16.9799996205 13.4999996983 2.767237931734094 
16.9799996205 13.4999996983 2.76739233442666 
17.2399996147 12.3599997237 1.294341419714199 
14.2599996813 15.8599996455 4.510044368660684 
18.3399995901 14.539999675 0.8060782874451041 
18.3399995901 14.539999675 0.8060812729048764 
15.0999996625 15.0399996638 3.8826385613319117 
15.0999996625 15.0399996638 3.88259874498444 
19.6999995597 14.2599996813 0.7270175807098924 
19.6999995597 14.2599996813 0.7270386713567294 
19.6999995597 14.2599996813 0.7270801092601438 
19.6999995597 14.2599996813 0.7269732967370048 
19.6999995597 14.2599996813 0.7270382844152168 
19.6999995597 14.2599996813 0.7270949714906256 
19.6999995597 14.2599996813 0.7269934093867789 
19.6999995597 14.2599996813 0.7271339411943314 
13.959999688 16.2599996366 2.7221487247568534 
20.4999995418 17.0599996187 2.8708927421435138 
20.4999995418 17.0599996187 2.8708743086019926 
20.4999995418 17.0599996187 2.8708335113718104 
20.4999995418 17.0599996187 2.8708858984479826 
20.4999995418 17.0599996187 2.870852991648281 
20.4999995418 17.0599996187 2.87088023327753 
20.4999995418 17.0599996187 2.870797999068183 
20.4999995418 17.0599996187 2.8709333564146546 
20.4999995418 17.0599996187 2.8708124861084237 
20.4999995418 17.0599996187 2.8708315582131942 
14.1799996831 13.5199996978 4.189493187895325 
18.4999995865 17.0599996187 2.2279322979180654 
18.4999995865 17.0599996187 2.227934354175602 
16.4999996312 16.6599996276 2.7706064700531834 
16.4999996312 16.6599996276 2.770561383755139 
16.4999996312 16.6599996276 2.7705782145194644 
16.4999996312 16.6599996276 2.7706310762912487 
19.3999995664 16.0799996406 3.324090033647791 
15.1399996616 14.7999996692 0.5603824358773135 
15.1399996616 14.7999996692 0.5604123791491259 
15.1399996616 14.7999996692 0.5603769372055367 
15.1399996616 14.7999996692 0.5604368738851467 
15.1399996616 14.7999996692 0.5604346588866193 
15.1399996616 14.7999996692 0.5603888877407857 
15.1399996616 14.7999996692 0.5604576358256012 
18.299999591 15.0599996634 0.6093921110629696 
15.65999965 17.5999996066 4.6239733967033025 
15.65999965 17.5999996066 4.62402594199571 
15.65999965 17.5999996066 4.62395778989141 
15.65999965 17.5999996066 4.623985078267373 
15.65999965 17.5999996066 4.623964382081649 
15.65999965 17.5999996066 4.624037409132982 
11.139999751 14.7799996696 3.05112922151699 
13.3599997014 15.2199996598 5.896722679208165 
13.3599997014 15.2199996598 5.896673404161698 
13.3599997014 15.2199996598 5.896642966134738 
13.3599997014 15.2199996598 5.896622573440491 
13.3599997014 15.2199996598 5.896676975028572 
13.3599997014 15.2199996598 5.896611152870664 
13.3599997014 15.2199996598 5.896627534201481 
13.3599997014 15.2199996598 5.89660215720081 
13.3599997014 15.2199996598 5.896538814718978 
14.7999996692 15.2199996598 4.217881605255692 
14.7999996692 15.2199996598 4.217773491856955 
14.7999996692 15.2199996598 4.21776370835876 
15.8599996455 12.1599997282 6.265980074449513 
15.8599996455 12.1599997282 6.26604673747478 
15.8599996455 12.1599997282 6.266009025450258 
14.5599996746 13.4199997 4.616859529146934 
14.5599996746 13.4199997 4.616768081322458 
16.9199996218 13.599999696 3.576491856927197 
16.9199996218 13.599999696 3.5765489112449367 
18.3999995887 13.0399997085 0.34629836413142506 
18.3999995887 13.0399997085 0.3462306772787749 
18.3999995887 13.0399997085 0.3462573022786259 
18.3999995887 13.0399997085 0.3462361387162497 
13.7999996915 12.8199997135 1.9599699535167554 
15.8199996464 16.1199996397 2.5878384399133583 
16.2199996375 15.1399996616 5.304178391761532 
19.4399995655 15.1799996607 1.8172371607362996 
19.4399995655 15.1799996607 1.8173616575293892 
19.4399995655 15.1799996607 1.8172960651872332 
19.4399995655 15.1799996607 1.8173713374751432 
19.7999995574 14.2999996804 5.557340412817041 
14.5999996737 14.5199996755 5.85246639771126 
18.4199995883 12.7599997148 0.5091517307656327 
18.4199995883 12.7599997148 0.5093003491998793 
18.4199995883 12.7599997148 0.5092523964385619 
18.4199995883 12.7599997148 0.5092511371018354 
18.4199995883 12.7599997148 0.5092608763644088 
18.4999995865 12.2399997264 5.03077756448373 
16.0199996419 13.2799997032 6.091403692536055 
14.539999675 15.5599996522 4.5423430201838455 
18.3399995901 13.7199996933 3.780403519198271 
18.3399995901 13.7199996933 3.7805242308731546 
18.4199995883 16.2199996375 1.9455366807011216 
18.4199995883 16.2199996375 1.9456321419468343 
14.2599996813 12.4399997219 5.954053946905508 
14.2599996813 12.4399997219 5.954138311137641 
14.2599996813 12.4399997219 5.954087376925739 
14.2599996813 12.4399997219 5.9541118113868 
14.2599996813 12.4399997219 5.954087557157395 
14.2599996813 12.4399997219 5.954171340980053 
17.9199995995 12.4799997211 5.155546309757982 
14.1199996844 15.5399996527 4.099813615046896 
14.1199996844 15.5399996527 4.0998449336944 
14.1199996844 15.5399996527 4.099778288755668 
14.1199996844 15.5399996527 4.099799170388005 
14.1199996844 15.5399996527 4.099788012399605 
16.4799996316 17.8999995999 2.3386592893976696 
16.4799996316 17.8999995999 2.3386194092449086 
19.2199995704 14.6999996714 1.2296407195554837 
19.2199995704 14.6999996714 1.2294707744878677 
15.1599996611 15.2199996598 3.7619234105290476 
15.1599996611 15.2199996598 3.7619977142740675 
17.7399996035 16.4599996321 3.0357447404866584 
17.7399996035 16.4599996321 3.035706736180796 
17.7399996035 16.4599996321 3.0357795243378076 
17.7399996035 16.4599996321 3.0357799992330614 
17.7399996035 16.4599996321 3.0358504338285943 
12.0199997313 14.4399996772 0.29375946206970827 
20.2599995472 17.2599996142 3.394208240924116 
20.2599995472 17.2599996142 3.394294571023993 
20.2599995472 17.2599996142 3.394263515874636 
20.2599995472 17.2599996142 3.3942883124461685 
20.2599995472 17.2599996142 3.394260681342628 
20.2599995472 17.2599996142 3.3943920188661276 
20.2599995472 17.2599996142 3.394331033751648 
20.2599995472 17.2599996142 3.3943260373053654 
20.2599995472 17.2599996142 3.3942600637418887 
20.2599995472 17.2599996142 3.394255958374363 
17.8399996012 17.6999996044 1.8848233526523626 
19.4999995641 15.5599996522 1.43598230282466 
19.4999995641 15.5599996522 1.4359035601790988 
19.4999995641 15.5599996522 1.4359335917033564 
15.9599996433 12.9999997094 3.173736182694884 
14.1399996839 13.6999996938 4.533994282778821 
14.1399996839 13.6999996938 4.533891903606242 
14.1399996839 13.6999996938 4.533811950128305 
14.1399996839 13.6999996938 4.533903789605927 
14.899999667 12.259999726 6.240744747293179 
14.899999667 12.259999726 6.2407308591831026 
14.899999667 12.259999726 6.240721096791487 
15.2199996598 12.259999726 5.830532947378125 
15.2199996598 12.259999726 5.830380689458923 
15.2199996598 12.259999726 5.830342455677492 
15.2199996598 12.259999726 5.830391693654698 
15.2199996598 12.259999726 5.830460524697637 
15.2199996598 12.259999726 5.830367367224176 
15.2199996598 12.259999726 5.830386689691996 
15.2199996598 12.259999726 5.830404359719338 
15.2199996598 12.259999726 5.830464853140722 
19.0999995731 15.65999965 1.086659716346782 
17.2199996151 13.2199997045 2.0834575005807614 
17.2199996151 13.2199997045 2.0834167959651313 
17.2199996151 13.2199997045 2.0834819387005727 
17.2199996151 13.2199997045 2.0834624555513797 
17.2199996151 13.2199997045 2.0834898486954705 
17.2199996151 13.2199997045 2.083432872758569 
17.2199996151 13.2199997045 2.0833845924980814 
12.5799997188 13.5199996978 5.889743276827693 
12.5799997188 13.5199996978 5.889714174088883 
12.5799997188 13.5199996978 5.889643589559624 
12.5799997188 13.5199996978 5.889602440172723 
12.5799997188 13.5199996978 5.889721236622015 
12.5799997188 13.5199996978 5.889714745337218 
12.5799997188 13.5199996978 5.889660966727282 
12.5799997188 13.5199996978 5.889717483913444 
12.5799997188 13.5199996978 5.889714096207951 
18.8399995789 14.0399996862 1.5867181705556699 
18.8399995789 14.0399996862 1.586688659424709 
18.8399995789 14.0399996862 1.5866605361306316 
18.4999995865 16.0199996419 2.6615989174987087 
18.4999995865 16.0199996419 2.6615021443424 
18.4999995865 16.0199996419 2.6616198453936577 
16.9599996209 14.9799996652 0.434536532941528 
17.6799996048 12.4999997206 4.480812925845863 
13.5799996965 12.7999997139 5.7634465183965755 
15.2399996594 17.759999603 4.740467747811401 
15.2399996594 17.759999603 4.740457377154873 
15.2399996594 17.759999603 4.74044067689604 
15.2399996594 17.759999603 4.740449503135878 
15.2399996594 17.759999603 4.740356671894927 
15.2399996594 17.759999603 4.740400577148656 
15.2399996594 17.759999603 4.740437649917744 
15.2399996594 17.759999603 4.740458115521562 
15.2399996594 17.759999603 4.740389176586665 
13.6199996956 16.2199996375 4.665313667787247 
13.6199996956 16.2199996375 4.665223077870151 
13.6199996956 16.2199996375 4.665183297347297 
13.6199996956 16.2199996375 4.665242732817865 
13.6199996956 16.2199996375 4.665149982994979 
13.6199996956 16.2199996375 4.665122951475056 
13.6199996956 16.2199996375 4.665174894436037 
13.6199996956 16.2199996375 4.665180653298464 
13.6199996956 16.2199996375 4.665244237292582 
13.6199996956 16.2199996375 4.665111550217416 
16.9799996205 13.4999996983 2.767230992994114 
16.9799996205 13.4999996983 2.7672841010502665 
16.9799996205 13.4999996983 2.767291838169048 
16.9799996205 13.4999996983 2.7672393591281015 
16.9799996205 13.4999996983 2.7673293069340796 
16.9799996205 13.4999996983 2.7673017774262942 
16.9799996205 13.4999996983 2.7672374767456627 
16.9799996205 13.4999996983 2.767368649633079 
17.2399996147 12.3599997237 1.2943354370178817 
14.2599996813 15.8599996455 4.509989793479698 
18.3399995901 14.539999675 0.8060713996506191 
18.3399995901 14.539999675 0.8060735854377112 
15.0999996625 15.0399996638 3.88267467538391 
15.0999996625 15.0399996638 3.8825304933579985 
19.6999995597 14.2599996813 0.7270778707485809 
19.6999995597 14.2599996813 0.7270185912562369 
19.6999995597 14.2599996813 0.7270599788542039 
19.6999995597 14.2599996813 0.7269320897136194 
19.6999995597 14.2599996813 0.7270145668189866 
19.6999995597 14.2599996813 0.7270859062473033 
19.6999995597 14.2599996813 0.726981729907065 
19.6999995597 14.2599996813 0.7271033361272773 
13.959999688 16.2599996366 2.7221296682005787 
20.4999995418 17.0599996187 2.8708472842192667 
20.4999995418 17.0599996187 2.8709101499539065 
20.4999995418 17.0599996187 2.870813058330899 
20.4999995418 17.0599996187 2.87086456717445 
20.4999995418 17.0599996187 2.870880341653074 
20.4999995418 17.0599996187 2.870907077725772 
20.4999995418 17.0599996187 2.8707812841338862 
20.4999995418 17.0599996187 2.870916611767825 
20.4999995418 17.0599996187 2.8707702669694948 
20.4999995418 17.0599996187 2.870842199065957 
14.1799996831 13.5199996978 4.189508812454549 
18.4999995865 17.0599996187 2.2279449460942047 
18.4999995865 17.0599996187 2.2279508020019083 
16.4999996312 16.6599996276 2.770638501839845 
16.4999996312 16.6599996276 2.770537754986867 
16.4999996312 16.6599996276 2.7706307800290912 
16.4999996312 16.6599996276 2.7706104371982514 
19.3999995664 16.0799996406 3.3240996447984874 
15.1399996616 14.7999996692 0.5603629063919733 
15.1399996616 14.7999996692 0.5603985394684864 
15.1399996616 14.7999996692 0.560372593402692 
15.1399996616 14.7999996692 0.5604283299462373 
15.1399996616 14.7999996692 0.5604215836783876 
15.1399996616 14.7999996692 0.5603994447082499 
15.1399996616 14.7999996692 0.5604465233787936 
18.299999591 15.0599996634 0.6094132861839362 
15.65999965 17.5999996066 4.623956510847627 
15.65999965 17.5999996066 4.624016024000884 
15.65999965 17.5999996066 4.623940026430332 
15.65999965 17.5999996066 4.623972881961163 
15.65999965 17.5999996066 4.623927383394291 
15.65999965 17.5999996066 4.624033602432742 
