(15.939999643713236, 16.399999633431435, 3.9410002172209975)
(18.27999959141016, 13.959999687969685, 6.178428342588027)
(18.27999959141016, 13.959999687969685, 6.178428342588027)
(18.27999959141016, 13.959999687969685, 6.178428342588027)
(18.27999959141016, 13.959999687969685, 6.178428342588027)
(17.419999610632658, 12.399999722838402, 5.481328333709303)
(17.419999610632658, 12.399999722838402, 5.481328333709303)
(16.4199996329844, 17.77999960258603, 2.7089089476487205)
(12.719999715685844, 12.659999717026949, 0.2284000054791376)
(12.719999715685844, 12.659999717026949, 0.2284000054791376)
(12.719999715685844, 12.659999717026949, 0.2284000054791376)
(12.719999715685844, 12.659999717026949, 0.2284000054791376)
(17.03999961912632, 17.959999598562717, 4.3211774244054295)
(13.239999704062939, 16.439999632537365, 5.607624300843983)
(17.53999960795045, 15.619999650865793, 5.892328691698938)
(17.53999960795045, 15.619999650865793, 5.892328691698938)
(17.53999960795045, 15.619999650865793, 5.892328691698938)
(16.819999624043703, 17.23999961465597, 2.4354904110706506)
(18.379999589174986, 12.19999972730875, 1.545722479543156)
(18.379999589174986, 12.19999972730875, 1.545722479543156)
(10.819999758154154, 14.379999678581953, 5.283928839205722)
(17.059999618679285, 15.679999649524689, 0.657610302259456)
(18.23999959230423, 17.19999961555004, 3.051803379532507)
(18.23999959230423, 17.19999961555004, 3.051803379532507)
(18.23999959230423, 17.19999961555004, 3.051803379532507)
(18.23999959230423, 17.19999961555004, 3.051803379532507)
(18.23999959230423, 17.19999961555004, 3.051803379532507)
(18.23999959230423, 17.19999961555004, 3.051803379532507)
(18.23999959230423, 17.19999961555004, 3.051803379532507)
(17.479999609291553, 18.1999995931983, 2.5169545719428816)
(17.479999609291553, 18.1999995931983, 2.5169545719428816)
(17.479999609291553, 18.1999995931983, 2.5169545719428816)
(17.479999609291553, 18.1999995931983, 2.5169545719428816)
(12.439999721944332, 14.6399996727705, 5.485493130592272)
(12.439999721944332, 14.6399996727705, 5.485493130592272)
(12.439999721944332, 14.6399996727705, 5.485493130592272)
(12.439999721944332, 14.6399996727705, 5.485493130592272)
(12.439999721944332, 14.6399996727705, 5.485493130592272)
(12.439999721944332, 14.6399996727705, 5.485493130592272)
(18.259999591857195, 11.779999736696482, 0.662904483180398)
(18.259999591857195, 11.779999736696482, 0.662904483180398)
(18.259999591857195, 11.779999736696482, 0.662904483180398)
(18.259999591857195, 11.779999736696482, 0.662904483180398)
(18.259999591857195, 11.779999736696482, 0.662904483180398)
(18.259999591857195, 11.779999736696482, 0.662904483180398)
(18.259999591857195, 11.779999736696482, 0.662904483180398)
(18.259999591857195, 11.779999736696482, 0.662904483180398)
(18.579999584704638, 16.37999963387847, 2.618926033146431)
(18.579999584704638, 16.37999963387847, 2.618926033146431)
(18.579999584704638, 16.37999963387847, 2.618926033146431)
(15.939999643713236, 16.399999633431435, 3.9409974030136885)
(18.27999959141016, 13.959999687969685, 6.17845137303194)
(18.27999959141016, 13.959999687969685, 6.1784471145109015)
(18.27999959141016, 13.959999687969685, 6.1784329747259115)
(18.27999959141016, 13.959999687969685, 6.178408235727771)
(17.419999610632658, 12.399999722838402, 5.481341733034332)
(17.419999610632658, 12.399999722838402, 5.481353734686921)
(16.4199996329844, 17.77999960258603, 2.708890181860149)
(12.719999715685844, 12.659999717026949, 0.22836904290666524)
(12.719999715685844, 12.659999717026949, 0.22842476219094304)
(12.719999715685844, 12.659999717026949, 0.2283726532593392)
(12.719999715685844, 12.659999717026949, 0.2284086627127239)
(17.03999961912632, 17.959999598562717, 4.321161945086048)
(13.239999704062939, 16.439999632537365, 5.607638129819811)
(17.53999960795045, 15.619999650865793, 5.89235155921303)
(17.53999960795045, 15.619999650865793, 5.892357147611128)
(17.53999960795045, 15.619999650865793, 5.892305145724169)
(16.819999624043703, 17.23999961465597, 2.4354968322657315)
(18.379999589174986, 12.19999972730875, 1.5457601739160014)
(18.379999589174986, 12.19999972730875, 1.5457208029652676)
(10.819999758154154, 14.379999678581953, 5.283937709967715)
(17.059999618679285, 15.679999649524689, 0.6576020108944307)
(18.23999959230423, 17.19999961555004, 3.051813053661519)
(18.23999959230423, 17.19999961555004, 3.051798660011751)
(18.23999959230423, 17.19999961555004, 3.051825862301709)
(18.23999959230423, 17.19999961555004, 3.051799156197051)
(18.23999959230423, 17.19999961555004, 3.051809753576015)
(18.23999959230423, 17.19999961555004, 3.0518219276371568)
(18.23999959230423, 17.19999961555004, 3.051792553864977)
(17.479999609291553, 18.1999995931983, 2.516959923827718)
(17.479999609291553, 18.1999995931983, 2.516974858378353)
(17.479999609291553, 18.1999995931983, 2.5169223904243387)
(17.479999609291553, 18.1999995931983, 2.516922433006325)
(12.439999721944332, 14.6399996727705, 5.485534909147004)
(12.439999721944332, 14.6399996727705, 5.485469486092152)
(12.439999721944332, 14.6399996727705, 5.485472666596884)
(12.439999721944332, 14.6399996727705, 5.4855269543656044)
(12.439999721944332, 14.6399996727705, 5.485502291174879)
(12.439999721944332, 14.6399996727705, 5.4855275113794955)
(18.259999591857195, 11.779999736696482, 0.662930322181553)
(18.259999591857195, 11.779999736696482, 0.6629064453369463)
(18.259999591857195, 11.779999736696482, 0.6629415961691854)
(18.259999591857195, 11.779999736696482, 0.6628813492823239)
(18.259999591857195, 11.779999736696482, 0.6628677548231748)
(18.259999591857195, 11.779999736696482, 0.6629230655626468)
(18.259999591857195, 11.779999736696482, 0.6628842963240509)
(18.259999591857195, 11.779999736696482, 0.6629164015318665)
(18.579999584704638, 16.37999963387847, 2.6188845618104004)
(18.579999584704638, 16.37999963387847, 2.618907188296789)
(18.579999584704638, 16.37999963387847, 2.6188892698223643)
(15.939999643713236, 16.399999633431435, 3.9409954359059287)
(18.27999959141016, 13.959999687969685, 6.178484045242029)
(18.27999959141016, 13.959999687969685, 6.178458575270737)
(18.27999959141016, 13.959999687969685, 6.178427206092609)
(18.27999959141016, 13.959999687969685, 6.178438447065073)
(17.419999610632658, 12.399999722838402, 5.481293856544975)
(17.419999610632658, 12.399999722838402, 5.481387107807681)
(16.4199996329844, 17.77999960258603, 2.7088773325312765)
(12.719999715685844, 12.659999717026949, 0.2283467991091661)
(12.719999715685844, 12.659999717026949, 0.22839354910229706)
(12.719999715685844, 12.659999717026949, 0.22838805486269786)
(12.719999715685844, 12.659999717026949, 0.2283792045221477)
(17.03999961912632, 17.959999598562717, 4.321158394290012)
(13.239999704062939, 16.439999632537365, 5.607633647455171)
(17.53999960795045, 15.619999650865793, 5.892380023382405)
(17.53999960795045, 15.619999650865793, 5.892347487813049)
(17.53999960795045, 15.619999650865793, 5.892287269452253)
(16.819999624043703, 17.23999961465597, 2.4354544630897617)
(18.379999589174986, 12.19999972730875, 1.545768611053235)
(18.379999589174986, 12.19999972730875, 1.5457266311718905)
(10.819999758154154, 14.379999678581953, 5.28391910132651)
(17.059999618679285, 15.679999649524689, 0.657578571108772)
(18.23999959230423, 17.19999961555004, 3.0518050591508024)
(18.23999959230423, 17.19999961555004, 3.051800198509503)
(18.23999959230423, 17.19999961555004, 3.0518345743911297)
(18.23999959230423, 17.19999961555004, 3.051861996588806)
(18.23999959230423, 17.19999961555004, 3.051800814047011)
(18.23999959230423, 17.19999961555004, 3.0517951872652156)
(18.23999959230423, 17.19999961555004, 3.0517963359481066)
(17.479999609291553, 18.1999995931983, 2.516977839470021)
(17.479999609291553, 18.1999995931983, 2.5169659312220483)
(17.479999609291553, 18.1999995931983, 2.5169097269085303)
(17.479999609291553, 18.1999995931983, 2.5169245833723224)
(12.439999721944332, 14.6399996727705, 5.485564701060326)
(12.439999721944332, 14.6399996727705, 5.4854679562581685)
(12.439999721944332, 14.6399996727705, 5.485468421571557)
(12.439999721944332, 14.6399996727705, 5.48551045120085)
(12.439999721944332, 14.6399996727705, 5.485524980371541)
(12.439999721944332, 14.6399996727705, 5.4855391677963485)
(18.259999591857195, 11.779999736696482, 0.6628857982776301)
(18.259999591857195, 11.779999736696482, 0.6628947542934417)
(18.259999591857195, 11.779999736696482, 0.6629756982452256)
(18.259999591857195, 11.779999736696482, 0.6629232730241977)
(18.259999591857195, 11.779999736696482, 0.6628753590579186)
(18.259999591857195, 11.779999736696482, 0.6629524532785567)
(18.259999591857195, 11.779999736696482, 0.6628244077808739)
(18.259999591857195, 11.779999736696482, 0.6629289354150123)
(18.579999584704638, 16.37999963387847, 2.618924097454426)
(18.579999584704638, 16.37999963387847, 2.6189129953411383)
(18.579999584704638, 16.37999963387847, 2.618876151792681)
(15.939999643713236, 16.399999633431435, 3.9409464503884553)
(18.27999959141016, 13.959999687969685, 6.178503867931134)
(18.27999959141016, 13.959999687969685, 6.178462732855567)
(18.27999959141016, 13.959999687969685, 6.178428714691451)
(18.27999959141016, 13.959999687969685, 6.178457615186775)
(17.419999610632658, 12.399999722838402, 5.481293282575321)
(17.419999610632658, 12.399999722838402, 5.481384541976053)
(16.4199996329844, 17.77999960258603, 2.708871594510887)
(12.719999715685844, 12.659999717026949, 0.22832491105502886)
(12.719999715685844, 12.659999717026949, 0.22836275892729865)
(12.719999715685844, 12.659999717026949, 0.2283776673533634)
(12.719999715685844, 12.659999717026949, 0.22836479925848757)
(17.03999961912632, 17.959999598562717, 4.321198805657247)
(13.239999704062939, 16.439999632537365, 5.607653095937004)
(17.53999960795045, 15.619999650865793, 5.892411990489322)
(17.53999960795045, 15.619999650865793, 5.892344827956965)
(17.53999960795045, 15.619999650865793, 5.892286288979209)
(16.819999624043703, 17.23999961465597, 2.435429544786255)
(18.379999589174986, 12.19999972730875, 1.5457748878887012)
(18.379999589174986, 12.19999972730875, 1.5457005364694911)
(10.819999758154154, 14.379999678581953, 5.283879113254166)
(17.059999618679285, 15.679999649524689, 0.6576033232009569)
(18.23999959230423, 17.19999961555004, 3.051798251910252)
(18.23999959230423, 17.19999961555004, 3.051798686373869)
(18.23999959230423, 17.19999961555004, 3.0518653017659765)
(18.23999959230423, 17.19999961555004, 3.051867049836165)
(18.23999959230423, 17.19999961555004, 3.0517838294078516)
(18.23999959230423, 17.19999961555004, 3.051775636497674)
(18.23999959230423, 17.19999961555004, 3.0518034216308263)
(17.479999609291553, 18.1999995931983, 2.51696251623279)
(17.479999609291553, 18.1999995931983, 2.5169904053158696)
(17.479999609291553, 18.1999995931983, 2.516929471089932)
(17.479999609291553, 18.1999995931983, 2.516938706930448)
(12.439999721944332, 14.6399996727705, 5.485548836364635)
(12.439999721944332, 14.6399996727705, 5.485473202067192)
(12.439999721944332, 14.6399996727705, 5.485466743939834)
(12.439999721944332, 14.6399996727705, 5.485498968889986)
(12.439999721944332, 14.6399996727705, 5.485512258539854)
(12.439999721944332, 14.6399996727705, 5.485480176170825)
(18.259999591857195, 11.779999736696482, 0.6629245216258258)
(18.259999591857195, 11.779999736696482, 0.6628835590192836)
(18.259999591857195, 11.779999736696482, 0.6629464689060361)
(18.259999591857195, 11.779999736696482, 0.6629215305351005)
(18.259999591857195, 11.779999736696482, 0.6628601019607225)
(18.259999591857195, 11.779999736696482, 0.662935087719625)
(18.259999591857195, 11.779999736696482, 0.6627832040539051)
(18.259999591857195, 11.779999736696482, 0.6629791437637815)
(18.579999584704638, 16.37999963387847, 2.618930661150768)
(18.579999584704638, 16.37999963387847, 2.618914397803435)
(18.579999584704638, 16.37999963387847, 2.6188546052241133)
(15.939999643713236, 16.399999633431435, 3.940906273134927)
(18.27999959141016, 13.959999687969685, 6.178506808794531)
(18.27999959141016, 13.959999687969685, 6.178465556248392)
(18.27999959141016, 13.959999687969685, 6.178455328127056)
(18.27999959141016, 13.959999687969685, 6.178477048791602)
(17.419999610632658, 12.399999722838402, 5.48129177923071)
(17.419999610632658, 12.399999722838402, 5.48136695561085)
(16.4199996329844, 17.77999960258603, 2.7088778589917415)
(12.719999715685844, 12.659999717026949, 0.22834370994671033)
(12.719999715685844, 12.659999717026949, 0.22837023249926697)
(12.719999715685844, 12.659999717026949, 0.2283607101298394)
(12.719999715685844, 12.659999717026949, 0.2283287831958401)
(17.03999961912632, 17.959999598562717, 4.321178383549403)
(13.239999704062939, 16.439999632537365, 5.6076503942133105)
(17.53999960795045, 15.619999650865793, 5.892406807662735)
(17.53999960795045, 15.619999650865793, 5.8923535196224766)
(17.53999960795045, 15.619999650865793, 5.8922504682161305)
(16.819999624043703, 17.23999961465597, 2.4353899525881935)
(18.379999589174986, 12.19999972730875, 1.5457629052838442)
(18.379999589174986, 12.19999972730875, 1.5456760158910572)
(10.819999758154154, 14.379999678581953, 5.2839317649775825)
(17.059999618679285, 15.679999649524689, 0.657555096041368)
(18.23999959230423, 17.19999961555004, 3.051817387304824)
(18.23999959230423, 17.19999961555004, 3.0517771367050885)
(18.23999959230423, 17.19999961555004, 3.0518677051454484)
(18.23999959230423, 17.19999961555004, 3.0518576198013485)
(18.23999959230423, 17.19999961555004, 3.0517545747529646)
(18.23999959230423, 17.19999961555004, 3.0517988592787106)
(18.23999959230423, 17.19999961555004, 3.0517950937222333)
(17.479999609291553, 18.1999995931983, 2.516965908786297)
(17.479999609291553, 18.1999995931983, 2.5169862120791153)
(17.479999609291553, 18.1999995931983, 2.5169399447066363)
(17.479999609291553, 18.1999995931983, 2.5169340964325153)
(12.439999721944332, 14.6399996727705, 5.4855841568832355)
(12.439999721944332, 14.6399996727705, 5.485455973600383)
(12.439999721944332, 14.6399996727705, 5.485482790609372)
(12.439999721944332, 14.6399996727705, 5.48551185099719)
(12.439999721944332, 14.6399996727705, 5.485490171532519)
(12.439999721944332, 14.6399996727705, 5.485433779762045)
(18.259999591857195, 11.779999736696482, 0.6628946378926188)
(18.259999591857195, 11.779999736696482, 0.66287491794979)
(18.259999591857195, 11.779999736696482, 0.6629418581018247)
(18.259999591857195, 11.779999736696482, 0.6629220082261014)
(18.259999591857195, 11.779999736696482, 0.6628920882210827)
(18.259999591857195, 11.779999736696482, 0.6629716440303127)
(18.259999591857195, 11.779999736696482, 0.6628161607558121)
(18.259999591857195, 11.779999736696482, 0.662962695919868)
(18.579999584704638, 16.37999963387847, 2.6189313922418327)
(18.579999584704638, 16.37999963387847, 2.618918791131399)
(18.579999584704638, 16.37999963387847, 2.618815120236382)
(15.939999643713236, 16.399999633431435, 3.940905891532221)
(18.27999959141016, 13.959999687969685, 6.178482163187125)
(18.27999959141016, 13.959999687969685, 6.17842977987835)
(18.27999959141016, 13.959999687969685, 6.17845810314001)
(18.27999959141016, 13.959999687969685, 6.178509961917802)
(17.419999610632658, 12.399999722838402, 5.48133530859229)
(17.419999610632658, 12.399999722838402, 5.4813712600154)
(16.4199996329844, 17.77999960258603, 2.708887976921803)
(12.719999715685844, 12.659999717026949, 0.228344175291535)
(12.719999715685844, 12.659999717026949, 0.22839181875475145)
(12.719999715685844, 12.659999717026949, 0.22838138128590368)
(12.719999715685844, 12.659999717026949, 0.2283418197120184)
(17.03999961912632, 17.959999598562717, 4.32117966949848)
(13.239999704062939, 16.439999632537365, 5.607649760682107)
(17.53999960795045, 15.619999650865793, 5.89239913542951)
(17.53999960795045, 15.619999650865793, 5.8923609826957)
(17.53999960795045, 15.619999650865793, 5.892275189532963)
(16.819999624043703, 17.23999961465597, 2.4354297289486073)
(18.379999589174986, 12.19999972730875, 1.5457503668356227)
(18.379999589174986, 12.19999972730875, 1.5456959448715097)
(10.819999758154154, 14.379999678581953, 5.283937940037647)
(17.059999618679285, 15.679999649524689, 0.6575795486125056)
(18.23999959230423, 17.19999961555004, 3.0518385120109475)
(18.23999959230423, 17.19999961555004, 3.0517665379769823)
(18.23999959230423, 17.19999961555004, 3.0518099840048194)
(18.23999959230423, 17.19999961555004, 3.0518673018911064)
(18.23999959230423, 17.19999961555004, 3.0517440072587148)
(18.23999959230423, 17.19999961555004, 3.0518033708845773)
(18.23999959230423, 17.19999961555004, 3.051827786861786)
(17.479999609291553, 18.1999995931983, 2.5169352687010367)
(17.479999609291553, 18.1999995931983, 2.5169298563680425)
(17.479999609291553, 18.1999995931983, 2.5169315421875558)
(17.479999609291553, 18.1999995931983, 2.516952337602435)
(12.439999721944332, 14.6399996727705, 5.485577441589285)
(12.439999721944332, 14.6399996727705, 5.485488471591435)
(12.439999721944332, 14.6399996727705, 5.485565686368658)
(12.439999721944332, 14.6399996727705, 5.485460633574492)
(12.439999721944332, 14.6399996727705, 5.48548467052769)
(12.439999721944332, 14.6399996727705, 5.4854149594248875)
(18.259999591857195, 11.779999736696482, 0.6629033236880639)
(18.259999591857195, 11.779999736696482, 0.6629155238649005)
(18.259999591857195, 11.779999736696482, 0.6629269850972019)
(18.259999591857195, 11.779999736696482, 0.6629253924450272)
(18.259999591857195, 11.779999736696482, 0.662889332695675)
(18.259999591857195, 11.779999736696482, 0.6629985214125969)
(18.259999591857195, 11.779999736696482, 0.6628326864483226)
(18.259999591857195, 11.779999736696482, 0.6629632609349778)
(18.579999584704638, 16.37999963387847, 2.61889514247123)
(18.579999584704638, 16.37999963387847, 2.6189244946922225)
(18.579999584704638, 16.37999963387847, 2.618849842745758)
(15.939999643713236, 16.399999633431435, 3.940905207649032)
(18.27999959141016, 13.959999687969685, 6.178469672740704)
(18.27999959141016, 13.959999687969685, 6.1784240200844796)
(18.27999959141016, 13.959999687969685, 6.1784609030624384)
(18.27999959141016, 13.959999687969685, 6.178470017958172)
(17.419999610632658, 12.399999722838402, 5.481337063720099)
(17.419999610632658, 12.399999722838402, 5.481373939552475)
(16.4199996329844, 17.77999960258603, 2.7088673858442665)
(12.719999715685844, 12.659999717026949, 0.22834623282597716)
(12.719999715685844, 12.659999717026949, 0.22836345605751837)
(12.719999715685844, 12.659999717026949, 0.22838229997272225)
(12.719999715685844, 12.659999717026949, 0.22835208030335852)
(17.03999961912632, 17.959999598562717, 4.32119118591172)
(13.239999704062939, 16.439999632537365, 5.60763711499511)
(17.53999960795045, 15.619999650865793, 5.892426494032906)
(17.53999960795045, 15.619999650865793, 5.892333122382437)
(17.53999960795045, 15.619999650865793, 5.892260101322611)
(16.819999624043703, 17.23999961465597, 2.4354179575952943)
(18.379999589174986, 12.19999972730875, 1.5457638125386874)
(18.379999589174986, 12.19999972730875, 1.5457327125764562)
(10.819999758154154, 14.379999678581953, 5.283926892973764)
(17.059999618679285, 15.679999649524689, 0.6575744255503158)
(18.23999959230423, 17.19999961555004, 3.051824104113698)
(18.23999959230423, 17.19999961555004, 3.0517882962247302)
(18.23999959230423, 17.19999961555004, 3.05180774436543)
(18.23999959230423, 17.19999961555004, 3.0518227918406757)
(18.23999959230423, 17.19999961555004, 3.051748494743917)
(18.23999959230423, 17.19999961555004, 3.051801138110682)
(18.23999959230423, 17.19999961555004, 3.051805664984548)
(17.479999609291553, 18.1999995931983, 2.5169070038953207)
(17.479999609291553, 18.1999995931983, 2.5169565301778816)
(17.479999609291553, 18.1999995931983, 2.516969676963236)
(17.479999609291553, 18.1999995931983, 2.5169508577771826)
(12.439999721944332, 14.6399996727705, 5.485555756600663)
(12.439999721944332, 14.6399996727705, 5.485454442455027)
(12.439999721944332, 14.6399996727705, 5.485579579902423)
(12.439999721944332, 14.6399996727705, 5.485476322058237)
(12.439999721944332, 14.6399996727705, 5.485495015822717)
(12.439999721944332, 14.6399996727705, 5.485452986192229)
(18.259999591857195, 11.779999736696482, 0.6628893862496773)
(18.259999591857195, 11.779999736696482, 0.6629473021235169)
(18.259999591857195, 11.779999736696482, 0.6629226094556325)
(18.259999591857195, 11.779999736696482, 0.6629154126065249)
(18.259999591857195, 11.779999736696482, 0.6629028168185607)
(18.259999591857195, 11.779999736696482, 0.6629992803748062)
(18.259999591857195, 11.779999736696482, 0.6628602333249255)
(18.259999591857195, 11.779999736696482, 0.6629559965206594)
(18.579999584704638, 16.37999963387847, 2.6188941785048003)
(18.579999584704638, 16.37999963387847, 2.6189123220769206)
(18.579999584704638, 16.37999963387847, 2.6188720528075495)
(15.939999643713236, 16.399999633431435, 3.940888742068418)
(18.27999959141016, 13.959999687969685, 6.178492978895425)
(18.27999959141016, 13.959999687969685, 6.178408081647173)
(18.27999959141016, 13.959999687969685, 6.178461475242031)
(18.27999959141016, 13.959999687969685, 6.178497427671134)
(17.419999610632658, 12.399999722838402, 5.481335010554251)
(17.419999610632658, 12.399999722838402, 5.481378946804418)
(16.4199996329844, 17.77999960258603, 2.7088820730385472)
(12.719999715685844, 12.659999717026949, 0.22833031584711183)
(12.719999715685844, 12.659999717026949, 0.22835684940676657)
(12.719999715685844, 12.659999717026949, 0.22842229882516635)
(12.719999715685844, 12.659999717026949, 0.22834395695774146)
(17.03999961912632, 17.959999598562717, 4.321161354387791)
(13.239999704062939, 16.439999632537365, 5.607637886922435)
(17.53999960795045, 15.619999650865793, 5.892424339195553)
(17.53999960795045, 15.619999650865793, 5.8923469876645616)
(17.53999960795045, 15.619999650865793, 5.892267618786408)
(16.819999624043703, 17.23999961465597, 2.4353744987532133)
(18.379999589174986, 12.19999972730875, 1.5457930829959565)
(18.379999589174986, 12.19999972730875, 1.5456992720922964)
(10.819999758154154, 14.379999678581953, 5.283964587955341)
(17.059999618679285, 15.679999649524689, 0.6575489439478699)
(18.23999959230423, 17.19999961555004, 3.0518163878793327)
(18.23999959230423, 17.19999961555004, 3.0518636699408774)
(18.23999959230423, 17.19999961555004, 3.0518023696921524)
(18.23999959230423, 17.19999961555004, 3.0518353539924257)
(18.23999959230423, 17.19999961555004, 3.051729039381485)
(18.23999959230423, 17.19999961555004, 3.051791324650745)
(18.23999959230423, 17.19999961555004, 3.0518089310701675)
(17.479999609291553, 18.1999995931983, 2.516913057679135)
(17.479999609291553, 18.1999995931983, 2.516979105901072)
(17.479999609291553, 18.1999995931983, 2.5169923563858987)
(17.479999609291553, 18.1999995931983, 2.5169946505880936)
(12.439999721944332, 14.6399996727705, 5.48552244605612)
(12.439999721944332, 14.6399996727705, 5.485453412208724)
(12.439999721944332, 14.6399996727705, 5.485564121109465)
(12.439999721944332, 14.6399996727705, 5.485436696236686)
(12.439999721944332, 14.6399996727705, 5.485462426682148)
(12.439999721944332, 14.6399996727705, 5.485490595072647)
(18.259999591857195, 11.779999736696482, 0.6628854891550165)
(18.259999591857195, 11.779999736696482, 0.6629583527062463)
(18.259999591857195, 11.779999736696482, 0.6629329109055601)
(18.259999591857195, 11.779999736696482, 0.6629245941778016)
(18.259999591857195, 11.779999736696482, 0.6628879441308144)
(18.259999591857195, 11.779999736696482, 0.663020037225801)
(18.259999591857195, 11.779999736696482, 0.6628924411709859)
(18.259999591857195, 11.779999736696482, 0.6630026042719798)
(18.579999584704638, 16.37999963387847, 2.618881509216179)
(18.579999584704638, 16.37999963387847, 2.618924761432008)
(18.579999584704638, 16.37999963387847, 2.6188561362833958)
(15.939999643713236, 16.399999633431435, 3.940874494206506)
(18.27999959141016, 13.959999687969685, 6.17848853138574)
(18.27999959141016, 13.959999687969685, 6.1783854469537305)
(18.27999959141016, 13.959999687969685, 6.17844078967281)
(18.27999959141016, 13.959999687969685, 6.178517449836137)
(17.419999610632658, 12.399999722838402, 5.481308055810698)
(17.419999610632658, 12.399999722838402, 5.481420858522099)
(16.4199996329844, 17.77999960258603, 2.7088533492449853)
(12.719999715685844, 12.659999717026949, 0.22833996441941376)
(12.719999715685844, 12.659999717026949, 0.22836254567921943)
(12.719999715685844, 12.659999717026949, 0.2284290489418013)
(12.719999715685844, 12.659999717026949, 0.22831423079738872)
(17.03999961912632, 17.959999598562717, 4.321088472966594)
(13.239999704062939, 16.439999632537365, 5.607656333689222)
(17.53999960795045, 15.619999650865793, 5.892432140719684)
(17.53999960795045, 15.619999650865793, 5.892307253402937)
(17.53999960795045, 15.619999650865793, 5.892306294674341)
(16.819999624043703, 17.23999961465597, 2.435390881813072)
(18.379999589174986, 12.19999972730875, 1.545754774015534)
(18.379999589174986, 12.19999972730875, 1.5456937574891803)
(10.819999758154154, 14.379999678581953, 5.283965338028392)
(17.059999618679285, 15.679999649524689, 0.6575965365146744)
(18.23999959230423, 17.19999961555004, 3.0518807710737588)
(18.23999959230423, 17.19999961555004, 3.0518460597510813)
(18.23999959230423, 17.19999961555004, 3.0517800602650946)
(18.23999959230423, 17.19999961555004, 3.05180662859521)
(18.23999959230423, 17.19999961555004, 3.0517653228970536)
(18.23999959230423, 17.19999961555004, 3.051812891653411)
(18.23999959230423, 17.19999961555004, 3.051784389252662)
(17.479999609291553, 18.1999995931983, 2.51692728581535)
(17.479999609291553, 18.1999995931983, 2.5169784268497115)
(17.479999609291553, 18.1999995931983, 2.516978950996917)
(17.479999609291553, 18.1999995931983, 2.516943251516266)
(12.439999721944332, 14.6399996727705, 5.485535977450665)
(12.439999721944332, 14.6399996727705, 5.48547452287353)
(12.439999721944332, 14.6399996727705, 5.485549534456691)
(12.439999721944332, 14.6399996727705, 5.485407330219438)
(12.439999721944332, 14.6399996727705, 5.485461197468286)
(12.439999721944332, 14.6399996727705, 5.485508817827612)
(18.259999591857195, 11.779999736696482, 0.6628498985156354)
(18.259999591857195, 11.779999736696482, 0.662913083907411)
(18.259999591857195, 11.779999736696482, 0.66288932556719)
(18.259999591857195, 11.779999736696482, 0.6629092589989412)
(18.259999591857195, 11.779999736696482, 0.6629109122368694)
(18.259999591857195, 11.779999736696482, 0.663012947502564)
(18.259999591857195, 11.779999736696482, 0.6628940609419617)
(18.259999591857195, 11.779999736696482, 0.6629757875836629)
(18.579999584704638, 16.37999963387847, 2.6188707804998215)
(18.579999584704638, 16.37999963387847, 2.6189181812090085)
(18.579999584704638, 16.37999963387847, 2.6188086591808006)
(15.939999643713236, 16.399999633431435, 3.9408812013393506)
(18.27999959141016, 13.959999687969685, 6.17846881276527)
(18.27999959141016, 13.959999687969685, 6.178345957034034)
(18.27999959141016, 13.959999687969685, 6.178458585693197)
(18.27999959141016, 13.959999687969685, 6.178541045790978)
(17.419999610632658, 12.399999722838402, 5.481310939938865)
(17.419999610632658, 12.399999722838402, 5.481412745759393)
(16.4199996329844, 17.77999960258603, 2.708847167743099)
(12.719999715685844, 12.659999717026949, 0.22832369810138556)
(12.719999715685844, 12.659999717026949, 0.22837227221773607)
(12.719999715685844, 12.659999717026949, 0.22843063208704495)
(12.719999715685844, 12.659999717026949, 0.22831102760738503)
(17.03999961912632, 17.959999598562717, 4.321082067041746)
(13.239999704062939, 16.439999632537365, 5.607637617859946)
(17.53999960795045, 15.619999650865793, 5.89244532062603)
(17.53999960795045, 15.619999650865793, 5.8922964131657265)
(17.53999960795045, 15.619999650865793, 5.8922852357156925)
(16.819999624043703, 17.23999961465597, 2.4354146373537175)
(18.379999589174986, 12.19999972730875, 1.5457467900533113)
(18.379999589174986, 12.19999972730875, 1.5456519360282814)
(10.819999758154154, 14.379999678581953, 5.283940479448614)
(17.059999618679285, 15.679999649524689, 0.657645422664471)
(18.23999959230423, 17.19999961555004, 3.0518614903140975)
(18.23999959230423, 17.19999961555004, 3.051848011064295)
(18.23999959230423, 17.19999961555004, 3.051790880091508)
(18.23999959230423, 17.19999961555004, 3.051817648828021)
(18.23999959230423, 17.19999961555004, 3.0517480599511595)
(18.23999959230423, 17.19999961555004, 3.0518173515769975)
(18.23999959230423, 17.19999961555004, 3.0518008667690886)
(17.479999609291553, 18.1999995931983, 2.5169138476280875)
(17.479999609291553, 18.1999995931983, 2.516968552832613)
(17.479999609291553, 18.1999995931983, 2.516978373648132)
(17.479999609291553, 18.1999995931983, 2.516935667470553)
(12.439999721944332, 14.6399996727705, 5.4855254212852715)
(12.439999721944332, 14.6399996727705, 5.485419581892491)
(12.439999721944332, 14.6399996727705, 5.485526077285196)
(12.439999721944332, 14.6399996727705, 5.485373668876121)
(12.439999721944332, 14.6399996727705, 5.485459923735761)
(12.439999721944332, 14.6399996727705, 5.485484211414351)
(18.259999591857195, 11.779999736696482, 0.6628565588603716)
(18.259999591857195, 11.779999736696482, 0.6628845706278699)
(18.259999591857195, 11.779999736696482, 0.6628678252341462)
(18.259999591857195, 11.779999736696482, 0.6629019893717881)
(18.259999591857195, 11.779999736696482, 0.6629393338453149)
(18.259999591857195, 11.779999736696482, 0.6630040018840659)
(18.259999591857195, 11.779999736696482, 0.6628643028462564)
(18.259999591857195, 11.779999736696482, 0.6630382744516872)
(18.579999584704638, 16.37999963387847, 2.618889166925413)
(18.579999584704638, 16.37999963387847, 2.6189318000877524)
(18.579999584704638, 16.37999963387847, 2.618811481648656)
(15.939999643713236, 16.399999633431435, 3.940842849332869)
(18.27999959141016, 13.959999687969685, 6.178511160856437)
(18.27999959141016, 13.959999687969685, 6.17834110312478)
(18.27999959141016, 13.959999687969685, 6.178437285153838)
(18.27999959141016, 13.959999687969685, 6.178567640332411)
(17.419999610632658, 12.399999722838402, 5.481324368845794)
(17.419999610632658, 12.399999722838402, 5.481412703652766)
(16.4199996329844, 17.77999960258603, 2.708835053278413)
(12.719999715685844, 12.659999717026949, 0.22832087671679113)
(12.719999715685844, 12.659999717026949, 0.22835925000318838)
(12.719999715685844, 12.659999717026949, 0.22841882275813094)
(12.719999715685844, 12.659999717026949, 0.22827766357324952)
(17.03999961912632, 17.959999598562717, 4.321062534316042)
(13.239999704062939, 16.439999632537365, 5.607649665896896)
(17.53999960795045, 15.619999650865793, 5.892463277511968)
(17.53999960795045, 15.619999650865793, 5.892299669455438)
(17.53999960795045, 15.619999650865793, 5.892261229290655)
(16.819999624043703, 17.23999961465597, 2.4354194514505583)
(18.379999589174986, 12.19999972730875, 1.5457822638267988)
(18.379999589174986, 12.19999972730875, 1.5456503931128747)
(10.819999758154154, 14.379999678581953, 5.283978327143399)
(17.059999618679285, 15.679999649524689, 0.6576662574162929)
(18.23999959230423, 17.19999961555004, 3.051854683266502)
(18.23999959230423, 17.19999961555004, 3.0518424928500596)
(18.23999959230423, 17.19999961555004, 3.0517725072997584)
(18.23999959230423, 17.19999961555004, 3.051772843616165)
(18.23999959230423, 17.19999961555004, 3.0517166183235007)
(18.23999959230423, 17.19999961555004, 3.051859777424025)
(18.23999959230423, 17.19999961555004, 3.051752180710362)
(17.479999609291553, 18.1999995931983, 2.516935319484778)
(17.479999609291553, 18.1999995931983, 2.5170050896204708)
(17.479999609291553, 18.1999995931983, 2.516969558333082)
(17.479999609291553, 18.1999995931983, 2.51695088038841)
(12.439999721944332, 14.6399996727705, 5.485541885280467)
(12.439999721944332, 14.6399996727705, 5.485470691658791)
(12.439999721944332, 14.6399996727705, 5.485551802519889)
(12.439999721944332, 14.6399996727705, 5.485387394941621)
(12.439999721944332, 14.6399996727705, 5.485474698250257)
(12.439999721944332, 14.6399996727705, 5.485462094304912)
(18.259999591857195, 11.779999736696482, 0.6628863962881943)
(18.259999591857195, 11.779999736696482, 0.6629046200609926)
(18.259999591857195, 11.779999736696482, 0.6628570756115384)
(18.259999591857195, 11.779999736696482, 0.6629100223001011)
(18.259999591857195, 11.779999736696482, 0.6629840873368372)
(18.259999591857195, 11.779999736696482, 0.6629998074680634)
(18.259999591857195, 11.779999736696482, 0.6628665331814059)
(18.259999591857195, 11.779999736696482, 0.6630405773292323)
(18.579999584704638, 16.37999963387847, 2.6188918915887633)
(18.579999584704638, 16.37999963387847, 2.6189285237859)
(18.579999584704638, 16.37999963387847, 2.618817626585754)
(15.939999643713236, 16.399999633431435, 3.940866445350018)
(18.27999959141016, 13.959999687969685, 6.178507883829454)
(18.27999959141016, 13.959999687969685, 6.1783809978598745)
(18.27999959141016, 13.959999687969685, 6.178476064514224)
(18.27999959141016, 13.959999687969685, 6.178604491139634)
(17.419999610632658, 12.399999722838402, 5.481304456906335)
(17.419999610632658, 12.399999722838402, 5.481405071763577)
(16.4199996329844, 17.77999960258603, 2.7088623234766382)
(12.719999715685844, 12.659999717026949, 0.22829877974081897)
(12.719999715685844, 12.659999717026949, 0.2283591009135169)
(12.719999715685844, 12.659999717026949, 0.22843928269291294)
(12.719999715685844, 12.659999717026949, 0.22826664592211798)
(17.03999961912632, 17.959999598562717, 4.321066379221134)
(13.239999704062939, 16.439999632537365, 5.607627889324688)
(17.53999960795045, 15.619999650865793, 5.892465707541197)
(17.53999960795045, 15.619999650865793, 5.892257378311198)
(17.53999960795045, 15.619999650865793, 5.892292963790596)
(16.819999624043703, 17.23999961465597, 2.4354586577434354)
(18.379999589174986, 12.19999972730875, 1.545833901383893)
(18.379999589174986, 12.19999972730875, 1.5456255995227752)
(10.819999758154154, 14.379999678581953, 5.283933015306825)
(17.059999618679285, 15.679999649524689, 0.6576573234746684)
(18.23999959230423, 17.19999961555004, 3.051827005493447)
(18.23999959230423, 17.19999961555004, 3.0518306520591265)
(18.23999959230423, 17.19999961555004, 3.0517322445439374)
(18.23999959230423, 17.19999961555004, 3.051816648943972)
(18.23999959230423, 17.19999961555004, 3.0517178988381857)
(18.23999959230423, 17.19999961555004, 3.0518485975143985)
(18.23999959230423, 17.19999961555004, 3.0517654202160633)
(17.479999609291553, 18.1999995931983, 2.5169718763368043)
(17.479999609291553, 18.1999995931983, 2.516984905302721)
(17.479999609291553, 18.1999995931983, 2.5170023012984215)
(17.479999609291553, 18.1999995931983, 2.5169200300906236)
(12.439999721944332, 14.6399996727705, 5.485555383268729)
(12.439999721944332, 14.6399996727705, 5.485506000613746)
(12.439999721944332, 14.6399996727705, 5.485576894210017)
(12.439999721944332, 14.6399996727705, 5.485373444737995)
(12.439999721944332, 14.6399996727705, 5.485492141636541)
(12.439999721944332, 14.6399996727705, 5.485463578953736)
(18.259999591857195, 11.779999736696482, 0.662943257420245)
(18.259999591857195, 11.779999736696482, 0.6628686921751893)
(18.259999591857195, 11.779999736696482, 0.6628500902458528)
(18.259999591857195, 11.779999736696482, 0.6629496676199871)
(18.259999591857195, 11.779999736696482, 0.6629862947169534)
(18.259999591857195, 11.779999736696482, 0.6629682901993903)
(18.259999591857195, 11.779999736696482, 0.6628655340280992)
(18.259999591857195, 11.779999736696482, 0.663026391057751)
(18.579999584704638, 16.37999963387847, 2.6189044507374133)
(18.579999584704638, 16.37999963387847, 2.6189211826558783)
(18.579999584704638, 16.37999963387847, 2.618816819997593)
(15.939999643713236, 16.399999633431435, 3.9408833788561446)
(18.27999959141016, 13.959999687969685, 6.178530856596247)
(18.27999959141016, 13.959999687969685, 6.178413180698729)
(18.27999959141016, 13.959999687969685, 6.1784670221274895)
(18.27999959141016, 13.959999687969685, 6.178627665673955)
(17.419999610632658, 12.399999722838402, 5.481329015248837)
(17.419999610632658, 12.399999722838402, 5.48145150934293)
(16.4199996329844, 17.77999960258603, 2.7088754772008863)
(12.719999715685844, 12.659999717026949, 0.22831388045351003)
(12.719999715685844, 12.659999717026949, 0.22838594888056254)
(12.719999715685844, 12.659999717026949, 0.22848822692542323)
(12.719999715685844, 12.659999717026949, 0.22827780367767317)
(17.03999961912632, 17.959999598562717, 4.321020657284372)
(13.239999704062939, 16.439999632537365, 5.607650679845376)
(17.53999960795045, 15.619999650865793, 5.892439659941763)
(17.53999960795045, 15.619999650865793, 5.8922318208958675)
(17.53999960795045, 15.619999650865793, 5.892267860349072)
(16.819999624043703, 17.23999961465597, 2.435474441228992)
(18.379999589174986, 12.19999972730875, 1.545869218686015)
(18.379999589174986, 12.19999972730875, 1.5455886589518997)
(10.819999758154154, 14.379999678581953, 5.283970548704177)
(17.059999618679285, 15.679999649524689, 0.6576753618858145)
(18.23999959230423, 17.19999961555004, 3.0518807218105506)
(18.23999959230423, 17.19999961555004, 3.0518134885831345)
(18.23999959230423, 17.19999961555004, 3.0517441211009104)
(18.23999959230423, 17.19999961555004, 3.0518144718130475)
(18.23999959230423, 17.19999961555004, 3.0517580065994676)
(18.23999959230423, 17.19999961555004, 3.0518531668684634)
(18.23999959230423, 17.19999961555004, 3.0517263070713545)
(17.479999609291553, 18.1999995931983, 2.516983393359426)
(17.479999609291553, 18.1999995931983, 2.5170234309905326)
(17.479999609291553, 18.1999995931983, 2.5170186275148394)
(17.479999609291553, 18.1999995931983, 2.516870326039127)
(12.439999721944332, 14.6399996727705, 5.485544632380793)
(12.439999721944332, 14.6399996727705, 5.485537331023699)
(12.439999721944332, 14.6399996727705, 5.485554199881962)
(12.439999721944332, 14.6399996727705, 5.485360463993886)
(12.439999721944332, 14.6399996727705, 5.485485834075185)
(12.439999721944332, 14.6399996727705, 5.485476129448754)
(18.259999591857195, 11.779999736696482, 0.6629379235070665)
(18.259999591857195, 11.779999736696482, 0.662837146116784)
(18.259999591857195, 11.779999736696482, 0.6628446353584322)
(18.259999591857195, 11.779999736696482, 0.6629626139204402)
(18.259999591857195, 11.779999736696482, 0.663010928770019)
(18.259999591857195, 11.779999736696482, 0.6629627843655792)
(18.259999591857195, 11.779999736696482, 0.6628600627591783)
(18.259999591857195, 11.779999736696482, 0.6630279874225258)
(18.579999584704638, 16.37999963387847, 2.618907664674513)
(18.579999584704638, 16.37999963387847, 2.6189128409298523)
(18.579999584704638, 16.37999963387847, 2.6187998942448414)
(15.939999643713236, 16.399999633431435, 3.940887448294286)
(18.27999959141016, 13.959999687969685, 6.17856099338243)
(18.27999959141016, 13.959999687969685, 6.178457005220588)
(18.27999959141016, 13.959999687969685, 6.17850329990787)
(18.27999959141016, 13.959999687969685, 6.178590812916652)
(17.419999610632658, 12.399999722838402, 5.481322085781414)
(17.419999610632658, 12.399999722838402, 5.48144703328735)
(16.4199996329844, 17.77999960258603, 2.708861191694707)
(12.719999715685844, 12.659999717026949, 0.22832577891205208)
(12.719999715685844, 12.659999717026949, 0.2283805263720295)
(12.719999715685844, 12.659999717026949, 0.22846694653850289)
(12.719999715685844, 12.659999717026949, 0.2282550503783702)
(17.03999961912632, 17.959999598562717, 4.321005732306221)
(13.239999704062939, 16.439999632537365, 5.6076519079380835)
(17.53999960795045, 15.619999650865793, 5.892477546228697)
(17.53999960795045, 15.619999650865793, 5.8921987560138405)
(17.53999960795045, 15.619999650865793, 5.892273793147784)
(16.819999624043703, 17.23999961465597, 2.435456606270518)
(18.379999589174986, 12.19999972730875, 1.5458683658769083)
(18.379999589174986, 12.19999972730875, 1.5456105136398863)
(10.819999758154154, 14.379999678581953, 5.283959149790987)
(17.059999618679285, 15.679999649524689, 0.6576731538964443)
(18.23999959230423, 17.19999961555004, 3.0518698529367754)
(18.23999959230423, 17.19999961555004, 3.0518101515018206)
(18.23999959230423, 17.19999961555004, 3.051726840287033)
(18.23999959230423, 17.19999961555004, 3.0518240857339753)
(18.23999959230423, 17.19999961555004, 3.051737669541155)
(18.23999959230423, 17.19999961555004, 3.051828474347755)
(18.23999959230423, 17.19999961555004, 3.0517415048496606)
(17.479999609291553, 18.1999995931983, 2.517008313846272)
(17.479999609291553, 18.1999995931983, 2.517053996658943)
(17.479999609291553, 18.1999995931983, 2.5170324569643974)
(17.479999609291553, 18.1999995931983, 2.5168308369171957)
(12.439999721944332, 14.6399996727705, 5.485588076042527)
(12.439999721944332, 14.6399996727705, 5.485521520569021)
(12.439999721944332, 14.6399996727705, 5.485584185070428)
(12.439999721944332, 14.6399996727705, 5.4853249536149296)
(12.439999721944332, 14.6399996727705, 5.485482315717694)
(12.439999721944332, 14.6399996727705, 5.48549092618544)
(18.259999591857195, 11.779999736696482, 0.6629284766572606)
(18.259999591857195, 11.779999736696482, 0.6628507327694373)
(18.259999591857195, 11.779999736696482, 0.6628874565230178)
(18.259999591857195, 11.779999736696482, 0.6629180724402539)
(18.259999591857195, 11.779999736696482, 0.663006843155427)
(18.259999591857195, 11.779999736696482, 0.6629667325967525)
(18.259999591857195, 11.779999736696482, 0.6628467365777942)
(18.259999591857195, 11.779999736696482, 0.6630911184324513)
(18.579999584704638, 16.37999963387847, 2.618904835207974)
(18.579999584704638, 16.37999963387847, 2.618905422502107)
(18.579999584704638, 16.37999963387847, 2.6188364923501584)
(15.939999643713236, 16.399999633431435, 3.9408945590823063)
(18.27999959141016, 13.959999687969685, 6.17850926805382)
(18.27999959141016, 13.959999687969685, 6.178434312740577)
(18.27999959141016, 13.959999687969685, 6.178532650334543)
(18.27999959141016, 13.959999687969685, 6.178554370006623)
(17.419999610632658, 12.399999722838402, 5.481303493823666)
(17.419999610632658, 12.399999722838402, 5.481433879023941)
(16.4199996329844, 17.77999960258603, 2.7088812476592095)
(12.719999715685844, 12.659999717026949, 0.22837190143208297)
(12.719999715685844, 12.659999717026949, 0.22838453976139947)
(12.719999715685844, 12.659999717026949, 0.22846123695882992)
(12.719999715685844, 12.659999717026949, 0.22824888671873797)
(17.03999961912632, 17.959999598562717, 4.32103428470746)
(13.239999704062939, 16.439999632537365, 5.607647413137859)
(17.53999960795045, 15.619999650865793, 5.892488197762417)
(17.53999960795045, 15.619999650865793, 5.8921929101828)
(17.53999960795045, 15.619999650865793, 5.892300250330891)
(16.819999624043703, 17.23999961465597, 2.4354692194656486)
(18.379999589174986, 12.19999972730875, 1.54584777428979)
(18.379999589174986, 12.19999972730875, 1.5455830813948028)
(10.819999758154154, 14.379999678581953, 5.283976255822822)
(17.059999618679285, 15.679999649524689, 0.657669325874856)
(18.23999959230423, 17.19999961555004, 3.0518993384648105)
(18.23999959230423, 17.19999961555004, 3.0518219442984305)
(18.23999959230423, 17.19999961555004, 3.0517331333712536)
(18.23999959230423, 17.19999961555004, 3.051830997119667)
(18.23999959230423, 17.19999961555004, 3.0517556163707895)
(18.23999959230423, 17.19999961555004, 3.0518157943074287)
(18.23999959230423, 17.19999961555004, 3.051748711843997)
(17.479999609291553, 18.1999995931983, 2.5170301515377904)
(17.479999609291553, 18.1999995931983, 2.5170527176158495)
(17.479999609291553, 18.1999995931983, 2.5170103592631157)
(17.479999609291553, 18.1999995931983, 2.51686582226776)
(12.439999721944332, 14.6399996727705, 5.485605487883035)
(12.439999721944332, 14.6399996727705, 5.485524769352121)
(12.439999721944332, 14.6399996727705, 5.485604048279026)
(12.439999721944332, 14.6399996727705, 5.485315518668162)
(12.439999721944332, 14.6399996727705, 5.4854768315355695)
(12.439999721944332, 14.6399996727705, 5.485496911881027)
(18.259999591857195, 11.779999736696482, 0.6629285999336131)
(18.259999591857195, 11.779999736696482, 0.6628156616509868)
(18.259999591857195, 11.779999736696482, 0.6628928104768781)
(18.259999591857195, 11.779999736696482, 0.6628942959868525)
(18.259999591857195, 11.779999736696482, 0.6630067222304258)
(18.259999591857195, 11.779999736696482, 0.662983280624019)
(18.259999591857195, 11.779999736696482, 0.6628391567757498)
(18.259999591857195, 11.779999736696482, 0.6630771105948168)
(18.579999584704638, 16.37999963387847, 2.6189480711568507)
(18.579999584704638, 16.37999963387847, 2.618897156556579)
(18.579999584704638, 16.37999963387847, 2.6188093266020194)
(15.939999643713236, 16.399999633431435, 3.9409424734892298)
(18.27999959141016, 13.959999687969685, 6.178541104096532)
(18.27999959141016, 13.959999687969685, 6.178406651525136)
(18.27999959141016, 13.959999687969685, 6.178473539282318)
(18.27999959141016, 13.959999687969685, 6.178523000672259)
(17.419999610632658, 12.399999722838402, 5.481288512973874)
(17.419999610632658, 12.399999722838402, 5.481450962813044)
(16.4199996329844, 17.77999960258603, 2.70891368270577)
(12.719999715685844, 12.659999717026949, 0.22836832161698734)
(12.719999715685844, 12.659999717026949, 0.2284104380012439)
(12.719999715685844, 12.659999717026949, 0.22839148452031782)
(12.719999715685844, 12.659999717026949, 0.2282454670285522)
(17.03999961912632, 17.959999598562717, 4.321010079666645)
(13.239999704062939, 16.439999632537365, 5.607655027214854)
(17.53999960795045, 15.619999650865793, 5.892500635028138)
(17.53999960795045, 15.619999650865793, 5.892198507078073)
(17.53999960795045, 15.619999650865793, 5.892284564424958)
(16.819999624043703, 17.23999961465597, 2.435476396525695)
(18.379999589174986, 12.19999972730875, 1.5458754064164946)
(18.379999589174986, 12.19999972730875, 1.5455921662983647)
(10.819999758154154, 14.379999678581953, 5.2839486130367685)
(17.059999618679285, 15.679999649524689, 0.6577069749155603)
(18.23999959230423, 17.19999961555004, 3.0519646036354797)
(18.23999959230423, 17.19999961555004, 3.051807597920777)
(18.23999959230423, 17.19999961555004, 3.0517356411614514)
(18.23999959230423, 17.19999961555004, 3.0517866148276886)
(18.23999959230423, 17.19999961555004, 3.0517568830692334)
(18.23999959230423, 17.19999961555004, 3.0518213866239527)
(18.23999959230423, 17.19999961555004, 3.0517331455351004)
(17.479999609291553, 18.1999995931983, 2.5170346026313943)
(17.479999609291553, 18.1999995931983, 2.5170233264873536)
(17.479999609291553, 18.1999995931983, 2.5169874305499937)
(17.479999609291553, 18.1999995931983, 2.51688624124972)
(12.439999721944332, 14.6399996727705, 5.485649059954223)
(12.439999721944332, 14.6399996727705, 5.4855444092249535)
(12.439999721944332, 14.6399996727705, 5.485622853532606)
(12.439999721944332, 14.6399996727705, 5.485359054463975)
(12.439999721944332, 14.6399996727705, 5.485487456535172)
(12.439999721944332, 14.6399996727705, 5.4854819887695845)
(18.259999591857195, 11.779999736696482, 0.66293785667806)
(18.259999591857195, 11.779999736696482, 0.6628512527772108)
(18.259999591857195, 11.779999736696482, 0.6629033666163653)
(18.259999591857195, 11.779999736696482, 0.6628955877003351)
(18.259999591857195, 11.779999736696482, 0.6629939312015053)
(18.259999591857195, 11.779999736696482, 0.6630248619917324)
(18.259999591857195, 11.779999736696482, 0.6628628183830633)
(18.259999591857195, 11.779999736696482, 0.6630812325214379)
(18.579999584704638, 16.37999963387847, 2.618932874818632)
(18.579999584704638, 16.37999963387847, 2.6188607152810084)
(18.579999584704638, 16.37999963387847, 2.618790690069888)
(15.939999643713236, 16.399999633431435, 3.9409447208891564)
(18.27999959141016, 13.959999687969685, 6.178579763432893)
(18.27999959141016, 13.959999687969685, 6.178399774902661)
(18.27999959141016, 13.959999687969685, 6.1784622550446535)
(18.27999959141016, 13.959999687969685, 6.1785238438086925)
(17.419999610632658, 12.399999722838402, 5.481290980942977)
(17.419999610632658, 12.399999722838402, 5.48146909558985)
(16.4199996329844, 17.77999960258603, 2.70887385163104)
(12.719999715685844, 12.659999717026949, 0.22843174639541236)
(12.719999715685844, 12.659999717026949, 0.22844640270689556)
(12.719999715685844, 12.659999717026949, 0.2283518593429604)
(12.719999715685844, 12.659999717026949, 0.2282331279228117)
(17.03999961912632, 17.959999598562717, 4.3210266786482645)
(13.239999704062939, 16.439999632537365, 5.6076808767957935)
(17.53999960795045, 15.619999650865793, 5.892465305666866)
(17.53999960795045, 15.619999650865793, 5.892232923253627)
(17.53999960795045, 15.619999650865793, 5.892280342636308)
(16.819999624043703, 17.23999961465597, 2.435471100339319)
(18.379999589174986, 12.19999972730875, 1.5458569044860704)
(18.379999589174986, 12.19999972730875, 1.545625303186007)
(10.819999758154154, 14.379999678581953, 5.283915079262557)
(17.059999618679285, 15.679999649524689, 0.657695584516019)
(18.23999959230423, 17.19999961555004, 3.0519453960893306)
(18.23999959230423, 17.19999961555004, 3.0517743717715122)
(18.23999959230423, 17.19999961555004, 3.0517606537762356)
(18.23999959230423, 17.19999961555004, 3.0517398857478963)
(18.23999959230423, 17.19999961555004, 3.051761613316102)
(18.23999959230423, 17.19999961555004, 3.051814759402646)
(18.23999959230423, 17.19999961555004, 3.051766976417565)
(17.479999609291553, 18.1999995931983, 2.5170251718728154)
(17.479999609291553, 18.1999995931983, 2.517016757724147)
(17.479999609291553, 18.1999995931983, 2.5169728266661635)
(17.479999609291553, 18.1999995931983, 2.516891881622207)
(12.439999721944332, 14.6399996727705, 5.485675028535501)
(12.439999721944332, 14.6399996727705, 5.485547959883473)
(12.439999721944332, 14.6399996727705, 5.485593633265874)
(12.439999721944332, 14.6399996727705, 5.485412280303059)
(12.439999721944332, 14.6399996727705, 5.485435826743945)
(12.439999721944332, 14.6399996727705, 5.48549843790641)
(18.259999591857195, 11.779999736696482, 0.6629421354630368)
(18.259999591857195, 11.779999736696482, 0.6628356824640722)
(18.259999591857195, 11.779999736696482, 0.6629259975513236)
(18.259999591857195, 11.779999736696482, 0.6628762616236528)
(18.259999591857195, 11.779999736696482, 0.6629571899675727)
(18.259999591857195, 11.779999736696482, 0.6629746368416439)
(18.259999591857195, 11.779999736696482, 0.6629032715153702)
(18.259999591857195, 11.779999736696482, 0.6630668226179104)
(18.579999584704638, 16.37999963387847, 2.618921882534675)
(18.579999584704638, 16.37999963387847, 2.6188765473320887)
(18.579999584704638, 16.37999963387847, 2.6188032877195013)
(15.939999643713236, 16.399999633431435, 3.94092857740596)
(18.27999959141016, 13.959999687969685, 6.17855922770734)
(18.27999959141016, 13.959999687969685, 6.1783786314005535)
(18.27999959141016, 13.959999687969685, 6.178493629199225)
(18.27999959141016, 13.959999687969685, 6.178499947375992)
(17.419999610632658, 12.399999722838402, 5.481262469217815)
(17.419999610632658, 12.399999722838402, 5.481500561021901)
(16.4199996329844, 17.77999960258603, 2.70888428120499)
(12.719999715685844, 12.659999717026949, 0.22841919133154315)
(12.719999715685844, 12.659999717026949, 0.22845318087748132)
(12.719999715685844, 12.659999717026949, 0.22839308933301802)
(12.719999715685844, 12.659999717026949, 0.22821283836914513)
(17.03999961912632, 17.959999598562717, 4.321020718982288)
(13.239999704062939, 16.439999632537365, 5.6077184757213905)
(17.53999960795045, 15.619999650865793, 5.892460665611578)
(17.53999960795045, 15.619999650865793, 5.892209194339864)
(17.53999960795045, 15.619999650865793, 5.892297995621413)
(16.819999624043703, 17.23999961465597, 2.4354758971940735)
(18.379999589174986, 12.19999972730875, 1.545862336898789)
(18.379999589174986, 12.19999972730875, 1.5456473063859422)
(10.819999758154154, 14.379999678581953, 5.283883008053023)
(17.059999618679285, 15.679999649524689, 0.657693843879692)
(18.23999959230423, 17.19999961555004, 3.051946498388141)
(18.23999959230423, 17.19999961555004, 3.0517631317308966)
(18.23999959230423, 17.19999961555004, 3.051751833172255)
(18.23999959230423, 17.19999961555004, 3.0517522090855405)
(18.23999959230423, 17.19999961555004, 3.051781165659496)
(18.23999959230423, 17.19999961555004, 3.051840990149976)
(18.23999959230423, 17.19999961555004, 3.051787323852797)
(17.479999609291553, 18.1999995931983, 2.5169955059236035)
(17.479999609291553, 18.1999995931983, 2.517031742008036)
(17.479999609291553, 18.1999995931983, 2.516984255792899)
(17.479999609291553, 18.1999995931983, 2.516873970316508)
(12.439999721944332, 14.6399996727705, 5.485697092695938)
(12.439999721944332, 14.6399996727705, 5.485546154648493)
(12.439999721944332, 14.6399996727705, 5.48563068763581)
(12.439999721944332, 14.6399996727705, 5.485391976050241)
(12.439999721944332, 14.6399996727705, 5.485449384636555)
(12.439999721944332, 14.6399996727705, 5.4854985159459115)
(18.259999591857195, 11.779999736696482, 0.6629436507054738)
(18.259999591857195, 11.779999736696482, 0.6628194481728366)
(18.259999591857195, 11.779999736696482, 0.6629341704176759)
(18.259999591857195, 11.779999736696482, 0.6628710057690503)
(18.259999591857195, 11.779999736696482, 0.6629732202204457)
(18.259999591857195, 11.779999736696482, 0.6629729655434435)
(18.259999591857195, 11.779999736696482, 0.6629563323686808)
(18.259999591857195, 11.779999736696482, 0.6630638952263451)
(18.579999584704638, 16.37999963387847, 2.618896845750372)
(18.579999584704638, 16.37999963387847, 2.618893253924058)
(18.579999584704638, 16.37999963387847, 2.6187902917174672)
(15.939999643713236, 16.399999633431435, 3.940937285838169)
(18.27999959141016, 13.959999687969685, 6.178554013841142)
(18.27999959141016, 13.959999687969685, 6.1783724206320825)
(18.27999959141016, 13.959999687969685, 6.178455250964044)
(18.27999959141016, 13.959999687969685, 6.178437779157263)
(17.419999610632658, 12.399999722838402, 5.481267836962006)
(17.419999610632658, 12.399999722838402, 5.481537377333766)
(16.4199996329844, 17.77999960258603, 2.708849476491627)
(12.719999715685844, 12.659999717026949, 0.22841525989944264)
(12.719999715685844, 12.659999717026949, 0.2284875974995782)
(12.719999715685844, 12.659999717026949, 0.2283865246228647)
(12.719999715685844, 12.659999717026949, 0.2282195451111214)
(17.03999961912632, 17.959999598562717, 4.320995026663945)
(13.239999704062939, 16.439999632537365, 5.607701602803514)
(17.53999960795045, 15.619999650865793, 5.892519800504457)
(17.53999960795045, 15.619999650865793, 5.892238029687325)
(17.53999960795045, 15.619999650865793, 5.892253261689613)
(16.819999624043703, 17.23999961465597, 2.4354330647047298)
(18.379999589174986, 12.19999972730875, 1.5458512815546896)
(18.379999589174986, 12.19999972730875, 1.5456056206425557)
(10.819999758154154, 14.379999678581953, 5.283923282382733)
(17.059999618679285, 15.679999649524689, 0.6576692496830623)
(18.23999959230423, 17.19999961555004, 3.0519139804192656)
(18.23999959230423, 17.19999961555004, 3.051756867726286)
(18.23999959230423, 17.19999961555004, 3.05176883852934)
(18.23999959230423, 17.19999961555004, 3.0517181719406987)
(18.23999959230423, 17.19999961555004, 3.051783587138153)
(18.23999959230423, 17.19999961555004, 3.0518534610611754)
(18.23999959230423, 17.19999961555004, 3.051793441988307)
(17.479999609291553, 18.1999995931983, 2.517002393803885)
(17.479999609291553, 18.1999995931983, 2.5170687241005303)
(17.479999609291553, 18.1999995931983, 2.516971278312755)
(17.479999609291553, 18.1999995931983, 2.516879800034989)
(12.439999721944332, 14.6399996727705, 5.485688852633636)
(12.439999721944332, 14.6399996727705, 5.485580652399468)
(12.439999721944332, 14.6399996727705, 5.485622190983198)
(12.439999721944332, 14.6399996727705, 5.485390706655802)
(12.439999721944332, 14.6399996727705, 5.485437918387143)
(12.439999721944332, 14.6399996727705, 5.485479406070937)
(18.259999591857195, 11.779999736696482, 0.6629549526027897)
(18.259999591857195, 11.779999736696482, 0.6628473863413664)
(18.259999591857195, 11.779999736696482, 0.662893649748363)
(18.259999591857195, 11.779999736696482, 0.662875602960889)
(18.259999591857195, 11.779999736696482, 0.6629855976897397)
(18.259999591857195, 11.779999736696482, 0.6629779656195304)
(18.259999591857195, 11.779999736696482, 0.6629315876552067)
(18.259999591857195, 11.779999736696482, 0.6630772879825897)
(18.579999584704638, 16.37999963387847, 2.6189607022047077)
(18.579999584704638, 16.37999963387847, 2.6188937045926144)
(18.579999584704638, 16.37999963387847, 2.618781263243179)
(15.939999643713236, 16.399999633431435, 3.940890072178194)
(18.27999959141016, 13.959999687969685, 6.178563827645739)
(18.27999959141016, 13.959999687969685, 6.178348768351185)
(18.27999959141016, 13.959999687969685, 6.178467220364147)
(18.27999959141016, 13.959999687969685, 6.178438609429718)
(17.419999610632658, 12.399999722838402, 5.481279208604677)
(17.419999610632658, 12.399999722838402, 5.481513029671974)
(16.4199996329844, 17.77999960258603, 2.708871134307717)
(12.719999715685844, 12.659999717026949, 0.22843269237101213)
(12.719999715685844, 12.659999717026949, 0.22845973495613722)
(12.719999715685844, 12.659999717026949, 0.22839423630426342)
(12.719999715685844, 12.659999717026949, 0.22822475611179782)
(17.03999961912632, 17.959999598562717, 4.3209954903782695)
(13.239999704062939, 16.439999632537365, 5.607688109861068)
(17.53999960795045, 15.619999650865793, 5.892537018670447)
(17.53999960795045, 15.619999650865793, 5.8922342952921065)
(17.53999960795045, 15.619999650865793, 5.892245686995344)
(16.819999624043703, 17.23999961465597, 2.4354490298126716)
(18.379999589174986, 12.19999972730875, 1.5458112470037695)
(18.379999589174986, 12.19999972730875, 1.545594825437111)
(10.819999758154154, 14.379999678581953, 5.28394092839967)
(17.059999618679285, 15.679999649524689, 0.6577046019299325)
(18.23999959230423, 17.19999961555004, 3.051937822922253)
(18.23999959230423, 17.19999961555004, 3.051764731881604)
(18.23999959230423, 17.19999961555004, 3.051775426738434)
(18.23999959230423, 17.19999961555004, 3.0517448529062667)
(18.23999959230423, 17.19999961555004, 3.051794558679584)
(18.23999959230423, 17.19999961555004, 3.0518450628566374)
(18.23999959230423, 17.19999961555004, 3.0517994572518568)
(17.479999609291553, 18.1999995931983, 2.517026696047313)
(17.479999609291553, 18.1999995931983, 2.5170654134167156)
(17.479999609291553, 18.1999995931983, 2.5170017613847615)
(17.479999609291553, 18.1999995931983, 2.5168834604236063)
(12.439999721944332, 14.6399996727705, 5.485642583893509)
(12.439999721944332, 14.6399996727705, 5.485588896597245)
(12.439999721944332, 14.6399996727705, 5.485567076919539)
(12.439999721944332, 14.6399996727705, 5.485382523714804)
(12.439999721944332, 14.6399996727705, 5.485456014902922)
(12.439999721944332, 14.6399996727705, 5.48544195822797)
(18.259999591857195, 11.779999736696482, 0.6629257526839771)
(18.259999591857195, 11.779999736696482, 0.6628590483088147)
(18.259999591857195, 11.779999736696482, 0.6629048750081995)
(18.259999591857195, 11.779999736696482, 0.662835253354268)
(18.259999591857195, 11.779999736696482, 0.6629947387174908)
(18.259999591857195, 11.779999736696482, 0.6630046408754199)
(18.259999591857195, 11.779999736696482, 0.6629670721425114)
(18.259999591857195, 11.779999736696482, 0.6631010015462185)
(18.579999584704638, 16.37999963387847, 2.6189943141855063)
(18.579999584704638, 16.37999963387847, 2.618914591882994)
(18.579999584704638, 16.37999963387847, 2.618778018502254)
(15.939999643713236, 16.399999633431435, 3.9409155133447737)
(18.27999959141016, 13.959999687969685, 6.178597331292281)
(18.27999959141016, 13.959999687969685, 6.178363359117484)
(18.27999959141016, 13.959999687969685, 6.1784753456360075)
(18.27999959141016, 13.959999687969685, 6.178484321511978)
(17.419999610632658, 12.399999722838402, 5.481299572925055)
(17.419999610632658, 12.399999722838402, 5.481548549256859)
(16.4199996329844, 17.77999960258603, 2.708926430345461)
(12.719999715685844, 12.659999717026949, 0.22843662413932875)
(12.719999715685844, 12.659999717026949, 0.22843937222048394)
(12.719999715685844, 12.659999717026949, 0.22843522122468155)
(12.719999715685844, 12.659999717026949, 0.22818044622596795)
(17.03999961912632, 17.959999598562717, 4.321021960204413)
(13.239999704062939, 16.439999632537365, 5.607698473009206)
(17.53999960795045, 15.619999650865793, 5.89255951751887)
(17.53999960795045, 15.619999650865793, 5.892237692369431)
(17.53999960795045, 15.619999650865793, 5.892252666618644)
(16.819999624043703, 17.23999961465597, 2.4354278406352994)
(18.379999589174986, 12.19999972730875, 1.5457899987726405)
(18.379999589174986, 12.19999972730875, 1.545564718321094)
(10.819999758154154, 14.379999678581953, 5.283964628702034)
(17.059999618679285, 15.679999649524689, 0.657657909806999)
(18.23999959230423, 17.19999961555004, 3.0519558989662605)
(18.23999959230423, 17.19999961555004, 3.0517813398022042)
(18.23999959230423, 17.19999961555004, 3.051773056021925)
(18.23999959230423, 17.19999961555004, 3.051748382279439)
(18.23999959230423, 17.19999961555004, 3.0518080372909018)
(18.23999959230423, 17.19999961555004, 3.0518403293488747)
(18.23999959230423, 17.19999961555004, 3.0517780667331884)
(17.479999609291553, 18.1999995931983, 2.5170081786568317)
(17.479999609291553, 18.1999995931983, 2.51710696770253)
(17.479999609291553, 18.1999995931983, 2.516985391525481)
(17.479999609291553, 18.1999995931983, 2.516883117266493)
(12.439999721944332, 14.6399996727705, 5.4856303247876115)
(12.439999721944332, 14.6399996727705, 5.485550337542888)
(12.439999721944332, 14.6399996727705, 5.48554678875939)
(12.439999721944332, 14.6399996727705, 5.485383313025539)
(12.439999721944332, 14.6399996727705, 5.4854378799093455)
(12.439999721944332, 14.6399996727705, 5.485445215243115)
(18.259999591857195, 11.779999736696482, 0.6629627040283014)
(18.259999591857195, 11.779999736696482, 0.6628516805746654)
(18.259999591857195, 11.779999736696482, 0.6628949654815283)
(18.259999591857195, 11.779999736696482, 0.6628337580582948)
(18.259999591857195, 11.779999736696482, 0.6629809942523561)
(18.259999591857195, 11.779999736696482, 0.6629485314863001)
(18.259999591857195, 11.779999736696482, 0.6629835258236793)
(18.259999591857195, 11.779999736696482, 0.663121397678121)
(18.579999584704638, 16.37999963387847, 2.6189124901578023)
(18.579999584704638, 16.37999963387847, 2.618907333334455)
(18.579999584704638, 16.37999963387847, 2.6187738676367)
(15.939999643713236, 16.399999633431435, 3.9408840625292836)
(18.27999959141016, 13.959999687969685, 6.17861909311002)
(18.27999959141016, 13.959999687969685, 6.178351377158252)
(18.27999959141016, 13.959999687969685, 6.178508970434656)
(18.27999959141016, 13.959999687969685, 6.178483347452598)
(17.419999610632658, 12.399999722838402, 5.4812865448095325)
(17.419999610632658, 12.399999722838402, 5.481554682387197)
(16.4199996329844, 17.77999960258603, 2.708931043999798)
(12.719999715685844, 12.659999717026949, 0.22846640211578526)
(12.719999715685844, 12.659999717026949, 0.2284257365347181)
(12.719999715685844, 12.659999717026949, 0.22845871167241827)
(12.719999715685844, 12.659999717026949, 0.22815926017765134)
(17.03999961912632, 17.959999598562717, 4.3209853354939245)
(13.239999704062939, 16.439999632537365, 5.607715200322076)
(17.53999960795045, 15.619999650865793, 5.89254878007693)
(17.53999960795045, 15.619999650865793, 5.892242558022695)
(17.53999960795045, 15.619999650865793, 5.892215010536784)
(16.819999624043703, 17.23999961465597, 2.4354537750648344)
(18.379999589174986, 12.19999972730875, 1.5457821981729831)
(18.379999589174986, 12.19999972730875, 1.5455612819347446)
(10.819999758154154, 14.379999678581953, 5.283950583821788)
(17.059999618679285, 15.679999649524689, 0.6576435443908393)
(18.23999959230423, 17.19999961555004, 3.0519436877599118)
(18.23999959230423, 17.19999961555004, 3.0517758539314506)
(18.23999959230423, 17.19999961555004, 3.0517803849143474)
(18.23999959230423, 17.19999961555004, 3.051730315912533)
(18.23999959230423, 17.19999961555004, 3.0517973440995245)
(18.23999959230423, 17.19999961555004, 3.0518128098663464)
(18.23999959230423, 17.19999961555004, 3.0517666554749447)
(17.479999609291553, 18.1999995931983, 2.5169965934634484)
(17.479999609291553, 18.1999995931983, 2.517093743920335)
(17.479999609291553, 18.1999995931983, 2.517013479025802)
(17.479999609291553, 18.1999995931983, 2.516890544514599)
(12.439999721944332, 14.6399996727705, 5.485614711931755)
(12.439999721944332, 14.6399996727705, 5.485575357677393)
(12.439999721944332, 14.6399996727705, 5.48553425401884)
(12.439999721944332, 14.6399996727705, 5.485360134432627)
(12.439999721944332, 14.6399996727705, 5.485413549527224)
(12.439999721944332, 14.6399996727705, 5.4854689692628025)
(18.259999591857195, 11.779999736696482, 0.6629909054494103)
(18.259999591857195, 11.779999736696482, 0.6628344612604686)
(18.259999591857195, 11.779999736696482, 0.6628862446474375)
(18.259999591857195, 11.779999736696482, 0.6627941458594007)
(18.259999591857195, 11.779999736696482, 0.6629353744621611)
(18.259999591857195, 11.779999736696482, 0.6629267874138394)
(18.259999591857195, 11.779999736696482, 0.6629566217934998)
(18.259999591857195, 11.779999736696482, 0.6631167359154514)
(18.579999584704638, 16.37999963387847, 2.6189347157594804)
(18.579999584704638, 16.37999963387847, 2.6188790566662905)
(18.579999584704638, 16.37999963387847, 2.618756330649671)
(15.939999643713236, 16.399999633431435, 3.940883829566807)
(18.27999959141016, 13.959999687969685, 6.178661562296195)
(18.27999959141016, 13.959999687969685, 6.178307762189158)
(18.27999959141016, 13.959999687969685, 6.178576810476859)
(18.27999959141016, 13.959999687969685, 6.178518838167876)
(17.419999610632658, 12.399999722838402, 5.481260087886998)
(17.419999610632658, 12.399999722838402, 5.481541445749594)
(16.4199996329844, 17.77999960258603, 2.7089579379134303)
(12.719999715685844, 12.659999717026949, 0.22844540494790277)
(12.719999715685844, 12.659999717026949, 0.22843347441475212)
(12.719999715685844, 12.659999717026949, 0.22849062617088078)
(12.719999715685844, 12.659999717026949, 0.2281332429056513)
(17.03999961912632, 17.959999598562717, 4.320985522545107)
(13.239999704062939, 16.439999632537365, 5.607680493814213)
(17.53999960795045, 15.619999650865793, 5.892555361521368)
(17.53999960795045, 15.619999650865793, 5.892202790935499)
(17.53999960795045, 15.619999650865793, 5.892186717056983)
(16.819999624043703, 17.23999961465597, 2.4354646640188418)
(18.379999589174986, 12.19999972730875, 1.5457987774367439)
(18.379999589174986, 12.19999972730875, 1.545623113585681)
(10.819999758154154, 14.379999678581953, 5.2839104390653535)
(17.059999618679285, 15.679999649524689, 0.6576478499518481)
(18.23999959230423, 17.19999961555004, 3.0519411313965445)
(18.23999959230423, 17.19999961555004, 3.0517808651453926)
(18.23999959230423, 17.19999961555004, 3.0518023009883977)
(18.23999959230423, 17.19999961555004, 3.0517719100120217)
(18.23999959230423, 17.19999961555004, 3.051797980495072)
(18.23999959230423, 17.19999961555004, 3.0518310599724234)
(18.23999959230423, 17.19999961555004, 3.0517397464518403)
(17.479999609291553, 18.1999995931983, 2.5170137766720297)
(17.479999609291553, 18.1999995931983, 2.517078900299407)
(17.479999609291553, 18.1999995931983, 2.517039446269357)
(17.479999609291553, 18.1999995931983, 2.5169022536637713)
(12.439999721944332, 14.6399996727705, 5.4856050849597615)
(12.439999721944332, 14.6399996727705, 5.4855295035771325)
(12.439999721944332, 14.6399996727705, 5.485509965999713)
(12.439999721944332, 14.6399996727705, 5.485349177981887)
(12.439999721944332, 14.6399996727705, 5.485430219078475)
(12.439999721944332, 14.6399996727705, 5.485449862701698)
(18.259999591857195, 11.779999736696482, 0.6630164794692096)
(18.259999591857195, 11.779999736696482, 0.6628243613114901)
(18.259999591857195, 11.779999736696482, 0.6628826241604315)
(18.259999591857195, 11.779999736696482, 0.6628541767966609)
(18.259999591857195, 11.779999736696482, 0.6629534167213846)
(18.259999591857195, 11.779999736696482, 0.6628909592032238)
(18.259999591857195, 11.779999736696482, 0.6629433573341296)
(18.259999591857195, 11.779999736696482, 0.6631520552974757)
(18.579999584704638, 16.37999963387847, 2.6189783863024014)
(18.579999584704638, 16.37999963387847, 2.61888986070738)
(18.579999584704638, 16.37999963387847, 2.618793687741532)
(15.939999643713236, 16.399999633431435, 3.9408914304703675)
(18.27999959141016, 13.959999687969685, 6.1786578458363355)
(18.27999959141016, 13.959999687969685, 6.17831888718131)
(18.27999959141016, 13.959999687969685, 6.178594576725494)
(18.27999959141016, 13.959999687969685, 6.178498108888472)
(17.419999610632658, 12.399999722838402, 5.481227777049988)
(17.419999610632658, 12.399999722838402, 5.481519734788807)
(16.4199996329844, 17.77999960258603, 2.7089633154186603)
(12.719999715685844, 12.659999717026949, 0.22846347392586439)
(12.719999715685844, 12.659999717026949, 0.2284388322235742)
(12.719999715685844, 12.659999717026949, 0.22849435679622418)
(12.719999715685844, 12.659999717026949, 0.2281787227552626)
(17.03999961912632, 17.959999598562717, 4.3209538784338735)
(13.239999704062939, 16.439999632537365, 5.60769550078151)
(17.53999960795045, 15.619999650865793, 5.892568225298897)
(17.53999960795045, 15.619999650865793, 5.892240946963061)
(17.53999960795045, 15.619999650865793, 5.89218343179254)
(16.819999624043703, 17.23999961465597, 2.435444376681078)
(18.379999589174986, 12.19999972730875, 1.5457739755156712)
(18.379999589174986, 12.19999972730875, 1.545644962161582)
(10.819999758154154, 14.379999678581953, 5.283879923774045)
(17.059999618679285, 15.679999649524689, 0.6576539963313952)
(18.23999959230423, 17.19999961555004, 3.05195083147677)
(18.23999959230423, 17.19999961555004, 3.051793546570056)
(18.23999959230423, 17.19999961555004, 3.051840292281835)
(18.23999959230423, 17.19999961555004, 3.051780753914782)
(18.23999959230423, 17.19999961555004, 3.0517900142133256)
(18.23999959230423, 17.19999961555004, 3.0518039175718417)
(18.23999959230423, 17.19999961555004, 3.051692480106309)
(17.479999609291553, 18.1999995931983, 2.5170093391156088)
(17.479999609291553, 18.1999995931983, 2.5170816331773986)
(17.479999609291553, 18.1999995931983, 2.517063827236042)
(17.479999609291553, 18.1999995931983, 2.516888290090362)
(12.439999721944332, 14.6399996727705, 5.485583069476649)
(12.439999721944332, 14.6399996727705, 5.485551579350853)
(12.439999721944332, 14.6399996727705, 5.485525391709588)
(12.439999721944332, 14.6399996727705, 5.485331012190101)
(12.439999721944332, 14.6399996727705, 5.485479425187894)
(12.439999721944332, 14.6399996727705, 5.485457498254978)
(18.259999591857195, 11.779999736696482, 0.663013579625625)
(18.259999591857195, 11.779999736696482, 0.6628273015739472)
(18.259999591857195, 11.779999736696482, 0.6628746165778976)
(18.259999591857195, 11.779999736696482, 0.6628157352498318)
(18.259999591857195, 11.779999736696482, 0.6629550579646306)
(18.259999591857195, 11.779999736696482, 0.6629132702875145)
(18.259999591857195, 11.779999736696482, 0.6629402883012587)
(18.259999591857195, 11.779999736696482, 0.6631171745282448)
(18.579999584704638, 16.37999963387847, 2.6189627883773148)
(18.579999584704638, 16.37999963387847, 2.6188940763561406)
(18.579999584704638, 16.37999963387847, 2.6187914720619827)
(15.939999643713236, 16.399999633431435, 3.9409036899821257)
(18.27999959141016, 13.959999687969685, 6.17867502977242)
(18.27999959141016, 13.959999687969685, 6.1783150825707125)
(18.27999959141016, 13.959999687969685, 6.178553555706113)
(18.27999959141016, 13.959999687969685, 6.178504621719751)
(17.419999610632658, 12.399999722838402, 5.481239947746508)
(17.419999610632658, 12.399999722838402, 5.481532608375418)
(16.4199996329844, 17.77999960258603, 2.708963988557072)
(12.719999715685844, 12.659999717026949, 0.22845692304717927)
(12.719999715685844, 12.659999717026949, 0.22845250014928012)
(12.719999715685844, 12.659999717026949, 0.22850300119825787)
(12.719999715685844, 12.659999717026949, 0.22816426911097773)
(17.03999961912632, 17.959999598562717, 4.320912308488164)
(13.239999704062939, 16.439999632537365, 5.607696944512204)
(17.53999960795045, 15.619999650865793, 5.8926036385554275)
(17.53999960795045, 15.619999650865793, 5.892261405424297)
(17.53999960795045, 15.619999650865793, 5.89222234116919)
(16.819999624043703, 17.23999961465597, 2.4354547684091563)
(18.379999589174986, 12.19999972730875, 1.5457787034345745)
(18.379999589174986, 12.19999972730875, 1.5455987304007548)
(10.819999758154154, 14.379999678581953, 5.283902735020759)
(17.059999618679285, 15.679999649524689, 0.657621256934638)
(18.23999959230423, 17.19999961555004, 3.051991350254949)
(18.23999959230423, 17.19999961555004, 3.051776344184518)
(18.23999959230423, 17.19999961555004, 3.051821624123346)
(18.23999959230423, 17.19999961555004, 3.051787556720731)
(18.23999959230423, 17.19999961555004, 3.0517739254030225)
(18.23999959230423, 17.19999961555004, 3.051766212700839)
(18.23999959230423, 17.19999961555004, 3.051710598211393)
(17.479999609291553, 18.1999995931983, 2.5169915684678026)
(17.479999609291553, 18.1999995931983, 2.517071127137659)
(17.479999609291553, 18.1999995931983, 2.517104546464121)
(17.479999609291553, 18.1999995931983, 2.516883590552208)
(12.439999721944332, 14.6399996727705, 5.485599760307259)
(12.439999721944332, 14.6399996727705, 5.485515162997969)
(12.439999721944332, 14.6399996727705, 5.485543359468955)
(12.439999721944332, 14.6399996727705, 5.485353455382415)
(12.439999721944332, 14.6399996727705, 5.485504675328098)
(12.439999721944332, 14.6399996727705, 5.485420180372211)
(18.259999591857195, 11.779999736696482, 0.663041905522904)
(18.259999591857195, 11.779999736696482, 0.6628235411774164)
(18.259999591857195, 11.779999736696482, 0.6628422565483703)
(18.259999591857195, 11.779999736696482, 0.6628257623825384)
(18.259999591857195, 11.779999736696482, 0.6629725089458417)
(18.259999591857195, 11.779999736696482, 0.6629173196463232)
(18.259999591857195, 11.779999736696482, 0.6629261700308705)
(18.259999591857195, 11.779999736696482, 0.6631000041846425)
(18.579999584704638, 16.37999963387847, 2.6189455663159484)
(18.579999584704638, 16.37999963387847, 2.618927949900935)
(18.579999584704638, 16.37999963387847, 2.6187850007542193)
(15.939999643713236, 16.399999633431435, 3.940901572481239)
(18.27999959141016, 13.959999687969685, 6.178683534235097)
(18.27999959141016, 13.959999687969685, 6.1783260846228885)
(18.27999959141016, 13.959999687969685, 6.178566662656204)
(18.27999959141016, 13.959999687969685, 6.1785375998521035)
(17.419999610632658, 12.399999722838402, 5.481208564613969)
(17.419999610632658, 12.399999722838402, 5.4815158346208115)
(16.4199996329844, 17.77999960258603, 2.708951026210963)
(12.719999715685844, 12.659999717026949, 0.22848192920194973)
(12.719999715685844, 12.659999717026949, 0.22845208525847766)
(12.719999715685844, 12.659999717026949, 0.22853183929193605)
(12.719999715685844, 12.659999717026949, 0.22817533633370088)
(17.03999961912632, 17.959999598562717, 4.320919483537484)
(13.239999704062939, 16.439999632537365, 5.607694256590697)
(17.53999960795045, 15.619999650865793, 5.892595121529368)
(17.53999960795045, 15.619999650865793, 5.89226459123622)
(17.53999960795045, 15.619999650865793, 5.892270218204512)
(16.819999624043703, 17.23999961465597, 2.435457855396152)
(18.379999589174986, 12.19999972730875, 1.5457950942513234)
(18.379999589174986, 12.19999972730875, 1.545637965924598)
(10.819999758154154, 14.379999678581953, 5.283937402468026)
(17.059999618679285, 15.679999649524689, 0.6576405699739986)
(18.23999959230423, 17.19999961555004, 3.0519927600803016)
(18.23999959230423, 17.19999961555004, 3.051723906273486)
(18.23999959230423, 17.19999961555004, 3.0518422066362505)
(18.23999959230423, 17.19999961555004, 3.0517945170904954)
(18.23999959230423, 17.19999961555004, 3.051761751475937)
(18.23999959230423, 17.19999961555004, 3.0517410617372183)
(18.23999959230423, 17.19999961555004, 3.05174360154555)
(17.479999609291553, 18.1999995931983, 2.51701768350119)
(17.479999609291553, 18.1999995931983, 2.5170617568525704)
(17.479999609291553, 18.1999995931983, 2.517145138485429)
(17.479999609291553, 18.1999995931983, 2.5169200627372956)
(12.439999721944332, 14.6399996727705, 5.485577020393104)
(12.439999721944332, 14.6399996727705, 5.48553850736045)
(12.439999721944332, 14.6399996727705, 5.485521287030223)
(12.439999721944332, 14.6399996727705, 5.485383951200792)
(12.439999721944332, 14.6399996727705, 5.485487729006532)
(12.439999721944332, 14.6399996727705, 5.485401818246198)
(18.259999591857195, 11.779999736696482, 0.6630294988727095)
(18.259999591857195, 11.779999736696482, 0.6628235884793408)
(18.259999591857195, 11.779999736696482, 0.6628343166490187)
(18.259999591857195, 11.779999736696482, 0.6628197917712741)
(18.259999591857195, 11.779999736696482, 0.6629572693036841)
(18.259999591857195, 11.779999736696482, 0.6629381471900107)
(18.259999591857195, 11.779999736696482, 0.6629039069861078)
(18.259999591857195, 11.779999736696482, 0.6630588225636892)
(18.579999584704638, 16.37999963387847, 2.6189136778707334)
(18.579999584704638, 16.37999963387847, 2.618940025746183)
(18.579999584704638, 16.37999963387847, 2.6187922843847082)
