0.00017258761277403744
1.4442830141847714e-07
6.676238006125621e-06
5.1145903325470166e-08
0.048752972439225974
0.0005096674277434015
3.389102429967876e-05
0.0001988228982631267
0.01126058174669165
0.0001688189953781584
0.014932094540985347
0.012129262823702122
2.2322807767630123e-06
6.523404419415182e-07
3.2090175640029125e-05
0.0003250724380405551
0.000747947278913463
0.0065394112852561696
0.0217577010709986
0.000297616942361154
0.003948676719116143
0.000542796289833299
0.002934497249325724
0.004872458279199385
0.023761107939076098
0.00018876843071756819
0.0008195643220975097
0.0015187528247428942
2.813341247065048e-06
0.00025539316763791405
0.0001851539080000258
5.950494884545901e-06
0.0013311226817652939
8.785083385845891e-06
0.00011996542726400489
0.00017852918461752697
1.2489942464166807e-05
3.99455617187469e-07
0.0021734107273182583
0.0005001591091925565
1.999511072762198e-05
0.027281075489518955
0.00016079755063766365
2.061502285503857e-05
0.0005686992883178744
9.499989047459502e-06
0.00044939395880418326
0.0011341268137745602
0.00395900591711508
0.00032152872515479056
0.0036523716527147067
0.00284421657300744
5.056105151544777e-07
3.804441507217398e-05
9.857188338726266e-05
0.0003460440059857328
1.0570365281632028e-05
1.2641994081608859e-05
0.011668586447097078
0.0001451956033075026
4.132673171218631e-07
5.6913069519937525e-05
0.010378132199446706
0.027471810378111052
0.003484556749011793
0.02679043023123618
3.1829476166633815e-05
0.008929092204215446
2.7963603551417635e-08
0.013540695728203744
1.0259403568776376e-06
7.809049891175584e-07
1.262122324099711e-06
0.010297756036973313
0.02095339480153025
3.30173748844773e-08
8.646392100815153e-09
1.5089043758138478e-05
8.46759587656654e-05
5.849381588980078e-05
0.00374945359651999
0.0006713372760385852
0.0001380863313523746
5.369168013241343e-05
0.049925351673328525
0.0001756827171306132
0.0017819462121476171
4.4586498861849903e-05
8.524446872806134e-08
0.0002448256236426346
0.0005972133178123649
0.0037367725668913158
0.00014691141370370576
0.0006216490607779402
0.00024650497694152793
1.881442392856879e-05
0.015729311373930986
0.0003648919621128665
3.989053507594215e-05
9.6313221024513e-09
1.4858070596847191e-05
0.00092379537419196
0.0012851239420334768
0.020585642125086012
0.0012286541436458361
0.014579277502169488
5.704460545257743e-05
0.043831130488342654
0.00031920302040874327
5.8529835586072876e-05
0.00020258400953591688
0.002987618242672303
0.0014484901959162157
0.00015775200752202824
0.034231562384552605
0.0001875066072397728
0.0001761583794519928
0.0006689326357980559
0.04542123694431417
0.00016079755063766365
0.013129394504040902
0.00010949663712736672
1.690980926716746e-05
0.002786875556158585
2.9961009452255764e-05
8.510062337847144e-06
0.00018881142902751313
2.3824319508382233e-05
0.0002189207964237309
0.010752969470503271
0.00031160976278122194
0.00018112413135241292
0.0002498373668386109
0.0003128074720221751
0.008492860942204146
8.130327682558794e-07
0.0007639252619743448
0.00453323501821298
7.940386634276249e-07
9.65744634673676e-07
0.0004380328730200499
6.554947306474214e-05
3.6343253534659264e-05
0.002515629016519561
0.044572009793643536
0.001667982231499121
9.097584369573388e-07
0.045747967284646904
1.7195028060719557e-06
0.0017943203066209587
0.0007944598339520534
0.0421517636046426
0.00021517989335747227
6.385573474634371e-05
0.0002597538589513038
0.009160297226935786
0.006624579589228642
0.00020721552046529392
0.000591817517044395
0.0006338878350015657
7.972240791582484e-05
0.00021488594109566052
8.770348576151774e-06
0.00016079755063766365
2.0662033762982322e-05
0.008560636970652655
2.280336779250748e-05
0.0007514153719283645
1.4357642499405523e-05
0.0009610167151281171
0.03880030267783973
5.939765207676466e-07
4.821911883334661e-05
0.00026126207957421333
1.9435417565069394e-06
9.926918346628138e-06
4.3145854760918484e-06
0.0005515990650619391
0.0006612271607773843
0.0007640670674426705
0.00018966473359235213
0.0007156036607993414
0.05121930549370262
0.008186548271212053
0.009413232516055593
0.01641650282475705
0.0002723509707375409
0.00016071191979336714
0.00016079755063766365
0.002125296085320509
4.774168666988845e-05
0.002507377800403886
0.036148104788935154
0.00021608446149372045
0.0005778409201941525
0.00041701968635923326
0.002754778612427251
5.841225892374593e-06
0.032049914320835066
0.0019799255910745613
2.9626390908954357e-05
0.008377174514516375
0.008377174514516375
0.008377174514516375
0.008377174514516375
0.008377174514516375
0.008377174514516375
0.008377174514516375
0.008377174514516375
0.008377174514516375
0.0019420514730352654
0.0019420514730352654
0.0019420514730352654
0.0025676142846214087
0.0025676142846214087
0.0025676142846214087
0.002084788050887041
0.002084788050887041
0.0011228195105490925
0.0011228195105490925
0.003749496648633348
0.003749496648633348
0.003749496648633348
0.003749496648633348
0.0006781446667537537
0.0005051018558921304
0.000842897159833221
0.004088394654269295
0.004088394654269295
0.004088394654269295
0.004088394654269295
0.00026086641955505905
0.00037371483127277553
0.004698567128141169
0.004698567128141169
0.004698567128141169
0.004698567128141169
0.004698567128141169
0.00019519028838135992
5.538493868188553e-05
0.0004898825531222575
0.002004374398985692
0.002004374398985692
0.0017900588391101108
0.0017900588391101108
0.004785847644858689
0.00472227932664886
0.00472227932664886
0.00472227932664886
0.004785847644858689
0.004785847644858689
0.000599514407477217
0.0046118256356324095
0.0046118256356324095
0.0046118256356324095
0.0046118256356324095
0.0046118256356324095
0.0015355193992647182
0.0015355193992647182
0.00233291016082373
0.00233291016082373
0.0017713525864152153
0.0017713525864152153
0.0036081779892880874
0.0036081779892880874
0.0036081779892880874
0.0036081779892880874
0.0036081779892880874
0.00011535179333572483
0.008575313547541125
0.008575313547541125
0.008575313547541125
0.008575313547541125
0.008575313547541125
0.008575313547541125
0.008575313547541125
0.008575313547541125
0.008575313547541125
0.008575313547541125
0.0006421543106555326
0.002704548320568941
0.002704548320568941
0.002704548320568941
0.00015868028633486897
0.0035359561381452342
0.0035359561381452342
0.0035359561381452342
0.0035359561381452342
0.002505468211384091
0.002505468211384091
0.002505468211384091
0.007535976097267334
0.007535976097267334
0.007535976097267334
0.007535976097267334
0.007535976097267334
0.007535976097267334
0.007535976097267334
0.007535976097267334
0.007535976097267334
0.0005150595414756187
0.005894619247061067
0.005894619247061067
0.005894619247061067
0.005894619247061067
0.005894619247061067
0.005894619247061067
0.005894619247061067
0.007793625544198482
0.007793625544198482
0.007793625544198482
0.007793625544198482
0.007793625544198482
0.007793625544198482
0.007793625544198482
0.007793625544198482
0.007793625544198482
0.002251482533807931
0.002251482533807931
0.002251482533807931
0.0018518922033392295
0.0018518922033392295
0.0018518922033392295
0.001456790910783047
0.0001313267062788253
7.525606153550534e-05
0.007663224405742472
0.007663224405742472
0.007663224405742472
0.007663224405742472
0.007663224405742472
0.007663224405742472
0.007663224405742472
0.007663224405742472
0.007663224405742472
0.007861795128120783
0.007861795128120783
0.007861795128120783
0.007861795128120783
0.007861795128120783
0.007861795128120783
0.007861795128120783
0.007861795128120783
0.007861795128120783
0.007861795128120783
0.007241658315486972
0.007241658315486972
0.007241658315486972
0.007241658315486972
0.007241658315486972
0.007241658315486972
0.007241658315486972
0.007241658315486972
1.1035263037589552e-05
0.0015714492147717474
0.0011388407739788815
0.0011388407739788815
0.0014733933943186519
0.0014733933943186519
0.0066625410100680914
0.0066625410100680914
0.0066625410100680914
0.0066625410100680914
0.0066625410100680914
0.0066625410100680914
0.0066625410100680914
0.0066625410100680914
0.00012272484847263606
0.008796640155568563
0.008796640155568563
0.008796640155568563
0.008796640155568563
0.008796640155568563
0.008796640155568563
0.008796640155568563
0.008796640155568563
0.008796640155568563
0.008796640155568563
0.0014064412994659074
0.0016190772664020088
0.0016190772664020088
0.002820798365235277
0.002820798365235277
0.002820798365235277
0.002820798365235277
0.00043145899453167144
0.006214398271619393
0.006214398271619393
0.006214398271619393
0.006214398271619393
0.006214398271619393
0.006214398271619393
0.006214398271619393
0.00047401504922125494
0.0055137439764142765
0.0055137439764142765
0.0055137439764142765
0.0055137439764142765
0.0055137439764142765
0.0055137439764142765
2.9826252134403517e-05
0.008370795428041563
0.008370795428041563
0.008370795428041563
0.008370795428041563
0.008370795428041563
0.008370795428041563
0.008370795428041563
0.008370795428041563
0.008370795428041563
0.0019484075296495196
0.0019484075296495196
0.0019484075296495196
0.002579003337404208
0.002579003337404208
0.002579003337404208
0.0020921398302033998
0.0020921398302033998
0.0011269033560251096
0.0011269033560251096
0.003755482565046167
0.003755482565046167
0.003755482565046167
0.003755482565046167
0.0006812233960649669
0.000506093818762093
0.0008478253549127806
0.004086721031155655
0.004086721031155655
0.004086721031155655
0.004086721031155655
0.0002624330876539637
0.0003727084198302268
0.004703546499248164
0.004703546499248164
0.004703546499248164
0.004703546499248164
0.004703546499248164
0.0001966107161178226
5.579057709013895e-05
0.000492846856649843
0.002012082149237075
0.002012082149237075
0.0017942565839790996
0.0017942565839790996
0.004795900419397446
0.00473236853580674
0.00473236853580674
0.004795900419397446
0.00473236853580674
0.00473236853580674
0.0006028597379188265
0.004618664296202777
0.004618664296202777
0.004618664296202777
0.004618664296202777
0.004618664296202777
0.001542910162488721
0.001542910162488721
0.0023386337790101586
0.0023386337790101586
0.0017719996049954789
0.0017719996049954789
0.0036099148453393654
0.0036099148453393654
0.0036099148453393654
0.0036099148453393654
0.0036099148453393654
0.00011607839268413005
0.008571858606847277
0.008571858606847277
0.008571858606847277
0.008571858606847277
0.008571858606847277
0.008571858606847277
0.008571858606847277
0.008571858606847277
0.008571858606847277
0.008571858606847277
0.0006457098059081353
0.0027090865028203334
0.0027090865028203334
0.0027090865028203334
0.0001589962884850185
0.0035462485841558965
0.0035462485841558965
0.0035462485841558965
0.0035462485841558965
0.002513309626240216
0.002513309626240216
0.002513309626240216
0.007535420761257302
0.007535420761257302
0.007535420761257302
0.007535420761257302
0.007535420761257302
0.007535420761257302
0.007535420761257302
0.007535420761257302
0.007535420761257302
0.0005181345966536991
0.005902166563189647
0.005902166563189647
0.005902166563189647
0.005902166563189647
0.005902166563189647
0.005902166563189647
0.005902166563189647
0.007772122333027875
0.007772122333027875
0.007772122333027875
0.007772122333027875
0.007772122333027875
0.007772122333027875
0.007772122333027875
0.007772122333027875
0.007772122333027875
0.0022409011436760004
0.0022409011436760004
0.0022409011436760004
0.0018519805882335498
0.0018519805882335498
0.0018519805882335498
0.0014541666291341046
0.00013220403537264543
7.579381515202747e-05
0.007660856711353285
0.007660856711353285
0.007660856711353285
0.007660856711353285
0.007660856711353285
0.007660856711353285
0.007660856711353285
0.007660856711353285
0.007660856711353285
0.00785497705919474
0.00785497705919474
0.00785497705919474
0.00785497705919474
0.00785497705919474
0.00785497705919474
0.00785497705919474
0.00785497705919474
0.00785497705919474
0.00785497705919474
0.007249377306880938
0.007249377306880938
0.007249377306880938
0.007249377306880938
0.007249377306880938
0.007249377306880938
0.007249377306880938
0.007249377306880938
1.1180046856267293e-05
0.0015731253113310593
0.0011388980916534654
0.0011388980916534654
0.0014752420298943876
0.0014752420298943876
0.006669801992976787
0.006669801992976787
0.006669801992976787
0.006669801992976787
0.006669801992976787
0.006669801992976787
0.006669801992976787
0.006669801992976787
0.00012307440968811474
0.008786491861887933
0.008786491861887933
0.008786491861887933
0.008786491861887933
0.008786491861887933
0.008786491861887933
0.008786491861887933
0.008786491861887933
0.008786491861887933
0.008786491861887933
0.0014126022412293655
0.0016267258649663313
0.0016267258649663313
0.002817438664860405
0.002817438664860405
0.002817438664860405
0.002817438664860405
0.0004328199927961112
0.006217099240502562
0.006217099240502562
0.006217099240502562
0.006217099240502562
0.006217099240502562
0.006217099240502562
0.006217099240502562
0.00047503100577540636
0.005512570358141251
0.005512570358141251
0.005512570358141251
0.005512570358141251
0.005512570358141251
0.005512570358141251
3.013213631374312e-05
0.00834837395038163
0.00834837395038163
0.00834837395038163
0.00834837395038163
0.00834837395038163
0.00834837395038163
0.00834837395038163
0.00834837395038163
0.00834837395038163
0.0019588695651236335
0.0019588695651236335
0.0019588695651236335
0.002584546753645704
0.002584546753645704
0.002584546753645704
0.0021043958606674295
0.0021043958606674295
0.0011337105779470633
0.0011337105779470633
0.003760857031269784
0.003760857031269784
0.003760857031269784
0.003760857031269784
0.0006855227620566447
0.000512924728406647
0.0008481599746549465
0.004099544689254552
0.004099544689254552
0.004099544689254552
0.004099544689254552
0.0002639078712355429
0.0003770490596062077
0.004707084767504029
0.004707084767504029
0.004707084767504029
0.004707084767504029
0.004707084767504029
0.00019851778709462314
5.666419980840891e-05
0.0004980859983231711
0.0020175658584839673
0.0020175658584839673
0.0018023801859503273
0.0018023801859503273
0.004811133574554765
0.0047476556483995805
0.004811133574554765
0.004811133574554765
0.0047476556483995805
0.0047476556483995805
0.0006083226926106442
0.004632209400191455
0.004632209400191455
0.004632209400191455
0.004632209400191455
0.004632209400191455
0.0015506951974674854
0.0015506951974674854
0.0023533939762764564
0.0023533939762764564
0.00178813020034972
0.00178813020034972
0.0036204565890365654
0.0036204565890365654
0.0036204565890365654
0.0036204565890365654
0.0036204565890365654
0.0001172512587385602
0.008552168983241425
0.008552168983241425
0.008552168983241425
0.008552168983241425
0.008552168983241425
0.008552168983241425
0.008552168983241425
0.008552168983241425
0.008552168983241425
0.008552168983241425
0.0006488445503994651
0.002729887518853993
0.002729887518853993
0.002729887518853993
0.0001616972014788548
0.0035516693023848293
0.0035516693023848293
0.0035516693023848293
0.0035516693023848293
0.0025267483689089447
0.0025267483689089447
0.0025267483689089447
0.0075267454361018955
0.0075267454361018955
0.0075267454361018955
0.0075267454361018955
0.0075267454361018955
0.0075267454361018955
0.0075267454361018955
0.0075267454361018955
0.0075267454361018955
0.0005238645537689442
0.005893904728793084
0.005893904728793084
0.005893904728793084
0.005893904728793084
0.005893904728793084
0.005893904728793084
0.005893904728793084
0.007771767782847014
0.007771767782847014
0.007771767782847014
0.007771767782847014
0.007771767782847014
0.007771767782847014
0.007771767782847014
0.007771767782847014
0.007771767782847014
0.0022566293254475504
0.0022566293254475504
0.0022566293254475504
0.0018629941891630402
0.0018629941891630402
0.0018629941891630402
0.001470373769617172
0.00013351502660791461
7.639298116647371e-05
0.007647099398011624
0.007647099398011624
0.007647099398011624
0.007647099398011624
0.007647099398011624
0.007647099398011624
0.007647099398011624
0.007647099398011624
0.007647099398011624
0.007843830301436422
0.007843830301436422
0.007843830301436422
0.007843830301436422
0.007843830301436422
0.007843830301436422
0.007843830301436422
0.007843830301436422
0.007843830301436422
0.007843830301436422
0.007243703760899517
0.007243703760899517
0.007243703760899517
0.007243703760899517
0.007243703760899517
0.007243703760899517
0.007243703760899517
0.007243703760899517
1.1305399438702417e-05
0.0015872341589545558
0.0011518138107114559
0.0011518138107114559
0.0014893822093111362
0.0014893822093111362
0.00666595713248841
0.00666595713248841
0.00666595713248841
0.00666595713248841
0.00666595713248841
0.00666595713248841
0.00666595713248841
0.00666595713248841
0.0001248423276535204
0.008756913403329675
0.008756913403329675
0.008756913403329675
0.008756913403329675
0.008756913403329675
0.008756913403329675
0.008756913403329675
0.008756913403329675
0.008756913403329675
0.008756913403329675
0.0014177746611763549
0.0016357657511180644
0.0016357657511180644
0.0028380080607333822
0.0028380080607333822
0.0028380080607333822
0.0028380080607333822
0.00043886361049787497
0.006230399676935101
0.006230399676935101
0.006230399676935101
0.006230399676935101
0.006230399676935101
0.006230399676935101
0.006230399676935101
0.00048165999694953
0.005519289518833223
0.005519289518833223
0.005519289518833223
0.005519289518833223
0.005519289518833223
0.005519289518833223
2.9229057102362143e-05
0.008382203252517638
0.008382203252517638
0.008382203252517638
0.008382203252517638
0.008382203252517638
0.008382203252517638
0.008382203252517638
0.008382203252517638
0.008382203252517638
0.0019497213257717396
0.0019497213257717396
0.0019497213257717396
0.0025553675316425588
0.0025553675316425588
0.0025553675316425588
0.0020735888134798537
0.0020735888134798537
0.0011135145729297532
0.0011135145729297532
0.003766896807370663
0.003766896807370663
0.003766896807370663
0.003766896807370663
0.0006721476469422771
0.0005046006161755707
0.0008510682907528381
0.00409963533057173
0.00409963533057173
0.00409963533057173
0.00409963533057173
0.00025821573714452034
0.00037461445829145616
0.004716736573358522
0.004716736573358522
0.004716736573358522
0.004716736573358522
0.004716736573358522
0.00019378496159292759
5.505297154239624e-05
0.0004880001328237629
0.0019906552472255686
0.0019906552472255686
0.0017999813640109646
0.0017999813640109646
0.004771806473986576
0.004708171018927824
0.004771806473986576
0.004771806473986576
0.004771806473986576
0.004708171018927824
0.0005959895207193457
0.004619598873303522
0.004619598873303522
0.004619598873303522
0.004619598873303522
0.004619598873303522
0.0015270895867419032
0.0015270895867419032
0.0023378421889975374
0.0023378421889975374
0.0017713872763886569
0.0017713872763886569
0.003621850244184433
0.003621850244184433
0.003621850244184433
0.003621850244184433
0.003621850244184433
0.00011415717819144735
0.008567359619947769
0.008567359619947769
0.008567359619947769
0.008567359619947769
0.008567359619947769
0.008567359619947769
0.008567359619947769
0.008567359619947769
0.008567359619947769
0.008567359619947769
0.0006368977147007456
0.002697940338465064
0.002697940338465064
0.002697940338465064
0.00015756379097951783
0.003516155153007782
0.003516155153007782
0.003516155153007782
0.003516155153007782
0.0024923231800801056
0.0024923231800801056
0.0024923231800801056
0.007543985655092277
0.007543985655092277
0.007543985655092277
0.007543985655092277
0.007543985655092277
0.007543985655092277
0.007543985655092277
0.007543985655092277
0.007543985655092277
0.0005143502738096048
0.005915278328196603
0.005915278328196603
0.005915278328196603
0.005915278328196603
0.005915278328196603
0.005915278328196603
0.005915278328196603
0.007785085154618677
0.007785085154618677
0.007785085154618677
0.007785085154618677
0.007785085154618677
0.007785085154618677
0.007785085154618677
0.007785085154618677
0.007785085154618677
0.0022482602953276874
0.0022482602953276874
0.0022482602953276874
0.0018595615707838536
0.0018595615707838536
0.0018595615707838536
0.001449491072613684
0.00013008185907729378
7.440447324683881e-05
0.007674110896031064
0.007674110896031064
0.007674110896031064
0.007674110896031064
0.007674110896031064
0.007674110896031064
0.007674110896031064
0.007674110896031064
0.007674110896031064
0.007868406136495174
0.007868406136495174
0.007868406136495174
0.007868406136495174
0.007868406136495174
0.007868406136495174
0.007868406136495174
0.007868406136495174
0.007868406136495174
0.007868406136495174
0.007223961241054834
0.007223961241054834
0.007223961241054834
0.007223961241054834
0.007223961241054834
0.007223961241054834
0.007223961241054834
0.007223961241054834
1.0992947287574875e-05
0.0015590278456166307
0.0011370995625608496
0.0011370995625608496
0.0014739096633735957
0.0014739096633735957
0.006637066241805683
0.006637066241805683
0.006637066241805683
0.006637066241805683
0.006637066241805683
0.006637066241805683
0.006637066241805683
0.006637066241805683
0.00012127891660482434
0.008795868638197025
0.008795868638197025
0.008795868638197025
0.008795868638197025
0.008795868638197025
0.008795868638197025
0.008795868638197025
0.008795868638197025
0.008795868638197025
0.008795868638197025
0.001396176435558098
0.0016110158311752351
0.0016110158311752351
0.0028191191220193366
0.0028191191220193366
0.0028191191220193366
0.0028191191220193366
0.0004300333737843603
0.006211950599084036
0.006211950599084036
0.006211950599084036
0.006211950599084036
0.006211950599084036
0.006211950599084036
0.006211950599084036
0.00047300139604068383
0.005527132570820239
0.005527132570820239
0.005527132570820239
0.005527132570820239
0.005527132570820239
0.005527132570820239
