0.2907102108
0.362267971039
0.305078983307
0.29151892662
0.257771015167
0.359106063843
0.366761922836
0.310719013214
0.26516699791
0.300325870514
0.412197113037
0.386619091034
0.358384847641
0.358058929443
0.292311906815
0.332669019699
0.282914161682
0.352719068527
0.281034231186
0.235322952271
0.222800970078
0.232062101364
0.247005939484
0.198762893677
0.226285934448
0.254904031754
0.286152839661
0.253490924835
0.260053873062
0.221590995789
0.228733062744
0.239382982254
0.252727031708
0.221410989761
0.221286058426
0.203378915787
0.18887090683
0.226980924606
0.201009988785
0.238898038864
0.198033094406
0.201634883881
0.188513040543
0.205835103989
0.219331979752
0.189693927765
0.179888010025
0.198568105698
0.226230144501
0.185380935669
0.232450962067
0.223438978195
0.192810058594
0.240533828735
0.165729045868
0.190642118454
0.154909849167
0.161720991135
0.137844800949
0.200655937195
0.205414056778
0.22568488121
0.221884965897
0.230512142181
0.180133104324
0.24697804451
0.140439033508
0.187083959579
0.248499155045
0.20688700676
0.165646076202
0.196249008179
0.20027089119
0.187181949615
0.153094053268
0.179925918579
0.219753980637
0.172079086304
0.173705101013
0.212484836578
0.177510023117
0.166033983231
0.180794000626
0.191138982773
0.218225955963
0.224036931992
0.222723960876
0.230406045914
0.196545124054
0.244743824005
0.256058931351
0.211620092392
0.175740003586
0.219164848328
0.124175071716
0.217516899109
0.219791889191
0.241884946823
0.190258979797
0.193686008453
0.182252168655
0.197882890701
0.221812009811
0.203546047211
0.276268959045
0.253130912781
0.202391147614
0.200092077255
0.223250150681
0.210923194885
0.19845700264
0.211722135544
0.171705007553
0.228950023651
0.218979120255
0.212027072906
0.183735847473
0.202535867691
0.184587955475
0.207631826401
0.169107198715
0.122089147568
0.223690032959
0.246381998062
0.138756990433
0.153277873993
0.166332960129
0.188333034515
0.155916929245
0.19217300415
0.153474092484
0.16282582283
0.109881162643
0.136298179626
0.157428026199
0.169034957886
0.114561080933
0.137407064438
0.189374923706
0.121824979782
0.167984008789
0.199824810028
0.201126098633
0.219520807266
0.218689918518
0.211716890335
0.164021015167
0.281697034836
0.222870111465
0.193987131119
0.164548873901
0.143131017685
0.190047025681
0.228733062744
0.192442893982
0.18904209137
0.186292886734
0.276918172836
0.227813005447
0.214165210724
0.205585956573
0.17302107811
0.22474193573
0.221351861954
0.252566099167
0.299363851547
0.293822050095
0.229172945023
0.238759040833
0.223643064499
0.223559141159
0.246263980865
0.336323022842
0.256136894226
0.285928010941
0.293155908585
0.215190887451
0.210777044296
0.228778123856
0.243885993958
0.228358983994
0.236196041107
0.17734003067
0.175868988037
0.238365888596
0.241058111191
0.247971057892
0.17134308815
0.216343164444
0.170215845108
0.231467008591
0.201769113541
0.23468708992
0.179107904434
0.201411008835
0.209239006042
0.251946926117
0.252161026001
0.24017906189
0.267007112503
0.286290168762
0.249612092972
0.286933898926
0.232008934021
0.251374006271
0.199979066849
0.206825017929
0.21958899498
0.23374915123
0.267988204956
0.308300018311
0.260632991791
0.217705011368
0.296437978745
0.241729021072
0.270350933075
0.279726982117
0.424345016479
0.40734910965
0.396970033646
0.370246171951
0.286111831665
0.348773002625
0.207491874695
0.151969909668
0.296451091766
0.300348997116
0.29581284523
0.282897949219
0.324257850647
0.233170032501
0.268577814102
0.235277891159
0.23925113678
0.248840808868
0.267808914185
0.251126050949
0.272341012955
0.336159944534
0.259220838547
0.165752887726
0.292181015015
0.264978885651
0.279664993286
0.272964954376
0.196007966995
0.207263946533
0.235326051712
0.177361965179
0.225619077682
0.159590959549
0.222440958023
0.219485998154
0.190720081329
0.161637067795
0.207186222076
0.220594882965
0.136682987213
0.161620140076
0.121000051498
0.212350845337
0.185312986374
0.15860080719
0.182783842087
0.21123290062
0.218745946884
0.168232917786
0.196054935455
0.1594851017
0.212737798691
0.206480026245
0.248286008835
0.238192081451
0.245302200317
0.190029859543
0.171643018723
0.178469181061
0.213308095932
0.194696903229
0.146463155746
0.195921182632
0.134975910187
0.192700862885
0.192537069321
0.14070391655
0.233605861664
0.247784852982
0.224683046341
0.181366920471
0.237616062164
0.209060907364
0.239430904388
0.228162050247
0.206849098206
0.267657995224
0.266927957535
0.289831161499
0.254413843155
0.266988992691
0.295345067978
0.235787153244
0.222805976868
0.219805955887
0.233847141266
0.854650974274
