0.601007938385
0.451048135757
0.427754878998
0.524682998657
0.457851886749
0.314790964127
0.421808958054
0.44756603241
0.35447883606
0.396412134171
0.374184846878
0.419609069824
0.414438009262
0.377928972244
0.420332193375
0.383514881134
0.431740045547
0.479338169098
0.32218003273
0.40295290947
0.410902023315
0.387650966644
0.374475955963
0.492676973343
0.48038315773
0.491634130478
0.486298084259
0.422116994858
0.447896003723
0.282898187637
0.472090005875
0.454290151596
0.472398996353
0.461955070496
0.434597015381
0.454186916351
0.404719114304
0.412998914719
0.441716194153
0.337035894394
0.470973014832
0.357815980911
0.448410987854
0.464179992676
0.39790391922
0.48589015007
0.441513061523
0.461129903793
0.283408880234
0.410125017166
0.436380147934
0.44599199295
0.378005027771
0.368131160736
0.503101110458
0.617262840271
0.461073160172
0.557897090912
0.484961986542
0.513710021973
0.420436859131
0.482518911362
0.484492063522
0.385681152344
0.420739889145
0.448899030685
0.481379985809
0.474825143814
0.463146924973
0.458686113358
0.495660066605
0.494582176208
0.454092979431
0.484781980515
0.488764047623
0.399476051331
0.407663106918
0.481003046036
0.446908950806
0.386032104492
0.422945022583
0.471740961075
0.443457126617
0.383958101273
0.44757604599
0.444406986237
0.390486001968
0.376996040344
0.442623138428
0.354225873947
0.402433156967
0.432080984116
0.402616024017
0.328874111176
0.468195915222
0.432859897614
0.425945043564
0.490990877151
0.454400062561
0.477684020996
0.397070169449
0.444264173508
0.474650859833
0.49795794487
0.449218034744
0.424528837204
0.414942979813
0.446169137955
0.477941036224
0.442992925644
0.424286842346
0.456115961075
0.43874502182
0.40061211586
0.439304113388
0.477962017059
0.366146087646
0.455571889877
0.477556943893
0.46537899971
0.512178182602
0.561965942383
0.485268115997
0.416827917099
0.397687911987
0.343965768814
0.386881113052
0.473106861115
0.462918996811
0.459384918213
0.418205976486
0.422319889069
0.410526990891
0.48634314537
0.470946788788
0.441703796387
0.558891057968
0.482708930969
0.371066093445
0.464488983154
0.400896787643
0.364398956299
0.404246091843
0.408900022507
0.401731014252
0.354755163193
0.550465106964
0.410669088364
0.413125991821
0.449896097183
0.387961149216
0.402258872986
0.476240873337
0.520036935806
0.409356117249
0.447510957718
0.476551055908
0.431044816971
0.503941059113
0.425008058548
0.36167383194
0.446197032928
0.506874084473
0.445742845535
0.439284801483
0.448408842087
0.471299886703
0.437602043152
0.44927406311
0.416623830795
0.489873886108
0.505254983902
0.375983953476
0.430335044861
0.56080198288
0.39866900444
0.497797012329
0.488735198975
0.485040187836
0.415225028992
0.496915102005
0.428385019302
0.498864889145
0.433408975601
0.499577999115
0.542110919952
0.55557012558
0.504064083099
0.459200143814
0.484980106354
0.475169897079
0.413424968719
0.381222009659
0.348320007324
0.418805122375
0.383804798126
0.366177797318
0.32923412323
0.425786972046
0.350740909576
0.372895956039
0.399114847183
0.522504806519
0.435973882675
0.517421960831
0.447212219238
0.575499773026
0.477350950241
0.546191930771
0.474223852158
0.485720872879
0.412735939026
0.451070070267
0.392529010773
0.400851964951
0.446066856384
0.487581968307
0.397712945938
0.474988937378
0.391670942307
0.557284116745
0.402116060257
0.394913911819
0.390676021576
0.426676034927
0.411066055298
0.419661998749
0.474476099014
0.429510831833
0.359962940216
0.344566106796
0.383184909821
0.386687994003
0.380621910095
0.442179203033
0.414081096649
0.386214017868
0.380343914032
0.360752820969
0.359889030457
0.46980214119
0.440670013428
0.398784160614
0.59219288826
0.382828235626
0.436632156372
0.413058996201
0.361628055573
0.45694899559
0.535448074341
0.389892816544
0.442561864853
0.457257986069
0.402234792709
0.430479049683
0.504233121872
0.473752975464
0.379766941071
0.562294006348
0.398860931396
0.340680122375
0.417484045029
0.398910045624
0.407483816147
0.363467931747
0.429949998856
0.375306129456
0.423832893372
0.462335109711
0.41419506073
0.46022105217
0.314632177353
0.404658079147
0.385012149811
0.353536844254
0.477730035782
0.453402042389
0.486608982086
0.439070940018
0.4158680439
0.509315013885
0.424868822098
0.376498937607
0.466454982758
0.449834108353
0.459990024567
0.461712837219
0.407627105713
0.445744037628
0.441916942596
0.433016777039
0.453153133392
0.512536048889
0.478710889816
0.484116077423
0.570730924606
0.695798873901
