0.873781919479
0.909118890762
1.02440500259
1.24875688553
1.16105222702
1.0039730072
1.10154104233
0.83496594429
0.982972860336
1.32762503624
1.0189909935
0.84797501564
1.1356678009
0.928859949112
0.856165885925
1.02194905281
0.826131105423
0.742908000946
0.784997940063
0.971014022827
0.868704080582
0.736692905426
0.961531162262
1.1436290741
1.35066986084
1.12875103951
0.654464960098
1.15700292587
1.0010330677
1.06699609756
1.24561190605
1.27219510078
1.31298184395
1.13282513618
1.22423481941
0.87924695015
0.778248786926
0.779132127762
0.867959022522
1.12676692009
1.08778095245
0.940907001495
1.17973017693
0.873526096344
1.0342772007
1.11853289604
1.00373315811
1.09063601494
0.96213388443
0.882050037384
0.815392017365
1.21761012077
0.898609876633
1.0907189846
0.908803939819
0.72366809845
1.16950106621
0.792599916458
0.860384941101
0.968652963638
0.780326843262
0.580724000931
0.524331092834
0.666447162628
0.573925018311
0.867134094238
0.848502159119
0.931550979614
0.924602985382
0.973942995071
0.743911981583
1.60252213478
0.880678892136
1.15883803368
1.16993999481
1.20945382118
1.27302289009
0.836856126785
1.17312121391
1.22788596153
1.03502202034
0.963879108429
0.726460933685
1.0764529705
1.18205904961
0.740387201309
1.363697052
0.811884880066
0.801174879074
0.886701107025
0.878364086151
0.75856590271
0.700571775436
1.02650904655
0.733726978302
0.930872917175
1.06634712219
0.881986141205
0.990355014801
1.11433982849
1.13403701782
1.50328803062
1.01317000389
0.66930103302
0.709375143051
0.60751581192
0.879679918289
0.967627048492
0.880407810211
0.862420082092
1.10147619247
1.39954781532
1.33655405045
1.03488993645
0.945354938507
0.642074108124
0.95655798912
1.35012412071
1.02627110481
1.43019604683
0.800581932068
1.45879411697
0.984580039978
1.18586206436
1.15426588058
0.878712892532
1.51870417595
1.38287591934
1.30482006073
1.26290512085
1.18423080444
1.35885906219
0.951849937439
0.678435087204
1.02711009979
1.03957295418
0.804610013962
0.884544849396
1.09692406654
0.715392827988
0.547574996948
0.868810892105
1.00430893898
0.971848964691
0.631042003632
1.18695807457
0.945153951645
1.16320419312
1.24629092216
1.38283705711
0.922346115112
0.995407819748
1.25014209747
1.21667408943
1.00124001503
1.12526297569
1.12836384773
1.02408504486
1.54350781441
1.1482219696
1.08081698418
1.08729696274
1.02327680588
0.781461000443
1.09148716927
0.856890201569
