0.566465139389
0.574637889862
0.505330085754
0.539117097855
0.371268033981
0.420705080032
0.407427787781
0.356823921204
0.337177038193
0.365473985672
0.318745136261
0.353100061417
0.370665788651
0.305069923401
0.439167976379
0.362222909927
0.370591878891
0.381707191467
0.391000986099
0.332915067673
0.357511997223
0.379307985306
0.392461061478
0.348403930664
0.381418943405
0.354964971542
0.34210395813
0.483402013779
0.347190141678
0.354326963425
0.360840797424
0.40026307106
0.342809915543
0.312752008438
0.32338809967
0.367930173874
0.369067907333
0.361369848251
0.36790394783
0.304683923721
0.446728944778
0.338843822479
0.410051822662
0.4428191185
0.384422063828
0.383282899857
0.291721105576
0.409003973007
0.346884012222
0.409194946289
0.430886030197
0.406404018402
0.457890987396
0.338809013367
0.272053003311
0.37960100174
0.399831056595
0.386044025421
0.335335016251
0.362138986588
0.373986959457
0.366605043411
0.358461141586
0.349112987518
0.382671117783
0.384460926056
0.470243930817
0.42214012146
0.474357128143
0.533369064331
0.432490110397
0.389280796051
0.485260009766
0.405716896057
0.392225980759
0.450376987457
0.387089967728
0.353249073029
0.427707910538
0.435837030411
0.399460077286
0.342983961105
0.365854024887
0.395250082016
0.427877902985
0.391352176666
0.425336837769
0.378892183304
0.392398834229
0.410531044006
0.392392158508
0.493055820465
0.347654104233
0.358054876328
0.393213033676
0.413723945618
0.363005876541
0.409227848053
0.364840984344
0.37494802475
0.400778055191
0.401698112488
0.452762842178
0.318893909454
0.3796210289
0.461411952972
0.333755016327
0.401391029358
0.474040985107
0.37171792984
0.36018204689
0.488414049149
0.378325939178
0.376727819443
0.513011217117
0.528330087662
0.406862020493
0.406026124954
0.490545034409
0.422992944717
0.487145900726
0.518527030945
0.594079971313
0.460222959518
0.508937835693
0.417152881622
0.393575906754
0.36455988884
0.385665893555
0.431998968124
0.416589975357
0.607191801071
0.344256162643
0.475353956223
0.440157175064
0.376246929169
0.500035047531
0.414065122604
0.437126159668
0.387424945831
0.512644052505
0.512497186661
0.424841880798
0.539415121078
0.411932945251
0.413819074631
0.364243984222
0.41494512558
0.498938798904
0.391686916351
0.435909986496
0.327732086182
0.329741001129
0.411765098572
0.385281085968
0.396342992783
0.408869028091
0.431178092957
0.42603802681
0.461285114288
0.524250984192
0.452586889267
0.434914112091
0.412823915482
0.497348070145
0.381714820862
0.463048934937
0.425947904587
0.376008987427
0.481165885925
0.405452013016
0.465653181076
0.460773944855
0.572629928589
0.517251014709
0.500159025192
0.470901966095
0.584374904633
0.460388898849
0.420259952545
0.39022898674
0.411954879761
0.408685922623
0.456465959549
0.440438985825
0.532506942749
0.466892957687
0.417320013046
0.508333206177
0.448606967926
0.508386135101
0.542526006699
0.498867034912
0.530303955078
0.417380809784
0.415377140045
0.510324954987
0.498548984528
0.45751619339
0.395009040833
0.379540920258
0.34555888176
0.330712080002
0.365391016006
0.348360776901
0.394854784012
0.477933883667
0.450734138489
0.397493124008
0.311537027359
0.397803068161
0.347759008408
0.450694084167
0.331480026245
0.352308034897
0.380988836288
0.433105945587
0.44416308403
0.41631102562
0.582045078278
0.38160610199
0.481797933578
0.41805100441
0.457054853439
0.444665908813
0.378056049347
0.416244029999
0.395468950272
0.444113016129
0.365527868271
0.468530893326
0.463936090469
0.441344022751
0.462646961212
0.439908981323
0.467786073685
0.454343080521
0.541137933731
0.514704942703
0.450776815414
0.409202098846
0.39178609848
0.33503484726
0.408586978912
0.420831203461
0.383738040924
0.374768018723
0.380197048187
0.280577898026
0.392985105515
0.397985935211
0.386789083481
0.39124917984
0.420212984085
0.475311994553
0.588479995728
0.470710992813
0.52944111824
0.503785133362
0.478475093842
0.430235147476
0.423918008804
0.38109087944
0.474206924438
0.443581104279
0.462983131409
0.456431865692
0.412585020065
0.456604957581
0.606992959976
0.550436973572
0.427812814713
0.457003831863
0.441462993622
0.475248098373
0.526005029678
0.385292053223
0.426158189774
0.389698982239
0.470174074173
0.412744045258
0.406620025635
0.418923139572
0.416967868805
0.454416036606
0.501662969589
0.337455034256
0.493264913559
0.557152986526
0.436362028122
0.452670097351
0.439968109131
0.580885887146
