15.9877949544 15.2851171794 -1.00722403374 
15.9877949544 15.2851171794 -1.00722403374 
15.9877949544 15.2851171794 -1.00722403374 
15.9877949544 15.2851171794 -1.00722403374 
15.9877949544 15.2851171794 -1.00722403374 
15.9877949544 15.2851171794 -1.00722403374 
15.9877949544 15.2851171794 -1.00722403374 
15.8397925274 15.1706597547 0.387825171969 
15.8400392124 15.1709931905 0.386687797853 
15.8419116215 15.1706427673 0.408887693041 
15.8405479343 15.1709974299 0.391526390191 
15.8397922033 15.1706348697 0.387847907847 
15.840063803 15.17097253 0.386886018222 
15.8398133517 15.1706335957 0.387799563116 
15.8398000674 15.1706365759 0.387771356988 
15.8398059757 15.1706441383 0.387755175279 
15.8400674612 15.1709817613 0.386695410018 
15.8400529028 15.1709705109 0.386874812642 
15.8400457503 15.1709621663 0.386934804364 
15.8398006709 15.1705999638 0.387595864154 
15.8400497736 15.1709646771 0.386880664006 
15.8400606887 15.1709684769 0.386761133992 
15.8398027384 15.1706136356 0.387785184598 
15.8397955598 15.1706197749 0.387541632543 
15.8397945539 15.1706136505 0.387473533385 
15.8398105727 15.1706061626 0.387660566634 
15.8400718869 15.170955878 0.386555368993 
15.8400595264 15.1709651763 0.386811807873 
15.839801211 15.1706139261 0.387764820068 
15.8398018257 15.1705926026 0.38738083058 
15.8398032339 15.1706201176 0.387653787764 
15.8400657886 15.1709343905 0.38659986393 
15.8400581443 15.1709624122 0.386690804334 
15.8398219832 15.1706233064 0.387628255612 
15.8398135864 15.1706318895 0.38764568594 
15.8398175352 15.1706151778 0.387522249477 
15.8398191148 15.1706133077 0.387569508993 
15.8398332187 15.1706221218 0.387572075172 
15.8400929832 15.1709620173 0.386275072358 
15.8400762529 15.1709779764 0.386042598225 
15.8396685497 15.1706577952 0.387129675294 
15.8397391142 15.1706359203 0.386551864085 
15.8395383769 15.1710946004 0.382835222065 
15.839754332 15.170533147 0.392971850864 
15.8397764118 15.1705580617 0.393023726171 
15.8397011423 15.1706377829 0.386996951342 
15.8397238293 15.1706469248 0.387019218911 
15.8397154884 15.1706211234 0.386840180185 
15.8399543838 15.1709633062 0.385915088703 
15.839656748 15.1698310415 0.380344688593 
15.8396433369 15.1698261539 0.380276865969 
15.8399850914 15.1709845925 0.385729772598 
15.8505895027 15.1732466857 0.376268594753 
15.888230323 15.1846422928 0.372659008565 
15.9104869721 15.1983378308 0.247254531921 
15.9102844616 15.2104851755 0.0615205390277 
16.189417299 15.1775604526 -0.0998608294639 
16.3734575474 15.1511408428 -0.0810892672334 
16.4520039522 15.1387690569 -0.0812754111357 
16.5450197422 15.1246994997 -0.0840327541708 
17.316213485 15.006360587 -0.0997795948757 
17.4760482275 14.9821129406 -0.0829457608694 
17.5767736399 14.966559049 -0.0806604493013 
17.787335273 14.9332937563 -0.0681822019561 
17.9330670797 14.9108883704 -0.0872935462143 
18.0230121576 14.8954675461 -0.0581634822706 
18.5226323568 14.6782523359 -0.95928968646 
18.614620682 14.4900821413 -1.21386322167 
18.6539401972 14.3520058955 -1.19672547804 
18.6931722128 14.228550669 -1.27528375048 
18.6968305075 13.7869856323 4.62705429442 
18.6025338137 13.477897879 4.09625590721 
18.5200743639 13.3314963544 2.77452388214 
18.4860749209 13.2871360744 2.7474389188 
17.7257902586 13.2348014081 3.17469562795 
17.6423928702 13.2384835447 3.17101535596 
17.5229537451 13.2434395517 3.1647547412 
17.2748329603 13.2561769451 3.16353584226 
16.4538855517 13.2573249305 3.4041655657 
16.3204525673 13.2237139905 3.32904504608 
16.2548305654 13.2096897329 3.22370957505 
16.1607787573 13.2057820524 3.04513137355 
15.9870738276 13.2414389814 3.0101730736 
15.462216165 13.206718799 3.43799933407 
15.2247746551 13.154914018 3.26870382506 
15.1358209216 13.1466621126 3.09335083248 
14.9853336775 13.166107055 2.78761042741 
14.815631386 13.2550216878 2.44335765177 
14.5842122995 13.8413928712 1.83710119038 
14.5717301333 13.918667909 1.74395039669 
14.5717301333 13.918667909 1.74395039669 
14.520994302 14.2343794073 1.69683084258 
14.5207867586 14.4350638355 1.3643527138 
14.7264516317 14.8072122003 0.654493254993 
14.8321628534 14.8752329613 0.472944442625 
15.0601604545 14.9532217945 0.366747375253 
15.2062815392 14.9960098828 0.3468546365 
15.9190855232 15.1904585885 0.338725430005 
16.1171818339 15.2450361305 0.331366510581 
16.2354690992 15.2773944626 0.335826669329 
16.3275389933 15.3059393729 0.238482467741 
16.4126294815 15.3245034332 0.104444568747 
16.5657676422 15.3258790935 0.0619927016747 
16.6662535035 15.3253526727 0.0427215642938 
17.3739960157 15.3114345411 0.057995080336 
17.4517637455 15.3099894191 0.0505809848563 
17.5543673002 15.3082228119 0.0398588147946 
17.6661783421 15.3062984611 0.0567287828027 
17.8295552694 15.3036372552 0.0638538363544 
18.0530233347 15.3028776462 -0.0372487255499 
18.5918323958 14.8073874975 -1.37208400711 
18.6037783587 14.7151058281 -1.37204319174 
18.6235425436 14.5561435188 -1.37689607958 
18.6562075579 14.2396513189 4.67149940344 
18.5487234556 13.6508954729 4.23448658434 
18.493184086 13.5492389167 4.03623307209 
18.292473551 13.3827743495 3.50635125006 
18.1261413061 13.3457485403 3.33895755451 
17.4210931027 13.2807420457 3.30281982184 
17.2511496508 13.2664380039 3.3014882358 
17.1106253826 13.256532904 3.29316638361 
16.9507520163 13.2502422298 3.31086936466 
16.6940342748 13.2282139028 3.2862203079 
16.1633769536 13.181767341 3.29375018035 
16.0404280388 13.1731337274 3.27233529202 
15.8641276547 13.1588853563 3.29525424543 
15.7193968856 13.1480184759 3.29680990047 
15.6294691527 13.1415387357 3.29519552413 
15.1091158354 13.1671117509 2.63339524264 
14.9863710367 13.2527717317 2.32958990237 
14.9834307396 13.255783316 2.31710633731 
14.8035736048 13.5250700677 1.90422762928 
14.7751017773 13.7144533361 1.56908691864 
14.7855089867 13.7831542457 1.44596024468 
14.7940243446 13.8398909534 1.39968902474 
14.8583024704 14.3387650813 1.65749540768 
14.8659489119 14.4635337556 1.65190535533 
14.9251711332 15.0898640568 1.09871901717 
14.9814024531 15.1847642476 0.917017112995 
15.0830072128 15.2951852682 0.577811858833 
15.2546110117 15.3812173272 0.237116283017 
15.3349047267 15.3995656485 0.148959494561 
15.4746730888 15.4102138246 0.133671500093 
16.181489166 15.4573538716 0.125192094297 
16.345289793 15.4670599664 0.153731306986 
16.5187220537 15.4781321699 0.135297522139 
16.6254925692 15.485350203 0.1355086025 
17.263806101 15.5251087213 0.14603698288 
17.4466235602 15.5364351238 0.114211236679 
17.5226236546 15.5406708086 0.122948406773 
17.6371051037 15.5470020438 0.13414198855 
17.8252490723 15.5582302178 0.139200561598 
18.4331040346 15.5913268293 0.132485181437 
18.6045398676 15.5991157855 0.125323250677 
18.7067043745 15.6036857332 0.128342555428 
18.853934046 15.6093426312 0.121837150565 
18.853934046 15.6093426312 0.121837150565 
19.3383877241 15.733442005 0.878136415808 
19.3383877241 15.733442005 0.878136415808 
19.3383877241 15.733442005 0.878136415808 
19.3383877241 15.733442005 0.878136415808 
18.7676773035 16.5552860464 3.75945827527 
18.7036161387 16.5170375074 3.76422738658 
18.4833083117 16.3830511535 3.76889614094 
18.3572251761 16.306806084 3.76394268485 
17.8793547117 16.0179766382 3.75614927482 
17.7118344271 15.9166580404 3.75053066438 
17.6297383272 15.8685302103 3.75801654274 
17.4910130465 15.7832893098 3.75844524574 
17.3842049801 15.7217298413 3.75467086114 
16.7244062388 15.3269964124 3.74891253749 
16.5138548576 15.2049682441 3.54323023434 
16.3573724591 15.1571281145 3.45540340668 
16.2870646679 15.1387506465 3.4768607033 
16.135330137 15.1009976084 3.46437363205 
15.4410969579 14.9333611096 3.44800123301 
15.298717376 14.8967847193 3.47676112298 
15.0469310248 14.8329508568 3.67766381714 
14.6993777716 14.3860354985 -1.43384985642 
14.703012582 14.2933901514 -1.30870793376 
14.7463220322 14.1071623529 -1.21892747018 
14.7684922182 14.0396428073 -1.23004851012 
14.8733870947 13.6845971311 -1.15273939216 
14.991050061 13.4457830156 -0.630758014776 
15.15808725 13.3304519618 1.27960665682 
15.278223809 13.2663975919 -0.290466013822 
15.3452622854 13.2416526044 -0.297842034592 
15.5433376395 13.1615799631 -0.246041371359 
15.6744010114 13.1171432699 -0.0585543683544 
16.2769500577 13.0734263624 0.340006361693 
16.5021228158 13.145691749 0.410202690936 
16.5769930446 13.1736222471 0.394190250552 
16.7201779449 13.2269548143 0.346833741638 
17.4506790602 13.3073321546 0.139939466248 
17.5802525246 13.3146089281 0.140379277232 
17.8322107756 13.3313285078 0.140445250839 
17.9038667643 13.3360979522 0.139517027739 
18.0229241812 13.3441115583 0.141612926885 
18.2430288756 13.3604333366 0.351589892761 
18.6678986513 13.8408485616 1.70684156493 
18.6603927576 13.9557768072 1.7581056214 
18.6522750818 14.03529894 1.76060495919 
18.6352331602 14.1724348033 1.75481040452 
18.6227910483 14.2798430289 1.75566961394 
18.6127498114 14.369644698 1.75296607671 
18.3895122969 14.9411684538 2.39160987134 
18.3317797148 15.0065040107 2.38820402722 
18.2484955752 15.0999180491 2.44153192916 
18.1891648733 15.1655426214 2.57456217312 
17.9937896692 15.3030732537 2.63085889285 
17.4098303282 15.4960381056 3.38875607891 
17.326192137 15.4825165237 3.35231435836 
17.2808440888 15.4762200678 3.35520436132 
17.2140488588 15.4660341109 3.33735178371 
17.1465262138 15.4569769914 3.36808592997 
17.0962208473 15.450234201 3.36713542376 
16.9981185162 15.435663488 3.35449545543 
16.381560322 15.3433737794 3.35404042083 
16.0520556682 15.296824761 3.33219258315 
15.9237589874 15.2790236326 3.36908358331 
15.8464855851 15.2703081372 3.4539767941 
15.5691385233 15.1699650476 -1.20306317335 
15.5516592228 15.164844055 -0.944146562325 
15.5393480026 15.1549336875 -0.723005652371 
15.5295415187 15.1439443568 -0.497680618771 
15.5214591586 15.135089312 -0.327316000391 
15.5180549585 15.1230139549 -0.127634407448 
15.5177081787 15.1056956465 0.129902022528 
15.7476993614 15.1419909636 0.278259765625 
15.8313378209 15.1606230328 0.287486862456 
15.9181285297 15.1812182183 0.236537025905 
15.9706740492 15.2005544866 0.011871127588 
15.9910876268 15.215616964 -0.302229706234 
15.9877904245 15.2851365062 -1.00931123068 
