15.9877949544 15.2851171794 -1.00722403374 
15.9877949544 15.2851171794 -1.00722403374 
15.9877949544 15.2851171794 -1.00722403374 
15.8400616237 15.1709917153 0.386720430017 
15.8398104982 15.1706454421 0.387849334387 
15.8398378716 15.170656685 0.388039940762 
15.8397766874 15.1706417243 0.387709556562 
15.8400490509 15.1709995682 0.386884072816 
15.8419303597 15.1706150959 0.409236684985 
15.8400599138 15.1709914247 0.386732847588 
15.8400524968 15.1709773282 0.386771132469 
15.8400514052 15.1709666739 0.386806058109 
15.8398062513 15.1706167574 0.38758021643 
15.8418712021 15.1706377606 0.4082208733 
15.8398000897 15.1706140379 0.387720677332 
15.8400736788 15.1709665994 0.386806114016 
15.839805253 15.1706123839 0.387570312112 
15.8400519193 15.1709539259 0.386580396613 
15.8400617019 15.1709479282 0.386741917475 
15.8400536292 15.1709708462 0.386789140564 
15.8397969307 15.1706024821 0.387802978104 
15.8398234734 15.1706209446 0.387654646214 
15.8398094551 15.170612585 0.38780586669 
15.840029955 15.170950901 0.386489650121 
15.8398095408 15.1706089939 0.387726957422 
15.8397870326 15.1706071163 0.387601536576 
15.8400517405 15.1709384585 0.386672618933 
15.8398031407 15.1706176887 0.38774427229 
15.8398129718 15.1706123913 0.387621256907 
15.8400604167 15.1709516312 0.386732419613 
15.8400683404 15.1709494407 0.3867326247 
15.8400865794 15.1709699745 0.38679655484 
15.8400726282 15.1709683577 0.38659464269 
15.839818217 15.1706247444 0.387483235701 
15.8400620409 15.1709512437 0.386426329515 
15.8398195432 15.1706199835 0.387612679944 
15.8400808723 15.1709575991 0.386207347048 
15.8399216161 15.170726348 0.387106030022 
15.8398189732 15.1706216971 0.387124642747 
15.839824699 15.1706583465 0.387104400146 
15.8400472515 15.1709514374 0.386619982297 
15.8398673014 15.1700797717 0.382909267973 
15.8396839314 15.1706413517 0.387048587553 
15.8397927323 15.1705734397 0.393226759844 
15.8397260384 15.1705377812 0.386286170878 
15.839944549 15.1709589998 0.385933826579 
15.8399372102 15.1710083375 0.385927695275 
15.839972485 15.170971487 0.386097729264 
15.8397280463 15.1706151331 0.387175609537 
15.8396563121 15.1704869683 0.38728789001 
15.8399172985 15.1700477565 0.381954827902 
15.8397425265 15.1706220026 0.387050591725 
15.9102171009 15.2093924659 0.0751569961375 
15.9176868555 15.2155582851 -0.0214247531047 
15.9572298342 15.2122996471 -0.0626092640601 
16.0676497483 15.1958525779 -0.0776338054152 
16.5620420539 15.1220396275 -0.0848031818178 
16.6422108376 15.1079612339 -0.070611198527 
16.7539949977 15.0914487059 -0.0752354250025 
16.9014896118 15.0686163569 -0.0762514359021 
17.0527172052 15.0457424636 -0.0744096879773 
17.5852012598 14.9652238155 -0.0808026711186 
17.7346929276 14.9407812024 -0.0847519236299 
17.8527419531 14.9218692447 -0.0733675534683 
17.9834301436 14.9026132787 -0.0678306693118 
18.1044256651 14.8842994834 -0.0891175097916 
18.6160805189 14.4817331995 -1.20564819848 
18.6563408339 14.3438163365 -1.20108714923 
18.6854484045 14.2532641853 -1.24824683039 
18.7263460123 14.043569919 -1.56596978369 
18.6217806303 13.511827823 4.13039392241 
18.6025338137 13.477897879 4.09625590721 
18.5200743639 13.3314963544 2.77452388214 
18.4860749209 13.2871360744 2.7474389188 
18.4860749209 13.2871360744 2.7474389188 
17.5441645348 13.2425695623 3.16459928163 
17.4032070601 13.2495534385 3.16405579009 
17.1556669438 13.2647662128 3.16594807676 
17.0376031363 13.2723946537 3.16905240319 
16.9763810598 13.2796908582 3.1890653246 
16.1794216299 13.2042747701 3.06416270729 
16.0736491346 13.2204724515 2.99795938374 
15.9499743321 13.2513370479 3.04706220825 
15.8345466369 13.2771247591 3.3305803108 
15.3255718314 13.1749244894 3.39440941635 
15.1026063525 13.1459785665 3.01997647906 
15.0359873139 13.1542988981 2.89821865203 
14.9368570411 13.1833540166 2.6885123096 
14.815631386 13.2550216878 2.44335765177 
14.815631386 13.2550216878 2.44335765177 
14.5717301333 13.918667909 1.74395039669 
14.5153638088 14.2749412025 1.62646783284 
14.5141980612 14.3705754841 1.48669943092 
14.5249907934 14.4578487838 1.31008041599 
14.566060301 14.5706716145 1.14614321945 
14.5901612007 14.6175158585 1.10056481805 
15.0454757177 14.9487554992 0.318168057503 
15.1774555409 14.9874429072 0.362547244172 
15.3048983776 15.0235216881 0.337222473743 
15.4218428695 15.0541010464 0.342823018862 
15.5395612084 15.0841976816 0.349454657911 
16.0893981272 15.2368173208 0.315571887245 
16.2801325881 15.290877484 0.298932925912 
16.4056280219 15.3236694152 0.115049852738 
16.5161935055 15.3266812677 0.0610267933417 
16.5938897693 15.3264949361 0.0529456406578 
16.6742303931 15.3244838084 0.0498130415401 
17.4066390955 15.3108354549 0.0417727941869 
17.5543673002 15.3082228119 0.0398588147946 
17.6277077162 15.307068419 0.054937698151 
17.7283985579 15.3050939853 0.0693971809005 
18.4356698954 15.1603253225 -0.832949257759 
18.558719393 14.975501057 -1.24753644172 
18.5828666651 14.8728827799 -1.37105555537 
18.5972447359 14.7658402289 -1.37139499026 
18.6478104555 14.1573469604 4.61914504992 
18.6147446596 13.9646723236 4.60467633587 
18.5953068697 13.8510179485 4.56427372709 
18.5611696207 13.6883901323 4.30649092058 
18.0859701597 13.3356003726 3.29794743549 
17.9075887167 13.3220404352 3.31187902357 
17.7833222115 13.3114207948 3.30595604301 
17.6046997273 13.2967387403 3.31023400451 
16.9077197277 13.2457004751 3.28810847681 
16.7462297642 13.2300223077 3.26890885611 
16.5720815026 13.2186063493 3.28027354348 
16.3466790878 13.1958860124 3.28757675616 
16.2865352296 13.1915210451 3.29603865863 
15.6169052982 13.140694734 3.29525365302 
15.4234290683 13.124090072 3.20670317166 
15.3630066478 13.120312568 3.12447921133 
15.1957171523 13.1350940431 2.80927277175 
15.1166278088 13.1636797155 2.63290919473 
15.0388002359 13.2079263891 2.47609574487 
14.9834307396 13.255783316 2.31710633731 
14.7940243446 13.8398909534 1.39968902474 
14.84398162 14.0663218463 1.63416248502 
14.8472953999 14.1642477478 1.6211231476 
14.8513611519 14.2530568803 1.62990590168 
14.8856393063 14.9128641451 1.51587449956 
14.9394505584 15.1178521032 1.02806973001 
14.967002269 15.164436307 0.935382673866 
15.0901017153 15.2999337206 0.578030891569 
15.6210076177 15.4199679906 0.143425824589 
15.7687888705 15.4296254183 0.175939790431 
15.8446866275 15.4357369507 0.165328378076 
15.9679635504 15.4437275196 0.159352913136 
16.7666430437 15.4941113854 0.152147089321 
16.9476703369 15.5059219266 0.122047789075 
17.0408230984 15.5124710167 0.149711728912 
17.1807709896 15.5198852087 0.144514460966 
17.8771836722 15.5614207352 0.132111115403 
17.9790420496 15.566387024 0.137704693378 
18.097753998 15.5727249647 0.134631208432 
18.2207279169 15.5790693725 0.13342427483 
18.3727235758 15.587411281 0.134976894952 
18.853934046 15.6093426312 0.121837150565 
19.1887657606 15.6508049036 0.553498611864 
19.3383877241 15.733442005 0.878136415808 
19.3383877241 15.733442005 0.878136415808 
19.3383877241 15.733442005 0.878136415808 
19.3383877241 15.733442005 0.878136415808 
19.3383877241 15.733442005 0.878136415808 
18.9796915018 16.6223208869 3.43200977168 
18.7942264044 16.5696908201 3.73591180171 
18.7036161387 16.5170375074 3.76422738658 
18.5798139536 16.4413171972 3.76588499347 
18.051856991 16.1193209852 3.74250610085 
17.9118006193 16.0369086827 3.75069557867 
17.7923825943 15.9653157557 3.77459071439 
17.6837986672 15.8988190258 3.75048759239 
17.5589156115 15.8245160545 3.74967351371 
17.0624240601 15.5285625721 3.7595034485 
17.0003943407 15.4910287524 3.76690338866 
16.8876644337 15.424554121 3.75280780534 
16.7608545982 15.3485539819 3.7499135827 
16.5984564387 15.2503263459 3.65043905269 
16.4431839549 15.1788881386 3.48079668002 
15.8355772794 15.0282570089 3.45636732372 
15.7066746318 14.9963721151 3.45158966442 
15.5582419598 14.9612337316 3.47516063929 
15.4695728981 14.9389744664 3.45364766907 
15.2774758899 14.8915944363 3.46840709652 
14.7504982912 14.5783256854 4.44394429395 
14.714638468 14.4842363561 4.63548565955 
14.7041814291 14.2725433076 -1.31514396718 
14.7260200941 14.176708814 -1.2298758445 
14.8733870947 13.6845971311 -1.15273939216 
14.8733870947 13.6845971311 -1.15273939216 
14.8733870947 13.6845971311 -1.15273939216 
14.991050061 13.4457830156 -0.630758014776 
15.2984486782 13.2589864696 -0.292175672225 
15.3756780588 13.2299405302 -0.301850474305 
16.0689073765 13.0768233503 0.0225072439206 
16.2077563965 13.067590114 0.226237639815 
16.3969107234 13.1045521463 0.453984628628 
16.5409156048 13.1612495149 0.392137227369 
17.1194131338 13.2852412427 0.133856644333 
17.3278008663 13.2982883419 0.142226377777 
17.3823262417 13.302512523 0.13998838552 
17.541916486 13.3125035728 0.141002279296 
17.679789778 13.3214220966 0.139476171885 
18.2635083162 13.3634328807 0.394104217119 
18.3491470778 13.388573047 0.569981999975 
18.4915854895 13.4756346906 0.927202392756 
18.5629782641 13.5459372962 1.10489400017 
18.6432983839 13.6937249864 1.45613299401 
18.6638689005 13.7791300977 1.62707047268 
18.6103472674 14.3904927338 1.75638782354 
18.5961649382 14.533561405 1.83866314381 
18.5633480513 14.6896656717 2.13658483577 
18.5086073839 14.794882443 2.3355230593 
18.1091473066 15.2284187966 2.63437931252 
17.9662930929 15.3180061618 2.64943302882 
17.8548896277 15.3911875303 2.69973567818 
17.6922699177 15.477116477 3.00513275622 
17.1640685761 15.4600979502 3.35468620873 
17.0656682217 15.4455235417 3.3590043008 
16.9903472626 15.434731182 3.35784902903 
16.9304152691 15.4259994293 3.35691433043 
16.7211691701 15.3947476114 3.35708141857 
16.1238584631 15.3077285776 3.34931492376 
16.0094723516 15.2907831112 3.33167297948 
15.931134537 15.279974554 3.36670774927 
15.8245039025 15.26533803 3.50053166092 
15.7434128785 15.2483021759 3.7241434147 
15.6463835054 15.2045086215 4.16199688527 
15.543921169 15.1593195836 -0.812218116313 
15.527511146 15.1443127582 -0.485233365535 
15.5191222989 15.1291424299 -0.227955609399 
15.5185562932 15.1053646172 0.144904159697 
15.7676417195 15.1462663601 0.286770411934 
15.8610265964 15.1669325645 0.277762436928 
15.9213268199 15.1811044442 0.247812372061 
15.9527191707 15.1936945433 0.118635130026 
15.9765972384 15.2037476527 -0.0495194553235 
15.9910876268 15.215616964 -0.302229706234 
15.9877862969 15.2849061976 -1.00787665506 
15.9878543207 15.2848197299 -1.00934055932 
