15.8400509172 15.1709765459 0.38682030171 
15.8400509172 15.1709765459 0.38682030171 
15.8400509172 15.1709765459 0.38682030171 
15.8400509172 15.1709765459 0.38682030171 
15.8400509172 15.1709765459 0.38682030171 
15.8400517405 15.1710011701 0.386890628598 
15.8400665299 15.1710022951 0.386778996078 
15.8401889094 15.1710612963 0.38713461583 
15.8398172484 15.1706454272 0.387654437754 
15.8398000674 15.1706365759 0.387771356988 
15.8400696294 15.1709809268 0.386827547613 
15.8400674612 15.1709817613 0.386695410018 
15.8414625787 15.1706159006 0.404582997059 
15.8397208565 15.1706047545 0.387002490661 
15.8397904673 15.170614023 0.387686547805 
15.8400810027 15.17096952 0.386795743142 
15.8398160638 15.1706086809 0.387679715396 
15.8400526942 15.1709598343 0.386824264735 
15.8397961744 15.1706082637 0.387604504051 
15.8397912235 15.1706130619 0.387545716995 
15.8397955598 15.1706197749 0.387541632543 
15.840061661 15.1709755326 0.386714427063 
15.8397934289 15.1706393848 0.387415578781 
15.8400497959 15.1709454695 0.386658109367 
15.8400718869 15.170955878 0.386555368993 
15.8398027756 15.1706032718 0.387655830675 
15.8398076819 15.1706287677 0.387807620797 
15.8400516139 15.1709503944 0.386794264099 
15.8400588037 15.1709520931 0.386661945048 
15.8398100251 15.1706155951 0.387554212164 
15.840055328 15.1709744746 0.386625940483 
15.8398219832 15.1706233064 0.387628255612 
15.8398262897 15.1706251095 0.387677024248 
15.8400708736 15.1709511767 0.386586383758 
15.8400693164 15.1709533895 0.386619871438 
15.8400827238 15.1709601993 0.386621989917 
15.8399485276 15.1706975664 0.387285103296 
15.840032816 15.1709697286 0.386268271286 
15.839746155 15.1705351959 0.387568461565 
15.8400658296 15.1709895025 0.385839311616 
15.8400531301 15.1709528829 0.386446169767 
15.841351539 15.1705101321 0.403488589144 
15.8396769353 15.1706383193 0.387306832967 
15.8399566488 15.1709846223 0.38571156354 
15.8397612983 15.1705585236 0.392947891583 
15.8397926876 15.1705716739 0.393119630322 
15.8396161237 15.1700044165 0.381247790227 
15.8399754205 15.1710597689 0.38582344269 
15.8397161999 15.1706368888 0.386801275849 
15.8399804012 15.1709596107 0.385750098293 
15.8399543838 15.1709633062 0.385915088703 
15.8396243342 15.1698196645 0.380255631771 
15.8396533617 15.1698368157 0.380219078407 
15.8399875463 15.1709887649 0.385691859179 
15.8399976828 15.1709779243 0.38531791073 
15.8571983242 15.1761698241 0.380697457447 
15.890978651 15.1863925273 0.350829656156 
15.9118771312 15.2017917188 0.21036303561 
15.9423972891 15.2165449767 -0.0873157898367 
16.4438484871 15.1401492546 -0.0821830474351 
16.5620420539 15.1220396275 -0.0848031818178 
16.7048402392 15.0992552454 -0.0724795073215 
16.7911370957 15.0858247692 -0.073402362764 
16.9934332335 15.0542814697 -0.0742868100137 
17.5852012598 14.9652238155 -0.0808026711186 
17.6926832163 14.9477226997 -0.0793886888458 
17.8152632677 14.9295639659 -0.0841320460132 
17.9737913572 14.9037828411 -0.0640246529196 
18.1118302309 14.8827888633 -0.0969213988354 
18.2434577906 14.8593815232 -0.30721215758 
18.676179167 14.2823877896 -1.22981960903 
18.7151813471 14.1449590887 -1.39842289958 
18.7232553923 13.9757711853 4.65016383341 
18.7141308748 13.9076049293 4.63967052236 
18.7021074259 13.8254251445 4.63593676311 
18.6968305075 13.7869856323 4.62705429442 
18.4860749209 13.2871360744 2.7474389188 
18.1848761999 13.2165583337 3.2171985489 
18.0688276255 13.2157288755 3.16646555484 
17.4032070601 13.2495534385 3.16405579009 
17.2748329603 13.2561769451 3.16353584226 
17.055365082 13.269373771 3.1510972522 
16.9763810598 13.2796908582 3.1890653246 
16.9188911879 13.2828433479 3.16580784224 
16.2607993149 13.2109562124 3.24091061114 
16.2041049564 13.2033494676 3.09852373076 
16.0168601536 13.2333306039 2.99033157783 
15.9023918175 13.2631751264 3.12393372042 
15.8106077501 13.2780171598 3.3833367367 
15.333835479 13.1768737997 3.40032366661 
15.2167880499 13.1537495817 3.25297498396 
15.0137138927 13.1587351526 2.83798278872 
14.9368570411 13.1833540166 2.6885123096 
14.6252226793 13.6062695945 1.80774342207 
14.6252226793 13.6062695945 1.80774342207 
14.5717301333 13.918667909 1.74395039669 
14.5461885893 14.5066933001 1.34211255934 
14.6048481428 14.6495259965 1.03835001584 
14.6889113152 14.7735930348 0.766109458717 
14.8388918602 14.8820008005 0.401601538496 
15.3973890507 15.0491823817 0.328649162125 
15.5478192532 15.0868088866 0.35513423914 
15.6050930881 15.101884302 0.351796760078 
15.7813494765 15.1530131439 0.363175722392 
15.9520196171 15.2000295336 0.334914433512 
16.5938897693 15.3264949361 0.0529456406578 
16.825432893 15.3220021466 0.0513547629849 
16.9586005175 15.3195742408 0.0352940038273 
17.1119894945 15.3159756924 0.0688858154161 
17.2744127476 15.3126969973 0.0530304859418 
17.950022217 15.3020164708 0.0517144752979 
18.1240212881 15.2974681968 -0.129818805771 
18.2534086668 15.2715977954 -0.401322714779 
18.3962674105 15.1936049054 -0.733629275387 
18.4694373572 15.1248673911 -0.912476791363 
18.5077879393 15.0743048156 -1.03967803347 
18.6371805632 14.4458068574 -1.38175288772 
18.6505668127 14.3430184687 -1.47418021063 
18.6550507509 14.2216964925 4.65649781245 
18.6232876742 14.013342377 4.62470898538 
18.5984997713 13.8630608285 4.61507813124 
18.3952054941 13.4426660503 3.73195625858 
18.1618971789 13.346443888 3.33597706551 
18.008646723 13.3294519151 3.28901494037 
17.8556647265 13.3172754014 3.3082170037 
17.6757087671 13.3022990192 3.30748943856 
17.0611412489 13.2518794502 3.30064234015 
16.9379107916 13.2483135427 3.32838134999 
16.8352031076 13.2369631494 3.30406654849 
16.7462297642 13.2300223077 3.26890885611 
16.6435342991 13.2257128919 3.29824614257 
16.5254901611 13.2161110605 3.30860420357 
15.9021439013 13.1617771352 3.29605148709 
15.749488216 13.1500030721 3.29692436548 
15.5480945968 13.134802934 3.29269542018 
15.4876944387 13.1301976408 3.25046967535 
15.4058799708 13.1230128969 3.18845932474 
14.9834307396 13.255783316 2.31710633731 
14.9834307396 13.255783316 2.31710633731 
14.781237241 13.5950283969 1.81992200716 
14.7773379051 13.6861603225 1.5267393453 
14.7855089867 13.7831542457 1.44596024468 
14.7940243446 13.8398909534 1.39968902474 
14.8614989483 14.4059945906 1.63712956745 
14.8698602879 14.5461425746 1.63365551453 
14.874209162 14.626289543 1.60975638766 
14.879684087 14.7682013179 1.584961963 
15.2325952613 15.3749519999 0.284983506504 
15.2957944238 15.3917922045 0.202749814797 
15.4134945237 15.4070044125 0.124780835516 
15.5195461773 15.4127121682 0.133288918394 
15.5912123286 15.4184622581 0.152145062513 
16.3963840568 15.4699797595 0.154454873686 
16.567274388 15.481044289 0.13893865074 
16.6643826925 15.4876369203 0.125472139242 
16.8086731398 15.4976483549 0.120578579478 
16.9698085749 15.5070663358 0.1538334883 
17.5153696501 15.5397489036 0.133002551094 
17.6371051037 15.5470020438 0.13414198855 
17.7357113325 15.5528744424 0.150354365701 
17.9194252455 15.5631190802 0.139645259247 
18.5128979647 15.5945235158 0.129313864391 
18.5648775065 15.5970280434 0.123487989493 
18.6973853075 15.6037552024 0.132366466714 
18.853934046 15.6093426312 0.121837150565 
18.853934046 15.6093426312 0.121837150565 
19.3383877241 15.733442005 0.878136415808 
19.3383877241 15.733442005 0.878136415808 
19.3383877241 15.733442005 0.878136415808 
19.3383877241 15.733442005 0.878136415808 
18.9926564657 16.6227679218 3.41280145358 
18.8219268286 16.5814152921 3.7029798739 
18.7036161387 16.5170375074 3.76422738658 
18.6084394419 16.4589325155 3.76713074164 
18.4578731024 16.3677184547 3.76695654672 
17.9474079573 16.0595471824 3.76212628173 
17.843685385 15.9962124194 3.75645461635 
17.7228738033 15.9231605495 3.75443008033 
17.585257765 15.8397986258 3.76429828632 
16.9745860064 15.4760680611 3.76665899104 
16.8804860079 15.4200058992 3.7524485391 
16.6791074836 15.300200511 3.72447130048 
16.5771611893 15.2374709634 3.61673490593 
16.4431839549 15.1788881386 3.48079668002 
16.3371292317 15.1520635153 3.45948119262 
15.5784042441 14.9649777676 3.46164995517 
15.4591543042 14.9363494779 3.46986831869 
15.3394701445 14.9068272973 3.47994940989 
15.2282407248 14.8782317008 3.46161777746 
15.133920964 14.8564109767 3.56218922308 
14.7008804047 14.4022834862 -1.46289810531 
14.7211599314 14.1927859748 -1.24561159923 
14.7489156687 14.0992789234 -1.23218564519 
14.7901570761 13.9614506925 -1.25588545169 
14.991050061 13.4457830156 -0.630758014776 
15.2230663263 13.2894737686 -0.240753681322 
15.3376758062 13.2445155347 -0.297464436319 
15.4600260818 13.1961492265 -0.297278722664 
15.5703631603 13.1507984365 -0.215359640022 
16.0170255863 13.0832992757 -0.00961268593474 
16.2271957957 13.0683561529 0.256520472659 
16.300106492 13.076878425 0.376067415041 
16.5021228158 13.145691749 0.410202690936 
17.1277841293 13.285798427 0.133775570124 
17.2773174011 13.2951979602 0.140565240701 
17.4379531109 13.3066189254 0.140825567829 
17.541916486 13.3125035728 0.141002279296 
18.0967318976 13.3476341928 0.172080278963 
18.1646470987 13.3515729869 0.229353296618 
18.3491470778 13.388573047 0.569981999975 
18.4745461905 13.4589128459 0.883412256119 
18.5629782641 13.5459372962 1.10489400017 
18.6449000799 14.0946880544 1.75576827343 
18.6320788824 14.199663874 1.75637816679 
18.6277425253 14.2363674606 1.75604280393 
18.6053497755 14.4424937333 1.7795419483 
18.5806777441 14.6343793834 2.02348519223 
18.5633480513 14.6896656717 2.13658483577 
18.1830787623 15.1718497018 2.58226463777 
18.0605025255 15.2622819974 2.65374943547 
17.9819614851 15.3089900131 2.66026031593 
17.917106148 15.350437891 2.67516788944 
17.8443194592 15.3983056212 2.71243917328 
17.314430114 15.4812907393 3.35298279393 
17.2570133173 15.4728904928 3.35456305844 
17.1856566631 15.4625610078 3.34874762856 
17.0888848269 15.4487020339 3.36589367235 
16.3739226126 15.3419077958 3.3798490742 
16.2649234795 15.3267101089 3.37165835191 
16.1531488859 15.3118192742 3.34914857457 
16.0225217902 15.2929927299 3.34411604258 
15.898522488 15.2768874022 3.3956870248 
15.7990220525 15.261417147 3.55932835385 
15.5838495755 15.1720138604 -1.44868683348 
15.5620018804 15.1684392358 -1.09006236836 
15.5503928923 15.1612215976 -0.897244139278 
15.5304055178 15.1457175131 -0.535192157617 
15.5201774501 15.1317289958 -0.270598424599 
15.5986813271 15.1090808178 0.297364996643 
15.639534887 15.1181221942 0.290018094997 
15.7956567594 15.1532082448 0.294907443473 
15.993598763 15.2254583968 -0.459388268761 
15.987470802 15.2550960875 -0.759105603054 
15.9851306641 15.2847783084 -0.964606493393 
15.9884573334 15.2879807281 -0.999431688343 
