15.9877949544 15.2851171794 -1.00722403374 
15.9877949544 15.2851171794 -1.00722403374 
15.9877949544 15.2851171794 -1.00722403374 
15.9877949544 15.2851171794 -1.00722403374 
15.9877949544 15.2851171794 -1.00722403374 
15.8400504367 15.1709858666 0.386802731612 
15.8400616237 15.1709917153 0.386720430017 
15.8400635236 15.1709945912 0.386792517217 
15.8397949339 15.1706212054 0.387704892972 
15.8418935762 15.1708200018 0.40784695295 
15.8398194649 15.1706179718 0.387614371809 
15.8400514052 15.1709666739 0.386806058109 
15.8400565908 15.1709625314 0.386818013115 
15.8397208565 15.1706047545 0.387002490661 
15.8398006709 15.1705999638 0.387595864154 
15.8400810027 15.17096952 0.386795743142 
15.8400631101 15.1709590296 0.386873029873 
15.8400539608 15.1709630827 0.386726342474 
15.8397931569 15.1706149245 0.387787606149 
15.8400469535 15.1709371994 0.386721887511 
15.8400593178 15.170974646 0.386849562326 
15.8400519491 15.1709580685 0.386706303973 
15.8400497959 15.1709454695 0.386658109367 
15.8397941739 15.1706076751 0.387686065746 
15.8414745146 15.170586888 0.404628304661 
15.8398020939 15.1706112365 0.387576747042 
15.8400568032 15.170962509 0.386964375081 
15.8398073466 15.1705917085 0.387571242398 
15.8400740774 15.1709729398 0.386776260054 
15.8398031407 15.1706176887 0.38774427229 
15.8400635348 15.1709825883 0.386692417307 
15.8400757984 15.1709529648 0.386728379677 
15.8400653937 15.1709704588 0.386791844587 
15.84006219 15.1709555651 0.386631973548 
15.839818217 15.1706247444 0.387483235701 
15.8400620409 15.1709512437 0.386426329515 
15.8400827238 15.1709601993 0.386621989917 
15.8400924691 15.1709708984 0.386527767173 
15.8400871941 15.1709568168 0.38611052511 
15.8399305792 15.1707031841 0.387592044689 
15.8400706315 15.1709532926 0.386307183444 
15.839824699 15.1706583465 0.387104400146 
15.8398110123 15.1706133077 0.387436667969 
15.839846708 15.1717395152 0.378020962306 
15.8401464858 15.1709064955 0.392252472817 
15.8397675046 15.1705592761 0.392976087064 
15.8397804984 15.1705636571 0.393300840523 
15.8399581389 15.1710224936 0.385858548337 
15.8399471195 15.1710152517 0.385991257459 
15.8399587722 15.1709496642 0.385728764807 
15.8398916946 15.1700367222 0.382190381953 
15.8397308403 15.1706414933 0.387227300849 
15.8397448213 15.1706167946 0.386783711715 
15.8417639361 15.1715019459 0.387977969666 
15.890978651 15.1863925273 0.350829656156 
15.9118771312 15.2017917188 0.21036303561 
15.9115649463 15.2072657014 0.0875577121348 
16.1758611464 15.1793391744 -0.0982528399382 
16.2480712795 15.1686772893 -0.0838171652983 
16.4111469352 15.1452695096 -0.0852128453969 
16.5533519947 15.1225664879 -0.0726640877774 
16.6422108376 15.1079612339 -0.070611198527 
17.2344785893 15.0179431255 -0.0775962618714 
17.3835738861 14.996153977 -0.0813565242811 
17.4537405932 14.9851350153 -0.0909437901124 
17.6718039476 14.9512173797 -0.0782172922279 
17.787335273 14.9332937563 -0.0681822019561 
17.9169585669 14.9125619198 -0.0793745084891 
18.534258362 14.6637809242 -0.998063969519 
18.5849122965 14.5741828645 -1.15069691631 
18.614620682 14.4900821413 -1.21386322167 
18.6563408339 14.3438163365 -1.20108714923 
18.7026333773 14.1952257122 -1.31794065721 
18.7169182264 14.1366620029 -1.41512965987 
18.6025338137 13.477897879 4.09625590721 
18.6025338137 13.477897879 4.09625590721 
18.5200743639 13.3314963544 2.77452388214 
18.4860749209 13.2871360744 2.7474389188 
17.8286125624 13.2280918325 3.17138473542 
17.6423928702 13.2384835447 3.17101535596 
17.4032070601 13.2495534385 3.16405579009 
16.7462847197 13.291573521 3.23665254301 
16.5599290096 13.2822753156 3.44776290876 
16.4538855517 13.2573249305 3.4041655657 
16.3380214834 13.2276025976 3.37199460673 
16.2263759637 13.2047289575 3.13956004891 
16.1607787573 13.2057820524 3.04513137355 
15.7098307275 13.2614170278 3.43848787647 
15.6210635566 13.241380092 3.43568434819 
15.41251966 13.19560897 3.43291071577 
15.2836589777 13.1659122671 3.35373493583 
15.1662534439 13.147958156 3.15981111697 
14.815631386 13.2550216878 2.44335765177 
14.6252226793 13.6062695945 1.80774342207 
14.5807008707 13.8618254627 1.78488213969 
14.5717301333 13.918667909 1.74395039669 
14.5717301333 13.918667909 1.74395039669 
14.5975023472 14.6358804668 1.06401929824 
14.6417149269 14.7112837399 0.897911807734 
14.6992776358 14.784169432 0.723639070524 
14.8524473869 14.8873062099 0.435063377486 
14.9476250374 14.9210794235 0.365669550383 
15.0601604545 14.9532217945 0.366747375253 
15.6953164005 15.1278028677 0.348496291537 
15.7909737119 15.1549311394 0.358118168703 
15.9599608072 15.2024404372 0.340184583453 
16.0315443092 15.2227344106 0.316774843632 
16.1253197306 15.2469157113 0.328913997661 
16.8169136607 15.322259743 0.0534701399689 
16.9055625164 15.3206183205 0.0536830554324 
17.0766326153 15.3169455717 0.0477361600991 
17.1802370512 15.3150455097 0.035157874778 
17.2923852169 15.3122479061 0.0704293692225 
17.4028933012 15.3111001591 0.0362377916793 
17.9710171187 15.3023068572 0.0447907849191 
18.102807995 15.2989435794 -0.0907553992043 
18.2038545572 15.2864701266 -0.297512066233 
18.2897930109 15.2572057138 -0.476468972575 
18.3428022825 15.229914753 -0.603205101729 
18.4694373572 15.1248673911 -0.912476791363 
18.6212487185 14.5858583415 -1.38960003291 
18.6340599024 14.4674530591 -1.37113903691 
18.6426989996 14.4071354235 -1.40792318483 
18.6567339861 14.2620771492 4.69536070429 
18.6427688562 14.1292680467 4.62159069422 
18.6310169661 14.0642319883 4.6327133813 
18.3982646429 13.4430568183 3.71762670796 
18.292473551 13.3827743495 3.50635125006 
18.2094070875 13.3557710613 3.37969045684 
17.9870727026 13.327923056 3.29590587759 
17.7751587593 13.3106454576 3.30151024297 
17.0690342152 13.2540969814 3.29854810067 
16.9379107916 13.2483135427 3.32838134999 
16.6638011896 13.2284227575 3.31384675939 
15.9521276021 13.1655188764 3.29435889826 
15.8428379149 13.1572276319 3.29528229472 
15.7107396835 13.147398826 3.29641506829 
15.5045790934 13.1316674913 3.25809192287 
15.3503666484 13.1199966634 3.10885022175 
14.9834307396 13.255783316 2.31710633731 
14.7859929764 13.5858319963 1.80317295955 
14.7779374086 13.6438925231 1.60826156002 
14.7855089867 13.7831542457 1.44596024468 
14.8254154884 13.9678820337 1.48734479582 
14.8765026295 14.6929171051 1.60609348619 
14.8809919321 14.8404645289 1.56698282203 
14.8856393063 14.9128641451 1.51587449956 
14.9251711332 15.0898640568 1.09871901717 
15.0244932735 15.2406224248 0.782292765538 
15.5699806177 15.4166750426 0.146710788199 
15.6862840765 15.4247008676 0.130596127902 
15.7337940597 15.4271803314 0.13008894638 
15.8180919924 15.4337190355 0.155872029633 
15.9888277912 15.4448242898 0.16473215832 
16.1724604332 15.4563708271 0.129580681035 
16.7795459592 15.4955232407 0.140052435733 
16.9363563025 15.5049149061 0.15099275705 
17.0698401892 15.5135435427 0.159806779484 
17.1521742308 15.5177790488 0.144111210371 
17.3315972054 15.5285628105 0.145939037001 
18.0501143896 15.5699434246 0.141208155249 
18.2207279169 15.5790693725 0.13342427483 
18.4117529356 15.5901259745 0.131023957326 
18.5340013468 15.5953626896 0.132860118824 
18.6685836279 15.6021422709 0.125709842271 
19.2877883875 15.6981049145 0.773106089807 
19.3383877241 15.733442005 0.878136415808 
19.3383877241 15.733442005 0.878136415808 
19.3383877241 15.733442005 0.878136415808 
19.3383877241 15.733442005 0.878136415808 
19.3383877241 15.733442005 0.878136415808 
18.9926564657 16.6227679218 3.41280145358 
18.9416575396 16.6174783672 3.51162477824 
18.7599558794 16.5510901178 3.76312186066 
18.623069998 16.4678091968 3.76672263727 
18.051856991 16.1193209852 3.74250610085 
17.9737646544 16.0741594399 3.75580212335 
17.8793547117 16.0179766382 3.75614927482 
17.7745116913 15.9542044366 3.75544412916 
17.7312738859 15.9269876445 3.75971276113 
17.6100231373 15.8562108243 3.75260870122 
17.4724006617 15.77280527 3.74702384172 
16.9560915196 15.4648960645 3.76595606472 
16.8361019456 15.3950122262 3.75466612708 
16.7863264048 15.363871109 3.75078452014 
16.6095490419 15.2569457388 3.66304899447 
16.4857357704 15.1923394578 3.49019934728 
15.7954902687 15.0176762308 3.47591541979 
15.6862617546 14.9910278882 3.4761849422 
15.5034105146 14.9468042518 3.47249221494 
15.3745109999 14.9152535761 3.47917750983 
15.2774758899 14.8915944363 3.46840709652 
14.7657302582 14.6031258071 4.41190074598 
14.7114880049 14.4716362918 4.66505837843 
14.6993777716 14.3860354985 -1.43384985642 
14.7051951849 14.263842162 -1.31654260295 
14.7437875235 14.1175105537 -1.20893313894 
14.991050061 13.4457830156 -0.630758014776 
14.991050061 13.4457830156 -0.630758014776 
15.2230663263 13.2894737686 -0.240753681322 
15.3181796038 13.2517476047 -0.29451803845 
15.4680647218 13.1929441656 -0.295435492887 
15.5549927914 13.1568800176 -0.233992427907 
16.1479573214 13.0697454179 0.115718773435 
16.2169541978 13.0687972272 0.269155463381 
16.3529775703 13.0904298986 0.408094365735 
16.4747565353 13.1348165239 0.398369622301 
16.5849471056 13.1764734949 0.399107367968 
16.7201779449 13.2269548143 0.346833741638 
17.4294115269 13.3060414756 0.139741105387 
17.541916486 13.3125035728 0.141002279296 
17.5927003586 13.3153939212 0.141212177067 
17.7525514328 13.3258765901 0.139148149298 
17.8531787359 13.3327937091 0.138360473084 
17.9507508242 13.3392655815 0.13940836271 
18.504935261 13.4858190979 0.950760732261 
18.5996832811 13.6022548641 1.2213663468 
18.6519317591 13.7215567792 1.51805119753 
18.6678638422 13.8339118923 1.70046472027 
18.6634213888 13.9374681676 1.76582558998 
18.602086302 14.4737406934 1.7818111469 
18.578443762 14.6420893634 2.03804501714 
18.5174012148 14.781094637 2.32192028149 
18.4249489271 14.9024718071 2.3870351812 
17.9747703039 15.3135775889 2.65377713011 
17.8374114 15.4026697541 2.72057809559 
17.719863888 15.4649610634 2.9308530921 
17.6652623379 15.486380961 3.0503111088 
17.1664967501 15.4604717607 3.36897809616 
17.005246278 15.436975878 3.35970158047 
16.8918418848 15.4208227808 3.36771344418 
16.2126573586 15.318996262 3.35776072221 
16.0450639838 15.295841031 3.34472205314 
15.9454019853 15.2811188849 3.37748048246 
15.777594302 15.2562170348 3.59827996407 
15.7034510785 15.2348167056 3.87878976842 
15.6701783204 15.214930732 4.01226337128 
15.5454704427 15.1574805419 -0.799366907685 
15.531476047 15.1467721427 -0.549442733399 
15.5201774501 15.1317289958 -0.270598424599 
15.5175815487 15.1197710524 -0.0876347281621 
15.5212773049 15.1034855808 0.167272013742 
15.5574454033 15.1005362833 0.29221643444 
15.8979335969 15.1746457035 0.274846089011 
15.9450200872 15.1907814408 0.154786345451 
15.9665257895 15.1996457728 0.0337607323724 
15.9859424346 15.2106922998 -0.193897953241 
15.9940681272 15.2188576872 -0.377608615685 
15.9923667276 15.2309152486 -0.512036323075 
15.9844643214 15.2773445251 -0.896795380102 
15.9858462327 15.286546916 -0.992417369864 
