15.9877949544 15.2851171794 -1.00722403374 
15.9877949544 15.2851171794 -1.00722403374 
15.9877949544 15.2851171794 -1.00722403374 
15.9877949544 15.2851171794 -1.00722403374 
15.840056751 15.1709854642 0.386731220524 
15.8400604838 15.1710039193 0.386802544019 
15.8398096972 15.1706415753 0.387697824947 
15.8414666728 15.1706179048 0.404702837999 
15.8400675022 15.1709964986 0.386883670553 
15.8399587684 15.1710124204 0.385865487596 
15.8400603906 15.1709835345 0.386782356632 
15.8397941888 15.1706391315 0.387869132979 
15.8400507347 15.1709884594 0.386589614223 
15.8400676475 15.1709716658 0.386794111065 
15.8398062513 15.1706167574 0.38758021643 
15.8400452622 15.1709459836 0.386688875231 
15.8400532977 15.170967404 0.386896311826 
15.8397901655 15.1706019084 0.387739325332 
15.8400526942 15.1709598343 0.386824264735 
15.8397912235 15.1706130619 0.387545716995 
15.840061661 15.1709755326 0.386714427063 
15.8397969307 15.1706024821 0.387802978104 
15.8400513978 15.1709471534 0.386738145338 
15.8397941739 15.1706076751 0.387686065746 
15.8397994341 15.1705962459 0.387637421964 
15.8400503994 15.1709401126 0.386648430825 
15.8398076819 15.1706287677 0.387807620797 
15.8400576302 15.1709625761 0.38680142646 
15.8400538639 15.1709524209 0.386668642273 
15.840056561 15.1709526295 0.386639494771 
15.8398129718 15.1706123913 0.387621256907 
15.840057362 15.17094465 0.386489808596 
15.84006219 15.1709555651 0.386631973548 
15.8398167045 15.1706109087 0.387690286527 
15.8398310133 15.1706091876 0.387621426028 
15.8398323321 15.1706069077 0.387469377524 
15.8400658296 15.1709895025 0.385839311616 
15.8400531301 15.1709528829 0.386446169767 
15.839908898 15.1700415353 0.382482324347 
15.8397926876 15.1705716739 0.393119630322 
15.8396001273 15.1698056723 0.379155545015 
15.8399453984 15.1709878633 0.386215714162 
15.8397030273 15.1706363673 0.387039846194 
15.8399372102 15.1710083375 0.385927695275 
15.8397240528 15.1706137399 0.387119165343 
15.8395688498 15.1697391311 0.379165067784 
15.8397425265 15.1706220026 0.387050591725 
15.8399850914 15.1709845925 0.385729772598 
15.9144046215 15.2156737729 -0.00555455684151 
15.9520592579 15.2142426542 -0.0804370124708 
16.0326709115 15.2014069187 -0.0740857821852 
16.1263921821 15.1877448375 -0.0840099241399 
16.633789953 15.1094385351 -0.0731487095801 
16.7048402392 15.0992552454 -0.0724795073215 
16.913982507 15.0667281414 -0.0767942660603 
17.0611028635 15.0444674159 -0.0744533409185 
17.6842449867 14.9491950239 -0.078708347487 
17.7743781769 14.9355437423 -0.0685941444507 
17.8527419531 14.9218692447 -0.0733675534683 
17.9737913572 14.9037828411 -0.0640246529196 
18.1553926432 14.8772817219 -0.171427151135 
18.2640237772 14.8543503548 -0.343082625164 
18.6073620283 14.508634683 -1.19898290181 
18.6476921999 14.3723353709 -1.19784803985 
18.6854484045 14.2532641853 -1.24824683039 
18.6968293154 14.2160934175 -1.29198566635 
18.7263460123 14.043569919 -1.56596978369 
18.7180521452 13.9349071945 4.63994055747 
18.6990373098 13.8040449584 4.63413149705 
18.4860749209 13.2871360744 2.7474389188 
18.4860749209 13.2871360744 2.7474389188 
18.4860749209 13.2871360744 2.7474389188 
18.1848761999 13.2165583337 3.2171985489 
18.0688276255 13.2157288755 3.16646555484 
18.0688276255 13.2157288755 3.16646555484 
17.424855467 13.2482396329 3.16479601577 
17.2748329603 13.2561769451 3.16353584226 
17.1556669438 13.2647662128 3.16594807676 
17.0376031363 13.2723946537 3.16905240319 
16.3829067313 13.2402142251 3.43137630614 
16.2407311165 13.2068411077 3.17986930331 
16.0813594722 13.2188404764 2.99965697772 
15.9411522971 13.2536704505 3.05711961637 
15.8599281294 13.2732802595 3.24668427004 
15.4538001084 13.2048798765 3.43761683865 
15.2533420288 13.1596652235 3.31390738727 
15.1149867141 13.1453846658 3.04003925591 
14.9727728331 13.1702204908 2.77002299642 
14.6252226793 13.6062695945 1.80774342207 
14.6252226793 13.6062695945 1.80774342207 
14.5807008707 13.8618254627 1.78488213969 
14.5717301333 13.918667909 1.74395039669 
14.566060301 14.5706716145 1.14614321945 
14.6048481428 14.6495259965 1.03835001584 
14.6853795015 14.7699428464 0.78547504498 
14.8092972004 14.8680132891 0.484382035523 
14.8711669409 14.8970059122 0.381984951146 
14.9379460179 14.9199037815 0.354876116695 
15.5072757268 15.0757477249 0.357868957508 
15.6050930881 15.101884302 0.351796760078 
15.7613752448 15.1462807844 0.357215958314 
15.9314704464 15.1949758458 0.341427931682 
16.020521667 15.2192292458 0.302850470725 
16.0893981272 15.2368173208 0.315571887245 
16.207493689 15.2695124543 0.335634824484 
16.7077830398 15.3255215252 0.0463223662148 
16.9055625164 15.3206183205 0.0536830554324 
17.0990209543 15.3165668661 0.038449026221 
17.890702244 15.3037623281 0.0495822242836 
18.111368891 15.2986554916 -0.112472521284 
18.2038545572 15.2864701266 -0.297512066233 
18.3608860933 15.2184630542 -0.648067687302 
18.6234021151 14.5473781193 -1.37218207708 
18.6455726587 14.3860128487 -1.42851002308 
18.653568741 14.2042622531 4.64402463173 
18.6211667025 14.0008672441 4.62483704798 
18.3952054941 13.4426660503 3.73195625858 
18.2554604971 13.3685805763 3.43985680263 
18.1289551222 13.3431346382 3.32665908317 
17.9870727026 13.327923056 3.29590587759 
17.4036536181 13.279272076 3.30239242499 
17.3019134962 13.2698056663 3.2956294951 
17.1993566715 13.2618898118 3.2970880368 
16.9803111517 13.2510406936 3.33529089002 
16.466483947 13.2102543081 3.27467789409 
16.2947411501 13.191976663 3.29504912609 
16.1633769536 13.181767341 3.29375018035 
16.0026935526 13.1691883768 3.29251619873 
15.4058799708 13.1230128969 3.18845932474 
15.2832385265 13.1204527582 2.99247538799 
15.2453703844 13.1238065923 2.90249378418 
15.0453422629 13.2031825746 2.49606943005 
14.9834307396 13.255783316 2.31710633731 
14.9834307396 13.255783316 2.31710633731 
14.8257837259 13.963430282 1.49588989183 
14.8478203976 14.041670915 1.61278944715 
14.8452253306 14.0960817302 1.62565440385 
14.8480532133 14.1546322072 1.63377507925 
14.8596382105 14.366108116 1.64457878627 
14.8856393063 14.9128641451 1.51587449956 
14.967002269 15.164436307 0.935382673866 
15.0342178309 15.2509165763 0.762498356459 
15.6957658046 15.4247316087 0.143845960379 
15.8364507557 15.4345859105 0.160371988144 
15.9888277912 15.4448242898 0.16473215832 
16.0779891127 15.4516095335 0.137239067747 
16.1584478581 15.4560949172 0.1448586129 
16.345289793 15.4670599664 0.153731306986 
16.8958941662 15.5024000669 0.14009504642 
17.0573207104 15.5127567614 0.161283125049 
17.2347069943 15.5227763916 0.136245327617 
17.7650847399 15.5556609596 0.126780201229 
17.8771836722 15.5614207352 0.132111115403 
17.9578957522 15.5653196538 0.137910018565 
18.0805892908 15.5721726085 0.135018064054 
18.2001140082 15.5781376029 0.133255627635 
18.7707977259 15.6069264377 0.121957669764 
18.853934046 15.6093426312 0.121837150565 
18.853934046 15.6093426312 0.121837150565 
19.2061483824 15.6577810908 0.582800847242 
19.2877883875 15.6981049145 0.773106089807 
19.3383877241 15.733442005 0.878136415808 
19.3383877241 15.733442005 0.878136415808 
19.3383877241 15.733442005 0.878136415808 
19.3383877241 15.733442005 0.878136415808 
18.5938532316 16.450128075 3.76622907601 
18.4256644213 16.3482025827 3.76396683205 
18.3398010695 16.2956006492 3.76031528255 
18.2717707121 16.2553787197 3.76482593394 
18.1578729117 16.1849243606 3.76054297334 
17.4978593552 15.787672397 3.75003032559 
17.4220178091 15.7421603168 3.75513212789 
17.3167303764 15.6795842017 3.75592327556 
17.1834641659 15.6010501648 3.76074459382 
17.0003943407 15.4910287524 3.76690338866 
16.9132099115 15.4392067457 3.75125298789 
16.4431839549 15.1788881386 3.48079668002 
16.3088279032 15.1443839411 3.45470703725 
16.2702057623 15.1347388516 3.45421300023 
16.1108235979 15.0947158451 3.46028759385 
16.0147487932 15.0706660117 3.458722595 
15.9143590314 15.0463341291 3.4591010938 
15.8355772794 15.0282570089 3.45636732372 
15.3270114624 14.9034810925 3.48481284118 
15.2194122636 14.8757875825 3.46205498995 
15.133920964 14.8564109767 3.56218922308 
15.0233897531 14.8234424258 3.75227290739 
14.9758384788 14.8022297884 3.84620367934 
14.8210364544 14.6802641119 4.22248827932 
14.7841285431 14.6324064101 4.3380089262 
14.7927374804 13.9540430273 -1.25421554581 
14.8464606964 13.7679972614 -1.26481361026 
14.8621569836 13.7187495197 -1.14229002664 
14.8733870947 13.6845971311 -1.15273939216 
14.8733870947 13.6845971311 -1.15273939216 
15.5627333486 13.1538873876 -0.225026903667 
15.7226408833 13.1089485849 -0.0235386972068 
15.8566914463 13.0978430475 -0.0194733266417 
15.9360512347 13.0893512929 -0.00803351815282 
16.029963907 13.0818723405 -0.00366343316948 
16.0983266198 13.0737594331 0.0530242603638 
16.6323178374 13.194297191 0.396443951596 
16.8240708673 13.2631044353 0.212776756007 
16.9464129173 13.2781228984 0.152727571247 
17.1111767256 13.2846603359 0.131401465542 
17.2689567768 13.2946889366 0.14165616416 
18.0445153677 13.345370766 0.146895314978 
18.1479175055 13.3504533733 0.212262724954 
18.2635083162 13.3634328807 0.394104217119 
18.4002280199 13.4123610223 0.699315476322 
18.4915854895 13.4756346906 0.927202392756 
18.5629782641 13.5459372962 1.10489400017 
18.6563026869 13.9862265552 1.74685408385 
18.6394436323 14.1389172042 1.75685067711 
18.6150815451 14.3488727773 1.75337407609 
18.6066541636 14.429342326 1.7718524552 
18.5971496069 14.5250703658 1.82864304158 
18.5873396361 14.5966221655 1.93344544381 
18.2035372221 15.1510504896 2.54239361175 
18.1273965799 15.2170681229 2.64106025939 
17.917106148 15.350437891 2.67516788944 
17.3893049919 15.4925208951 3.39027144084 
17.2949767077 15.4796818907 3.36267449239 
17.2500177586 15.4724803085 3.37820562119 
17.1436450445 15.4565129096 3.36480486021 
17.083597418 15.4474182243 3.35110759958 
16.9222874605 15.4256180341 3.36005260145 
16.1621200108 15.3125515992 3.35492441482 
15.9792824724 15.2884030121 3.33274992755 
15.8729972729 15.2743181402 3.44415396991 
15.7990220525 15.261417147 3.55932835385 
15.7298625075 15.2442678141 3.77633494824 
15.6804281437 15.2235566818 3.96943829894 
15.6599474662 15.212279022 4.06915337679 
15.5506156945 15.1633203144 -0.912654208887 
15.5342149102 15.1510504673 -0.611447539102 
15.5230490529 15.1373197476 -0.36815182056 
15.5201461875 15.1308409909 -0.250592663177 
15.6639307254 15.1241096074 0.286957172471 
15.7065973842 15.1331747437 0.285768699401 
15.8313378209 15.1606230328 0.287486862456 
15.9081075193 15.1785573962 0.260578443801 
15.9474513197 15.1921061652 0.141692855639 
15.9627106005 15.197414432 0.0646134874204 
15.9891174623 15.2879292446 -1.00691965915 
15.989401687 15.2875972281 -1.00737985149 
15.9877949544 15.2851171794 -1.00722403374 
15.9877949544 15.2851171794 -1.00722403374 
15.9877949544 15.2851171794 -1.00722403374 
15.9877949544 15.2851171794 -1.00722403374 
