18.6685836279 15.6021422709 0.125709842271 
18.6685836279 15.6021422709 0.125709842271 
18.6685836279 15.6021422709 0.125709842271 
18.6685836279 15.6021422709 0.125709842271 
18.6685836279 15.6021422709 0.125709842271 
18.6685836279 15.6021422709 0.125709842271 
18.6685836279 15.6021422709 0.125709842271 
18.6685836279 15.6021422709 0.125709842271 
18.6685836279 15.6021422709 0.125709842271 
18.6685836279 15.6021422709 0.125709842271 
18.6685836279 15.6021422709 0.125709842271 
18.6685836279 15.6021422709 0.125709842271 
18.6685836279 15.6021422709 0.125709842271 
18.6685836279 15.6021422709 0.125709842271 
18.6685836279 15.6021422709 0.125709842271 
18.6685836279 15.6021422709 0.125709842271 
15.8400641346 15.1709916557 0.386902196757 
15.8397901618 15.1706111024 0.387713082431 
15.8398037181 15.1706313233 0.387577682054 
15.8400708252 15.1709635595 0.38676485167 
15.8400537745 15.1709756891 0.386939354789 
15.8398027384 15.1706136356 0.387785184598 
15.8400508763 15.1709540601 0.386561050351 
15.8400593178 15.170974646 0.386849562326 
15.8397923076 15.1706105287 0.387740786108 
15.839801211 15.1706139261 0.387764820068 
15.8398018257 15.1705926026 0.38738083058 
15.8398148232 15.1706296841 0.387591273141 
15.8400716634 15.1709740798 0.386790270921 
15.8398206682 15.1706122572 0.38752319747 
15.8400650435 15.170959119 0.38662008557 
15.8400761933 15.1709794963 0.386634490056 
15.8400450872 15.1709638427 0.386369973701 
15.8400548213 15.1709476078 0.386510848694 
15.8399371804 15.1709689836 0.386246864613 
15.839727793 15.1706552918 0.386819366738 
15.8399480806 15.1710227172 0.385861646814 
15.8401464858 15.1709064955 0.392252472817 
15.8399453984 15.1709878633 0.386215714162 
15.8399351129 15.1709482933 0.385903343468 
15.8397081682 15.1706371347 0.386773861289 
15.8397219741 15.1706260706 0.387230509636 
15.8399657571 15.1709640289 0.386029457534 
15.8395704628 15.169739146 0.379380954924 
15.8400035315 15.1709525252 0.38567389819 
15.9117452149 15.201546252 0.199610035783 
15.9338410833 15.2168812177 -0.0700895944312 
15.9650674575 15.2123348529 -0.0892822023942 
15.9970458784 15.2067600938 -0.0737395442899 
16.0801186972 15.1942462365 -0.0732892263268 
16.692841109 15.1016130264 -0.062825904026 
16.7911370957 15.0858247692 -0.073402362764 
16.9725545609 15.057493564 -0.0729656283002 
17.1633915865 15.0292368347 -0.0692169192903 
17.3030928337 15.0082792307 -0.0878381577948 
17.9737913572 14.9037828411 -0.0640246529196 
18.1118302309 14.8827888633 -0.0969213988354 
18.1853020155 14.871528473 -0.195703180971 
18.3413186037 14.8240666951 -0.51338393095 
18.6919541323 14.2326128448 -1.26850490262 
18.7169182264 14.1366620029 -1.41512965987 
18.724789139 13.9925274814 4.66038228991 
18.7098016703 13.8780381645 4.63410894858 
18.6968305075 13.7869856323 4.62705429442 
18.4860749209 13.2871360744 2.7474389188 
18.2068147623 13.2186766828 3.24379492128 
18.1848761999 13.2165583337 3.2171985489 
18.0688276255 13.2157288755 3.16646555484 
17.9480750525 13.2216190065 3.1680932659 
17.2748329603 13.2561769451 3.16353584226 
17.1556669438 13.2647662128 3.16594807676 
16.9763810598 13.2796908582 3.1890653246 
16.9188911879 13.2828433479 3.16580784224 
16.2756935918 13.214136001 3.27755398088 
16.2107195818 13.2034379209 3.10998591484 
16.1571478808 13.2062147821 3.04153108808 
16.0542390906 13.2245932783 2.99463290568 
15.9023918175 13.2631751264 3.12393372042 
15.8345466369 13.2771247591 3.3305803108 
15.3039182984 13.1699444021 3.36216279028 
15.2167880499 13.1537495817 3.25297498396 
15.0137138927 13.1587351526 2.83798278872 
14.8554302418 13.2255824769 2.50889650367 
14.6252226793 13.6062695945 1.80774342207 
14.5807008707 13.8618254627 1.78488213969 
14.5717301333 13.918667909 1.74395039669 
14.520994302 14.2343794073 1.69683084258 
14.646751877 14.7188557352 0.881392719077 
14.7634119951 14.8364556695 0.579213615352 
14.8711669409 14.8970059122 0.381984951146 
15.442050364 15.0574147815 0.347069230357 
15.5684349799 15.0922963286 0.350981384612 
15.6826728993 15.1238886158 0.348472645367 
15.8031778597 15.1587628911 0.363071818319 
16.3960140311 15.3220253924 0.139240568847 
16.4881369435 15.3271551246 0.0593964618672 
16.5737512672 15.3254896666 0.0717858374758 
16.6964639389 15.3242132405 0.0789489727625 
16.8169136607 15.322259743 0.0534701399689 
16.9656708204 15.3193789239 0.0523864061529 
17.5755628311 15.3076738531 0.0383035969285 
17.6578899586 15.3063493485 0.057621547036 
17.7490051949 15.3052989731 0.0440548891774 
17.9631779158 15.3022358606 0.0423512743367 
18.0823569262 15.3007040287 -0.0687605685379 
18.5609233343 14.9674489165 -1.26548536532 
18.5802602732 14.8859482671 -1.36530839778 
18.5982208216 14.7571830417 -1.3702313171 
18.6235425436 14.5561435188 -1.37689607958 
18.6315612757 14.4892514909 -1.37251055406 
18.6019723379 13.8844786848 4.59359680086 
18.5864992106 13.7916414703 4.51221598829 
18.5611696207 13.6883901323 4.30649092058 
18.493184086 13.5492389167 4.03623307209 
17.8556647265 13.3172754014 3.3082170037 
17.6757087671 13.3022990192 3.30748943856 
17.4430153334 13.2822849716 3.30258344 
16.9293695652 13.247757789 3.32984283422 
16.8606848085 13.2443832124 3.3112813269 
16.7380841934 13.2300575937 3.27177942216 
16.5254901611 13.2161110605 3.30860420357 
15.980482895 13.1671680177 3.28093260056 
15.8131439277 13.1546515192 3.29553467808 
15.6294691527 13.1415387357 3.29519552413 
15.5352911019 13.1336394514 3.2908601506 
14.9834307396 13.255783316 2.31710633731 
14.9834307396 13.255783316 2.31710633731 
14.7957453692 13.5548628534 1.78017823925 
14.7751017773 13.7144533361 1.56908691864 
14.7855089867 13.7831542457 1.44596024468 
14.8546748125 14.2183668579 1.64544067832 
14.8621904814 14.4400604332 1.63128053722 
14.8716990912 14.5677901472 1.63333273029 
14.9904515707 15.197539978 0.884919206768 
15.0244932735 15.2406224248 0.782292765538 
15.0830072128 15.2951852682 0.577811858833 
15.1655469501 15.345823061 0.411611141106 
15.2241991126 15.3718083019 0.300327475035 
15.2957944238 15.3917922045 0.202749814797 
15.3958542907 15.4054580147 0.128728672113 
16.181489166 15.4573538716 0.125192094297 
16.2932368779 15.4644127453 0.124046069576 
16.4192233049 15.4713781143 0.153292905384 
16.5187220537 15.4781321699 0.135297522139 
16.6352944934 15.4851886893 0.154501984562 
17.270732876 15.5257573987 0.160779079069 
17.3845168316 15.5321271981 0.131560848471 
17.473256346 15.5375455881 0.131981936622 
17.6454060042 15.5476910139 0.129691899883 
17.7570214235 15.5548879469 0.13444901079 
18.3903720343 15.5888081456 0.138635169416 
18.5476005041 15.5963794554 0.13231071287 
18.7665169203 15.6067543889 0.122671548859 
19.3383877241 15.733442005 0.878136415808 
19.3383877241 15.733442005 0.878136415808 
19.3383877241 15.733442005 0.878136415808 
19.3383877241 15.733442005 0.878136415808 
19.3383877241 15.733442005 0.878136415808 
19.0610556566 16.6223882402 3.28082382864 
18.92086887 16.6142272914 3.56118171047 
18.7421569788 16.5406068529 3.76873003973 
18.623069998 16.4678091968 3.76672263727 
18.1903490984 16.2050953473 3.76327819155 
18.1060593092 16.1533726419 3.7448251368 
18.0264186823 16.1041460598 3.74488652945 
17.8860642874 16.0224925245 3.76031947857 
17.3349662983 15.6906513239 3.75810246439 
17.1834641659 15.6010501648 3.76074459382 
17.0182455742 15.502159294 3.76922542912 
16.3161043489 15.1468538458 3.46516575897 
16.2213607692 15.122071747 3.46266432695 
16.1563400888 15.10619339 3.45879441141 
15.9227318132 15.0484554286 3.46284178428 
15.7648337 15.0103560055 3.45976596874 
15.2194122636 14.8757875825 3.46205498995 
15.0987048113 14.8475165034 3.61224691855 
15.0154767596 14.820570674 3.7703653953 
14.9188045227 14.7685377265 3.95845618634 
14.8016266787 14.6569575633 4.2771893281 
14.7706608736 14.0316133464 -1.24022567228 
14.8124915325 13.896080252 -1.21049483969 
14.8418378794 13.7939966882 -1.21135833056 
14.8694260084 13.691073891 -1.18943506167 
14.8733870947 13.6845971311 -1.15273939216 
15.278223809 13.2663975919 -0.290466013822 
15.3835639917 13.2269219125 -0.300997749712 
15.4841070139 13.1864711011 -0.290124055343 
15.5977781081 13.1402341093 -0.173831139526 
15.7096375638 13.1110032762 -0.0314976187382 
16.3969107234 13.1045521463 0.453984628628 
16.4528685176 13.1270469392 0.444861685432 
16.767948445 13.245208856 0.278282378708 
17.3278008663 13.2982883419 0.142226377777 
17.5289618933 13.3118759359 0.139848956485 
17.6297651493 13.318301555 0.13863791224 
17.8111879789 13.3298594917 0.139894826325 
18.433391329 13.4324356283 0.789490328045 
18.5680758917 13.5534323419 1.11804659533 
18.6203894579 13.6395752395 1.32035670871 
18.6625390017 13.7709045375 1.61192885312 
18.6678981745 13.8505599464 1.71408395959 
18.6118063891 14.3779767121 1.75367049156 
18.6035683119 14.4609290923 1.78016075821 
18.5891671145 14.5839885438 1.90926967551 
18.2380711996 15.1134213174 2.46830049199 
18.1891648733 15.1655426214 2.57456217312 
18.023570534 15.2814584861 2.64056129633 
17.892642256 15.367230233 2.68300375939 
17.7756767237 15.4391048069 2.82902220383 
17.2863516771 15.4771326596 3.3505091279 
17.2203350031 15.4684802408 3.35792633775 
17.0587921106 15.4444068337 3.36841701885 
16.292331841 15.3316974903 3.35317091918 
16.1238584631 15.3077285776 3.34931492376 
15.8809642616 15.2749729941 3.41138766774 
15.8086970189 15.2628329604 3.5492143468 
15.5683268869 15.1699977184 -1.19081922285 
15.5580696725 15.1657479594 -1.02705612786 
15.5329302215 15.1505768637 -0.599955114117 
15.5490342044 15.1007215793 0.263964470308 
15.5712666475 15.1028665716 0.291456041189 
15.64457066 15.1194276477 0.286284396937 
15.7334395164 15.1387592743 0.288891694934 
15.8500402198 15.1655274148 0.285493750695 
15.992539432 15.2366489526 -0.595562040641 
15.9853897729 15.2702760885 -0.843602674864 
15.9860233852 15.2866663786 -0.99709898546 
15.9903027677 15.2868688109 -1.02015447535 
15.9881860578 15.285633594 -1.00990518045 
15.9877659493 15.2849323789 -1.00739872902 
15.9878279307 15.2850224006 -1.00692750862 
