15.9877949544 15.2851171794 -1.00722403374 
15.9877949544 15.2851171794 -1.00722403374 
15.9877949544 15.2851171794 -1.00722403374 
15.9877949544 15.2851171794 -1.00722403374 
15.9877949544 15.2851171794 -1.00722403374 
15.9877949544 15.2851171794 -1.00722403374 
15.9877949544 15.2851171794 -1.00722403374 
15.9877949544 15.2851171794 -1.00722403374 
15.9877949544 15.2851171794 -1.00722403374 
15.9877949544 15.2851171794 -1.00722403374 
15.9877949544 15.2851171794 -1.00722403374 
15.8400504367 15.1709858666 0.386802731612 
15.8398076856 15.170663398 0.387798198164 
15.8397997656 15.1706437359 0.387900642366 
15.8404571266 15.1710002388 0.390694872149 
15.8398072572 15.1706359501 0.387677083015 
15.8398085536 15.1706247295 0.387713659422 
15.8397968189 15.1706411282 0.387799599202 
15.8398201616 15.1706267337 0.387559050842 
15.8401937747 15.1710710863 0.387120318888 
15.8400601448 15.1709676797 0.386832894658 
15.8400532977 15.170967404 0.386896311826 
15.8400535808 15.1709676499 0.386752487509 
15.840058785 15.1709601025 0.386741626096 
15.8398027384 15.1706136356 0.387785184598 
15.8398002015 15.1706135238 0.387734089882 
15.8400527501 15.1709481517 0.386797452979 
15.8400678599 15.1709786172 0.386721550326 
15.8398105727 15.1706061626 0.387660566634 
15.8400674687 15.1709582845 0.386655373685 
15.8398027756 15.1706032718 0.387655830675 
15.8398106584 15.1706086139 0.387734315431 
15.8398095408 15.1706089939 0.387726957422 
15.8400757984 15.1709529648 0.386728379677 
15.839815002 15.1706134568 0.387584371816 
15.8398209253 15.1706243942 0.38745071839 
15.8398216517 15.1706125552 0.387563367837 
15.8400572614 15.170971256 0.386314671597 
15.839824699 15.1706583465 0.387104400146 
15.840575371 15.1709545518 0.390177106236 
15.8399721497 15.170948569 0.385905848392 
15.839727793 15.1706552918 0.386819366738 
15.8397663013 15.1705447028 0.393639712286 
15.8402080053 15.1709507743 0.392379401319 
15.8396001273 15.1698056723 0.379155545015 
15.8397260384 15.1705377812 0.386286170878 
15.839699898 15.1706333647 0.38686368716 
15.8396533617 15.1698368157 0.380219078407 
15.8399966174 15.1709331612 0.385992760224 
15.8399172985 15.1700477565 0.381954827902 
15.8397395724 15.1706444735 0.387058085762 
15.8977483205 15.187968638 0.356615961551 
15.9075573665 15.1957788209 0.285806112222 
15.9119772409 15.2049953828 0.124038354389 
15.9141423126 15.2147149539 -0.0163889338014 
15.92878389 15.2180056556 -0.0567407994639 
15.9723945373 15.2105883698 -0.0767343666962 
16.4438484871 15.1401492546 -0.0821830474351 
16.5234322512 15.1273750032 -0.0705411091396 
16.6123903954 15.1128118897 -0.0709740805819 
16.7048402392 15.0992552454 -0.0724795073215 
16.8336411678 15.0795962031 -0.0757528416967 
16.9434214794 15.0620084966 -0.0727227495459 
17.6842449867 14.9491950239 -0.078708347487 
17.8362522089 14.9251926506 -0.0733815587137 
17.9169585669 14.9125619198 -0.0793745084891 
18.0101618731 14.8969227935 -0.0611161999253 
18.1341881716 14.8806182409 -0.147673067558 
18.30043697 14.8414772118 -0.417041173631 
18.6476921999 14.3723353709 -1.19784803985 
18.7049188578 14.1868981088 -1.32951759457 
18.7261843645 14.0565593208 -1.54952402462 
18.7215583288 13.9630688394 4.64831047229 
18.6968305075 13.7869856323 4.62705429442 
18.1848761999 13.2165583337 3.2171985489 
18.0771529638 13.215784427 3.17349867349 
17.9480750525 13.2216190065 3.1680932659 
17.8286125624 13.2280918325 3.17138473542 
17.6423928702 13.2384835447 3.17101535596 
17.0376031363 13.2723946537 3.16905240319 
16.9763810598 13.2796908582 3.1890653246 
16.9188911879 13.2828433479 3.16580784224 
16.6321076715 13.2948199476 3.41616960909 
16.4128279054 13.2486300434 3.4237476499 
16.3312941455 13.2258721555 3.36206746983 
15.7910376453 13.276233908 3.40795540405 
15.737285223 13.2677050794 3.44264530759 
15.6578183734 13.2498211826 3.43700317963 
15.5518656039 13.2264145578 3.43631819075 
15.462216165 13.206718799 3.43799933407 
15.3547248804 13.181988355 3.41511323568 
14.815631386 13.2550216878 2.44335765177 
14.815631386 13.2550216878 2.44335765177 
14.6280285084 13.5886197055 1.82324733392 
14.6252226793 13.6062695945 1.80774342207 
14.6252226793 13.6062695945 1.80774342207 
14.5247962439 14.4434475864 1.40070912263 
14.5340770447 14.4882739151 1.27085292388 
14.6103934013 14.6599948967 1.01764397114 
14.6643440687 14.7450914348 0.835204654562 
14.8092972004 14.8680132891 0.484382035523 
15.442050364 15.0574147815 0.347069230357 
15.5478192532 15.0868088866 0.35513423914 
15.6536924356 15.1156219656 0.349651317005 
15.753159132 15.1437971259 0.35487187319 
16.3885545694 15.3209899704 0.129795633327 
16.5657676422 15.3258790935 0.0619927016747 
16.6964639389 15.3242132405 0.0789489727625 
16.7963210308 15.3225733305 0.0570695820692 
16.9356586897 15.3200220952 0.0514861971645 
17.009080168 15.3186898867 0.0484548882717 
17.6366562807 15.3069144304 0.0572994697438 
17.7283985579 15.3050939853 0.0693971809005 
17.8295552694 15.3036372552 0.0638538363544 
17.9710171187 15.3023068572 0.0447907849191 
18.0613880121 15.3016458193 -0.0375989411924 
18.182615515 15.2905955764 -0.25315354434 
18.594932791 14.7868420447 -1.36941545329 
18.6063048803 14.6840230192 -1.35388477462 
18.6273617708 14.5185474123 -1.36142431373 
18.6532976591 14.3174936737 -1.50866166955 
18.6493804419 14.1694911684 4.62817200583 
18.493184086 13.5492389167 4.03623307209 
18.2134938204 13.3567775453 3.38442441832 
18.008646723 13.3294519151 3.28901494037 
17.4210931027 13.2807420457 3.30281982184 
17.293638941 13.2691965068 3.29686011956 
17.1696581804 13.2592998708 3.29338700129 
17.0485701525 13.2518217529 3.29685084847 
16.1845988595 13.1837860311 3.29682448739 
16.070641216 13.1741555894 3.28532325523 
15.8301224151 13.1560877527 3.2954219896 
15.7324194723 13.1489440168 3.29687815172 
15.5996916556 13.1393827165 3.29546125515 
14.9834307396 13.255783316 2.31710633731 
14.9834307396 13.255783316 2.31710633731 
14.9834307396 13.255783316 2.31710633731 
14.7926056349 13.5707679952 1.76207793479 
14.7751017773 13.7144533361 1.56908691864 
14.7940243446 13.8398909534 1.39968902474 
14.8567377293 14.2846049632 1.65060702209 
14.8574559652 14.341513213 1.64757146664 
14.8653186524 14.4620408381 1.63708902977 
14.8734657728 14.6702746714 1.6057723308 
15.1422861182 15.333791707 0.460680187212 
15.2546110117 15.3812173272 0.237116283017 
15.4824039602 15.4103083427 0.135870262528 
15.6957658046 15.4247316087 0.143845960379 
15.8653152493 15.4369031454 0.169932233991 
16.5848991239 15.4821948225 0.135972493899 
16.8086731398 15.4976483549 0.120578579478 
16.9995417559 15.5089250768 0.152068330261 
17.6648412907 15.5492778088 0.119722465194 
17.8252490723 15.5582302178 0.139200561598 
17.987134453 15.5666449631 0.139615418693 
18.1319622957 15.5745630825 0.132965335602 
18.3016197645 15.584016111 0.131357521322 
18.853934046 15.6093426312 0.121837150565 
19.2237293684 15.6685137416 0.60584706157 
19.3125071489 15.7137109304 0.81300806099 
19.3383877241 15.733442005 0.878136415808 
19.3383877241 15.733442005 0.878136415808 
19.3383877241 15.733442005 0.878136415808 
19.3383877241 15.733442005 0.878136415808 
19.0483708346 16.6225385631 3.29893950519 
18.5375976526 16.4155884946 3.76451635825 
18.3398010695 16.2956006492 3.76031528255 
18.2012135946 16.2119922007 3.7636489802 
18.063048836 16.1266302432 3.7454480321 
17.5050693714 15.7921247447 3.74972652544 
17.4367260897 15.7508553828 3.75813173489 
17.2984700167 15.6689006353 3.75173165865 
17.1834641659 15.6010501648 3.76074459382 
17.0815429651 15.5397331382 3.75528907101 
16.4652507269 15.1853325854 3.47579964588 
16.3691767418 15.1592686439 3.45805580847 
16.1804053747 15.1120743419 3.46135690385 
16.0147487932 15.0706660117 3.458722595 
15.3826583588 14.917444166 3.47910025118 
15.2411757075 14.8808313573 3.45835470385 
15.1112918222 14.8508309091 3.57717163532 
14.961789366 14.7943597103 3.85654428572 
14.8210364544 14.6802641119 4.22248827932 
14.7372754776 14.1363639797 -1.22376880262 
14.7706608736 14.0316133464 -1.24022567228 
14.8218997681 13.8628399337 -1.20835024756 
14.8464606964 13.7679972614 -1.26481361026 
15.2230663263 13.2894737686 -0.240753681322 
15.3452622854 13.2416526044 -0.297842034592 
15.4116728866 13.2156029905 -0.29902210549 
15.5549927914 13.1568800176 -0.233992427907 
15.8188340404 13.1004313196 -0.011141601004 
16.4457874262 13.122921821 0.432050029684 
16.6168556773 13.1874445642 0.408830554765 
16.7201779449 13.2269548143 0.346833741638 
17.4592677319 13.3078663314 0.141094860955 
17.6502076351 13.3196043933 0.138187726962 
17.7901289427 13.3284796442 0.139617163042 
18.0144920313 13.343417045 0.139989430065 
18.5350148642 13.5154778923 1.03206461272 
18.6150970423 13.6276892389 1.30264563352 
18.6655223333 13.7912958826 1.64778704619 
18.6651248896 13.923474666 1.76707638978 
18.602086302 14.4737406934 1.7818111469 
18.5842812025 14.6130480135 1.96433856733 
18.4101109469 14.919091847 2.38435856972 
18.284078356 15.0621311034 2.41403722713 
18.2230536902 15.1293819288 2.48652138346 
17.7756767237 15.4391048069 2.82902220383 
17.6922699177 15.477116477 3.00513275622 
17.4675408566 15.5039721991 3.37950355421 
17.4098303282 15.4960381056 3.38875607891 
17.3101731503 15.480362531 3.35166466774 
17.2779117787 15.4754742647 3.34842951711 
16.8710175717 15.4178023751 3.36831882286 
16.7337754333 15.3969849313 3.36092401939 
16.6041609013 15.3775432969 3.34998812473 
16.5113627278 15.3639014179 3.35033366477 
16.3469002509 15.3375698889 3.35681588601 
15.7434128785 15.2483021759 3.7241434147 
15.66130979 15.2128616965 4.0642175145 
15.6311398708 15.1923343691 4.3252249926 
15.6142179036 15.1799014586 4.4405495698 
15.6013078653 15.1731589774 4.57238010914 
15.531476047 15.1467721427 -0.549442733399 
15.5180549585 15.1230139549 -0.127634407448 
15.5169901514 15.1145558546 -0.0131340560122 
15.5259977543 15.1010147298 0.204332445073 
15.5450180435 15.0994183535 0.276763095465 
15.5860633814 15.106081825 0.286996247574 
15.925298635 15.1833660419 0.220613284871 
15.9706740492 15.2005544866 0.011871127588 
15.9940681272 15.2188576872 -0.377608615685 
15.9871210941 15.2535306944 -0.737498386946 
