15.9877949544 15.2851171794 -1.00722403374 
15.9877949544 15.2851171794 -1.00722403374 
15.9877949544 15.2851171794 -1.00722403374 
15.9877949544 15.2851171794 -1.00722403374 
15.9877949544 15.2851171794 -1.00722403374 
15.9877949544 15.2851171794 -1.00722403374 
15.9877949544 15.2851171794 -1.00722403374 
15.9877949544 15.2851171794 -1.00722403374 
15.9877949544 15.2851171794 -1.00722403374 
15.8398022951 15.1706528033 0.387775666253 
15.8415090406 15.1706387813 0.404691314839 
15.8404571266 15.1710002388 0.390694872149 
15.8400468604 15.1709674338 0.386966975681 
15.8397923337 15.1706420595 0.387759644548 
15.8400696294 15.1709809268 0.386827547613 
15.8400815056 15.1709910224 0.386650110104 
15.8398062513 15.1706167574 0.38758021643 
15.8404866086 15.1709655637 0.390855231248 
15.8398065158 15.1706042106 0.387814941212 
15.8398089224 15.1706199015 0.38767804406 
15.8400592582 15.1709597821 0.386897586739 
15.8397961744 15.1706082637 0.387604504051 
15.8397912235 15.1706130619 0.387545716995 
15.8400527501 15.1709481517 0.386797452979 
15.8400593178 15.170974646 0.386849562326 
15.8400575967 15.1709499548 0.386982760029 
15.840068143 15.170957532 0.386727314598 
15.8400579878 15.1709641928 0.386698828753 
15.8400657886 15.1709343905 0.38659986393 
15.8398121336 15.1706250424 0.387681320575 
15.8398102001 15.1706159825 0.387653275515 
15.8400607594 15.1709746907 0.38656323386 
15.8398408593 15.1706224869 0.387254027504 
15.8398189732 15.1706216971 0.387124642747 
15.8397549019 15.1705489645 0.387610819193 
15.8400542551 15.1709523166 0.386413682971 
15.8400548213 15.1709476078 0.386510848694 
15.8394800463 15.1705940182 0.386106358881 
15.8397113123 15.1706288646 0.387036046749 
15.8399522529 15.1710240434 0.385893635581 
15.8398090975 15.1705791319 0.393104440304 
15.8395961226 15.1698653216 0.37947648924 
15.8397260384 15.1705377812 0.386286170878 
15.8399252632 15.1708028803 0.384444365521 
15.8399381788 15.1709777603 0.385775847532 
15.8398852871 15.1700427572 0.382108667335 
15.8399764748 15.1709718669 0.386127594839 
15.8399675452 15.1709598044 0.385882429908 
15.8388188035 15.1697209219 0.375917459055 
15.9023217141 15.1920500661 0.319226888625 
15.9114122224 15.2086852586 0.0657293327695 
15.9371861668 15.2170725523 -0.0762404695678 
15.980971899 15.209717816 -0.0828267333704 
16.3219315076 15.1579470898 -0.0742153331245 
16.3819330001 15.1499680991 -0.0828089221795 
16.7048402392 15.0992552454 -0.0724795073215 
16.8719359004 15.0732802267 -0.0769411514114 
17.5639284813 14.968391713 -0.0824740606356 
17.5933833086 14.9637543524 -0.0834337168073 
17.7346929276 14.9407812024 -0.0847519236299 
17.8750127518 14.9197037483 -0.0802657770112 
17.9834301436 14.9026132787 -0.0678306693118 
18.0230121576 14.8954675461 -0.0581634822706 
18.589177128 14.5622646774 -1.17684376765 
18.6411406958 14.3941077555 -1.21226151526 
18.6600615942 14.331467923 -1.20263915934 
18.6968293154 14.2160934175 -1.29198566635 
18.7263460123 14.043569919 -1.56596978369 
18.7149302923 13.9155385459 4.64224693448 
18.5200743639 13.3314963544 2.77452388214 
18.4860749209 13.2871360744 2.7474389188 
18.4860749209 13.2871360744 2.7474389188 
18.1848761999 13.2165583337 3.2171985489 
18.0688276255 13.2157288755 3.16646555484 
17.9522948229 13.2214935983 3.1680143707 
17.8286125624 13.2280918325 3.17138473542 
17.2748329603 13.2561769451 3.16353584226 
17.2748329603 13.2561769451 3.16353584226 
17.055365082 13.269373771 3.1510972522 
16.9763810598 13.2796908582 3.1890653246 
16.4892688357 13.2692414487 3.4459185441 
16.3131685817 13.2227743829 3.3160093047 
16.1720794999 13.2047520841 3.05640251772 
16.1273060852 13.2104152406 3.01717655342 
16.0240255409 13.2316638196 2.9902413995 
15.6511517876 13.2483751739 3.43745083718 
15.5122884774 13.2175372804 3.43656357332 
15.3464736306 13.1798926557 3.41179473265 
15.2329155767 13.1561063493 3.2834769512 
14.815631386 13.2550216878 2.44335765177 
14.815631386 13.2550216878 2.44335765177 
14.632705208 13.5652540887 1.82172175742 
14.6252226793 13.6062695945 1.80774342207 
14.5807008707 13.8618254627 1.78488213969 
14.5494421684 14.5196846093 1.3075481169 
14.6010726654 14.6426711048 1.04932249614 
14.7138621771 14.7982738877 0.694721696782 
15.2765538656 15.0151870216 0.351947201936 
15.3461950981 15.0341062064 0.335582015267 
15.4711779618 15.0660291279 0.358260295953 
15.5766183698 15.0942189957 0.35141944265 
15.6746059471 15.1215097422 0.351581826304 
16.2163839006 15.2716347652 0.318679632846 
16.2695986294 15.2871625724 0.308988246614 
16.4126294815 15.3245034332 0.104444568747 
16.5065747463 15.3270680944 0.0395121735051 
17.2626156771 15.3126393373 0.064763380003 
17.4443329537 15.3100706602 0.0455204156278 
17.5163730347 15.3087565939 0.0438627748895 
17.6366562807 15.3069144304 0.0572994697438 
17.7791702711 15.3046535219 0.0449231592516 
18.3361000979 15.2341234002 -0.578184262674 
18.3962674105 15.1936049054 -0.733629275387 
18.4478211367 15.1485190059 -0.866461429138 
18.5077879393 15.0743048156 -1.03967803347 
18.5847649538 14.865071025 -1.37172435624 
18.5972447359 14.7658402289 -1.37139499026 
18.653568741 14.2042622531 4.64402463173 
18.6412165129 14.1211332048 4.62278279202 
18.6160135233 13.9728056158 4.60558282184 
18.5802543127 13.7542015279 4.44683477796 
18.1722054445 13.3513382638 3.38517400796 
17.9746079409 13.3270831073 3.30141799806 
17.7590638363 13.3092622722 3.30660071016 
17.625687834 13.2979880537 3.3054272307 
17.5455572569 13.2911244596 3.30315222301 
17.5029352867 13.2872796024 3.30181399701 
16.8276939356 13.239781257 3.30393698121 
16.6566281879 13.2237731184 3.26313516921 
16.504507538 13.2137206758 3.28841782806 
16.0231317097 13.1708272661 3.27766571159 
15.8641276547 13.1588853563 3.29525424543 
15.5868489408 13.1382659639 3.29570855522 
15.4660920763 13.1273308958 3.2458075432 
14.9834307396 13.255783316 2.31710633731 
14.9834307396 13.255783316 2.31710633731 
14.801146146 13.5320475067 1.85669049647 
14.7769018376 13.6622226203 1.56814583838 
14.8452253306 14.0960817302 1.62565440385 
14.8472953999 14.1642477478 1.6211231476 
14.8546748125 14.2183668579 1.64544067832 
14.8614989483 14.4059945906 1.63712956745 
14.8652617895 14.4811924065 1.59215346279 
14.9353474342 15.111560371 1.04162468465 
14.9868134224 15.192895409 0.88811412731 
15.0401654803 15.2570490094 0.720412520736 
15.1655469501 15.345823061 0.411611141106 
15.2241991126 15.3718083019 0.300327475035 
15.8446866275 15.4357369507 0.165328378076 
15.9679635504 15.4437275196 0.159352913136 
16.1413263046 15.4545170034 0.141257848888 
16.223265227 15.4600999917 0.151338068887 
16.2932368779 15.4644127453 0.124046069576 
16.3584188187 15.468023252 0.148700471101 
16.9903440439 15.5089467431 0.150752626818 
17.1605267489 15.5192971791 0.148404233888 
17.2934598887 15.5278515483 0.125993639365 
17.3667637074 15.5309179092 0.14190625158 
18.0672099554 15.57101452 0.139472602347 
18.1911117994 15.5771490599 0.13956535381 
18.3431770765 15.5856177772 0.139199462604 
18.4707698786 15.592529055 0.131898210506 
18.6177906954 15.5996635521 0.132594048966 
19.2177555525 15.6639925505 0.592460677035 
19.3383877241 15.733442005 0.878136415808 
19.3383877241 15.733442005 0.878136415808 
19.3383877241 15.733442005 0.878136415808 
19.3383877241 15.733442005 0.878136415808 
19.0731222593 16.6242749656 3.26856091569 
18.8506331408 16.5935423339 3.67130297767 
18.7676773035 16.5552860464 3.75945827527 
18.7036161387 16.5170375074 3.76422738658 
18.5692717993 16.4346759284 3.76530154035 
18.0812470877 16.1364690031 3.72956121307 
17.9118006193 16.0369086827 3.75069557867 
17.7604559624 15.9451237286 3.76037259907 
17.6401489937 15.8736510838 3.76107951902 
17.5477380716 15.8181041444 3.75160174871 
16.9865478241 15.48252989 3.75413590054 
16.8541351521 15.4057602848 3.75705535781 
16.6913390123 15.3070172856 3.74589360954 
16.6289249026 15.2685218791 3.71445985106 
16.4762859904 15.1891133862 3.47650122829 
15.8162974903 15.0228095467 3.47890505903 
15.6478557551 14.9818541075 3.46077768322 
15.5582419598 14.9612337316 3.47516063929 
15.354588505 14.9102217222 3.47900339823 
15.2411757075 14.8808313573 3.45835470385 
14.7247002089 14.5136443938 4.598790284 
14.703012582 14.2933901514 -1.30870793376 
14.7260200941 14.176708814 -1.2298758445 
14.7557800972 14.0796889032 -1.22913298567 
14.7684922182 14.0396428073 -1.23004851012 
14.991050061 13.4457830156 -0.630758014776 
15.2501183712 13.2774003709 -0.294463433297 
15.3452622854 13.2416526044 -0.297842034592 
15.5549927914 13.1568800176 -0.233992427907 
15.6964754277 13.1132186616 -0.0402007293794 
16.3529775703 13.0904298986 0.408094365735 
16.5102156961 13.1488229001 0.404345057087 
16.5849471056 13.1764734949 0.399107367968 
16.7083390319 13.2225018705 0.359797325107 
16.8161427343 13.2612482275 0.221520593483 
16.9791871273 13.2800458635 0.162664085679 
17.5289618933 13.3118759359 0.139848956485 
17.7100946867 13.3232761587 0.140227434827 
17.8406619989 13.3319036926 0.139975707903 
18.0445153677 13.345370766 0.146895314978 
18.6110272371 13.6193160976 1.29477863702 
18.645921942 13.7012202705 1.47626010827 
18.6671452486 13.8794710601 1.74047537208 
18.6584861242 13.9686148132 1.75209640168 
18.5994720423 14.5036365355 1.80601953886 
18.573022362 14.6621772016 2.07530646025 
18.5174012148 14.781094637 2.32192028149 
18.4387321436 14.8856118287 2.37883823889 
18.3455812895 14.9911947514 2.39153868221 
17.9569196665 15.3251690979 2.64363672643 
17.8194179499 15.4129872734 2.75862077585 
17.6438831055 15.4931415583 3.10039922618 
17.5003060066 15.5066260363 3.34049972323 
17.1856566631 15.4625610078 3.34874762856 
17.0490455591 15.443799984 3.36894919401 
16.9714820349 15.431998756 3.35518985156 
16.9304152691 15.4259994293 3.35691433043 
16.7626764142 15.4010237421 3.35710174608 
16.6341189706 15.3814479376 3.34687278743 
15.9925630951 15.2888368929 3.33418671029 
15.9075679762 15.2769458036 3.38235336194 
15.8245039025 15.26533803 3.50053166092 
15.7269881928 15.2427698725 3.79117406527 
15.6800974869 15.2231596264 3.97923149171 
15.5505847299 15.1628948415 -0.91000183737 
15.5235758984 15.1384441818 -0.386726416984 
15.5188150966 15.126782086 -0.189496237965 
15.5162634813 15.1106378401 0.0526811605606 
15.5259977543 15.1010147298 0.204332445073 
15.5512159133 15.1002107228 0.287860685646 
15.9021773442 15.1757467205 0.26393392009 
15.9627106005 15.197414432 0.0646134874204 
15.9891527855 15.2136727518 -0.250023990074 
15.9928868302 15.2215987186 -0.400697855029 
15.9918449932 15.232944743 -0.522203966019 
15.9877748304 15.284942169 -1.00759665184 
15.987800371 15.28483611 -1.0090156176 
15.987863537 15.2851154583 -1.00819585623 
15.9876858779 15.2851486432 -1.00635996965 
