15.9877949544 15.2851171794 -1.00722403374 
15.9877949544 15.2851171794 -1.00722403374 
15.9877949544 15.2851171794 -1.00722403374 
15.9877949544 15.2851171794 -1.00722403374 
15.9877949544 15.2851171794 -1.00722403374 
15.840056751 15.1709854642 0.386731220524 
15.8397987225 15.170639653 0.387791895035 
15.8415090406 15.1706387813 0.404691314839 
15.8398927898 15.1715752224 0.379388760561 
15.8400641346 15.1709916557 0.386902196757 
15.8400607632 15.1709827895 0.386820621093 
15.8400599138 15.1709914247 0.386732847588 
15.8398037181 15.1706313233 0.387577682054 
15.8400815056 15.1709910224 0.386650110104 
15.8400427626 15.1709718446 0.386904112027 
15.8397208565 15.1706047545 0.387002490661 
15.8398071007 15.1706032048 0.387805683206 
15.840070855 15.1709626208 0.38668981539 
15.8400630952 15.170962442 0.386909671932 
15.840066325 15.1709296967 0.386587280571 
15.8400581778 15.1709651987 0.386607309166 
15.8397971207 15.1706045086 0.387766710718 
15.8398054765 15.1706106255 0.387709304973 
15.8400603646 15.1709543655 0.386799436997 
15.8398020045 15.1706227104 0.387653178054 
15.8397995309 15.1706016103 0.387647771689 
15.8397999481 15.1706060956 0.387663309109 
15.8398073466 15.1705917085 0.387571242398 
15.8398022318 15.1706079582 0.387683498598 
15.839813877 15.1706131215 0.387581917126 
15.8400671222 15.1709731261 0.386640427848 
15.839810595 15.1706017295 0.387647770416 
15.8398144284 15.1706157813 0.387620094765 
15.8400720881 15.1709624718 0.386644108892 
15.8400929832 15.1709620173 0.386275072358 
15.8400665485 15.170953315 0.386104385241 
15.8398289086 15.1706217716 0.387088865461 
15.839816101 15.1706301237 0.387219339131 
15.8400472515 15.1709514374 0.386619982297 
15.8394800463 15.1705940182 0.386106358881 
15.8397875206 15.170566086 0.393355915546 
15.8397994639 15.1705775152 0.393170149868 
15.8399644756 15.1709834749 0.385717630915 
15.8399409206 15.1709497536 0.385878177375 
15.8399017641 15.1700703467 0.382219784233 
15.8399724105 15.1709559823 0.386070518435 
15.8395668195 15.1697263683 0.379533572368 
15.8386046143 15.1697172339 0.374922942483 
15.839754332 15.1706297735 0.38660620942 
15.9102844616 15.2104851755 0.0615205390277 
15.9200169203 15.2161424907 -0.031279172305 
15.9457327836 15.2160174085 -0.0798106209921 
16.0106369966 15.2049374248 -0.0724835035075 
16.5744196736 15.1192418079 -0.0721300793877 
16.7048402392 15.0992552454 -0.0724795073215 
16.7911370957 15.0858247692 -0.073402362764 
16.9014896118 15.0686163569 -0.0762514359021 
17.0018153154 15.0530798698 -0.0742294512443 
17.1926469767 15.0245927388 -0.0714511876407 
17.8234711849 14.9275198842 -0.0872996226952 
17.9248261416 14.9114631976 -0.0772413742384 
18.0230121576 14.8954675461 -0.0581634822706 
18.2720267737 14.8519420291 -0.366661656498 
18.6054813826 14.5167555774 -1.20779078205 
18.6386499369 14.4020066823 -1.21269945948 
18.6626749003 14.3234780396 -1.20659315877 
18.6992089712 14.2077923978 -1.30119123287 
18.721622225 14.1075212921 -1.47570627805 
18.7215583288 13.9630688394 4.64831047229 
18.6025338137 13.477897879 4.09625590721 
18.6025338137 13.477897879 4.09625590721 
18.4860749209 13.2871360744 2.7474389188 
17.8286125624 13.2280918325 3.17138473542 
17.6423928702 13.2384835447 3.17101535596 
17.5229537451 13.2434395517 3.1647547412 
17.4032070601 13.2495534385 3.16405579009 
17.1689695084 13.2623891796 3.15781496177 
16.6067899429 13.2907371486 3.42381417324 
16.4378141725 13.2537989582 3.43556789458 
16.3131685817 13.2227743829 3.3160093047 
16.2041049564 13.2033494676 3.09852373076 
16.1159372145 13.2122455801 3.01025524118 
15.7041085624 13.2599774564 3.43621917604 
15.6042027139 13.2376266683 3.43438679637 
15.5122884774 13.2175372804 3.43656357332 
15.3128160202 13.1722179616 3.38223336703 
15.1955880487 13.1508372987 3.21665425551 
14.815631386 13.2550216878 2.44335765177 
14.6369185412 13.5452641214 1.83002071821 
14.6252226793 13.6062695945 1.80774342207 
14.5807008707 13.8618254627 1.78488213969 
14.5717301333 13.918667909 1.74395039669 
14.5717301333 13.918667909 1.74395039669 
14.6367231571 14.7040321792 0.917519956467 
14.7339677775 14.8131998743 0.627592965598 
14.8092972004 14.8680132891 0.484382035523 
14.9262434804 14.9164612258 0.352080915594 
15.5766183698 15.0942189957 0.35141944265 
15.6953164005 15.1278028677 0.348496291537 
15.8254462519 15.1628534014 0.328167751993 
15.9314704464 15.1949758458 0.341427931682 
16.0893981272 15.2368173208 0.315571887245 
16.207493689 15.2695124543 0.335634824484 
16.9787465298 15.3193349729 0.0517072499883 
17.1491885149 15.3156151737 0.0527930089009 
17.2845907175 15.3124840001 0.0702789947467 
17.4741800987 15.3096613328 0.0434008412515 
18.2038545572 15.2864701266 -0.297512066233 
18.3286097014 15.2383099164 -0.56264210195 
18.4262540304 15.1688746626 -0.804551057535 
18.5276498758 15.0420836324 -1.11787322891 
18.558719393 14.975501057 -1.24753644172 
18.6567006075 14.2533650363 4.68701516743 
18.6464908087 14.149121877 4.61968384384 
18.6326472723 14.0726928676 4.63160472336 
18.6196896994 13.9924665655 4.6248926963 
18.5884520971 13.8044933046 4.53088421468 
18.2764949762 13.3759565319 3.47199335339 
18.1516184771 13.3491413558 3.35295568999 
17.9075887167 13.3220404352 3.31187902357 
17.7467375958 13.3084075416 3.30772323545 
17.0818799698 13.2537239755 3.30280513003 
16.8758742773 13.2430778707 3.35756882608 
16.1845988595 13.1837860311 3.29682448739 
16.0522237533 13.1737741197 3.25306315493 
15.8937509899 13.1611291135 3.2965406228 
15.702168774 13.1466897691 3.29637377459 
15.5480945968 13.134802934 3.29269542018 
15.0150373542 13.2254461015 2.42204295313 
14.9834307396 13.255783316 2.31710633731 
14.781237241 13.5950283969 1.81992200716 
14.7773379051 13.6861603225 1.5267393453 
14.7855089867 13.7831542457 1.44596024468 
14.7940243446 13.8398909534 1.39968902474 
14.8614989483 14.4059945906 1.63712956745 
14.8716990912 14.5677901472 1.63333273029 
14.8791046106 14.7366664971 1.60362465393 
14.8803639376 14.8492717112 1.54503851357 
15.1959229076 15.3608616332 0.356095782931 
15.2661923134 15.3846139873 0.23737971764 
15.4623094761 15.4091494645 0.122660677906 
15.5912123286 15.4184622581 0.152145062513 
15.8573318684 15.4370714987 0.139478488548 
16.4564167821 15.4738613928 0.155519448438 
16.5187220537 15.4781321699 0.135297522139 
16.7263355219 15.4915500844 0.145259859702 
16.8086731398 15.4976483549 0.120578579478 
16.9570798838 15.5063435698 0.153768174274 
17.5567823612 15.5426507557 0.1376066454 
17.7247075998 15.5521212185 0.1335956767 
17.8382699453 15.558800068 0.140401516078 
17.9999053442 15.56752136 0.137833127035 
18.6685836279 15.6021422709 0.125709842271 
18.7707977259 15.6069264377 0.121957669764 
18.853934046 15.6093426312 0.121837150565 
19.3383877241 15.733442005 0.878136415808 
19.3383877241 15.733442005 0.878136415808 
19.3383877241 15.733442005 0.878136415808 
19.3383877241 15.733442005 0.878136415808 
18.834137913 16.5872241224 3.69144896366 
18.707101103 16.5186185802 3.76180930125 
18.6084394419 16.4589325155 3.76713074164 
18.5267469847 16.4092529977 3.76638592176 
18.3971765005 16.3309382165 3.76464191968 
17.8369451725 15.9915071095 3.76534500011 
17.6723440849 15.8929397429 3.75548075643 
17.5336464607 15.8094249333 3.75416646945 
17.4464706146 15.7576818431 3.74951232875 
17.3777660095 15.7171972061 3.75478414502 
16.8188043797 15.3835919614 3.75156936262 
16.7170320713 15.3224853913 3.74769293928 
16.5914041364 15.2460923356 3.6375401066 
16.5138548576 15.2049682441 3.54323023434 
16.3933672869 15.1661192293 3.4570539861 
16.2213607692 15.122071747 3.46266432695 
15.5491889381 14.9580444361 3.46435928254 
15.4591543042 14.9363494779 3.46986831869 
15.3470484578 14.9086755777 3.47849144268 
15.0494081342 14.8323845829 3.65653900905 
14.7088930571 14.4634456004 4.67665276293 
14.7008804047 14.4022834862 -1.46289810531 
14.7016810143 14.3059592808 -1.31950327278 
14.7372754776 14.1363639797 -1.22376880262 
14.7738869154 14.0223902429 -1.22518716837 
14.8102309668 13.9043312038 -1.21145620844 
14.991050061 13.4457830156 -0.630758014776 
14.991050061 13.4457830156 -0.630758014776 
15.2619727814 13.2727096046 -0.291746030334 
15.356668111 13.2372094358 -0.300277133969 
15.4680647218 13.1929441656 -0.295435492887 
16.0814375841 13.0753713811 0.0348106938293 
16.2614918613 13.0723191465 0.295312147535 
16.3440492415 13.0883470739 0.398652097243 
16.5222535693 13.1530786718 0.408300578254 
17.0454875195 13.2840869392 0.16984647227 
17.1111767256 13.2846603359 0.131401465542 
17.3069606983 13.2970267499 0.141527548688 
17.4506790602 13.3073321546 0.139939466248 
18.0315244162 13.3447120155 0.142904402754 
18.1959457361 13.3553377355 0.290360232825 
18.3699712717 13.3957272733 0.626896856693 
18.504935261 13.4858190979 0.950760732261 
18.6579585039 13.9737029041 1.74903985915 
18.6334612333 14.187806722 1.75633057434 
18.6127498114 14.369644698 1.75296607671 
18.6012973749 14.4816456402 1.79993276914 
18.2484955752 15.0999180491 2.44153192916 
18.1752099955 15.1797087307 2.59970745387 
18.0781671965 15.2501057743 2.65599188162 
17.9937896692 15.3030732537 2.63085889285 
17.9064869845 15.3576116155 2.66584213903 
17.3773223126 15.4900084997 3.3724185233 
17.3331779205 15.482664373 3.35457685834 
17.2980850899 15.4788555766 3.35095724595 
17.2687375509 15.4748657311 3.36865608619 
17.1775728428 15.4623183871 3.35003429922 
17.072727915 15.447297659 3.38087650378 
16.5113627278 15.3639014179 3.35033366477 
16.3962613308 15.3446272577 3.36418289801 
16.2728455329 15.3280833403 3.37038511756 
16.1531488859 15.3118192742 3.34914857457 
15.9454019853 15.2811188849 3.37748048246 
15.6191922986 15.1848586092 4.38054380432 
15.6005728507 15.1725633408 4.58873929572 
15.5710199141 15.1703620891 -1.2327254446 
15.5246929788 15.1014120097 0.191424121929 
15.5574454033 15.1005362833 0.29221643444 
15.6109068954 15.1115502233 0.296761786663 
15.6548960024 15.1221423934 0.284906034108 
15.7736560666 15.1476664285 0.287863998599 
15.9892443457 15.2463214344 -0.679506219647 
15.9850684368 15.2820982712 -0.939089261176 
15.9884573334 15.2879807281 -0.999431688343 
15.9887883404 15.2873312088 -1.02586162667 
15.9881304764 15.2856404076 -1.00978820035 
15.9877487385 15.2849396656 -1.00743822307 
