15.9877949544 15.2851171794 -1.00722403374 
15.9877949544 15.2851171794 -1.00722403374 
15.9877949544 15.2851171794 -1.00722403374 
15.9877949544 15.2851171794 -1.00722403374 
15.9877949544 15.2851171794 -1.00722403374 
15.8397957795 15.1706566329 0.387888982514 
15.8400644661 15.1710060651 0.386754409667 
15.8397997656 15.1706437359 0.387900642366 
15.8404571266 15.1710002388 0.390694872149 
15.8398133517 15.1706335957 0.387799563116 
15.8397901618 15.1706111024 0.387713082431 
15.8398059757 15.1706441383 0.387755175279 
15.8400615865 15.1709824691 0.386810760116 
15.8398183436 15.1706415976 0.387545127567 
15.8400708252 15.1709635595 0.38676485167 
15.8400427626 15.1709718446 0.386904112027 
15.8400569336 15.1709735508 0.386959375143 
15.8398071007 15.1706032048 0.387805683206 
15.8400713318 15.1709655563 0.386882257164 
15.8400526942 15.1709598343 0.386824264735 
15.8398002015 15.1706135238 0.387734089882 
15.8400599548 15.1709733124 0.386789697231 
15.8400575967 15.1709499548 0.386982760029 
15.8400603646 15.1709543655 0.386799436997 
15.8400718869 15.170955878 0.386555368993 
15.8397995309 15.1706016103 0.387647771689 
15.8400611059 15.1709400157 0.386767293823 
15.8400754557 15.1709582473 0.386839229694 
15.8400525266 15.1709631572 0.38669319886 
15.8400517405 15.1709384585 0.386672618933 
15.840068862 15.1709514523 0.386614193279 
15.8400757984 15.1709529648 0.386728379677 
15.8398229965 15.1706125627 0.387556326961 
15.8400720881 15.1709624718 0.386644108892 
15.8400858008 15.1709580089 0.386512247279 
15.8400491179 15.1709495897 0.386421240606 
15.8400761933 15.1709794963 0.386634490056 
15.8400579878 15.1709767545 0.385902394974 
15.8397914619 15.1706120113 0.387477222733 
15.8396685497 15.1706577952 0.387129675294 
15.8397889064 15.1705665256 0.393097246105 
15.8396553883 15.1704890544 0.385631738334 
15.8397012615 15.1706240589 0.386915024593 
15.8397011423 15.1706377829 0.386996951342 
15.8397057393 15.1706472079 0.386990253891 
15.8399657571 15.1709640289 0.386029457534 
15.8386046143 15.1697172339 0.374922942483 
15.8397483603 15.170631882 0.3868859648 
15.8397596182 15.170630839 0.386558616635 
15.9215390609 15.216712313 -0.0369020501222 
15.9572298342 15.2122996471 -0.0626092640601 
16.042101171 15.1997164416 -0.0716425631906 
16.5533519947 15.1225664879 -0.0726640877774 
16.6422108376 15.1079612339 -0.070611198527 
16.7426224911 15.093645137 -0.0868828126115 
16.9517333471 15.0608364309 -0.0727286489005 
17.0738092625 15.0424880947 -0.0736737057721 
17.705396887 14.9455152119 -0.0842174319535 
17.7956436836 14.9314489032 -0.0744412327869 
17.8999528849 14.9148179854 -0.0794725495838 
18.0101618731 14.8969227935 -0.0611161999253 
18.1718604529 14.8746373917 -0.175550499487 
18.2845668757 14.8474583293 -0.378373864364 
18.6160805189 14.4817331995 -1.20564819848 
18.6539401972 14.3520058955 -1.19672547804 
18.6919541323 14.2326128448 -1.26850490262 
18.7169182264 14.1366620029 -1.41512965987 
18.7263274157 14.0350322689 4.70636838683 
18.7149302923 13.9155385459 4.64224693448 
18.6979660952 13.7955474819 4.63270615721 
18.4860749209 13.2871360744 2.7474389188 
18.4860749209 13.2871360744 2.7474389188 
18.4860749209 13.2871360744 2.7474389188 
18.1848761999 13.2165583337 3.2171985489 
18.0688276255 13.2157288755 3.16646555484 
17.9480750525 13.2216190065 3.1680932659 
17.4032070601 13.2495534385 3.16405579009 
17.2748329603 13.2561769451 3.16353584226 
17.0461721384 13.271492597 3.16606134272 
16.9763810598 13.2796908582 3.1890653246 
16.3618764841 13.2338958944 3.40587990106 
16.2107195818 13.2034379209 3.10998591484 
16.0542390906 13.2245932783 2.99463290568 
15.921051886 13.2585865224 3.08545125612 
15.5674341881 13.2298804487 3.43730431078 
15.4043835961 13.1938286985 3.431629358 
15.2447761261 13.1579593385 3.300699989 
15.0946579539 13.146949407 3.01814432374 
14.9641275966 13.1730545724 2.75582890049 
14.6252226793 13.6062695945 1.80774342207 
14.5874128306 13.8351633514 1.82289739414 
14.5717301333 13.918667909 1.74395039669 
14.5717301333 13.918667909 1.74395039669 
14.571033951 14.5786977375 1.17059587597 
14.6417149269 14.7112837399 0.897911807734 
14.6992776358 14.784169432 0.723639070524 
14.8092972004 14.8680132891 0.484382035523 
14.8775125706 14.8969453836 0.308917623122 
14.979018923 14.9318285252 0.339976387237 
15.5274059736 15.0812205935 0.357856836651 
15.6294674539 15.1089369024 0.341195283997 
15.8127635905 15.1595442335 0.329746267868 
15.9599608072 15.2024404372 0.340184583453 
16.0399076008 15.2226441598 0.330481826229 
16.1171818339 15.2450361305 0.331366510581 
16.2430741751 15.2790814752 0.338885632435 
16.7668485605 15.3232992406 0.0518282742501 
16.9271229469 15.3201309408 0.0511731610954 
17.1422216856 15.3158696632 0.0561999106729 
17.8989779913 15.3035662586 0.0501035166754 
18.1240212881 15.2974681968 -0.129818805771 
18.2534086668 15.2715977954 -0.401322714779 
18.3789837324 15.2059216204 -0.690861520574 
18.6248059237 14.5305020774 -1.36527915237 
18.6505668127 14.3430184687 -1.47418021063 
18.6507182085 14.1783368553 4.62634496424 
18.6211667025 14.0008672441 4.62483704798 
18.3952054941 13.4426660503 3.73195625858 
18.227931019 13.36158013 3.41302335928 
18.0764992201 13.33564901 3.30629881554 
17.5240761006 13.2892034019 3.30313817491 
17.3903850281 13.2781200374 3.30217935395 
17.2597306931 13.2670837606 3.30147267981 
17.1908236706 13.2611936296 3.29694021105 
16.9507520163 13.2502422298 3.31086936466 
16.4538992011 13.2100414003 3.29297029863 
16.2740462982 13.1904402936 3.29528731349 
16.1424359643 13.1801842416 3.29597706425 
15.9977872857 13.1685088838 3.28373396359 
15.3716131413 13.1206008161 3.13708382376 
15.2832385265 13.1204527582 2.99247538799 
15.148751136 13.150245067 2.72654877189 
15.0453422629 13.2031825746 2.49606943005 
14.9834307396 13.255783316 2.31710633731 
14.9834307396 13.255783316 2.31710633731 
14.8254154884 13.9678820337 1.48734479582 
14.8488261664 14.0522370304 1.60614512907 
14.847042557 14.1157710517 1.62649332557 
14.8498806917 14.1754652227 1.65567994496 
14.8627320492 14.3987876142 1.66134477786 
14.8856393063 14.9128641451 1.51587449956 
14.9868134224 15.192895409 0.88811412731 
15.0609257781 15.2771371531 0.641899157732 
15.7337940597 15.4271803314 0.13008894638 
15.9168323615 15.4402007724 0.151943438356 
16.0090874695 15.4464624936 0.143239216463 
16.0901796335 15.4517146314 0.14647591579 
16.181489166 15.4573538716 0.125192094297 
16.3747580611 15.4685567285 0.157248679019 
16.9476703369 15.5059219266 0.122047789075 
17.1081417763 15.5162253941 0.139516300218 
17.263806101 15.5251087213 0.14603698288 
17.786110636 15.5560092295 0.143845496549 
17.8771836722 15.5614207352 0.132111115403 
17.9663245642 15.565737095 0.137817209742 
18.0891578161 15.5723239149 0.135238341456 
18.2123689615 15.5785099829 0.134063652444 
18.8181164229 15.6087348724 0.130338154391 
18.853934046 15.6093426312 0.121837150565 
18.853934046 15.6093426312 0.121837150565 
19.2061483824 15.6577810908 0.582800847242 
19.2877883875 15.6981049145 0.773106089807 
19.3383877241 15.733442005 0.878136415808 
19.3383877241 15.733442005 0.878136415808 
19.3383877241 15.733442005 0.878136415808 
19.3383877241 15.733442005 0.878136415808 
18.5868322813 16.4457079137 3.76567706787 
18.3971765005 16.3309382165 3.76464191968 
18.3185408079 16.2829874719 3.76117207492 
18.2533359491 16.244041797 3.76419404286 
18.1578729117 16.1849243606 3.76054297334 
17.4644079172 15.7686129774 3.75108742826 
17.4220178091 15.7421603168 3.75513212789 
17.2911398375 15.6646876598 3.75611564088 
17.1584075653 15.5853415097 3.75396165619 
16.9928485119 15.4868249858 3.77026987823 
16.9132099115 15.4392067457 3.75125298789 
16.4337929451 15.1759620386 3.4645598118 
16.2986140215 15.1421062166 3.46058962887 
16.1924993956 15.1149360726 3.45899613554 
16.0805735254 15.087639686 3.4657383054 
15.9865726345 15.064780813 3.46795100687 
15.9062247073 15.0449120368 3.45545166895 
15.8162974903 15.0228095467 3.47890505903 
15.3191929423 14.9016906584 3.47978687532 
15.1980632507 14.870922562 3.47527506849 
15.0987048113 14.8475165034 3.61224691855 
15.0154767596 14.820570674 3.7703653953 
14.9443734848 14.7850717569 3.89015907096 
14.8210364544 14.6802641119 4.22248827932 
14.7657302582 14.6031258071 4.41190074598 
14.8042365276 13.9252568449 -1.20940722106 
14.8464606964 13.7679972614 -1.26481361026 
14.8733870947 13.6845971311 -1.15273939216 
14.8733870947 13.6845971311 -1.15273939216 
15.4841070139 13.1864711011 -0.290124055343 
15.5977781081 13.1402341093 -0.173831139526 
15.7564916873 13.1046544279 -0.00376086006174 
15.8566914463 13.0978430475 -0.0194733266417 
15.9581503683 13.0883709157 -0.0109337288515 
16.0386744254 13.0808004106 0.00140624552716 
16.1104760283 13.0727885927 0.0619727925764 
16.6638666355 13.2065392698 0.379665249784 
16.834149357 13.2642036642 0.226359644095 
16.967169162 13.2790671552 0.149621353636 
17.1194131338 13.2852412427 0.133856644333 
17.2773174011 13.2951979602 0.140565240701 
18.0619244539 13.346075889 0.153905308758 
18.1646470987 13.3515729869 0.229353296618 
18.3046469652 13.3724653686 0.489416001519 
18.4039823973 13.4144895042 0.706340833126 
18.5104110205 13.4931530918 0.981073723929 
18.5800387823 13.5693358148 1.16303431409 
18.6546144449 14.0037391151 1.74806269179 
18.6366772616 14.1610275472 1.75495949598 
18.6136481726 14.3613945211 1.75304311078 
18.604521271 14.451318797 1.78668335622 
18.5961649382 14.533561405 1.83866314381 
18.2697792017 15.0779498185 2.42405665008 
18.1891648733 15.1655426214 2.57456217312 
18.1204583609 15.221360272 2.64286201517 
17.8696533405 15.3818841542 2.68971218044 
17.3773223126 15.4900084997 3.3724185233 
17.2863516771 15.4771326596 3.3505091279 
17.2245919668 15.4687814082 3.35780926438 
17.1436450445 15.4565129096 3.36480486021 
17.0587921106 15.4444068337 3.36841701885 
16.8710175717 15.4178023751 3.36831882286 
16.1238584631 15.3077285776 3.34931492376 
15.9454019853 15.2811188849 3.37748048246 
15.8587578033 15.2722923348 3.46068276701 
15.7990220525 15.261417147 3.55932835385 
15.7214581781 15.2402219104 3.79595306782 
15.6744138562 15.2206447127 3.99478792417 
15.5662542843 15.169406798 -1.16190644059 
15.5454704427 15.1574805419 -0.799366907685 
15.5329302215 15.1505768637 -0.599955114117 
15.5214591586 15.135089312 -0.327316000391 
15.6158318781 15.1124073679 0.291280764457 
15.6707601809 15.1255792792 0.289234024979 
15.7334395164 15.1387592743 0.288891694934 
15.8500402198 15.1655274148 0.285493750695 
15.925298635 15.1833660419 0.220613284871 
15.9497211167 15.1932155343 0.129358695155 
15.9850684368 15.2820982712 -0.939089261176 
15.9891078809 15.2876493039 -1.01640042634 
15.9877949544 15.2851171794 -1.00722403374 
15.9877949544 15.2851171794 -1.00722403374 
15.9877949544 15.2851171794 -1.00722403374 
15.9877949544 15.2851171794 -1.00722403374 
