15.9877949544 15.2851171794 -1.00722403374 
15.9877949544 15.2851171794 -1.00722403374 
15.9877949544 15.2851171794 -1.00722403374 
15.9877949544 15.2851171794 -1.00722403374 
15.9877949544 15.2851171794 -1.00722403374 
15.9877949544 15.2851171794 -1.00722403374 
15.8397925274 15.1706597547 0.387825171969 
15.8400464655 15.170985874 0.386675954901 
15.8400635236 15.1709945912 0.386792517217 
15.8400478252 15.1709846372 0.386992458044 
15.8400136904 15.1709770376 0.386389601982 
15.8400507347 15.1709884594 0.386589614223 
15.8397967481 15.1706310774 0.387743088152 
15.8398113252 15.1706291998 0.387694309656 
15.8400569336 15.1709735508 0.386959375143 
15.8400488981 15.1709835047 0.386739630061 
15.8397965842 15.1706121753 0.387777733992 
15.8398028688 15.1706069226 0.387760380383 
15.8400655837 15.1709696169 0.386649512581 
15.8397931569 15.1706149245 0.387787606149 
15.8398044334 15.1706115196 0.387510727933 
15.84007331 15.1709598194 0.386636252979 
15.8398202659 15.1706244836 0.387792514825 
15.8398041428 15.1706101338 0.387634400517 
15.8400674687 15.1709582845 0.386655373685 
15.8398609684 15.1706050302 0.388337122154 
15.8398060353 15.1706357265 0.387763483625 
15.8398095408 15.1706089939 0.387726957422 
15.8398053535 15.1705990399 0.387597572573 
15.8398048469 15.1706092248 0.387592821352 
15.8400750646 15.1709544624 0.386656738831 
15.8398108558 15.1706013049 0.387569027307 
15.8400604167 15.1709516312 0.386732419613 
15.8398229965 15.1706125627 0.387556326961 
15.8398191334 15.1706031824 0.387712133044 
15.8400833422 15.1709724481 0.386655510518 
15.8400491179 15.1709495897 0.386421240606 
15.8400837259 15.1709629784 0.386634962345 
15.84007914 15.1709549243 0.386304858706 
15.8400762529 15.1709779764 0.386042598225 
15.840032816 15.1709697286 0.386268271286 
15.8397549019 15.1705489645 0.387610819193 
15.8400658296 15.1709895025 0.385839311616 
15.8399522529 15.1710240434 0.385893635581 
15.8400954978 15.1711499135 0.387133788471 
15.8401488365 15.1709238256 0.392231033145 
15.8397706487 15.1705637614 0.39301395535 
15.8397799396 15.1705558489 0.393241009381 
15.8397141063 15.1706264506 0.386985090108 
15.8399761916 15.1709816048 0.385811218313 
15.8397214637 15.1706435795 0.386873079621 
15.8396243342 15.1698196645 0.380255631771 
15.8399714382 15.1707872863 0.384601650942 
15.8399850914 15.1709845925 0.385729772598 
15.8435590827 15.1725812594 0.377534359226 
15.8965139898 15.1884941051 0.339494964045 
15.9118693006 15.2037506031 0.170432973685 
16.1057017111 15.1901905651 -0.0810757218839 
16.2057150864 15.1756428669 -0.0813346908779 
16.266957786 15.1657703857 -0.088316344812 
16.4602962696 15.1377098302 -0.084773843025 
16.5917419755 15.1171220655 -0.0832296554316 
16.6846543514 15.1026671345 -0.0612252303749 
17.2725297176 15.0117623324 -0.0782424067694 
17.4031954968 14.9927457387 -0.0884706756203 
17.5040396416 14.976737615 -0.0896989777565 
17.7141959631 14.9445887173 -0.0765739567866 
17.80246472 14.9302104081 -0.0806108021827 
17.9526836836 14.9065717424 -0.0606608893426 
18.5528295004 14.6346631611 -1.05492609753 
18.6024842226 14.5284032191 -1.18453493918 
18.6306874716 14.4318272437 -1.20621160117 
18.6626749003 14.3234780396 -1.20659315877 
18.7102723086 14.1658089126 -1.36289129723 
18.7259371245 14.0653768743 -1.53798942596 
18.6025338137 13.477897879 4.09625590721 
18.6025338137 13.477897879 4.09625590721 
18.4860749209 13.2871360744 2.7474389188 
18.4860749209 13.2871360744 2.7474389188 
17.7257902586 13.2348014081 3.17469562795 
17.6423928702 13.2384835447 3.17101535596 
16.9763810598 13.2796908582 3.1890653246 
16.7178104484 13.293224212 3.26207574761 
16.5248148405 13.2739067043 3.44287805806 
16.4443977439 13.2563484872 3.41978260687 
16.304644283 13.2200003828 3.32809798484 
16.2107195818 13.2034379209 3.10998591484 
15.7868251168 13.2757644618 3.41242266514 
15.6957853847 13.2578175033 3.4329393903 
15.5861878359 13.2338615621 3.43574011975 
15.4043835961 13.1938286985 3.431629358 
15.2751593554 13.164151069 3.34163337779 
15.1026063525 13.1459785665 3.01997647906 
14.6369185412 13.5452641214 1.83002071821 
14.6252226793 13.6062695945 1.80774342207 
14.5717301333 13.918667909 1.74395039669 
14.5717301333 13.918667909 1.74395039669 
14.5647197926 14.5646311606 1.18454925793 
14.6103934013 14.6599948967 1.01764397114 
14.646751877 14.7188557352 0.881392719077 
14.7339677775 14.8131998743 0.627592965598 
14.8620169127 14.8926941122 0.406879241272 
14.9859389627 14.9332322443 0.348509114027 
15.5072757268 15.0757477249 0.357868957508 
15.7036641353 15.1299619863 0.348775769934 
15.8127635905 15.1595442335 0.329746267868 
15.989506472 15.2101434416 0.338890668565 
16.0692954325 15.2320447064 0.312707239091 
16.1457583272 15.2526458886 0.329695723 
16.825432893 15.3220021466 0.0513547629849 
16.9356586897 15.3200220952 0.0514861971645 
17.0990209543 15.3165668661 0.038449026221 
17.2098711693 15.3141590247 0.0451620375369 
17.3141785824 15.3122915889 0.0513154609817 
17.4235839808 15.3106960917 0.0397255145763 
18.0019600355 15.3031258176 0.010343631527 
18.1240212881 15.2974681968 -0.129818805771 
18.2204618418 15.2820732968 -0.333595586307 
18.2897930109 15.2572057138 -0.476468972575 
18.3789837324 15.2059216204 -0.690861520574 
18.6118102038 14.656366166 -1.37916851769 
18.6235425436 14.5561435188 -1.37689607958 
18.6340599024 14.4674530591 -1.37113903691 
18.6455726587 14.3860128487 -1.42851002308 
18.6562075579 14.2396513189 4.67149940344 
18.6396498644 14.1131128038 4.62537032991 
18.6274163687 14.0388263429 4.62772376441 
18.3952054941 13.4426660503 3.73195625858 
18.292473551 13.3827743495 3.50635125006 
18.1790654623 13.3505049909 3.35609744194 
17.9746079409 13.3270831073 3.30141799806 
17.2122737133 13.2630225385 3.29953406058 
17.0406037533 13.250868317 3.29502553353 
16.8999468052 13.2470186914 3.30158639498 
16.6138386094 13.2216778959 3.28007969961 
15.9313727991 13.1638272966 3.29559529943 
15.8215782457 13.1553143228 3.29533158293 
15.667612102 13.1441179479 3.29553440636 
15.4876944387 13.1301976408 3.25046967535 
15.3422607743 13.1196120943 3.09325474845 
14.8361176216 13.4584884609 1.99195584852 
14.7808678114 13.6146799291 1.68014605092 
14.7751017773 13.7144533361 1.56908691864 
14.7855089867 13.7831542457 1.44596024468 
14.8338735067 13.9929404224 1.53154266122 
14.8779379093 14.709218439 1.6047057373 
14.880975362 14.8619923557 1.52602729509 
14.8856393063 14.9128641451 1.51587449956 
14.9442744219 15.1238773058 0.987274944547 
15.0244932735 15.2406224248 0.782292765538 
15.6040340626 15.4191022182 0.151296281719 
15.7035343015 15.4255209381 0.141845385826 
15.7778327578 15.4302892948 0.163893717234 
15.8874598035 15.4381520266 0.154215715406 
16.0306710267 15.4481740708 0.146295220528 
16.181489166 15.4573538716 0.125192094297 
16.7956221664 15.4961557353 0.132174145208 
16.9570798838 15.5063435698 0.153768174274 
17.0874972307 15.5146176482 0.147369119235 
17.1807709896 15.5198852087 0.144514460966 
17.8687806093 15.5609962011 0.131127207402 
18.0672099554 15.57101452 0.139472602347 
18.2416379416 15.5805859829 0.131601501312 
18.4590594732 15.5928896333 0.127624486157 
18.5778295958 15.5978027547 0.120739105596 
18.6846709215 15.6027576591 0.13237929856 
19.3324124777 15.729200002 0.869555020742 
19.3383877241 15.733442005 0.878136415808 
19.3383877241 15.733442005 0.878136415808 
19.3383877241 15.733442005 0.878136415808 
19.3383877241 15.733442005 0.878136415808 
19.0797328913 16.6318399871 3.17400903122 
18.9586682284 16.620338198 3.48928223079 
18.8919384443 16.6069251264 3.6105844175 
18.7282576525 16.531938311 3.76721537034 
18.6120824778 16.461117741 3.76717878342 
18.0264186823 16.1041460598 3.74488652945 
17.9737646544 16.0741594399 3.75580212335 
17.8369451725 15.9915071095 3.76534500011 
17.7669521534 15.9498954977 3.75159213658 
17.6864677631 15.9013886417 3.74935549245 
17.6100231373 15.8562108243 3.75260870122 
17.4543832504 15.7620819772 3.75254151019 
16.9487756455 15.4606750722 3.76409954026 
16.8188043797 15.3835919614 3.75156936262 
16.7426198089 15.3378847281 3.75125825236 
16.584302839 15.2417851987 3.62453942664 
16.4539295399 15.182658978 3.48233462715 
15.7785852888 15.0134572948 3.47408600926 
15.6862617546 14.9910278882 3.4761849422 
15.4591543042 14.9363494779 3.46986831869 
15.3680805528 14.9134973551 3.48881389501 
15.2609534824 14.8868981863 3.46051705232 
14.7614953482 14.5956140126 4.43004517431 
14.7076183521 14.4506604041 4.699226922 
14.6982277596 14.3571394647 -1.39056864281 
14.7117379868 14.2342363561 -1.2250676913 
14.7557800972 14.0796889032 -1.22913298567 
14.991050061 13.4457830156 -0.630758014776 
14.991050061 13.4457830156 -0.630758014776 
15.2700249517 13.2695561613 -0.291479648993 
15.3181796038 13.2517476047 -0.29451803845 
15.4801070654 13.1881061758 -0.291328737617 
15.5703631603 13.1507984365 -0.215359640022 
16.159417566 13.0693691934 0.118138912984 
16.2399223113 13.0691782201 0.280984104681 
16.3796737456 13.099337932 0.440786588793 
16.5102156961 13.1488229001 0.404345057087 
16.6051380002 13.1838937963 0.399649104281 
16.7269788944 13.2299536432 0.336331746178 
17.4379531109 13.3066189254 0.140825567829 
17.563319441 13.31348395 0.140604110949 
17.6502076351 13.3196043933 0.138187726962 
17.773434993 13.3272906507 0.13923021979 
17.8616871798 13.3332096303 0.139757327041 
17.993226763 13.3420519794 0.138528415333 
18.5201981032 13.4986290897 0.975188662473 
18.6061935389 13.6116257871 1.27201014969 
18.6587331259 13.7503594125 1.57436258893 
18.6678981745 13.8505599464 1.71408395959 
18.6596355402 13.9610331024 1.75601577253 
18.600033518 14.4943227733 1.81245274668 
18.5662422144 14.6816319192 2.12013912155 
18.5174012148 14.781094637 2.32192028149 
18.3976299727 14.9332514668 2.39322997137 
17.9662930929 15.3180061618 2.64943302882 
17.8194179499 15.4129872734 2.75862077585 
17.7006915772 15.4733052219 2.99262302029 
17.6227056944 15.4979063536 3.14940313419 
17.1547989809 15.4582640494 3.36590694455 
16.9903472626 15.434731182 3.35784902903 
16.8502373063 15.415203389 3.35993848298 
16.2085559928 15.318368722 3.35919652159 
16.0225217902 15.2929927299 3.34411604258 
15.9158431851 15.2779602411 3.36918979602 
15.7504002416 15.2496237338 3.68525672218 
15.6963726097 15.2313881863 3.90772052252 
15.5580696725 15.1657479594 -1.02705612786 
15.5363552534 15.1521285439 -0.664278775694 
15.527511146 15.1443127582 -0.485233365535 
15.5194875264 15.1288139636 -0.218349276826 
15.5172532761 15.1174834485 -0.0517790331867 
15.5259977543 15.1010147298 0.204332445073 
15.5668778681 15.1018771345 0.292279897866 
15.9021773442 15.1757467205 0.26393392009 
15.9497211167 15.1932155343 0.129358695155 
15.9706740492 15.2005544866 0.011871127588 
15.9859424346 15.2106922998 -0.193897953241 
15.9932519236 15.2238558002 -0.43521370008 
15.9911803567 15.2411200388 -0.636076229905 
15.9851123133 15.2806339937 -0.924766987003 
