15.88 15.24 1.57079632679 
15.88 15.24 1.57079632679 
15.840056751 15.1709854642 0.386731220524 
15.8400464655 15.170985874 0.386675954901 
15.8397987225 15.170639653 0.387791895035 
15.8405479343 15.1709974299 0.391526390191 
15.840063803 15.17097253 0.386886018222 
15.8400641346 15.1709916557 0.386902196757 
15.8400603906 15.1709835345 0.386782356632 
15.8398194649 15.1706179718 0.387614371809 
15.8401937747 15.1710710863 0.387120318888 
15.8400457503 15.1709621663 0.386934804364 
15.8398065158 15.1706042106 0.387814941212 
15.8400497736 15.1709646771 0.386880664006 
15.8398027384 15.1706136356 0.387785184598 
15.8397994266 15.1706167127 0.387736649797 
15.8400593178 15.170974646 0.386849562326 
15.8400519491 15.1709580685 0.386706303973 
15.8398015239 15.170619231 0.387670280281 
15.8400663176 15.1709768812 0.386758370999 
15.8398114481 15.1705986227 0.387652474247 
15.8400740774 15.1709729398 0.386776260054 
15.8398031407 15.1706176887 0.38774427229 
15.840055328 15.1709744746 0.386625940483 
15.8400757984 15.1709529648 0.386728379677 
15.8400920891 15.1709658841 0.386678099311 
15.8398209253 15.1706243942 0.38745071839 
15.8400833124 15.1709401498 0.38645459042 
15.8400778138 15.1709657575 0.3865169366 
15.8400914335 15.170950454 0.386627294213 
15.8398408593 15.1706224869 0.387254027504 
15.8398189732 15.1706216971 0.387124642747 
15.84006463 15.1710033754 0.385960446321 
15.8397914619 15.1706120113 0.387477222733 
15.8399371804 15.1709689836 0.386246864613 
15.8397762553 15.1707934032 0.386630735677 
15.8401488365 15.1709238256 0.392231033145 
15.8397675232 15.1705530326 0.392779742124 
15.839944549 15.1709589998 0.385933826579 
15.8397190721 15.1706391017 0.3868815911 
15.8399532923 15.1709929819 0.386070895602 
15.8399587722 15.1709496642 0.385728764807 
15.8397425265 15.1706220026 0.387050591725 
15.8397464977 15.1706232617 0.386624388788 
15.8399906309 15.1709759946 0.385533311765 
15.8527618797 15.173087355 0.37407830407 
15.890978651 15.1863925273 0.350829656156 
15.910977943 15.1990939083 0.234896431803 
15.9111056441 15.2126764006 0.0300910475837 
16.3219315076 15.1579470898 -0.0742153331245 
16.5744196736 15.1192418079 -0.0721300793877 
16.7212008202 15.096740451 -0.0743132754686 
16.8124993407 15.082756188 -0.0742373459611 
16.9307596647 15.0641562159 -0.0772776118949 
17.4841591084 14.980311122 -0.0936411976752 
17.5558208191 14.9696125651 -0.0810976735951 
17.7435697281 14.9394329751 -0.0683722990523 
17.9040787184 14.9146014417 -0.074657052706 
18.4589264357 14.7471588219 -0.783868805192 
18.534258362 14.6637809242 -0.998063969519 
18.5759296381 14.5932300056 -1.12623566372 
18.6098575556 14.501061138 -1.20103913328 
18.6333470308 14.4236634339 -1.2035672599 
18.6563408339 14.3438163365 -1.20108714923 
18.7049188578 14.1868981088 -1.32951759457 
18.6968305075 13.7869856323 4.62705429442 
18.6025338137 13.477897879 4.09625590721 
18.6025338137 13.477897879 4.09625590721 
18.6025338137 13.477897879 4.09625590721 
18.6025338137 13.477897879 4.09625590721 
18.4860749209 13.2871360744 2.7474389188 
18.4860749209 13.2871360744 2.7474389188 
17.6423928702 13.2384835447 3.17101535596 
17.424855467 13.2482396329 3.16479601577 
17.2877235376 13.2554633583 3.16462817289 
17.1556669438 13.2647662128 3.16594807676 
16.5248148405 13.2739067043 3.44287805806 
16.4295093977 13.2524397338 3.42630825077 
16.3312941455 13.2258721555 3.36206746983 
16.2202041411 13.2040795053 3.12698105206 
16.0427903348 13.2271462644 2.9929051884 
15.4414015078 13.2019504274 3.43566782175 
15.2329155767 13.1561063493 3.2834769512 
15.1149867141 13.1453846658 3.04003925591 
14.8554302418 13.2255824769 2.50889650367 
14.815631386 13.2550216878 2.44335765177 
14.6252226793 13.6062695945 1.80774342207 
14.5149496758 14.2787734235 1.61793638811 
14.5181245768 14.3982522453 1.41741393838 
14.5461885893 14.5066933001 1.34211255934 
14.5819401705 14.6035410131 1.10981127949 
14.6992776358 14.784169432 0.723639070524 
14.7512886488 14.8276749814 0.545189083441 
15.2450836265 15.0049154128 0.360779914692 
15.3364946806 15.0284620191 0.358802989118 
15.4516457879 15.0626205916 0.373192160968 
15.6294674539 15.1089369024 0.341195283997 
16.1581424439 15.2559141277 0.335115855207 
16.3033687436 15.2989383789 0.259963586586 
16.4652093613 15.3274226899 0.0585778176209 
16.6314468944 15.3254610787 0.0474474410646 
16.7668485605 15.3232992406 0.0518282742501 
17.4741800987 15.3096613328 0.0434008412515 
17.6064530575 15.3075025121 0.061487170939 
17.8087903225 15.3049130032 0.0480223363146 
17.9110426867 15.3020650114 0.0686406026664 
18.0530233347 15.3028776462 -0.0372487255499 
18.5506348574 14.9958953823 -1.2128816874 
18.5780467951 14.9039757217 -1.33775520537 
18.6008262598 14.7363051141 -1.36946022562 
18.61556625 14.6366208161 -1.35714380466 
18.638289448 14.4372047747 -1.38393696498 
18.5884520971 13.8044933046 4.53088421468 
18.5611696207 13.6883901323 4.30649092058 
18.493184086 13.5492389167 4.03623307209 
18.3952054941 13.4426660503 3.73195625858 
18.2094070875 13.3557710613 3.37969045684 
17.625687834 13.2979880537 3.3054272307 
17.4943028652 13.2865161861 3.30240219771 
17.2511496508 13.2664380039 3.3014882358 
17.1106253826 13.256532904 3.29316638361 
16.540354129 13.2173391546 3.3469702263 
16.3466790878 13.1958860124 3.28757675616 
16.1633769536 13.181767341 3.29375018035 
16.0817767495 13.1759203638 3.24970000236 
15.9521276021 13.1655188764 3.29435889826 
15.2954742872 13.1202231611 3.01283107542 
15.1755644047 13.1406921113 2.76763583606 
15.0741165244 13.184972402 2.55063335257 
14.9834307396 13.255783316 2.31710633731 
14.9834307396 13.255783316 2.31710633731 
14.9834307396 13.255783316 2.31710633731 
14.8338735067 13.9929404224 1.53154266122 
14.8418729269 14.0244668687 1.61412845978 
14.8474376165 14.1401256288 1.61632850638 
14.8578845226 14.2763030494 1.6331122132 
14.861338731 14.3873223628 1.6736201984 
14.8653186524 14.4620408381 1.63708902977 
14.9171791041 15.0705008621 1.15416931623 
14.9560316169 15.1485497395 0.967347034955 
15.0401654803 15.2570490094 0.720412520736 
15.2160662377 15.3688611949 0.314997846714 
15.3349047267 15.3995656485 0.148959494561 
15.980377745 15.4441088552 0.162013468157 
16.1584478581 15.4560949172 0.1448586129 
16.3277063334 15.4662853147 0.165365187354 
16.4772034251 15.475244459 0.153941944301 
16.6643826925 15.4876369203 0.125472139242 
17.1912292206 15.5207481945 0.135282896989 
17.3534905874 15.5297764207 0.14556400158 
17.535105344 15.541203704 0.109203132559 
18.0672099554 15.57101452 0.139472602347 
18.2123689615 15.5785099829 0.134063652444 
18.403385874 15.5897968377 0.130724758428 
18.5476005041 15.5963794554 0.13231071287 
18.6563951933 15.6011100675 0.129625459539 
19.3383877241 15.733442005 0.878136415808 
19.3383877241 15.733442005 0.878136415808 
19.3383877241 15.733442005 0.878136415808 
19.3383877241 15.733442005 0.878136415808 
19.3383877241 15.733442005 0.878136415808 
19.0483708346 16.6225385631 3.29893950519 
18.8506331408 16.5935423339 3.67130297767 
18.7676773035 16.5552860464 3.75945827527 
18.5516595804 16.4231206144 3.74782560509 
18.4323151075 16.3534840311 3.74848490512 
18.3398010695 16.2956006492 3.76031528255 
17.7923825943 15.9653157557 3.77459071439 
17.7118344271 15.9166580404 3.75053066438 
17.5589156115 15.8245160545 3.74967351371 
17.4367260897 15.7508553828 3.75813173489 
17.3515796625 15.7022929753 3.76048205401 
16.775462743 15.357205 3.74958936937 
16.6986930334 15.3114965449 3.748430089 
16.6095490419 15.2569457388 3.66304899447 
16.4337929451 15.1759620386 3.4645598118 
16.2702057623 15.1347388516 3.45421300023 
15.6359429919 14.9787671829 3.46305011667 
15.5491889381 14.9580444361 3.46435928254 
15.3745109999 14.9152535761 3.47917750983 
15.1685552561 14.8642259503 3.49571939896 
15.0919132197 14.8452841307 3.62332516775 
14.7016810143 14.3059592808 -1.31950327278 
14.7405853235 14.1291646923 -1.22275792125 
14.7811424696 13.9950202669 -1.24167278225 
14.8102309668 13.9043312038 -1.21145620844 
14.991050061 13.4457830156 -0.630758014776 
15.15808725 13.3304519618 1.27960665682 
15.3376758062 13.2445155347 -0.297464436319 
15.5079856777 13.1762536729 -0.276471463481 
15.6370495522 13.1267098154 -0.103255804027 
16.2709317171 13.0727032388 0.316887915205 
16.3604547643 13.0930029119 0.423704860847 
16.4747565353 13.1348165239 0.398369622301 
16.7269788944 13.2299536432 0.336331746178 
16.8545760476 13.2669873203 0.214698631093 
17.3823262417 13.302512523 0.13998838552 
17.5718175137 13.314019915 0.140890260089 
17.7314687931 13.3245594467 0.139783390333 
17.8910832369 13.3352562154 0.139510928665 
17.9634668791 13.3401377166 0.138427730462 
18.5350148642 13.5154778923 1.03206461272 
18.5839154684 13.5763784612 1.17770560656 
18.6678197348 13.8569508756 1.72036447355 
18.6596355402 13.9610331024 1.75601577253 
18.5994720423 14.5036365355 1.80601953886 
18.5633480513 14.6896656717 2.13658483577 
18.45815086 14.8619644011 2.37160887761 
18.3781812155 14.953893658 2.39333685053 
18.3245739901 15.014559027 2.40485994182 
17.8012274468 15.4238598312 2.78689690236 
17.7122007572 15.4681442494 2.95018814326 
17.5427995884 15.5065349008 3.28644321823 
17.4213076794 15.4977477456 3.38800465866 
17.0962208473 15.450234201 3.36713542376 
16.9595620596 15.4302240873 3.355063366 
16.8009809219 15.4079972173 3.36494538396 
16.6341189706 15.3814479376 3.34687278743 
16.4732733929 15.3581058348 3.34917520389 
15.777594302 15.2562170348 3.59827996407 
15.7034510785 15.2348167056 3.87878976842 
15.6427560413 15.2014832425 4.17861387948 
15.6091429555 15.1779342482 4.49245253745 
15.5945274496 15.1689088459 4.67578303404 
15.5170902276 15.1158720891 -0.0214072869848 
15.5169117117 15.1077751333 0.109320692004 
15.5275799894 15.1003607626 0.212044189638 
15.574460026 15.1035539622 0.289193236789 
15.6190705561 15.1131333078 0.293315984766 
15.9665257895 15.1996457728 0.0337607323724 
15.9797626623 15.2062415111 -0.0937845655272 
15.9910876268 15.215616964 -0.302229706234 
15.9928827399 15.2303826895 -0.518973522363 
15.9867032358 15.258811096 -0.780167939452 
15.9838223496 15.2832953709 -0.937008420089 
