15.8400509172 15.1709765459 0.38682030171 
15.8400509172 15.1709765459 0.38682030171 
15.8400509172 15.1709765459 0.38682030171 
15.8400509172 15.1709765459 0.38682030171 
15.8400509172 15.1709765459 0.38682030171 
15.8400509172 15.1709765459 0.38682030171 
15.8397971616 15.1706459413 0.387734250271 
15.8419116215 15.1706427673 0.408887693041 
15.8397836686 15.1706371198 0.387759517415 
15.8400675022 15.1709964986 0.386883670553 
15.8400607632 15.1709827895 0.386820621093 
15.8398019747 15.1706291104 0.38785770518 
15.8400514052 15.1709666739 0.386806058109 
15.8397796081 15.1706158335 0.387685269612 
15.8397965768 15.1706185455 0.387914419116 
15.8400479333 15.1709667484 0.386834546165 
15.8400713318 15.1709655563 0.386882257164 
15.8400630952 15.170962442 0.386909671932 
15.8398065158 15.1706253479 0.387599773736 
15.8397961744 15.1706082637 0.387604504051 
15.8400444315 15.1709512065 0.386770916914 
15.8397998587 15.1706165562 0.387633616245 
15.8398031258 15.1706155504 0.387702522771 
15.8398202659 15.1706244836 0.387792514825 
15.8400497959 15.1709454695 0.386658109367 
15.8398015239 15.170619231 0.387670280281 
15.8400595264 15.1709651763 0.386811807873 
15.8400754557 15.1709582473 0.386839229694 
15.8398114481 15.1705986227 0.387652474247 
15.840056561 15.1709526295 0.386639494771 
15.840072807 15.170962807 0.386682547624 
15.839810595 15.1706017295 0.387647770416 
15.8398144284 15.1706157813 0.387620094765 
15.8400671297 15.1709582696 0.386610553299 
15.839818217 15.1706247444 0.387483235701 
15.8398310133 15.1706091876 0.387621426028 
15.839818027 15.170619596 0.387678264456 
15.8399712184 15.1707195828 0.387212191666 
15.8398163581 15.1706381033 0.387100648609 
15.8400501833 15.1709924231 0.385991062467 
15.839816101 15.1706301237 0.387219339131 
15.8400472515 15.1709514374 0.386619982297 
15.840575371 15.1709545518 0.390177106236 
15.8397113123 15.1706288646 0.387036046749 
15.8399267533 15.1709885711 0.385804163371 
15.8397689873 15.1705659891 0.393151205766 
15.8397861348 15.170574751 0.393231915438 
15.8396001273 15.1698056723 0.379155545015 
15.839924805 15.1710130836 0.385865890225 
15.8397141063 15.1706264506 0.386985090108 
15.8399879673 15.1709334964 0.385942615441 
15.8396621273 15.1705072711 0.387245565426 
15.839905996 15.1700437332 0.382209910438 
15.8396646009 15.1698346774 0.380154378047 
15.8397464977 15.1706232617 0.386624388788 
15.8401443214 15.1709278787 0.383128043045 
15.8597715424 15.1768403801 0.378817773703 
15.9011610375 15.19108516 0.329438662614 
15.9115957526 15.2054645273 0.107000750605 
15.9423972891 15.2165449767 -0.0873157898367 
16.472361263 15.1353784094 -0.0750824598638 
16.6123903954 15.1128118897 -0.0709740805819 
16.7342759931 15.0950655008 -0.0883666672851 
16.8208954894 15.0815067554 -0.0747835633464 
16.9934332335 15.0542814697 -0.0742868100137 
17.6265892946 14.958510604 -0.0796866255712 
17.7228028738 14.943187889 -0.0775550014443 
17.8527419531 14.9218692447 -0.0733675534683 
18.0230121576 14.8954675461 -0.0581634822706 
18.1252672636 14.8811102177 -0.106895312365 
18.6476921999 14.3723353709 -1.19784803985 
18.6817243063 14.2659867967 -1.24380044624 
18.7232434713 14.0951305593 -1.49676724962 
18.7203581297 13.9547251428 4.647599653 
18.7080159151 13.8649400438 4.63279828055 
18.7008306944 13.8171386684 4.63903418813 
18.4860749209 13.2871360744 2.7474389188 
18.4860749209 13.2871360744 2.7474389188 
18.1848761999 13.2165583337 3.2171985489 
18.0688276255 13.2157288755 3.16646555484 
17.27915537 13.2559169496 3.16411032826 
17.2748329603 13.2561769451 3.16353584226 
17.0376031363 13.2723946537 3.16905240319 
16.9763810598 13.2796908582 3.1890653246 
16.7462847197 13.291573521 3.23665254301 
16.2407311165 13.2068411077 3.17986930331 
16.1794216299 13.2042747701 3.06416270729 
16.009756636 13.2350665296 2.99323566802 
15.8847079083 13.2678790058 3.17240441849 
15.800955739 13.2770270074 3.39711099257 
15.2960512602 13.1686359609 3.36655027328 
15.1580740773 13.1472164358 3.14250168213 
14.9727728331 13.1702204908 2.77002299642 
14.8944509589 13.2023032869 2.61739574863 
14.6252226793 13.6062695945 1.80774342207 
14.5874128306 13.8351633514 1.82289739414 
14.5173593723 14.3912444676 1.42567467125 
14.5461885893 14.5066933001 1.34211255934 
14.624546405 14.6858500207 0.969028024255 
14.7138621771 14.7982738877 0.694721696782 
15.2956556642 15.0192356522 0.296265833666 
15.4218428695 15.0541010464 0.342823018862 
15.5684349799 15.0922963286 0.350981384612 
15.6253741943 15.1073126758 0.349968602222 
15.8329925352 15.1662434826 0.359290870441 
15.969057303 15.2037259529 0.332192391078 
16.6662535035 15.3253526727 0.0427215642938 
16.8465861642 15.3220748121 0.0530228834224 
16.9876228535 15.3198164592 0.0432381481193 
17.1491885149 15.3156151737 0.0527930089009 
17.2744127476 15.3126969973 0.0530304859418 
17.9931788408 15.3030607517 0.0196361543776 
18.1532235109 15.2948329041 -0.192897469853 
18.2697668039 15.2656175292 -0.435843387897 
18.4198074305 15.1746276582 -0.787117087684 
18.4773671591 15.1152874122 -0.944637293809 
18.5276498758 15.0420836324 -1.11787322891 
18.6371805632 14.4458068574 -1.38175288772 
18.6515283548 14.3345383371 -1.48496336984 
18.653568741 14.2042622531 4.64402463173 
18.6175498926 13.9801452125 4.62483847719 
18.594276663 13.8416843379 4.53933091546 
18.3330404722 13.4023088182 3.58836419084 
18.1169300043 13.341417786 3.32217541829 
17.9570465052 13.325829264 3.29820664507 
17.8339794838 13.3155351842 3.30560973597 
17.6414654219 13.2998675073 3.30781545703 
17.0406037533 13.250868317 3.29502553353 
16.92074072 13.2466479505 3.335405585 
16.7960423791 13.2365943159 3.33400558408 
16.7287498676 13.230369922 3.29087518349 
16.6138386094 13.2216778959 3.28007969961 
16.491265949 13.2137120927 3.29894321923 
15.8937509899 13.1611291135 3.2965406228 
15.702168774 13.1466897691 3.29637377459 
15.5352911019 13.1336394514 3.2908601506 
15.4535887205 13.1262742246 3.23704758769 
15.3716131413 13.1206008161 3.13708382376 
14.9834307396 13.255783316 2.31710633731 
14.8129385674 13.5085256065 1.87980814592 
14.7788430416 13.6366243328 1.63717696625 
14.7751017773 13.7144533361 1.56908691864 
14.7855089867 13.7831542457 1.44596024468 
14.8567377293 14.2846049632 1.65060702209 
14.8612139189 14.4197407926 1.65707292658 
14.8708549702 14.5598288144 1.6448869076 
14.8734657728 14.6702746714 1.6057723308 
14.8797424996 14.819156673 1.57654065888 
15.274720844 15.3876938636 0.236650531813 
15.3555473649 15.4019674028 0.138017868596 
15.4423754775 15.4093487675 0.141458177968 
15.5613275432 15.4167839701 0.137328737942 
15.6343191826 15.420661133 0.132343954935 
16.4274916613 15.4719403053 0.156431810233 
16.5848991239 15.4821948225 0.135972493899 
16.6979324185 15.4897113706 0.123557216355 
16.8385388219 15.4984246458 0.152005776523 
16.9995417559 15.5089250768 0.152068330261 
17.5226236546 15.5406708086 0.122948406773 
17.6371051037 15.5470020438 0.13414198855 
17.7650847399 15.5556609596 0.126780201229 
17.9493143522 15.5648476149 0.137832670738 
18.51715469 15.594677862 0.129685906539 
18.6177906954 15.5996635521 0.132594048966 
18.7362139189 15.6057732368 0.13340515729 
18.853934046 15.6093426312 0.121837150565 
18.853934046 15.6093426312 0.121837150565 
19.3383877241 15.733442005 0.878136415808 
19.3383877241 15.733442005 0.878136415808 
19.3383877241 15.733442005 0.878136415808 
19.3383877241 15.733442005 0.878136415808 
18.9713947737 16.6220092739 3.45969472387 
18.7676773035 16.5552860464 3.75945827527 
18.6563377344 16.4875640834 3.75119026505 
18.6084394419 16.4589325155 3.76713074164 
18.4507808649 16.3633336986 3.76678158508 
17.9216883146 16.0443792308 3.76337731274 
17.7923825943 15.9653157557 3.77459071439 
17.6837986672 15.8988190258 3.75048759239 
17.5589156115 15.8245160545 3.74967351371 
16.9487756455 15.4606750722 3.76409954026 
16.8613095247 15.4102167154 3.75612555171 
16.65343773 15.2843954342 3.71280216407 
16.5509871804 15.2234691728 3.57935829635 
16.4065253698 15.168632027 3.45861661639 
16.3292535209 15.1504793207 3.46815888439 
15.5582419598 14.9612337316 3.47516063929 
15.4304618501 14.9291731978 3.48002660065 
15.3191929423 14.9016906584 3.47978687532 
15.2120895946 14.8745824958 3.48090627071 
15.0919132197 14.8452841307 3.62332516775 
14.6983842814 14.3949139083 -1.48393537353 
14.7341784203 14.149367925 -1.21641183511 
14.7557800972 14.0796889032 -1.22913298567 
14.8042365276 13.9252568449 -1.20940722106 
14.991050061 13.4457830156 -0.630758014776 
15.2700249517 13.2695561613 -0.291479648993 
15.3642828428 13.2343045438 -0.301301969764 
15.4841070139 13.1864711011 -0.290124055343 
15.5820344054 13.1462243761 -0.198518797964 
16.029963907 13.0818723405 -0.00366343316948 
16.2479971909 13.0702670778 0.27937589037 
16.3227132225 13.0825074876 0.384012828321 
16.5302997791 13.1560722555 0.40602750962 
17.1485233271 13.287056681 0.134399928614 
17.3069606983 13.2970267499 0.141527548688 
17.4679266178 13.3084336484 0.140761134011 
17.563319441 13.31348395 0.140604110949 
18.1181185209 13.3489500249 0.185453999711 
18.1850264036 13.3538361753 0.25037629711 
18.3816709482 13.4018359149 0.649651773582 
18.4915854895 13.4756346906 0.927202392756 
18.5800387823 13.5693358148 1.16303431409 
18.6409389937 14.1281721557 1.75713540769 
18.6311294996 14.2076140607 1.75635132336 
18.6192638838 14.3105064596 1.75506700848 
18.6035683119 14.4609290923 1.78016075821 
18.5744037592 14.653669473 2.05002450951 
18.537322756 14.747748133 2.2475138006 
18.167627331 15.1850587281 2.59968010364 
18.0162453615 15.2858746725 2.6399440619 
17.9465780222 15.3331863175 2.64284083699 
17.8808963263 15.3748906816 2.68342494982 
17.8194179499 15.4129872734 2.75862077585 
17.3050081694 15.4805415685 3.36880423742 
17.2245919668 15.4687814082 3.35780926438 
17.1465262138 15.4569769914 3.36808592997 
17.072727915 15.447297659 3.38087650378 
16.3469002509 15.3375698889 3.35681588601 
16.234445002 15.322575737 3.36291134191 
16.1326727235 15.3089045773 3.35609863147 
16.0225217902 15.2929927299 3.34411604258 
15.8729972729 15.2743181402 3.44415396991 
15.5976484382 15.1697827319 4.63091537711 
15.5792407655 15.1734513904 -1.36787642101 
15.5582516157 15.166299958 -1.02754294835 
15.5429815316 15.159451429 -0.793880430395 
15.5295415187 15.1439443568 -0.497680618771 
15.5201774501 15.1317289958 -0.270598424599 
15.603921082 15.1098459179 0.293678317463 
15.6639307254 15.1241096074 0.286957172471 
15.8259871566 15.1618630255 0.263616139775 
15.9923667276 15.2309152486 -0.512036323075 
15.986427609 15.26168637 -0.798177284383 
15.9860233852 15.2866663786 -0.99709898546 
