15.9877949544 15.2851171794 -1.00722403374 
15.9877949544 15.2851171794 -1.00722403374 
15.9877949544 15.2851171794 -1.00722403374 
15.9877949544 15.2851171794 -1.00722403374 
15.9877949544 15.2851171794 -1.00722403374 
15.9877949544 15.2851171794 -1.00722403374 
15.9877949544 15.2851171794 -1.00722403374 
15.9877949544 15.2851171794 -1.00722403374 
15.9877949544 15.2851171794 -1.00722403374 
15.9877949544 15.2851171794 -1.00722403374 
15.8398059682 15.1706566329 0.387694089224 
15.8398104982 15.1706454421 0.387849334387 
15.8398096972 15.1706415753 0.387697824947 
15.8414666728 15.1706179048 0.404702837999 
15.8400478252 15.1709846372 0.386992458044 
15.8398133517 15.1706335957 0.387799563116 
15.839792993 15.1706298555 0.387650792861 
15.8398037181 15.1706313233 0.387577682054 
15.8397962899 15.1706248934 0.387840672042 
15.8418712021 15.1706377606 0.4082208733 
15.8398078271 15.1706046576 0.387696472461 
15.8400488981 15.1709835047 0.386739630061 
15.8398160638 15.1706086809 0.387679715396 
15.8400655837 15.1709696169 0.386649512581 
15.8400669434 15.1709543283 0.3865560388 
15.8400508763 15.1709540601 0.386561050351 
15.84007331 15.1709598194 0.386636252979 
15.8400497959 15.1709454695 0.386658109367 
15.839792289 15.1706041435 0.387817283711 
15.8400615492 15.1709632168 0.386675149961 
15.8400684894 15.1709662194 0.38676580147 
15.8398087659 15.1706020723 0.387563226164 
15.8400650249 15.1709701459 0.386807504911 
15.8398144284 15.1706157813 0.387620094765 
15.8400720881 15.1709624718 0.386644108892 
15.8400755488 15.1709511245 0.386445918563 
15.8398332187 15.1706221218 0.387572075172 
15.8397449331 15.1705282594 0.387753594884 
15.8400585094 15.1706238801 0.387220850779 
15.8396868856 15.1706639046 0.387043347348 
15.8399333694 15.1709588508 0.385873705485 
15.8397229762 15.1707351322 0.386745116709 
15.8402080053 15.1709507743 0.392379401319 
15.8396161237 15.1700044165 0.381247790227 
15.8396651709 15.1699313263 0.380070233359 
15.8397011423 15.1706377829 0.386996951342 
15.83989767 15.1700433234 0.38240671182 
15.8399213889 15.1701642911 0.383493623775 
15.8395798505 15.1697527657 0.379537860206 
15.8399874271 15.1709653998 0.385989988194 
15.890978651 15.1863925273 0.350829656156 
15.9065473751 15.1945346745 0.295235506119 
15.9118693006 15.2037506031 0.170432973685 
15.9141423126 15.2147149539 -0.0163889338014 
15.9270081819 15.2173332146 -0.0526773373785 
15.9650674575 15.2123348529 -0.0892822023942 
16.4111469352 15.1452695096 -0.0852128453969 
16.4810978138 15.134287257 -0.0804117192694 
16.6123903954 15.1128118897 -0.0709740805819 
16.7048402392 15.0992552454 -0.0724795073215 
16.7997425162 15.0846467132 -0.0741456065561 
16.9307596647 15.0641562159 -0.0772776118949 
17.6631797516 14.951863196 -0.0942057703049 
17.8234711849 14.9275198842 -0.0872996226952 
17.8960235083 14.9157664145 -0.0743324045646 
17.993822571 14.9002380634 -0.0589013260086 
18.0622138941 14.890220132 -0.0640165066543 
18.2845668757 14.8474583293 -0.378373864364 
18.636097666 14.4102785552 -1.21628327983 
18.6943643057 14.2245465482 -1.28054499341 
18.7232434713 14.0951305593 -1.49676724962 
18.7240283453 13.9840913976 4.65306086402 
18.6968305075 13.7869856323 4.62705429442 
18.2068147623 13.2186766828 3.24379492128 
18.1848761999 13.2165583337 3.2171985489 
18.0688276255 13.2157288755 3.16646555484 
17.8286125624 13.2280918325 3.17138473542 
17.7257902586 13.2348014081 3.17469562795 
17.0376031363 13.2723946537 3.16905240319 
16.9763810598 13.2796908582 3.1890653246 
16.9188911879 13.2828433479 3.16580784224 
16.6615325176 13.298241731 3.33267333787 
16.4538855517 13.2573249305 3.4041655657 
16.3448373937 13.2291547025 3.38020077568 
15.800955739 13.2770270074 3.39711099257 
15.7480381095 13.2699971164 3.43974990797 
15.6743661874 13.2531055177 3.4342475788 
15.5674341881 13.2298804487 3.43730431078 
15.5043065512 13.2156542505 3.43404456422 
15.3672946655 13.1851123537 3.42326257326 
14.815631386 13.2550216878 2.44335765177 
14.815631386 13.2550216878 2.44335765177 
14.632705208 13.5652540887 1.82172175742 
14.6252226793 13.6062695945 1.80774342207 
14.6252226793 13.6062695945 1.80774342207 
14.5807008707 13.8618254627 1.78488213969 
14.5249907934 14.4578487838 1.31008041599 
14.5901612007 14.6175158585 1.10056481805 
14.6530897581 14.729718324 0.877104040191 
14.7908990347 14.8568382526 0.536230371949 
15.4218428695 15.0541010464 0.342823018862 
15.5274059736 15.0812205935 0.357856836651 
15.6132646167 15.1043931956 0.355704404794 
15.6953164005 15.1278028677 0.348496291537 
16.3732235992 15.3177060748 0.162642434696 
16.5560614431 15.3256623412 0.0499881930363 
16.6662535035 15.3253526727 0.0427215642938 
16.7752762997 15.3231975252 0.0496391535818 
16.8843759262 15.3209541405 0.0496937848065 
17.009080168 15.3186898867 0.0484548882717 
17.0990209543 15.3165668661 0.038449026221 
17.6988817417 15.3056174035 0.0461249727897 
17.8087903225 15.3049130032 0.0480223363146 
17.9417152369 15.3019951324 0.0535935356438 
18.044303652 15.3028489018 -0.0266550036255 
18.1532235109 15.2948329041 -0.192897469853 
18.5916235411 14.8165178562 -1.38886114765 
18.6037783587 14.7151058281 -1.37204319174 
18.6248059237 14.5305020774 -1.36527915237 
18.6505668127 14.3430184687 -1.47418021063 
18.653937813 14.2086098159 4.64705165666 
18.493184086 13.5492389167 4.03623307209 
18.2464339697 13.3663893903 3.43775642778 
18.017396208 13.3300505842 3.28760293882 
17.4386788571 13.2819478477 3.30246571702 
17.3314317429 13.2720047201 3.29472534954 
17.1908236706 13.2611936296 3.29694021105 
17.0690342152 13.2540969814 3.29854810067 
16.8276939356 13.239781257 3.30393698121 
16.070641216 13.1741555894 3.28532325523 
15.9021439013 13.1617771352 3.29605148709 
15.749488216 13.1500030721 3.29692436548 
15.6169052982 13.140694734 3.29525365302 
15.0150373542 13.2254461015 2.42204295313 
14.9834307396 13.255783316 2.31710633731 
14.9834307396 13.255783316 2.31710633731 
14.801146146 13.5320475067 1.85669049647 
14.7773379051 13.6861603225 1.5267393453 
14.7940243446 13.8398909534 1.39968902474 
14.8562481367 14.2661545242 1.63200563112 
14.8583024704 14.3387650813 1.65749540768 
14.8612139189 14.4197407926 1.65707292658 
14.8725825512 14.6194847787 1.62787830587 
14.880975362 14.8619923557 1.52602729509 
15.2160662377 15.3688611949 0.314997846714 
15.4623094761 15.4091494645 0.122660677906 
15.6636016631 15.4221720363 0.153581053048 
15.8180919924 15.4337190355 0.155872029633 
16.567274388 15.481044289 0.13893865074 
16.7795459592 15.4955232407 0.140052435733 
16.9780837261 15.5082901979 0.144702047198 
17.1691555941 15.518754747 0.149306161347 
17.7951267922 15.5566429163 0.141096626308 
17.9663245642 15.565737095 0.137817209742 
18.097753998 15.5727249647 0.134631208432 
18.2711572611 15.582325008 0.13184772362 
18.3431770765 15.5856177772 0.139199462604 
19.1887657606 15.6508049036 0.553498611864 
19.2877883875 15.6981049145 0.773106089807 
19.3383877241 15.733442005 0.878136415808 
19.3383877241 15.733442005 0.878136415808 
19.3383877241 15.733442005 0.878136415808 
19.3383877241 15.733442005 0.878136415808 
19.0797328913 16.6318399871 3.17400903122 
18.9416575396 16.6174783672 3.51162477824 
18.3827767336 16.3221005167 3.76204533986 
18.2270879709 16.2280257309 3.76390855205 
18.0812470877 16.1364690031 3.72956121307 
17.5416831934 15.8134342397 3.75960215367 
17.4644079172 15.7686129774 3.75108742826 
17.3095095121 15.6751944388 3.75721961931 
17.1954346859 15.6078301931 3.75437320211 
17.1064571106 15.5551997388 3.76814324764 
16.4857357704 15.1923394578 3.49019934728 
16.3857244217 15.1633145849 3.45335592564 
16.2007728481 15.116765965 3.45656651946 
16.047722634 15.07906523 3.45729240606 
15.3954292798 14.9205842579 3.45220208792 
15.2692049706 14.8896320725 3.4733796476 
15.1460528338 14.8592852021 3.54528894951 
14.9950877392 14.8111806775 3.80047934325 
14.84091663 14.7020763124 4.16030357696 
14.7280607187 14.1683918203 -1.23286781483 
14.7684922182 14.0396428073 -1.23004851012 
14.8159817421 13.8843992914 -1.20695065204 
14.8464606964 13.7679972614 -1.26481361026 
14.8733870947 13.6845971311 -1.15273939216 
15.310236808 13.2547252143 -0.29294435887 
15.3915112578 13.223863479 -0.300198481685 
15.5159395301 13.172850963 -0.270398653563 
15.7981373483 13.101263162 -0.00306467486832 
16.4184771144 13.1133655275 0.419814120085 
16.5698897206 13.1705085004 0.406550275029 
16.6520462 13.2017086709 0.383813023985 
17.3994122707 13.3037239278 0.13979805757 
17.6297651493 13.318301555 0.13863791224 
17.773434993 13.3272906507 0.13923021979 
17.993226763 13.3420519794 0.138528415333 
18.5201981032 13.4986290897 0.975188662473 
18.5891029799 13.5839744771 1.20585434384 
18.6587331259 13.7503594125 1.57436258893 
18.6665880644 13.9016945327 1.75758052889 
18.6053497755 14.4424937333 1.7795419483 
18.5891671145 14.5839885438 1.90926967551 
18.4329807722 14.8924161459 2.37874387308 
18.3040189707 15.0396421368 2.39881590312 
18.2579100096 15.0910495038 2.43979809345 
17.8012274468 15.4238598312 2.78689690236 
17.740693804 15.4559481258 2.90650608175 
17.4924728834 15.5056358541 3.34582847574 
17.4134942257 15.4964825178 3.38442027552 
17.3331779205 15.482664373 3.35457685834 
17.2857851946 15.4767624254 3.34909224654 
16.87987661 15.4191901202 3.36159915144 
16.7709736192 15.4029339666 3.36790673861 
16.6341189706 15.3814479376 3.34687278743 
16.5318419897 15.367160883 3.36690071688 
16.3668390476 15.3409809957 3.36876513991 
15.7607971096 15.2535755842 3.67556381606 
15.671501916 15.2164573132 4.01346753164 
15.6311398708 15.1923343691 4.3252249926 
15.6180498862 15.183837984 4.39567859534 
15.6037968361 15.1740824992 4.54503751683 
15.5342149102 15.1510504673 -0.611447539102 
15.5181637668 15.12415218 -0.153442868662 
15.5169901514 15.1145558546 -0.0131340560122 
15.5212773049 15.1034855808 0.167272013742 
15.5380226934 15.0995991642 0.246030129939 
15.574460026 15.1035539622 0.289193236789 
15.9021773442 15.1757467205 0.26393392009 
15.9665257895 15.1996457728 0.0337607323724 
15.9910876268 15.215616964 -0.302229706234 
15.9889656195 15.2505680353 -0.725700433017 
15.9877483734 15.2849466617 -1.0077203362 
