15.9877949544 15.2851171794 -1.00722403374 
15.9877949544 15.2851171794 -1.00722403374 
15.9877949544 15.2851171794 -1.00722403374 
15.9877949544 15.2851171794 -1.00722403374 
15.9877949544 15.2851171794 -1.00722403374 
15.9877949544 15.2851171794 -1.00722403374 
15.840056751 15.1709854642 0.386731220524 
15.8400392124 15.1709931905 0.386687797853 
15.8400665299 15.1710022951 0.386778996078 
15.8415090406 15.1706387813 0.404691314839 
15.8400120327 15.1709741245 0.386443546791 
15.840063803 15.17097253 0.386886018222 
15.8400675022 15.1709964986 0.386883670553 
15.8418935762 15.1708200018 0.40784695295 
15.8397968189 15.1706411282 0.387799599202 
15.8398204112 15.1706496964 0.387525613651 
15.839804452 15.1706190074 0.387708660121 
15.8400614449 15.1709701235 0.386824112215 
15.8398032786 15.1706180165 0.387908519286 
15.8398083673 15.1706256608 0.387661240841 
15.8400592582 15.1709597821 0.386897586739 
15.8400650882 15.1709544475 0.386866078888 
15.8397994266 15.1706167127 0.387736649797 
15.84007331 15.1709598194 0.386636252979 
15.8400497959 15.1709454695 0.386658109367 
15.8400674687 15.1709582845 0.386655373685 
15.8398070746 15.1705964322 0.387606687022 
15.8398087659 15.1706020723 0.387563226164 
15.8398073466 15.1705917085 0.387571242398 
15.8398048469 15.1706092248 0.387592821352 
15.840056561 15.1709526295 0.386639494771 
15.839812521 15.1706145296 0.387675899227 
15.8398128675 15.1706082414 0.387615261671 
15.8398196996 15.1706138069 0.387721925539 
15.8398262897 15.1706251095 0.387677024248 
15.8398209253 15.1706243942 0.38745071839 
15.8400620409 15.1709512437 0.386426329515 
15.8400826269 15.1709394495 0.386693033581 
15.8398408593 15.1706224869 0.387254027504 
15.8396685497 15.1706577952 0.387129675294 
15.8397035823 15.1706426183 0.386872452217 
15.84032451 15.1722925271 0.374363662116 
15.8398443126 15.1706305335 0.392888451505 
15.8397689873 15.1705659891 0.393151205766 
15.839944549 15.1709589998 0.385933826579 
15.8399372102 15.1710083375 0.385927695275 
15.8399805539 15.170947742 0.385559390115 
15.8399806024 15.1709443072 0.385925330482 
15.8396571727 15.1698324124 0.38028135834 
15.8396646009 15.1698346774 0.380154378047 
15.8397464977 15.1706232617 0.386624388788 
15.8471389489 15.1732241626 0.38126911958 
15.8792682049 15.1814576613 0.374212216323 
15.9050329431 15.1932809095 0.309227705163 
15.9115649463 15.2072657014 0.0875577121348 
16.1758611464 15.1793391744 -0.0982528399382 
16.3432377839 15.1546471233 -0.071463310038 
16.4235037529 15.1435049812 -0.0884743517671 
16.5234322512 15.1273750032 -0.0705411091396 
17.2948880159 15.0098118449 -0.0837694428418 
17.4281014168 14.9889294768 -0.0896635187991 
17.5266498291 14.9740842844 -0.0796442087641 
17.757563945 14.937319305 -0.0843608898766 
17.887255665 14.9173378314 -0.0751198201664 
17.9526836836 14.9065717424 -0.0606608893426 
18.5049645865 14.7009912694 -0.906546698326 
18.604573723 14.5206274951 -1.20584471603 
18.645134207 14.3804537023 -1.19830893186 
18.6789965593 14.2742431129 -1.23360503378 
18.720439192 14.1158505643 -1.45769936106 
18.6025338137 13.477897879 4.09625590721 
18.6025338137 13.477897879 4.09625590721 
18.4860749209 13.2871360744 2.7474389188 
17.7257902586 13.2348014081 3.17469562795 
17.6423928702 13.2384835447 3.17101535596 
17.5229537451 13.2434395517 3.1647547412 
17.2748329603 13.2561769451 3.16353584226 
16.4892688357 13.2692414487 3.4459185441 
16.3550091648 13.2316907609 3.39543526046 
16.2695873344 13.2129000391 3.26308766189 
16.1607787573 13.2057820524 3.04513137355 
16.0168601536 13.2333306039 2.99033157783 
15.5325650239 13.2218602861 3.43452668256 
15.2621719205 13.1613954271 3.32654940989 
15.1358209216 13.1466621126 3.09335083248 
15.0359873139 13.1542988981 2.89821865203 
14.8442387545 13.2328125204 2.48769426552 
14.5942734444 13.7764185632 1.81648836512 
14.5717301333 13.918667909 1.74395039669 
14.5717301333 13.918667909 1.74395039669 
14.5717301333 13.918667909 1.74395039669 
14.5141980612 14.3705754841 1.48669943092 
14.7255902254 14.80526289 0.64923101836 
14.7908990347 14.8568382526 0.536230371949 
14.9969223106 14.936002549 0.293342552017 
15.1903440916 14.9909556175 0.355175368725 
15.3048983776 15.0235216881 0.337222473743 
16.0692954325 15.2320447064 0.312707239091 
16.1872158908 15.2637949197 0.332232239792 
16.2959815824 15.2956158223 0.285916842921 
16.4056280219 15.3236694152 0.115049852738 
16.5195875728 15.3266110683 0.0425426843461 
16.6314468944 15.3254610787 0.0474474410646 
16.7843321526 15.3228599394 0.0730665253212 
17.4443329537 15.3100706602 0.0455204156278 
17.5376032555 15.3083064596 0.0368226610683 
17.6578899586 15.3063493485 0.057621547036 
17.7876870596 15.3050684969 0.0459215476224 
18.0101535284 15.3025416846 0.0100288513035 
18.5886249506 14.8360079492 -1.37146147341 
18.5972447359 14.7658402289 -1.37139499026 
18.6197798216 14.5985219444 -1.3905408882 
18.6567339861 14.2620771492 4.69536070429 
18.6341228449 14.0809617008 4.6309831245 
18.493184086 13.5492389167 4.03623307209 
18.3247337305 13.3989888395 3.57344762404 
18.1516184771 13.3491413558 3.35295568999 
18.0764992201 13.33564901 3.30629881554 
17.293638941 13.2691965068 3.29686011956 
17.1191159451 13.2568038667 3.29279942494 
16.9676974976 13.2504017318 3.32888903675 
16.7287498676 13.230369922 3.29087518349 
16.1633769536 13.181767341 3.29375018035 
16.070641216 13.1741555894 3.28532325523 
15.8810976056 13.160085317 3.2959181298 
15.7409551406 13.1494506563 3.29663881019 
15.702168774 13.1466897691 3.29637377459 
15.5653319323 13.1363891328 3.29438026499 
15.0150373542 13.2254461015 2.42204295313 
14.9834307396 13.255783316 2.31710633731 
14.8035736048 13.5250700677 1.90422762928 
14.7769018376 13.6622226203 1.56814583838 
14.7802566254 13.7514153684 1.45680524561 
14.7940243446 13.8398909534 1.39968902474 
14.8567377293 14.2846049632 1.65060702209 
14.8621904814 14.4400604332 1.63128053722 
14.8725720608 14.595838126 1.60504817778 
14.9687484467 15.1669159497 0.932501896323 
15.0527375304 15.2684220339 0.683480084508 
15.2325952613 15.3749519999 0.284983506504 
15.3042045199 15.3934744711 0.194704455109 
15.4268406295 15.4077133949 0.149851379405 
16.1584478581 15.4560949172 0.1448586129 
16.3049985432 15.4645259196 0.148367989728 
16.4981558883 15.4770558293 0.154657308279 
16.6130514109 15.4841130043 0.112174527792 
16.7263355219 15.4915500844 0.145259859702 
17.4073767626 15.5331034924 0.138012722861 
17.4888218605 15.5385318364 0.114030770015 
17.6059405768 15.5449849928 0.133529763274 
17.8034280502 15.5569626952 0.140572493329 
18.403385874 15.5897968377 0.130724758428 
18.5648775065 15.5970280434 0.123487989493 
18.6685836279 15.6021422709 0.125709842271 
18.853934046 15.6093426312 0.121837150565 
18.853934046 15.6093426312 0.121837150565 
19.3383877241 15.733442005 0.878136415808 
19.3383877241 15.733442005 0.878136415808 
19.3383877241 15.733442005 0.878136415808 
19.3383877241 15.733442005 0.878136415808 
18.8020980322 16.5732054676 3.72665605036 
18.707101103 16.5186185802 3.76180930125 
18.5084881746 16.3985472883 3.76966961282 
18.3897137606 16.3267167772 3.76615880647 
17.8860642874 16.0224925245 3.76031947857 
17.7604559624 15.9451237286 3.76037259907 
17.6609073841 15.8868399228 3.75084480332 
17.5227538311 15.8030560578 3.74670841744 
17.402924534 15.7318996752 3.76056433254 
16.7608545982 15.3485539819 3.7499135827 
16.5403540098 15.2182653269 3.65950074249 
16.3691767418 15.1592686439 3.45805580847 
16.2870646679 15.1387506465 3.4768607033 
16.1684000754 15.1093173886 3.46065325127 
15.4910840058 14.944396999 3.47367301932 
15.3270114624 14.9034810925 3.48481284118 
15.0725041592 14.8395942117 3.67170950781 
14.7027803623 14.4235932792 -1.51481804641 
14.7016810143 14.3059592808 -1.31950327278 
14.7260200941 14.176708814 -1.2298758445 
14.7626012528 14.0600571598 -1.22161061754 
14.8733870947 13.6845971311 -1.15273939216 
14.991050061 13.4457830156 -0.630758014776 
14.991050061 13.4457830156 -0.630758014776 
15.278223809 13.2663975919 -0.290466013822 
15.3452622854 13.2416526044 -0.297842034592 
15.4961169028 13.181377765 -0.283828069677 
15.6370495522 13.1267098154 -0.103255804027 
16.2709317171 13.0727032388 0.316887915205 
16.4821020329 13.1384578908 0.40920409273 
16.5698897206 13.1705085004 0.406550275029 
16.7201779449 13.2269548143 0.346833741638 
17.4294115269 13.3060414756 0.139741105387 
17.5802525246 13.3146089281 0.140379277232 
17.7901289427 13.3284796442 0.139617163042 
17.8701040709 13.33377504 0.139762213879 
18.0017359221 13.3424938882 0.137678395989 
18.2267785036 13.3572274412 0.329376120382 
18.6677467787 13.8240705694 1.69273075699 
18.6642177069 13.9320199455 1.76719395415 
18.6537871325 14.0165278877 1.75355294416 
18.6394436323 14.1389172042 1.75685067711 
18.6243386232 14.2665347422 1.75552710574 
18.6136481726 14.3613945211 1.75304311078 
18.4101109469 14.919091847 2.38435856972 
18.3455812895 14.9911947514 2.39153868221 
18.2640523874 15.0843138809 2.43207543594 
18.2035372221 15.1510504896 2.54239361175 
18.0417966807 15.2718901003 2.65917476912 
17.4273875916 15.498451438 3.3846500929 
17.3410001957 15.4835860247 3.35733210399 
17.2863516771 15.4771326596 3.3505091279 
17.2290096247 15.4690417464 3.35623855222 
17.1640685761 15.4600979502 3.35468620873 
17.0962208473 15.450234201 3.36713542376 
17.0339256489 15.4405858035 3.36479792624 
16.9222874605 15.4256180341 3.36005260145 
16.0734397137 15.2995251122 3.33955544922 
15.9633365163 15.2831133197 3.38937724314 
15.8890293458 15.2754915657 3.40393973474 
15.5725518429 15.1711963306 -1.26966954818 
15.5580696725 15.1657479594 -1.02705612786 
15.5429815316 15.159451429 -0.793880430395 
15.5342149102 15.1510504673 -0.611447539102 
15.5214591586 15.135089312 -0.327316000391 
15.5191222989 15.1291424299 -0.227955609399 
15.5163451695 15.1090487952 0.0691237344332 
15.7334395164 15.1387592743 0.288891694934 
15.8259871566 15.1618630255 0.263616139775 
15.8945788779 15.1730728487 0.253810062047 
15.9665257895 15.1996457728 0.0337607323724 
15.9906654694 15.2148080862 -0.285997253649 
15.9884204828 15.2868941354 -1.00002401245 
15.9878372439 15.2848309653 -1.00774156457 
