15.9877949544 15.2851171794 -1.00722403374 
15.9877949544 15.2851171794 -1.00722403374 
15.9877949544 15.2851171794 -1.00722403374 
15.9877949544 15.2851171794 -1.00722403374 
15.9877949544 15.2851171794 -1.00722403374 
15.8398034127 15.1706461052 0.387668338972 
15.8400635236 15.1709945912 0.386792517217 
15.8404571266 15.1710002388 0.390694872149 
15.8400619962 15.1709769855 0.386900836417 
15.8399587684 15.1710124204 0.385865487596 
15.8400509172 15.1709765459 0.38682030171 
15.8397941888 15.1706391315 0.387869132979 
15.8400815056 15.1709910224 0.386650110104 
15.8400665411 15.1709623004 0.386874931576 
15.8397675754 15.1706341321 0.387487653033 
15.8398032786 15.1706180165 0.387908519286 
15.8400654012 15.1709773059 0.386807444193 
15.8398089224 15.1706199015 0.38767804406 
15.8397962638 15.1706259663 0.387890274993 
15.8397994266 15.1706167127 0.387736649797 
15.840061661 15.1709755326 0.386714427063 
15.8400575967 15.1709499548 0.386982760029 
15.8400512264 15.1709557737 0.386860200893 
15.8398015239 15.170619231 0.387670280281 
15.8397994341 15.1705962459 0.387637421964 
15.8400611059 15.1709400157 0.386767293823 
15.8398053498 15.1705953444 0.387611810633 
15.8397860565 15.1705940629 0.387532500268 
15.8400515207 15.1709520335 0.386722720995 
15.8397979477 15.1706187988 0.387683730064 
15.840055328 15.1709744746 0.386625940483 
15.8400784844 15.1709604601 0.386742185973 
15.8400685528 15.1709594096 0.386727429166 
15.839833703 15.1706222708 0.387417118093 
15.84008047 15.1709529052 0.386193892248 
15.8400572614 15.170971256 0.386314671597 
15.8400658296 15.1709895025 0.385839311616 
15.8397962787 15.1706152449 0.387532060637 
15.840575371 15.1709545518 0.390177106236 
15.8397786432 15.1705567578 0.393277281917 
15.8397927323 15.1705734397 0.393226759844 
15.8397260384 15.1705377812 0.386286170878 
15.8397030161 15.1706509257 0.387062771635 
15.8397088313 15.1706513504 0.387074628032 
15.8399764748 15.1709718669 0.386127594839 
15.8399966174 15.1709331612 0.385992760224 
15.839571111 15.1697736869 0.379651912646 
15.8399901428 15.1709840263 0.385853653275 
15.9115957526 15.2054645273 0.107000750605 
15.9141423126 15.2147149539 -0.0163889338014 
15.9457327836 15.2160174085 -0.0798106209921 
15.9934091085 15.2080917435 -0.0789312922377 
16.1143437439 15.1888391862 -0.082497063623 
16.6846543514 15.1026671345 -0.0612252303749 
16.7426224911 15.093645137 -0.0868828126115 
16.8929791414 15.07002854 -0.0759376357424 
16.9808460438 15.0562240745 -0.0726543884176 
17.1718023979 15.0279221649 -0.0692669786859 
17.787335273 14.9332937563 -0.0681822019561 
17.8960235083 14.9157664145 -0.0743324045646 
17.9662136995 14.9045643474 -0.0648878358697 
18.2434577906 14.8593815232 -0.30721215758 
18.3135101759 14.8363580967 -0.44993551642 
18.6333470308 14.4236634339 -1.2035672599 
18.645134207 14.3804537023 -1.19830893186 
18.6854484045 14.2532641853 -1.24824683039 
18.7192263567 14.1242221559 -1.43719980362 
18.7258942091 14.0136958326 4.68232878046 
18.6217806303 13.511827823 4.13039392241 
18.6025338137 13.477897879 4.09625590721 
18.4860749209 13.2871360744 2.7474389188 
17.8286125624 13.2280918325 3.17138473542 
17.7257902586 13.2348014081 3.17469562795 
17.5229537451 13.2434395517 3.1647547412 
17.4032070601 13.2495534385 3.16405579009 
17.2748329603 13.2561769451 3.16353584226 
16.6230926478 13.2959094013 3.43639975597 
16.460737642 13.2604247297 3.41412787579 
16.3204525673 13.2237139905 3.32904504608 
16.2351260745 13.2059820856 3.16219133503 
16.1273060852 13.2104152406 3.01717655342 
15.7290169114 13.2658758129 3.44242652644 
15.6210635566 13.241380092 3.43568434819 
15.5325650239 13.2218602861 3.43452668256 
15.3255718314 13.1749244894 3.39440941635 
15.2247746551 13.154914018 3.26870382506 
14.815631386 13.2550216878 2.44335765177 
14.6386654341 13.5375735725 1.83255414913 
14.6252226793 13.6062695945 1.80774342207 
14.5842122995 13.8413928712 1.83710119038 
14.5717301333 13.918667909 1.74395039669 
14.5717301333 13.918667909 1.74395039669 
14.6367231571 14.7040321792 0.917519956467 
14.7138621771 14.7982738877 0.694721696782 
14.7809879744 14.8501228953 0.556454190173 
14.9020130002 14.9092482294 0.367609247533 
15.5395612084 15.0841976816 0.349454657911 
15.6661302113 15.1195450837 0.355595628122 
15.7243649625 15.1355592946 0.348780058017 
15.9114113861 15.1886800716 0.33301319884 
16.0399076008 15.2226441598 0.330481826229 
16.1457583272 15.2526458886 0.329695723 
16.914434191 15.3203623036 0.0585376619502 
17.1422216856 15.3158696632 0.0561999106729 
17.2626156771 15.3126393373 0.064763380003 
17.4443329537 15.3100706602 0.0455204156278 
18.1699743235 15.2926958094 -0.22337062578 
18.2974717581 15.253932046 -0.495621805126 
18.3962674105 15.1936049054 -0.733629275387 
18.5129640066 15.0671556259 -1.06088032215 
18.5535881483 14.9877660538 -1.22572407795 
18.6559967959 14.2834671701 -1.56025770842 
18.6556765997 14.2305834259 4.66386516019 
18.6365110838 14.093021747 4.62706854142 
18.6211667025 14.0008672441 4.62483704798 
18.5909969771 13.8254114355 4.52729570906 
18.292473551 13.3827743495 3.50635125006 
18.1618971789 13.346443888 3.33597706551 
17.9570465052 13.325829264 3.29820664507 
17.8046139443 13.3128282989 3.30195083978 
17.1191159451 13.2568038667 3.29279942494 
16.9077197277 13.2457004751 3.28810847681 
16.2057522201 13.1857260431 3.29775648269 
16.0904466623 13.1767073835 3.25202361762 
15.9230699019 13.1633552278 3.29586368504 
15.7409551406 13.1494506563 3.29663881019 
15.5566708707 13.1355549062 3.29386059288 
15.0150373542 13.2254461015 2.42204295313 
14.9834307396 13.255783316 2.31710633731 
14.7926056349 13.5707679952 1.76207793479 
14.7769018376 13.6622226203 1.56814583838 
14.7836840117 13.7714716161 1.44347239127 
14.7855089867 13.7831542457 1.44596024468 
14.8580855095 14.3507158125 1.61850425412 
14.8685747349 14.5314011539 1.59310277122 
14.8791046106 14.7366664971 1.60362465393 
14.8797424996 14.819156673 1.57654065888 
15.1763606631 15.3512522245 0.395970512096 
15.2452411615 15.378739428 0.267740093867 
15.4268406295 15.4077133949 0.149851379405 
15.5699806177 15.4166750426 0.146710788199 
15.7856014484 15.4305206055 0.173278695818 
16.4088873827 15.4703102524 0.155504570301 
16.5053741896 15.4772545511 0.152278379478 
16.7069665157 15.4908616508 0.119460469428 
16.7871932947 15.4960371817 0.136182316936 
16.9476703369 15.5059219266 0.122047789075 
17.5567823612 15.5426507557 0.1376066454 
17.7074087822 15.5519117678 0.116034033307 
17.773825165 15.5560165609 0.128148864869 
17.9663245642 15.565737095 0.137817209742 
18.6685836279 15.6021422709 0.125709842271 
18.7707977259 15.6069264377 0.121957669764 
18.853934046 15.6093426312 0.121837150565 
19.3383877241 15.733442005 0.878136415808 
19.3383877241 15.733442005 0.878136415808 
19.3383877241 15.733442005 0.878136415808 
19.3383877241 15.733442005 0.878136415808 
18.8628098929 16.5980141128 3.65449556455 
18.7421569788 16.5406068529 3.76873003973 
18.6378271544 16.4768748249 3.76541390122 
18.5516595804 16.4231206144 3.74782560509 
18.4323151075 16.3534840311 3.74848490512 
17.8688226902 16.0115303958 3.75267645232 
17.6837986672 15.8988190258 3.75048759239 
17.5416831934 15.8134342397 3.75960215367 
17.4724006617 15.77280527 3.74702384172 
17.3917951548 15.7260822023 3.75829187071 
17.2548900807 15.6435541178 3.75773932736 
16.7244062388 15.3269964124 3.74891253749 
16.6289249026 15.2685218791 3.71445985106 
16.5403540098 15.2182653269 3.65950074249 
16.4267559611 15.1741911362 3.45966292285 
16.2213607692 15.122071747 3.46266432695 
15.5865605735 14.9669872786 3.46157061089 
15.4910840058 14.944396999 3.47367301932 
15.354588505 14.9102217222 3.47900339823 
15.0987048113 14.8475165034 3.61224691855 
14.96757954 14.7979727353 3.85767873908 
14.7027803623 14.4235932792 -1.51481804641 
14.6991831028 14.3227659429 -1.32534630728 
14.7178049051 14.2051277126 -1.24595299742 
14.7684922182 14.0396428073 -1.23004851012 
14.7965607607 13.9466760124 -1.23051260385 
14.991050061 13.4457830156 -0.630758014776 
14.991050061 13.4457830156 -0.630758014776 
15.2424321735 13.2808443273 -0.299353972033 
15.3259896004 13.2489492858 -0.295830022143 
15.4399042391 13.2041779722 -0.29934253064 
16.0516717547 13.0792020524 0.00979067631598 
16.2169541978 13.0687972272 0.269155463381 
16.3227132225 13.0825074876 0.384012828321 
16.4821020329 13.1384578908 0.40920409273 
16.6520462 13.2017086709 0.383813023985 
17.0979635679 13.2856072153 0.170861258175 
17.2773174011 13.2951979602 0.140565240701 
17.4379531109 13.3066189254 0.140825567829 
17.993226763 13.3420519794 0.138528415333 
18.1646470987 13.3515729869 0.229353296618 
18.3491470778 13.388573047 0.569981999975 
18.4528477156 13.4458025659 0.867121051509 
18.6625122988 13.9430075849 1.76454604748 
18.6352331602 14.1724348033 1.75481040452 
18.6183199846 14.3191906179 1.75442362537 
18.602086302 14.4737406934 1.7818111469 
18.2977182829 15.046421286 2.39974747842 
18.1947984659 15.1599199886 2.56123903643 
18.1204583609 15.221360272 2.64286201517 
18.0162453615 15.2858746725 2.6399440619 
17.917106148 15.350437891 2.67516788944 
17.4098303282 15.4960381056 3.38875607891 
17.3410001957 15.4835860247 3.35733210399 
17.3050081694 15.4805415685 3.36880423742 
17.2687375509 15.4748657311 3.36865608619 
17.1856566631 15.4625610078 3.34874762856 
17.0888848269 15.4487020339 3.36589367235 
16.5113627278 15.3639014179 3.35033366477 
16.4239650333 15.3488128001 3.38684960314 
16.2728455329 15.3280833403 3.37038511756 
16.1621200108 15.3125515992 3.35492441482 
15.9925630951 15.2888368929 3.33418671029 
15.6246821844 15.1891114416 4.32103327194 
15.6013078653 15.1731589774 4.57238010914 
15.5748901927 15.1719246025 -1.30529226048 
15.5582516157 15.166299958 -1.02754294835 
15.5450180435 15.0994183535 0.276763095465 
15.603921082 15.1098459179 0.293678317463 
15.639534887 15.1181221942 0.290018094997 
15.7676417195 15.1462663601 0.286770411934 
15.9936294669 15.2292517119 -0.495677546752 
15.9844643214 15.2773445251 -0.896795380102 
15.9860233852 15.2866663786 -0.99709898546 
15.9903027677 15.2868688109 -1.02015447535 
15.9884204828 15.2868941354 -1.00002401245 
15.9877397233 15.2849385182 -1.0075152163 
15.9878177309 15.2850388552 -1.0070316541 
