18.6685836279 15.6021422709 0.125709842271 
18.6685836279 15.6021422709 0.125709842271 
18.6685836279 15.6021422709 0.125709842271 
18.6685836279 15.6021422709 0.125709842271 
18.6685836279 15.6021422709 0.125709842271 
18.6685836279 15.6021422709 0.125709842271 
18.6685836279 15.6021422709 0.125709842271 
18.6685836279 15.6021422709 0.125709842271 
18.6685836279 15.6021422709 0.125709842271 
18.6685836279 15.6021422709 0.125709842271 
18.6685836279 15.6021422709 0.125709842271 
18.6685836279 15.6021422709 0.125709842271 
18.6685836279 15.6021422709 0.125709842271 
18.6685836279 15.6021422709 0.125709842271 
18.6685836279 15.6021422709 0.125709842271 
15.8398784177 15.1715840811 0.379342918321 
15.8399587684 15.1710124204 0.385865487596 
15.8397941888 15.1706391315 0.387869132979 
15.8397970461 15.1706239025 0.387642393132 
15.8400613033 15.1709672178 0.386877002718 
15.8400655837 15.1709696169 0.386649512581 
15.8400511184 15.1709473694 0.386703022711 
15.8400599548 15.1709733124 0.386789697231 
15.8397934289 15.1706393848 0.387415578781 
15.8400516139 15.1709503944 0.386794264099 
15.8398073466 15.1705917085 0.387571242398 
15.8400553541 15.1709520856 0.386589126138 
15.8400865794 15.1709699745 0.38679655484 
15.8400720881 15.1709624718 0.386644108892 
15.8400693164 15.1709533895 0.386619871438 
15.8398323321 15.1706069077 0.387469377524 
15.8400560507 15.1709778721 0.385871091738 
15.8397914619 15.1706120113 0.387477222733 
15.8399244064 15.1700620318 0.382588833551 
15.8397113123 15.1706288646 0.387036046749 
15.8399365583 15.1709945391 0.385847359861 
15.8401730509 15.1709140877 0.392136937742 
15.839717921 15.1706592033 0.387035700092 
15.8397030273 15.1706363673 0.387039846194 
15.8397088313 15.1706513504 0.387074628032 
15.8397186325 15.1706288497 0.386903951762 
15.8397280463 15.1706151331 0.387175609537 
15.8396774941 15.1705166365 0.387449453547 
15.8397395724 15.1706444735 0.387058085762 
15.9118771312 15.2017917188 0.21036303561 
15.9200169203 15.2161424907 -0.031279172305 
15.9572298342 15.2122996471 -0.0626092640601 
15.9879220613 15.2085991113 -0.0744602082996 
16.0722705835 15.1961786079 -0.0725842642998 
16.6636220181 15.1054237301 -0.0657173300334 
16.713324722 15.0985222275 -0.0652425899153 
16.9223283493 15.0654128904 -0.0775581631201 
17.1333308184 15.0335024411 -0.0738065702739 
17.2725297176 15.0117623324 -0.0782424067694 
17.9526836836 14.9065717424 -0.0606608893426 
18.1118302309 14.8827888633 -0.0969213988354 
18.1718604529 14.8746373917 -0.175550499487 
18.3135101759 14.8363580967 -0.44993551642 
18.6789965593 14.2742431129 -1.23360503378 
18.7102723086 14.1658089126 -1.36289129723 
18.7263460123 14.043569919 -1.56596978369 
18.7110693419 13.8867375816 4.63488746015 
18.6968305075 13.7869856323 4.62705429442 
18.4860749209 13.2871360744 2.7474389188 
18.4860749209 13.2871360744 2.7474389188 
18.1848761999 13.2165583337 3.2171985489 
18.0688276255 13.2157288755 3.16646555484 
17.9480750525 13.2216190065 3.1680932659 
17.27915537 13.2559169496 3.16411032826 
17.1556669438 13.2647662128 3.16594807676 
16.9763810598 13.2796908582 3.1890653246 
16.9188911879 13.2828433479 3.16580784224 
16.2980669403 13.2186700071 3.31792887245 
16.2263759637 13.2047289575 3.13956004891 
16.1720794999 13.2047520841 3.05640251772 
16.0736491346 13.2204724515 2.99795938374 
15.9353636877 13.2551007236 3.06522534368 
15.8390133121 13.2765483821 3.31494740996 
15.333835479 13.1768737997 3.40032366661 
15.2751593554 13.164151069 3.34163337779 
15.0230629408 13.1568347181 2.86745846624 
14.8698655331 13.2164653505 2.5486283523 
14.6252226793 13.6062695945 1.80774342207 
14.5842122995 13.8413928712 1.83710119038 
14.5717301333 13.918667909 1.74395039669 
14.5717301333 13.918667909 1.74395039669 
14.646751877 14.7188557352 0.881392719077 
14.7264516317 14.8072122003 0.654493254993 
14.8388918602 14.8820008005 0.401601538496 
15.3948710525 15.0451920296 0.371761482482 
15.5395612084 15.0841976816 0.349454657911 
15.6746059471 15.1215097422 0.351581826304 
15.7613752448 15.1462807844 0.357215958314 
15.9813192302 15.2088929715 0.341220129038 
16.4382733667 15.3264869864 0.0695159715763 
16.5424376094 15.3259685303 0.0508539735157 
16.6742303931 15.3244838084 0.0498130415401 
16.7843321526 15.3228599394 0.0730665253212 
16.9271229469 15.3201309408 0.0511731610954 
17.5455629789 15.3085232938 0.0451686991527 
17.6483341419 15.3066913972 0.0414500969043 
17.7283985579 15.3050939853 0.0693971809005 
17.9201896155 15.3022390048 0.0554413354105 
18.0613880121 15.3016458193 -0.0375989411924 
18.5609233343 14.9674489165 -1.26548536532 
18.5718154871 14.9247729147 -1.33417693594 
18.594932791 14.7868420447 -1.36941545329 
18.6158745253 14.6231849159 -1.38974126316 
18.6315612757 14.4892514909 -1.37251055406 
18.6403467619 14.4243704642 -1.39465217062 
18.5953068697 13.8510179485 4.56427372709 
18.568518635 13.7081520523 4.36472656276 
18.493184086 13.5492389167 4.03623307209 
17.8859901392 13.3200613225 3.31714108982 
17.6757087671 13.3022990192 3.30748943856 
17.4646203482 13.2840187515 3.30322758136 
16.9507520163 13.2502422298 3.31086936466 
16.8606848085 13.2443832124 3.3112813269 
16.7960423791 13.2365943159 3.33400558408 
16.5535893404 13.2182859148 3.33502680239 
16.0404280388 13.1731337274 3.27233529202 
15.8301224151 13.1560877527 3.2954219896 
15.6592360401 13.1434408391 3.29521563424 
15.5653319323 13.1363891328 3.29438026499 
14.9834307396 13.255783316 2.31710633731 
14.9834307396 13.255783316 2.31710633731 
14.801146146 13.5320475067 1.85669049647 
14.7772337162 13.7019923891 1.54038027394 
14.7855089867 13.7831542457 1.44596024468 
14.8529936039 14.2037123407 1.61240727264 
14.8621904814 14.4400604332 1.63128053722 
14.8685747349 14.5314011539 1.59310277122 
14.977024492 15.1793943013 0.923820127988 
15.0244932735 15.2406224248 0.782292765538 
15.0830072128 15.2951852682 0.577811858833 
15.132909652 15.3275129388 0.499961889404 
15.2241991126 15.3718083019 0.300327475035 
15.274720844 15.3876938636 0.236650531813 
15.3762676084 15.4037996496 0.123208934327 
16.1584478581 15.4560949172 0.1448586129 
16.2703149879 15.4631427492 0.145496454524 
16.4192233049 15.4713781143 0.153292905384 
16.4981558883 15.4770558293 0.154657308279 
16.539070543 15.4794093485 0.130373072725 
16.7152487003 15.4908747936 0.130265927357 
17.3534905874 15.5297764207 0.14556400158 
17.4466235602 15.5364351238 0.114211236679 
17.6371051037 15.5470020438 0.13414198855 
17.7357113325 15.5528744424 0.150354365701 
18.3727235758 15.587411281 0.134976894952 
18.5340013468 15.5953626896 0.132860118824 
18.757747885 15.6071773435 0.137769911584 
19.3383877241 15.733442005 0.878136415808 
19.3383877241 15.733442005 0.878136415808 
19.3383877241 15.733442005 0.878136415808 
19.3383877241 15.733442005 0.878136415808 
19.3383877241 15.733442005 0.878136415808 
19.0797328913 16.6318399871 3.17400903122 
18.9500923121 16.6196063722 3.50396065056 
18.7676773035 16.5552860464 3.75945827527 
18.6378271544 16.4768748249 3.76541390122 
18.2012135946 16.2119922007 3.7636489802 
18.1317341292 16.1691981519 3.75425671144 
18.044896599 16.115176555 3.74164266404 
17.9038481676 16.0332230891 3.76124895815 
17.7415745222 15.9339733685 3.76512121965 
17.2029763424 15.6122629906 3.75336277169 
17.0624240601 15.5285625721 3.7595034485 
16.3371292317 15.1520635153 3.45948119262 
16.2291379833 15.1235481913 3.45690007431 
16.172673341 15.1097330565 3.45937240475 
15.9449315296 15.054406252 3.4599036001 
15.7954902687 15.0176762308 3.47591541979 
15.2609534824 14.8868981863 3.46051705232 
15.1182215178 14.852751937 3.57956305122 
15.0154767596 14.820570674 3.7703653953 
14.9188045227 14.7685377265 3.95845618634 
14.8118926251 14.6712110008 4.23434363201 
14.7630439961 14.0525445903 -1.18979742428 
14.7965607607 13.9466760124 -1.23051260385 
14.8338887655 13.8187476362 -1.23255798218 
14.8621569836 13.7187495197 -1.14229002664 
14.8733870947 13.6845971311 -1.15273939216 
15.2700249517 13.2695561613 -0.291479648993 
15.3376758062 13.2445155347 -0.297464436319 
15.4600260818 13.1961492265 -0.297278722664 
15.5820344054 13.1462243761 -0.198518797964 
15.6252927446 13.130608436 -0.124502433327 
16.3668811285 13.093497392 0.499811522865 
16.4330177867 13.1196147169 0.421968526036 
16.756547805 13.2401591505 0.303211830739 
16.8854197228 13.2744929756 0.176826177081 
17.5071765148 13.3107194866 0.140817684243 
17.6009602511 13.3160445655 0.141089553822 
17.7901289427 13.3284796442 0.139617163042 
18.4165725672 13.4205270971 0.747164906884 
18.5551319086 13.5366963113 1.08291977998 
18.6203894579 13.6395752395 1.32035670871 
18.6569638216 13.7421817745 1.5583257161 
18.6677467787 13.8240705694 1.69273075699 
18.6127498114 14.369644698 1.75296607671 
18.6053497755 14.4424937333 1.7795419483 
18.5934486353 14.5548400844 1.86531877502 
18.2579100096 15.0910495038 2.43979809345 
18.1947984659 15.1599199886 2.56123903643 
18.0417966807 15.2718901003 2.65917476912 
17.917106148 15.350437891 2.67516788944 
17.7908846104 15.4306467141 2.80313054462 
17.3050081694 15.4805415685 3.36880423742 
17.2290096247 15.4690417464 3.35623855222 
17.0587921106 15.4444068337 3.36841701885 
16.3668390476 15.3409809957 3.36876513991 
16.1406030321 15.309427839 3.34142287601 
15.9237589874 15.2790236326 3.36908358331 
15.8165761345 15.2648805755 3.51592763218 
15.5709252321 15.1709258745 -1.24223597826 
15.5620018804 15.1684392358 -1.09006236836 
15.5354685151 15.1519983301 -0.639497491677 
15.5360861981 15.0994267131 0.235107843778 
15.5712666475 15.1028665716 0.291456041189 
15.6365436577 15.1171923319 0.290431577033 
15.7194329613 15.1356276388 0.288015342057 
15.8313378209 15.1606230328 0.287486862456 
15.9923667276 15.2309152486 -0.512036323075 
15.9885767588 15.2483129969 -0.697361900594 
15.9857335949 15.2864163669 -0.985905509251 
15.9894223922 15.2878127883 -1.01107308691 
15.9878334888 15.2848919074 -1.00804529929 
15.9877659493 15.2849323789 -1.00739872902 
15.9877511227 15.2849239113 -1.00741185194 
15.98770969 15.2852482351 -1.0090026145 
