15.88 15.24 1.57079632679 
15.88 15.24 1.57079632679 
15.8400397898 15.170991231 0.386698246347 
15.8398034127 15.1706461052 0.387668338972 
15.8397912347 15.1706414709 0.387885109236 
15.8398927898 15.1715752224 0.379388760561 
15.8400641346 15.1709916557 0.386902196757 
15.8397923337 15.1706420595 0.387759644548 
15.8400615865 15.1709824691 0.386810760116 
15.8400514052 15.1709666739 0.386806058109 
15.8397965768 15.1706185455 0.387914419116 
15.8400394955 15.1709600131 0.386932405769 
15.8398083673 15.1706256608 0.387661240841 
15.8400655837 15.1709696169 0.386649512581 
15.8400511184 15.1709473694 0.386703022711 
15.8400599548 15.1709733124 0.386789697231 
15.8397979439 15.1706173609 0.387744974347 
15.839792289 15.1706041435 0.387817283711 
15.8397923076 15.1706105287 0.387740786108 
15.8400516139 15.1709503944 0.386794264099 
15.8400740774 15.1709729398 0.386776260054 
15.8398125136 15.1706203262 0.387628472137 
15.8398121336 15.1706250424 0.387681320575 
15.8400650249 15.1709701459 0.386807504911 
15.8398175315 15.1706239099 0.387875033591 
15.8400726282 15.1709683577 0.38659464269 
15.8400833124 15.1709401498 0.38645459042 
15.8398332187 15.1706221218 0.387572075172 
15.8398247288 15.1706203783 0.387667178589 
15.8398305291 15.1706405471 0.386978169196 
15.8400536963 15.1709462369 0.386242159321 
15.839746155 15.1705351959 0.387568461565 
15.839802716 15.1706139038 0.387594022805 
15.839603007 15.1697997118 0.38069744828 
15.839781657 15.1707552264 0.386551497257 
15.8398459257 15.1706275682 0.392881546863 
15.8397616931 15.1705593953 0.392972796421 
15.8397030161 15.1706509257 0.387062771635 
15.8399381788 15.1709777603 0.385775847532 
15.839716334 15.1706447268 0.386934672132 
15.8397361265 15.1706291551 0.386945561791 
15.8400035315 15.1709525252 0.38567389819 
15.8399894723 15.1709759797 0.385646001108 
15.839754332 15.1706297735 0.38660620942 
15.8505895027 15.1732466857 0.376268594753 
15.884738986 15.1838238279 0.357889025907 
15.9065473751 15.1945346745 0.295235506119 
15.9114122224 15.2086852586 0.0657293327695 
16.2737319135 15.1642743463 -0.069834826225 
16.5620420539 15.1220396275 -0.0848031818178 
16.7048402392 15.0992552454 -0.0724795073215 
16.7426224911 15.093645137 -0.0868828126115 
16.8929791414 15.07002854 -0.0759376357424 
17.0315061771 15.0487926568 -0.0742193363214 
17.5308568441 14.9734331037 -0.0797696027351 
17.7228028738 14.943187889 -0.0775550014443 
17.8657151425 14.919881549 -0.07459975091 
18.0230121576 14.8954675461 -0.0581634822706 
18.5285689795 14.6706117357 -0.982248213079 
18.5672993624 14.6078408922 -1.11665388386 
18.6024842226 14.5284032191 -1.18453493918 
18.6306874716 14.4318272437 -1.20621160117 
18.6476921999 14.3723353709 -1.19784803985 
18.7049188578 14.1868981088 -1.32951759457 
18.6968305075 13.7869856323 4.62705429442 
18.6025338137 13.477897879 4.09625590721 
18.6025338137 13.477897879 4.09625590721 
18.6025338137 13.477897879 4.09625590721 
18.6025338137 13.477897879 4.09625590721 
18.4860749209 13.2871360744 2.7474389188 
18.4860749209 13.2871360744 2.7474389188 
17.6423928702 13.2384835447 3.17101535596 
17.5229537451 13.2434395517 3.1647547412 
17.4032070601 13.2495534385 3.16405579009 
17.1556669438 13.2647662128 3.16594807676 
16.5661931598 13.2863084043 3.4675834906 
16.4378141725 13.2537989582 3.43556789458 
16.3448373937 13.2291547025 3.38020077568 
16.246550765 13.2078815664 3.19768686518 
16.0736491346 13.2204724515 2.99795938374 
15.4538001084 13.2048798765 3.43761683865 
15.2533420288 13.1596652235 3.31390738727 
15.1236663425 13.1457046236 3.06416359284 
14.8873578274 13.2061554159 2.60063070403 
14.815631386 13.2550216878 2.44335765177 
14.6252226793 13.6062695945 1.80774342207 
14.5165964329 14.2667819227 1.64550608365 
14.5141980612 14.3705754841 1.48669943092 
14.5249907934 14.4578487838 1.31008041599 
14.5723574125 14.5819051231 1.16603570319 
14.6793962681 14.7605321671 0.763965465619 
14.7339677775 14.8131998743 0.627592965598 
15.2062815392 14.9960098828 0.3468546365 
15.3048983776 15.0235216881 0.337222473743 
15.4218428695 15.0541010464 0.342823018862 
15.6132646167 15.1043931956 0.355704404794 
16.1253197306 15.2469157113 0.328913997661 
16.262078222 15.2847073043 0.314755957396 
16.4480974638 15.3266789506 0.0742241356086 
16.6073870027 15.3253466527 0.0727883509335 
16.7252140605 15.3241502757 0.0465307412062 
17.4443329537 15.3100706602 0.0455204156278 
17.5836055243 15.3077302838 0.0485674797237 
17.7876870596 15.3050684969 0.0459215476224 
17.8989779913 15.3035662586 0.0501035166754 
18.0228414499 15.3029611001 -0.0035128185076 
18.5421056711 15.0154696966 -1.17878725322 
18.5609233343 14.9674489165 -1.26548536532 
18.5918323958 14.8073874975 -1.37208400711 
18.6118102038 14.656366166 -1.37916851769 
18.6332929098 14.4764004911 -1.37538391986 
18.6528842413 14.3217649425 -1.50296678942 
18.5708482229 13.7148127521 4.37776773757 
18.5001668894 13.5592302049 4.05475445286 
18.493184086 13.5492389167 4.03623307209 
18.2464339697 13.3663893903 3.43775642778 
17.6457978451 13.3002114261 3.30963205349 
17.5029352867 13.2872796024 3.30181399701 
17.3103443348 13.2703845466 3.29514912859 
17.1316831076 13.2564823593 3.29703403008 
16.9803111517 13.2510406936 3.33529089002 
16.3949700558 13.2042492593 3.28370938775 
16.2057522201 13.1857260431 3.29775648269 
16.0904466623 13.1767073835 3.25202361762 
15.980482895 13.1671680177 3.28093260056 
15.3223881089 13.1195350851 3.06721480967 
15.1837032997 13.1382917131 2.78435363832 
15.1021596753 13.1711078847 2.63426325266 
15.0388002359 13.2079263891 2.47609574487 
14.9834307396 13.255783316 2.31710633731 
14.9834307396 13.255783316 2.31710633731 
14.8129385674 13.5085256065 1.87980814592 
14.832817074 13.9963805641 1.54209191729 
14.8469312155 14.1096267665 1.61023466444 
14.8542439901 14.2255814041 1.65674939106 
14.8596382105 14.366108116 1.64457878627 
14.8621904814 14.4400604332 1.63128053722 
14.8856393063 14.9128641451 1.51587449956 
14.9394505584 15.1178521032 1.02806973001 
15.0244932735 15.2406224248 0.782292765538 
15.2043378913 15.3653011287 0.339731080416 
15.2957944238 15.3917922045 0.202749814797 
15.385038253 15.4055681939 0.140749186582 
16.0901796335 15.4517146314 0.14647591579 
16.2703149879 15.4631427492 0.145496454524 
16.4467048013 15.4732677455 0.153384917644 
16.6254925692 15.485350203 0.1355086025 
17.1605267489 15.5192971791 0.148404233888 
17.3450270855 15.5295144881 0.144782999162 
17.4888218605 15.5385318364 0.114030770015 
18.0585601294 15.5705322886 0.140012860788 
18.1618401968 15.5761582519 0.136404610289 
18.3529362642 15.5872289206 0.129918850585 
18.4830567801 15.5928942228 0.137787562009 
18.646366831 15.601040181 0.127348665893 
19.3125071489 15.7137109304 0.81300806099 
19.3383877241 15.733442005 0.878136415808 
19.3383877241 15.733442005 0.878136415808 
19.3383877241 15.733442005 0.878136415808 
19.3383877241 15.733442005 0.878136415808 
19.0797328913 16.6318399871 3.17400903122 
18.8628098929 16.5980141128 3.65449556455 
18.7942264044 16.5696908201 3.73591180171 
18.5692717993 16.4346759284 3.76530154035 
18.4940388167 16.3897501195 3.77070461208 
18.3642280066 16.3113367523 3.76530705967 
17.8107688391 15.9762795533 3.75489012977 
17.7312738859 15.9269876445 3.75971276113 
17.5777947867 15.8354916538 3.76163106236 
17.4910130465 15.7832893098 3.75844524574 
17.3667042219 15.7108299697 3.75716993324 
16.8117166721 15.3791325952 3.74955176888 
16.7352035606 15.3335543985 3.75004287147 
16.6357691848 15.2729915048 3.71364190788 
16.4652507269 15.1853325854 3.47579964588 
16.2791306638 15.1366070847 3.47752076636 
15.6642072761 14.9857841695 3.4589864943 
15.5865605735 14.9669872786 3.46157061089 
15.3826583588 14.917444166 3.47910025118 
15.1769021713 14.8660973574 3.48912867657 
15.1374787652 14.8575998808 3.55806449246 
14.6991831028 14.3227659429 -1.32534630728 
14.731737014 14.1565104688 -1.23024206996 
14.7738869154 14.0223902429 -1.22518716837 
14.8042365276 13.9252568449 -1.20940722106 
14.991050061 13.4457830156 -0.630758014776 
14.991050061 13.4457830156 -0.630758014776 
15.290384885 13.2619686092 -0.291607837321 
15.4479728901 13.2009357179 -0.299042531526 
15.6252927446 13.130608436 -0.124502433327 
15.7096375638 13.1110032762 -0.0314976187382 
16.3315532469 13.0847901071 0.38945429672 
16.4528685176 13.1270469392 0.444861685432 
16.6996871197 13.2200430597 0.355862784182 
16.8240708673 13.2631044353 0.212776756007 
17.365247842 13.3011929954 0.142984043996 
17.541916486 13.3125035728 0.141002279296 
17.7314687931 13.3245594467 0.139783390333 
17.8701040709 13.33377504 0.139762213879 
17.9507508242 13.3392655815 0.13940836271 
18.5201981032 13.4986290897 0.975188662473 
18.5839154684 13.5763784612 1.17770560656 
18.6675915682 13.8171840871 1.68499113297 
18.6634213888 13.9374681676 1.76582558998 
18.6012973749 14.4816456402 1.79993276914 
18.5688745939 14.6736115182 2.10243849689 
18.4894313776 14.8218473459 2.34391102579 
18.3976299727 14.9332514668 2.39322997137 
18.3506836855 14.9850283528 2.39172687598 
17.8374114 15.4026697541 2.72057809559 
17.7287050449 15.4620898629 2.92064693674 
17.5861980879 15.503971752 3.22270103791 
17.4273875916 15.498451438 3.3846500929 
17.1203892195 15.4534106667 3.36259856036 
16.9714820349 15.431998756 3.35518985156 
16.8294525706 15.4121403212 3.36320827184 
16.6627144181 15.3863702233 3.36020739749 
16.5030165279 15.3629211898 3.34909623931 
15.7990220525 15.261417147 3.55932835385 
15.7299656385 15.2435843202 3.77802523147 
15.6483222061 15.2060194577 4.13781799203 
15.6122149789 15.1796316507 4.45900144017 
15.5976484382 15.1697827319 4.63091537711 
15.517904725 15.1213991011 -0.109776529385 
15.5163451695 15.1090487952 0.0691237344332 
15.5212773049 15.1034855808 0.167272013742 
15.5600114131 15.1008707101 0.29411678057 
15.603921082 15.1098459179 0.293678317463 
15.6753093266 15.1264047439 0.289131169972 
15.9765972384 15.2037476527 -0.0495194553235 
15.9881704861 15.2131376735 -0.23567129151 
15.9936294669 15.2292517119 -0.495677546752 
15.9885767588 15.2483129969 -0.697361900594 
15.9849985802 15.283120882 -0.945549941238 
15.9891174623 15.2879292446 -1.00691965915 
