15.9877949544 15.2851171794 -1.00722403374 
15.9877949544 15.2851171794 -1.00722403374 
15.9877949544 15.2851171794 -1.00722403374 
15.9877949544 15.2851171794 -1.00722403374 
15.9877949544 15.2851171794 -1.00722403374 
15.9877949544 15.2851171794 -1.00722403374 
15.9877949544 15.2851171794 -1.00722403374 
15.9877949544 15.2851171794 -1.00722403374 
15.9877949544 15.2851171794 -1.00722403374 
15.9877949544 15.2851171794 -1.00722403374 
15.8400464655 15.170985874 0.386675954901 
15.8397403957 15.1706448014 0.387249247038 
15.8398927898 15.1715752224 0.379388760561 
15.8398085536 15.1706247295 0.387713659422 
15.8400599138 15.1709914247 0.386732847588 
15.8400615865 15.1709824691 0.386810760116 
15.8400676475 15.1709716658 0.386794111065 
15.8400427626 15.1709718446 0.386904112027 
15.8397675754 15.1706341321 0.387487653033 
15.8400535808 15.1709676499 0.386752487509 
15.8400630952 15.170962442 0.386909671932 
15.8400539608 15.1709630827 0.386726342474 
15.8397824318 15.170605507 0.387755013552 
15.8400444315 15.1709512065 0.386770916914 
15.8400536292 15.1709708462 0.386789140564 
15.8397979439 15.1706173609 0.387744974347 
15.8398054765 15.1706106255 0.387709304973 
15.8400585466 15.170959201 0.386629033925 
15.8398148232 15.1706296841 0.387591273141 
15.840068862 15.1709514523 0.386614193279 
15.8398108558 15.1706013049 0.387569027307 
15.8398128675 15.1706082414 0.387615261671 
15.8400865794 15.1709699745 0.38679655484 
15.8399216161 15.170726348 0.387106030022 
15.8400706315 15.1709532926 0.386307183444 
15.8398199343 15.1706514249 0.387251968463 
15.8397962787 15.1706152449 0.387532060637 
15.8400323243 15.1709497164 0.386404480995 
15.839603007 15.1697997118 0.38069744828 
15.8399333694 15.1709588508 0.385873705485 
15.8397889064 15.1705665256 0.393097246105 
15.8397994639 15.1705775152 0.393170149868 
15.8396553883 15.1704890544 0.385631738334 
15.8397260384 15.1705377812 0.386286170878 
15.8399503269 15.170946982 0.385925228433 
15.8397190721 15.1706391017 0.3868815911 
15.8399017641 15.1700703467 0.382219784233 
15.839972485 15.170971487 0.386097729264 
15.8399784454 15.1709436069 0.386178360155 
15.8399048113 15.170071047 0.382041361859 
15.9044147256 15.1931305269 0.303213557885 
15.9106301927 15.2122362799 0.0406112615476 
15.9423972891 15.2165449767 -0.0873157898367 
15.9970458784 15.2067600938 -0.0737395442899 
16.3521771395 15.1547928641 -0.0877877032708 
16.4235037529 15.1435049812 -0.0884743517671 
16.713324722 15.0985222275 -0.0652425899153 
16.8803163731 15.0720255787 -0.0767454654924 
17.5639284813 14.968391713 -0.0824740606356 
17.6926832163 14.9477226997 -0.0793886888458 
17.8152632677 14.9295639659 -0.0841320460132 
17.8960235083 14.9157664145 -0.0743324045646 
17.993822571 14.9002380634 -0.0589013260086 
18.1044256651 14.8842994834 -0.0891175097916 
18.6024842226 14.5284032191 -1.18453493918 
18.6513459646 14.3600721324 -1.19932029816 
18.6720893347 14.2948766316 -1.21827436392 
18.7082378828 14.1742979253 -1.34967808783 
18.7258942091 14.0136958326 4.68232878046 
18.7131383383 13.8993771041 4.63991868689 
18.5200743639 13.3314963544 2.77452388214 
18.4860749209 13.2871360744 2.7474389188 
18.4860749209 13.2871360744 2.7474389188 
18.1848761999 13.2165583337 3.2171985489 
18.0688276255 13.2157288755 3.16646555484 
17.9480750525 13.2216190065 3.1680932659 
17.8286125624 13.2280918325 3.17138473542 
17.2748329603 13.2561769451 3.16353584226 
17.1689695084 13.2623891796 3.15781496177 
17.0376031363 13.2723946537 3.16905240319 
16.5599290096 13.2822753156 3.44776290876 
16.473120805 13.2632096971 3.41395848698 
16.2916860842 13.2173148359 3.307283677 
16.1459915602 13.2076495851 3.031118916 
16.0736491346 13.2204724515 2.99795938374 
15.7426164859 13.268829223 3.44100740744 
15.6344082021 13.2445589269 3.43741644166 
15.4708501362 13.2084935869 3.43711685665 
15.333835479 13.1768737997 3.40032366661 
15.2167880499 13.1537495817 3.25297498396 
14.815631386 13.2550216878 2.44335765177 
14.815631386 13.2550216878 2.44335765177 
14.6311540568 13.5732666219 1.82079941118 
14.6252226793 13.6062695945 1.80774342207 
14.5202981197 14.4062961305 1.40763667354 
14.5574948752 14.5460686053 1.23237123191 
14.6103934013 14.6599948967 1.01764397114 
14.7264516317 14.8072122003 0.654493254993 
15.2765538656 15.0151870216 0.351947201936 
15.3705025279 15.0391180927 0.389438628948 
15.4792410695 15.0679450447 0.353054436272 
15.5969581568 15.0998278523 0.353658317424 
15.7121852749 15.132803459 0.355317316498 
16.2354690992 15.2773944626 0.335826669329 
16.3033687436 15.2989383789 0.259963586586 
16.4126294815 15.3245034332 0.104444568747 
16.5161935055 15.3266812677 0.0610267933417 
17.2845907175 15.3124840001 0.0702789947467 
17.4657280409 15.309731331 0.041479768238 
17.5455629789 15.3085232938 0.0451686991527 
17.7075884306 15.3055690269 0.0703956965189 
18.2615935766 15.2686831134 -0.418881257988 
18.3608860933 15.2184630542 -0.648067687302 
18.4094808066 15.1827729459 -0.769872074516 
18.4773671591 15.1152874122 -0.944637293809 
18.5197968447 15.0565648491 -1.08571527534 
18.5901150667 14.8237028981 -1.37302207641 
18.6567339861 14.2620771492 4.69536070429 
18.653568741 14.2042622531 4.64402463173 
18.6365110838 14.093021747 4.62706854142 
18.6147446596 13.9646723236 4.60467633587 
18.5730731451 13.7220492328 4.38492295507 
18.1422305071 13.3491492237 3.33972414337 
17.9364168608 13.3242081369 3.30303726818 
17.7177407705 13.3058692182 3.30379909848 
17.6046997273 13.2967387403 3.31023400451 
17.5368418657 13.2903777326 3.30213777097 
16.92074072 13.2466479505 3.335405585 
16.8032921517 13.239442941 3.29097951636 
16.6138386094 13.2216778959 3.28007969961 
16.4746771419 13.2108865942 3.2972128576 
15.980482895 13.1671680177 3.28093260056 
15.7791578361 13.1522306169 3.2958197777 
15.5480945968 13.134802934 3.29269542018 
15.4442391657 13.1262448991 3.23782218911 
14.9834307396 13.255783316 2.31710633731 
14.9834307396 13.255783316 2.31710633731 
14.7859929764 13.5858319963 1.80317295955 
14.7769018376 13.6622226203 1.56814583838 
14.847042557 14.1157710517 1.62649332557 
14.8472953999 14.1642477478 1.6211231476 
14.8543733322 14.2364407743 1.66190352496 
14.8612139189 14.4197407926 1.65707292658 
14.8674404585 14.5159048999 1.60291100284 
14.9442744219 15.1238773058 0.987274944547 
14.9904515707 15.197539978 0.884919206768 
15.0780739152 15.2909219081 0.612405794996 
15.1959229076 15.3608616332 0.356095782931 
15.2957944238 15.3917922045 0.202749814797 
15.8573318684 15.4370714987 0.139478488548 
16.0201077723 15.4467909897 0.150710286903 
16.1724604332 15.4563708271 0.129580681035 
16.2543489301 15.4621646071 0.127153005773 
16.3142164015 15.4657000864 0.130358122862 
16.9363563025 15.5049149061 0.15099275705 
17.0290933811 15.5109538699 0.148951547644 
17.1691555941 15.518754747 0.149306161347 
17.3019986117 15.5273616279 0.141500726812 
17.4073767626 15.5331034924 0.138012722861 
18.0891578161 15.5723239149 0.135238341456 
18.2001140082 15.5781376029 0.133255627635 
18.381854769 15.5881142879 0.13349335501 
18.5000619852 15.5935156907 0.137656790788 
18.6177906954 15.5996635521 0.132594048966 
19.3028547728 15.7089969183 0.742846450303 
19.3383877241 15.733442005 0.878136415808 
19.3383877241 15.733442005 0.878136415808 
19.3383877241 15.733442005 0.878136415808 
19.3383877241 15.733442005 0.878136415808 
19.0312824213 16.6228270496 3.33905392618 
18.8423926794 16.5905026163 3.68245748508 
18.7599558794 16.5510901178 3.76312186066 
18.6677670443 16.4953081573 3.76428587171 
18.5516595804 16.4231206144 3.74782560509 
18.051856991 16.1193209852 3.74250610085 
17.8860642874 16.0224925245 3.76031947857 
17.7415745222 15.9339733685 3.76512121965 
17.6297383272 15.8685302103 3.75801654274 
17.5416831934 15.8134342397 3.75960215367 
16.9745860064 15.4760680611 3.76665899104 
16.8188043797 15.3835919614 3.75156936262 
16.6791074836 15.300200511 3.72447130048 
16.620757159 15.2645965165 3.6879049254 
16.4652507269 15.1853325854 3.47579964588 
15.787048977 15.0156591947 3.47498216448 
15.6192126834 14.9748590256 3.45844256136 
15.5491889381 14.9580444361 3.46435928254 
15.3394701445 14.9068272973 3.47994940989 
14.7657302582 14.6031258071 4.41190074598 
14.7181251013 14.4925590719 4.64045104622 
14.7051951849 14.263842162 -1.31654260295 
14.731737014 14.1565104688 -1.23024206996 
14.7587444746 14.0718111957 -1.21817978666 
14.7811424696 13.9950202669 -1.24167278225 
14.991050061 13.4457830156 -0.630758014776 
15.3181796038 13.2517476047 -0.29451803845 
15.3835639917 13.2269219125 -0.300997749712 
15.5820344054 13.1462243761 -0.198518797964 
15.7226408833 13.1089485849 -0.0235386972068 
16.3604547643 13.0930029119 0.423704860847 
16.5302997791 13.1560722555 0.40602750962 
16.5973080957 13.1802984441 0.404378921373 
16.7201779449 13.2269548143 0.346833741638 
16.8680961096 13.2679632867 0.196746817288 
16.9954725468 13.2806155647 0.16612492344 
17.550506469 13.312832352 0.140180457637 
17.7609385216 13.3263921703 0.138954995603 
17.8869233095 13.3349512781 0.139288888956 
18.0750524962 13.3465008701 0.158053050803 
18.6238217318 13.6476036275 1.33156538976 
18.6625390017 13.7709045375 1.61192885312 
18.6665880644 13.9016945327 1.75758052889 
18.6569118464 13.98124766 1.74745091239 
18.5946450197 14.5464248026 1.85453602304 
18.5662422144 14.6816319192 2.12013912155 
18.5086073839 14.794882443 2.3355230593 
18.4184753859 14.9089297021 2.38359697571 
18.3245739901 15.014559027 2.40485994182 
17.917106148 15.350437891 2.67516788944 
17.7943370306 15.4283132369 2.7991525129 
17.6227056944 15.4979063536 3.14940313419 
17.4675408566 15.5039721991 3.37950355421 
17.1640685761 15.4600979502 3.35468620873 
17.0339256489 15.4405858035 3.36479792624 
16.9670686686 15.4321297223 3.36126117929 
16.8710175717 15.4178023751 3.36831882286 
16.7423014605 15.3986932749 3.36676719685 
16.6041609013 15.3775432969 3.34998812473 
15.9792824724 15.2884030121 3.33274992755 
15.8890293458 15.2754915657 3.40393973474 
15.8086970189 15.2628329604 3.5492143468 
15.7192046755 15.2399010023 3.81601265091 
15.671501916 15.2164573132 4.01346753164 
15.5447391235 15.1604548583 -0.829007835797 
15.5230490529 15.1373197476 -0.36815182056 
15.5181637668 15.12415218 -0.153442868662 
15.5185562932 15.1053646172 0.144904159697 
15.5360861981 15.0994267131 0.235107843778 
15.5574454033 15.1005362833 0.29221643444 
15.9122791813 15.1796420703 0.243974395975 
15.9734930136 15.2017759385 -0.0122782494762 
15.9898997509 15.2144402957 -0.264813936797 
15.9932519236 15.2238558002 -0.43521370008 
15.9877862969 15.2849061976 -1.00787665506 
15.9877134451 15.2850173751 -1.00782143965 
15.9878249132 15.2848506535 -1.00867246703 
15.9877732584 15.2849326434 -1.00743756773 
