15.9877949544 15.2851171794 -1.00722403374 
15.9877949544 15.2851171794 -1.00722403374 
15.9877949544 15.2851171794 -1.00722403374 
15.8398059682 15.1706566329 0.387694089224 
15.8400517405 15.1710011701 0.386890628598 
15.8400680908 15.1709952096 0.386976349948 
15.8400423081 15.170997482 0.386752361159 
15.8401889094 15.1710612963 0.38713461583 
15.8398784177 15.1715840811 0.379342918321 
15.8399587684 15.1710124204 0.385865487596 
15.840076849 15.1709853674 0.386806752323 
15.8398201616 15.1706267337 0.387559050842 
15.8400708252 15.1709635595 0.38676485167 
15.8400565908 15.1709625314 0.386818013115 
15.8418712021 15.1706377606 0.4082208733 
15.8400479333 15.1709667484 0.386834546165 
15.8400713318 15.1709655563 0.386882257164 
15.8400606887 15.1709684769 0.386761133992 
15.8400669434 15.1709543283 0.3865560388 
15.8400581778 15.1709651987 0.386607309166 
15.8398044334 15.1706115196 0.387510727933 
15.8400575967 15.1709499548 0.386982760029 
15.8400523403 15.1709450598 0.386722840551 
15.8398027756 15.1706032718 0.387655830675 
15.8397923076 15.1706105287 0.387740786108 
15.8400670589 15.1709659065 0.386826104656 
15.8397901693 15.1705862025 0.387621684695 
15.8400515207 15.1709520335 0.386722720995 
15.8400671222 15.1709731261 0.386640427848 
15.8400650249 15.1709701459 0.386807504911 
15.8398215474 15.17061485 0.387530623384 
15.8400683404 15.1709494407 0.3867326247 
15.8400716634 15.1709740798 0.386790270921 
15.8398209253 15.1706243942 0.38745071839 
15.8400858008 15.1709580089 0.386512247279 
15.8400778138 15.1709657575 0.3865169366 
15.8400914335 15.170950454 0.386627294213 
15.84008047 15.1709529052 0.386193892248 
15.8399366067 15.1707394833 0.387247331974 
15.8400706315 15.1709532926 0.386307183444 
15.8400658296 15.1709895025 0.385839311616 
15.8397919313 15.1706003363 0.387507706644 
15.8399244064 15.1700620318 0.382588833551 
15.8399333694 15.1709588508 0.385873705485 
15.8397994639 15.1705775152 0.393170149868 
15.8399644756 15.1709834749 0.385717630915 
15.8397085705 15.1706497113 0.386935887546 
15.8399581389 15.1710224936 0.385858548337 
15.8397165911 15.1706210564 0.38717214657 
15.8399657571 15.1709640289 0.386029457534 
15.8395803609 15.1697658638 0.379360992099 
15.8399064691 15.1700469146 0.381870496301 
15.8397490979 15.1706266368 0.386852475908 
15.9106301927 15.2122362799 0.0406112615476 
15.9257514776 15.2175572368 -0.0562523015484 
15.980971899 15.209717816 -0.0828267333704 
16.0722705835 15.1961786079 -0.0725842642998 
16.5829496944 15.1180042143 -0.0741293686974 
16.6846543514 15.1026671345 -0.0612252303749 
16.7622355187 15.0901965911 -0.0767857755672 
16.9307596647 15.0641562159 -0.0772776118949 
17.0823634827 15.0411032403 -0.0738969509962 
17.6430598461 14.9557467664 -0.0831648571398 
17.7657924854 14.9362342621 -0.0717517120694 
17.8750127518 14.9197037483 -0.0802657770112 
18.0101618731 14.8969227935 -0.0611161999253 
18.1252672636 14.8811102177 -0.106895312365 
18.6177985632 14.4732883538 -1.20219178493 
18.6693363154 14.3030040229 -1.21603042487 
18.6968293154 14.2160934175 -1.29198566635 
18.724789139 13.9925274814 4.66038228991 
18.6025338137 13.477897879 4.09625590721 
18.6025338137 13.477897879 4.09625590721 
18.4860749209 13.2871360744 2.7474389188 
18.4860749209 13.2871360744 2.7474389188 
18.2068147623 13.2186766828 3.24379492128 
17.5229537451 13.2434395517 3.1647547412 
17.2877235376 13.2554633583 3.16462817289 
17.1556669438 13.2647662128 3.16594807676 
17.0376031363 13.2723946537 3.16905240319 
16.3618764841 13.2338958944 3.40587990106 
16.1607787573 13.2057820524 3.04513137355 
16.0736491346 13.2204724515 2.99795938374 
15.907452278 13.2619284357 3.11138778524 
15.8140882218 13.2783622707 3.37668944609 
15.3039182984 13.1699444021 3.36216279028 
15.0845910871 13.1470881666 2.97547260237 
14.9853336775 13.166107055 2.78761042741 
14.880494591 13.2101229394 2.58047492614 
14.815631386 13.2550216878 2.44335765177 
14.815631386 13.2550216878 2.44335765177 
14.5717301333 13.918667909 1.74395039669 
14.5161652529 14.2955231036 1.60253039415 
14.5181245768 14.3982522453 1.41741393838 
14.5340770447 14.4882739151 1.27085292388 
14.566060301 14.5706716145 1.14614321945 
14.9379460179 14.9199037815 0.354876116695 
15.0741429889 14.95625731 0.382037327592 
15.2062815392 14.9960098828 0.3468546365 
15.3461950981 15.0341062064 0.335582015267 
15.4516457879 15.0626205916 0.373192160968 
15.5478192532 15.0868088866 0.35513423914 
16.1253197306 15.2469157113 0.328913997661 
16.3113943898 15.3009130324 0.261294655462 
16.4315582478 15.3258696462 0.0942123188825 
16.5336224997 15.3260403241 0.0668747857542 
16.6073870027 15.3253466527 0.0727883509335 
17.1802370512 15.3150455097 0.035157874778 
17.4443329537 15.3100706602 0.0455204156278 
17.5755628311 15.3076738531 0.0383035969285 
17.6483341419 15.3066913972 0.0414500969043 
17.7576161587 15.304613244 0.0558441811684 
18.4826104605 15.1085041429 -0.963403911105 
18.5673978293 14.9465224112 -1.28966414101 
18.5847649538 14.865071025 -1.37172435624 
18.6008262598 14.7363051141 -1.36946022562 
18.6449322664 14.1407958234 4.61958862057 
18.6111595595 13.9443063701 4.61294760403 
18.5864992106 13.7916414703 4.51221598829 
18.5487234556 13.6508954729 4.23448658434 
18.0390293562 13.3329763378 3.29775169102 
17.8556647265 13.3172754014 3.3082170037 
17.7669557297 13.3099229301 3.30162646583 
17.5964037144 13.2959552968 3.30658500028 
16.8758742773 13.2430778707 3.35756882608 
16.7165284717 13.2300988401 3.33383611841 
16.5720815026 13.2186063493 3.28027354348 
16.3466790878 13.1958860124 3.28757675616 
16.2524331176 13.1892138685 3.29790174385 
15.6082210207 13.1400700773 3.29554979895 
15.4154461288 13.1234792436 3.20356606004 
15.3223881089 13.1195350851 3.06721480967 
15.1646609866 13.1444267 2.75956989939 
15.0901995265 13.1768575872 2.60218606823 
15.0150373542 13.2254461015 2.42204295313 
14.9834307396 13.255783316 2.31710633731 
14.8234019243 13.9462621177 1.49233547615 
14.8434157335 14.08253276 1.6075990898 
14.8498806917 14.1754652227 1.65567994496 
14.8578845226 14.2763030494 1.6331122132 
14.8856393063 14.9128641451 1.51587449956 
14.9466887676 15.1337502266 1.00460298274 
14.9868134224 15.192895409 0.88811412731 
15.1155047977 15.3181073035 0.51626559317 
15.6343191826 15.420661133 0.132343954935 
15.7856014484 15.4305206055 0.173278695818 
15.8446866275 15.4357369507 0.165328378076 
16.0090874695 15.4464624936 0.143239216463 
16.7956221664 15.4961557353 0.132174145208 
16.9903440439 15.5089467431 0.150752626818 
17.0698401892 15.5135435427 0.159806779484 
17.2031164133 15.5214828814 0.154123016387 
17.8771836722 15.5614207352 0.132111115403 
17.9999053442 15.56752136 0.137833127035 
18.1192357504 15.5737783278 0.138692868509 
18.2416379416 15.5805859829 0.131601501312 
18.4203073942 15.5907337035 0.129887770101 
18.853934046 15.6093426312 0.121837150565 
19.2061483824 15.6577810908 0.582800847242 
19.3383877241 15.733442005 0.878136415808 
19.3383877241 15.733442005 0.878136415808 
19.3383877241 15.733442005 0.878136415808 
19.3383877241 15.733442005 0.878136415808 
19.0731222593 16.6242749656 3.26856091569 
18.9416575396 16.6174783672 3.51162477824 
18.7599558794 16.5510901178 3.76312186066 
18.7036161387 16.5170375074 3.76422738658 
18.1317341292 16.1691981519 3.75425671144 
18.0190308058 16.0998538698 3.74518613865 
17.8793547117 16.0179766382 3.75614927482 
17.7745116913 15.9542044366 3.75544412916 
17.6474019253 15.8779019083 3.74565770064 
17.1064571106 15.5551997388 3.76814324764 
17.0438049996 15.5173318351 3.76754871171 
16.9928485119 15.4868249858 3.77026987823 
16.8613095247 15.4102167154 3.75612555171 
16.7499361002 15.3420715297 3.7513287766 
16.5771611893 15.2374709634 3.61673490593 
16.4337929451 15.1759620386 3.4645598118 
15.7954902687 15.0176762308 3.47591541979 
15.6359429919 14.9787671829 3.46305011667 
15.5288011694 14.9537692035 3.46798033139 
15.4485925102 14.9345226551 3.44666949579 
14.8263218367 14.6859731043 4.20904205871 
14.7341477835 14.5425612892 4.52560048165 
14.7055623495 14.4430445994 -1.55282423082 
14.7062177622 14.2554641927 -1.2872317958 
14.7372754776 14.1363639797 -1.22376880262 
14.8733870947 13.6845971311 -1.15273939216 
14.8733870947 13.6845971311 -1.15273939216 
14.8733870947 13.6845971311 -1.15273939216 
14.991050061 13.4457830156 -0.630758014776 
15.310236808 13.2547252143 -0.29294435887 
15.9709388354 13.0873898233 -0.012860071813 
16.0689073765 13.0768233503 0.0225072439206 
16.2399223113 13.0691782201 0.280984104681 
16.4184771144 13.1133655275 0.419814120085 
16.5698897206 13.1705085004 0.406550275029 
17.1485233271 13.287056681 0.134399928614 
17.3361084425 13.2989358867 0.143953036306 
17.4294115269 13.3060414756 0.139741105387 
17.5927003586 13.3153939212 0.141212177067 
17.7100946867 13.3232761587 0.140227434827 
18.2920827829 13.3691217864 0.464128098426 
18.3816709482 13.4018359149 0.649651773582 
18.5104110205 13.4931530918 0.981073723929 
18.5800387823 13.5693358148 1.16303431409 
18.6496415102 13.7135244573 1.50309354585 
18.6677467787 13.8240705694 1.69273075699 
18.6082100832 14.4119996394 1.76335156082 
18.590472933 14.5756314958 1.89584218943 
18.5554580652 14.709537145 2.17752295171 
18.4942378962 14.81524786 2.34040808034 
18.0853412115 15.2455030105 2.65604954099 
17.9465780222 15.3331863175 2.64284083699 
17.8119561636 15.4174040074 2.76545358804 
17.6438831055 15.4931415583 3.10039922618 
17.1465262138 15.4569769914 3.36808592997 
17.0490455591 15.443799984 3.36894919401 
16.9868380987 15.4342477883 3.35204266369 
16.8502373063 15.415203389 3.35993848298 
16.7128030622 15.3940822894 3.36229234813 
16.1117137336 15.3063403482 3.3497224213 
15.9792824724 15.2884030121 3.33274992755 
15.9075679762 15.2769458036 3.38235336194 
15.8028609493 15.2610903441 3.54170645035 
15.7155031377 15.2384391027 3.82846859991 
15.5608608389 15.1681243742 -1.06875345182 
15.5454704427 15.1574805419 -0.799366907685 
15.5244326853 15.1395431499 -0.407341685387 
15.5188150966 15.126782086 -0.189496237965 
15.5185562932 15.1053646172 0.144904159697 
15.7888867074 15.1509245003 0.286813833593 
15.8711229322 15.1687902922 0.280394972445 
15.9327011855 15.1860431174 0.205919785538 
15.9561357462 15.1955578516 0.0981416086122 
15.9797626623 15.2062415111 -0.0937845655272 
15.9928868302 15.2215987186 -0.400697855029 
15.9877383822 15.2849206629 -1.00721122821 
