0.355571985245
0.353471040726
0.33043384552
0.301131010056
0.35942196846
0.298652887344
0.486101865768
0.367464065552
0.257925033569
0.550631999969
0.601300001144
0.330116033554
0.374820947647
0.39720916748
0.263252973557
0.488869905472
0.335286855698
0.260795116425
0.682777881622
0.487716197968
0.240748882294
0.293628931046
0.271090984344
0.341670036316
0.326841115952
0.302912950516
0.469781160355
0.518425941467
0.307739019394
0.336021184921
0.377413988113
0.428204059601
0.396517038345
0.404356002808
0.313901901245
0.339418888092
0.302561998367
0.258760929108
0.360877037048
0.323971033096
0.287209033966
0.402122974396
0.294132947922
0.259093046188
0.566634178162
0.363983154297
0.496913194656
0.449429988861
0.39869594574
0.35281920433
0.530550956726
0.483183145523
0.404127120972
0.38686299324
0.191689014435
0.837353944778
0.552201032639
0.365534067154
0.192394018173
0.219697952271
0.294734954834
0.380109786987
0.164014101028
0.363847970963
0.463872909546
0.228837013245
0.333269834518
0.467616081238
0.330112934113
0.493606090546
0.351670980453
0.374716997147
0.447558164597
0.370922088623
0.290563106537
0.411848783493
0.460793972015
0.288054943085
0.481750011444
0.412132978439
0.329756975174
0.565814971924
0.531857967377
0.162833929062
0.277827978134
0.456835985184
0.497581958771
0.478266954422
0.393194913864
0.318547964096
0.36988401413
0.377671957016
0.433388948441
0.488848924637
0.478724002838
0.390563964844
0.61750793457
0.49897813797
0.320089101791
0.394635915756
0.368673086166
0.316199064255
0.392779111862
0.253864049911
0.476180076599
0.39173913002
0.656513929367
0.539574861526
0.30317401886
0.414503097534
0.330975055695
0.334999084473
0.231923103333
0.259078979492
0.262778997421
0.573630094528
0.260113954544
0.317868947983
0.303009986877
0.427964925766
0.672036886215
0.423300981522
0.549120187759
0.622090101242
0.371089935303
0.311480998993
0.22386097908
0.345701932907
0.514286994934
0.439408063889
0.32519197464
0.390143871307
0.624832868576
0.353275060654
0.362314939499
0.395362138748
0.443830966949
0.309625864029
0.433810949326
0.296535015106
0.309937953949
0.579380989075
0.336570978165
0.443030118942
0.357707977295
0.359859228134
0.380594015121
0.247811079025
0.418938159943
0.410044908524
0.418323040009
0.259252071381
0.277968883514
0.228794813156
0.239692211151
0.506861925125
0.493530988693
0.284371852875
0.630084991455
0.41543507576
0.491562843323
0.398475170135
0.413125038147
0.166347980499
0.435991048813
0.490208864212
0.419939994812
0.579034090042
0.311881065369
0.528556108475
0.326605081558
0.396651983261
0.421300888062
0.323529005051
0.538890123367
0.518768072128
0.423890113831
0.354152917862
0.417145967484
0.498974084854
0.555590867996
0.317521095276
0.538516998291
0.470152854919
0.447426080704
0.290251970291
0.615663051605
0.373072862625
0.388504981995
0.647229909897
0.371356964111
0.318830013275
0.189648151398
0.456192016602
0.40625
0.240139961243
0.572520971298
0.425181865692
0.435305833817
0.543572902679
0.296569824219
0.461214780807
0.331445217133
0.404225111008
0.266484022141
0.560870885849
0.38232588768
0.528237104416
0.529417037964
0.328805923462
0.497292041779
0.455437898636
0.382087945938
0.497593164444
0.41788482666
0.459093093872
0.413819074631
0.32562994957
0.406711101532
0.500934839249
0.493435144424
0.361515045166
0.520326137543
0.304426908493
0.216913938522
0.390320777893
0.461066007614
0.275012969971
0.33257484436
0.309604167938
0.468724966049
0.389196157455
0.462953090668
0.671247005463
0.409620046616
0.416881084442
0.230711936951
0.288383960724
0.476829051971
0.506034851074
0.440623998642
0.29005408287
0.239479064941
0.287652015686
0.436388969421
0.610180854797
0.692550897598
