0.450162172318
0.602606058121
0.582782030106
0.353617191315
0.510540962219
0.452960014343
0.433893918991
0.440011978149
0.409552097321
0.331087112427
0.382858037949
0.255813837051
0.273896932602
0.353808879852
0.362897872925
0.429700136185
0.363209009171
0.411325931549
0.504307031631
0.573697090149
0.467401981354
0.439270973206
0.379638910294
0.361150979996
0.422455072403
0.250612974167
0.254011869431
0.443233966827
0.410490036011
0.365172863007
0.478348016739
0.280352115631
0.480054140091
0.385063171387
0.376616954803
0.309725999832
0.409081935883
0.403322935104
0.598834991455
0.575308084488
0.535593986511
0.485342979431
0.343219995499
0.513170957565
0.692831993103
0.450786113739
0.501706123352
0.392688989639
0.355268955231
0.4407351017
0.577799081802
0.428489923477
0.338310003281
0.264961957932
0.555552005768
0.370153188705
0.40539598465
0.330581903458
0.255848884583
0.330388069153
0.46626996994
0.391462087631
0.282917976379
0.396644115448
0.316932916641
0.192515850067
0.36835694313
0.371068954468
0.386759996414
0.469578027725
0.246329784393
0.285028934479
0.26128578186
0.397980928421
0.320787906647
0.31050491333
0.46999001503
0.532873153687
0.320433855057
0.452907085419
0.51953291893
0.49320101738
0.482898950577
0.409020900726
0.446003913879
0.491997003555
0.495596170425
0.439069986343
0.392412185669
0.380392074585
0.328100919724
0.455728054047
0.285231113434
0.399698019028
0.296319007874
0.468156814575
0.280918836594
0.247946977615
0.341909885406
0.360048055649
0.439823865891
0.396549940109
0.314280986786
0.236909151077
0.337914943695
0.303421020508
0.48310303688
0.582155942917
0.665173053741
0.671268939972
0.333549022675
0.410976886749
0.586334943771
0.462557077408
0.477021932602
0.602646827698
0.570029020309
0.45897102356
0.453119039536
0.393314123154
0.463042020798
0.373118877411
0.298947095871
0.716413021088
0.329504966736
0.512035131454
0.403553962708
0.499243021011
0.491670131683
0.352495908737
0.186083078384
0.397227048874
0.384531021118
0.377343177795
0.534388065338
0.494031190872
0.321900129318
0.317112922668
0.631927013397
0.256539106369
0.677066802979
0.320199012756
0.58794093132
0.416927099228
0.326390028
0.293601989746
0.301021099091
0.556360960007
0.512144088745
0.451837062836
0.492787837982
0.356730937958
0.516554117203
0.388668060303
0.380640029907
0.468024015427
0.515225887299
0.512312889099
0.521852970123
0.324002981186
0.375975131989
0.561512231827
0.625466108322
0.437577962875
0.350098133087
0.444535970688
0.634396076202
0.340228796005
0.293118953705
0.414305925369
0.469674110413
0.29683303833
0.413595914841
0.390977144241
0.589375019073
0.327437877655
0.390437841415
0.447715997696
0.208168983459
0.32640504837
0.32976102829
0.292558908463
0.271641969681
0.292262077332
0.340769052505
0.273272037506
0.270139932632
0.205642938614
0.461329936981
0.285365104675
0.414970874786
0.623299121857
0.208561897278
0.326272010803
0.521099090576
0.334115982056
0.440691947937
0.395645856857
0.407294988632
0.317387104034
0.295149087906
0.346610069275
0.519391059875
0.42462515831
0.417830944061
0.505249977112
0.439491987228
0.346745967865
0.383352994919
0.394887924194
0.440395832062
0.302597999573
0.394723892212
0.497438907623
0.503390073776
0.323109149933
0.345906019211
0.237856864929
0.350587129593
0.316854953766
0.659955024719
0.351450920105
0.51868391037
0.357918024063
0.440696001053
0.30836391449
0.494081020355
0.439126014709
0.3869099617
0.316530942917
0.328769207001
0.392073154449
0.324005842209
0.263471126556
0.367474079132
0.292415857315
0.405043840408
0.247929096222
0.392035961151
0.321571111679
0.480556964874
0.416006088257
0.310250997543
0.231070995331
0.360855102539
0.374794960022
0.403856039047
0.375400066376
0.642617940903
0.514872074127
