0.525056123734
0.562660932541
0.510361909866
0.319475889206
0.291162014008
0.605857133865
0.3393638134
0.418534994125
0.244095087051
0.492481946945
0.308667898178
0.285562038422
0.354145050049
0.353781938553
0.330801010132
0.444427967072
0.269032001495
0.503859043121
0.43495798111
0.500416040421
0.475750923157
0.448207139969
0.406661987305
0.324820995331
0.454836845398
0.341699123383
0.447767019272
0.434041976929
0.354370832443
0.522707939148
0.387631893158
0.320564985275
0.356711149216
0.470727920532
0.258347034454
0.237684011459
0.584900856018
0.694537878036
0.407880067825
0.323978900909
0.580107927322
0.523115873337
0.446805953979
0.520771980286
0.461529970169
0.470170021057
0.401655912399
0.308203935623
0.473881006241
0.38814496994
0.198189020157
0.443109035492
0.578911066055
0.395102024078
0.461205005646
0.451150894165
0.284573078156
0.462709903717
0.763996839523
0.324281930923
0.379403114319
0.375699996948
0.389274835587
0.482346057892
0.398030042648
0.337658882141
0.258562088013
0.378974914551
0.547609090805
0.399039030075
0.608280897141
0.492928981781
0.399340867996
0.331959009171
0.291916131973
0.388529062271
0.512624025345
0.417830944061
0.414204120636
0.222688913345
0.614156007767
0.526721954346
0.341492176056
0.436992168427
0.552779912949
0.406232118607
0.503786087036
0.435031175613
0.344798088074
0.382441997528
0.38981795311
0.439903974533
0.338697910309
0.536938905716
0.259268045425
0.285411119461
0.364995956421
0.338019132614
0.416344881058
0.479979038239
0.328289985657
0.327002048492
0.558732032776
0.402670145035
0.349692821503
0.264862060547
0.420968770981
0.505267858505
0.311785936356
0.278658866882
0.218050956726
0.401297807693
0.608115196228
0.65348315239
0.570974111557
0.661171913147
0.365359067917
0.360398054123
0.352165937424
0.639548063278
0.225515127182
0.519989967346
0.516798019409
0.27805685997
0.658439159393
0.395519018173
0.400121927261
0.476289987564
0.339289903641
0.387980937958
0.705543041229
0.400933027267
0.622673034668
0.324250936508
0.328697919846
0.352757930756
0.300801992416
0.244850873947
0.311830997467
0.6805331707
0.365578174591
0.38084602356
0.32227396965
0.192710876465
0.34291100502
0.336254835129
0.338581085205
0.534040927887
0.381177186966
0.536189079285
0.498222827911
0.603191137314
0.384938955307
0.358520030975
0.421938180923
0.290699958801
0.520566940308
0.467358112335
0.455597162247
0.540186882019
0.454185962677
0.297914028168
0.341685056686
0.356250047684
0.537557840347
0.535038948059
0.527028083801
0.540518045425
0.79403090477
0.362805843353
0.290627002716
0.657272815704
0.436028957367
0.388054847717
0.374451875687
0.341757774353
0.432506084442
0.425199985504
0.288785934448
0.357681035995
0.365034103394
0.260860919952
0.508895874023
0.318370103836
0.252186059952
0.365095853806
0.362616062164
0.197135925293
0.493360996246
0.255748987198
1.01332616806
0.449043035507
0.620522022247
0.311444044113
0.516719102859
0.45213508606
0.554461956024
0.395146846771
0.424526929855
0.326761960983
0.695112943649
0.346619129181
0.418165922165
0.662864923477
0.3084628582
0.611028194427
0.521275997162
0.398586034775
0.566232919693
0.476398944855
0.658027172089
0.508202075958
0.520509958267
0.60751080513
0.328685998917
0.64067697525
0.226548910141
0.583824872971
0.332782030106
0.3009121418
0.563552856445
0.466529130936
0.478761911392
0.548604011536
0.221670866013
0.401579856873
0.271296977997
0.653554201126
0.42780995369
0.341747999191
0.800232887268
