0.356333017349
0.426968097687
0.389370918274
0.344384908676
0.352173089981
0.420211076736
0.349500894547
0.361247062683
0.386948823929
0.353078126907
0.274537086487
0.304415941238
0.292762994766
0.340847015381
0.309843063354
0.501283884048
0.528959989548
0.426139831543
0.304580926895
0.459919929504
0.314604997635
0.284809112549
0.539370059967
0.463635921478
0.483759880066
0.398166894913
0.358970165253
0.654291152954
0.324532985687
0.53339600563
0.296346902847
0.49497294426
0.368885040283
0.236794948578
0.317740917206
0.272393941879
0.458248853683
0.637815952301
0.304543018341
0.404453039169
0.374880075455
0.588345050812
0.408377885818
0.48247885704
0.375705003738
0.525335073471
0.596436023712
0.312435150146
0.45433306694
0.289383172989
0.372829914093
0.45859503746
0.388875007629
0.397786855698
0.356622934341
0.634603977203
0.550365924835
0.245466947556
0.270207881927
0.5041410923
0.420251846313
0.262625932693
0.561844110489
0.421004056931
0.209873914719
0.225511074066
0.56381893158
0.360029935837
0.364298820496
0.402503013611
0.641441106796
0.471693992615
0.268162965775
0.373057126999
0.378924131393
0.42445397377
0.696812152863
0.758522987366
0.434279203415
0.356168031693
0.421489953995
0.534284114838
0.517434120178
0.622825860977
0.361409902573
0.426162004471
0.457840919495
0.307610988617
0.339596033096
0.478662014008
0.449500083923
0.466374874115
0.321037054062
0.386735916138
0.587196111679
0.451769828796
0.403276920319
0.503689050674
0.317178010941
0.348190069199
0.378875017166
0.443353891373
0.321147918701
0.460867881775
0.299556970596
0.373172044754
0.370948791504
0.406007051468
0.603893995285
0.458224058151
0.239191055298
0.420441865921
0.860893011093
0.581265926361
0.430730104446
0.695559024811
0.513665914536
0.264429092407
0.46847486496
0.465456008911
0.459239006042
0.644531965256
0.305680036545
0.39125418663
0.523866176605
0.449821949005
0.207541942596
0.358791828156
0.376632928848
0.455571174622
0.441576957703
0.488751888275
0.267800092697
0.326394796371
0.511297941208
0.432290077209
0.490151882172
0.415866136551
0.478595018387
0.583986997604
0.253643989563
0.381752967834
0.459175109863
0.451785087585
0.493366956711
0.426647901535
0.405189990997
0.4953520298
0.262083053589
0.357516050339
0.540543794632
0.4348051548
0.478636026382
0.319007158279
0.546440839767
0.314378023148
0.543532133102
0.53120303154
0.579066038132
0.448294878006
0.47683095932
0.33768415451
0.641937971115
0.40961098671
0.301280975342
0.456908941269
0.314630031586
0.426525115967
0.380995035172
0.450232028961
0.694459199905
0.477643013
0.297103881836
0.50678396225
0.591140031815
0.454123020172
0.723956108093
0.403919935226
0.331784009933
0.466822862625
0.294711828232
0.452336072922
0.378452062607
0.323184967041
0.322574853897
0.301269054413
0.572885990143
0.407779932022
0.428556919098
0.647370815277
0.283724069595
0.500185012817
0.566445112228
0.478486776352
0.673052787781
0.266433954239
0.410315990448
0.657371997833
0.297383069992
0.458064079285
0.447428941727
0.492717027664
0.392220020294
0.331929206848
0.387398004532
0.265638828278
0.404860973358
0.294705867767
0.575255155563
0.372117996216
0.404683113098
0.407326936722
0.401942014694
0.377917051315
0.2959420681
0.323083877563
0.363850831985
0.910263061523
0.335743188858
0.250477075577
0.361345052719
0.394241094589
0.32586812973
0.245079994202
0.328006029129
0.231309175491
0.412046909332
0.43078994751
0.389041900635
0.358150005341
0.485991001129
0.48383808136
0.55583691597
0.306138038635
