0.332560062408
0.382768154144
0.411339044571
0.273339033127
0.276688098907
0.411998987198
0.460055828094
0.424097061157
0.378377914429
0.479254007339
0.408153057098
0.471586942673
0.456789016724
0.425143003464
0.291867017746
0.223151922226
0.388010978699
0.471989154816
0.481106042862
0.5048828125
0.371173143387
0.236939907074
0.490124940872
0.398556947708
0.409255027771
0.235827922821
0.456650018692
0.385151147842
0.376577138901
0.265725135803
0.517897129059
0.264229059219
0.312906980515
0.468611001968
0.505174160004
0.28457903862
0.383044958115
0.277946949005
0.729068040848
0.348860025406
0.295334100723
0.414979219437
0.504848957062
0.337776184082
0.3443608284
0.610445976257
0.613718032837
0.925921916962
0.371865034103
0.291919946671
0.313851118088
0.387712001801
0.289156913757
0.408930063248
0.380102157593
0.468792915344
0.395460128784
0.21111702919
0.395437955856
0.32811498642
0.362058877945
0.372363090515
0.457734107971
0.499273777008
0.271838903427
0.330944061279
0.237104892731
0.472707986832
0.415277004242
0.509632110596
0.342491149902
0.325613975525
0.622220993042
0.370227098465
0.364776849747
0.356461048126
0.491951942444
0.366451978683
0.347243070602
0.354955911636
0.45526099205
0.452398061752
0.598367214203
0.333091020584
0.584491014481
0.325112104416
0.352202177048
0.388783931732
0.274785995483
0.438369989395
0.496757984161
0.324893951416
0.429337024689
0.348680019379
0.309403896332
0.40038394928
0.280200004578
0.572829961777
0.350247144699
0.510412931442
0.596662998199
0.389106035233
0.303551912308
0.212323904037
0.547771930695
0.43319606781
0.384299039841
0.326333045959
0.406135082245
0.320146799088
0.354565858841
0.28666806221
0.357990026474
0.397171020508
0.317309141159
0.339557886124
0.36105799675
0.286473035812
0.501374006271
0.542688846588
0.39994096756
0.718224048615
0.617061138153
0.665912151337
0.293211936951
0.373726129532
0.377990007401
0.402444839478
0.690010070801
0.43282699585
0.452960014343
0.388996124268
0.455785036087
0.343699932098
0.298962831497
0.346801996231
0.599797010422
0.418676137924
0.520029067993
0.401638031006
0.269165039062
0.360549926758
0.558197021484
0.610923051834
0.368146181107
0.742815971375
0.565697908401
0.441725969315
0.353808879852
0.617959022522
0.539433002472
0.600028991699
0.454854011536
0.51832318306
0.43687582016
0.453850984573
0.249177932739
0.773567914963
0.292074918747
0.482274055481
0.326523065567
0.507183074951
0.416667938232
0.574231863022
0.45138502121
0.634651184082
0.484940052032
0.53822016716
0.549762010574
0.280561208725
0.492748022079
0.467066049576
0.349291086197
0.714074134827
0.329073905945
0.560832023621
0.445638179779
0.360244035721
0.387471914291
0.334664106369
0.428419828415
0.542455911636
0.393517971039
0.388073921204
0.441689968109
0.451014995575
0.366425991058
0.268015146255
0.270803928375
0.461338996887
0.787044048309
0.608284950256
0.434551000595
0.224280834198
0.747774839401
0.588454008102
0.46248793602
0.694967031479
0.389833927155
0.429566144943
0.534025907516
0.514552116394
0.312970876694
0.432879924774
0.930615901947
0.557596921921
0.258925914764
0.378643035889
0.249345064163
0.601660966873
0.384016990662
0.515188217163
0.298054933548
0.324562072754
0.374810218811
0.420154094696
0.317893028259
0.519432067871
0.346751928329
0.549525022507
0.347034931183
0.2895591259
0.286259889603
0.417650938034
0.618851900101
0.271908998489
0.370940923691
0.28835105896
0.377432107925
0.547152996063
0.478452920914
0.496988773346
0.523062944412
0.349183082581
