0.393541097641
0.38904094696
0.492410898209
0.270813941956
0.301118135452
0.336398124695
0.373212814331
0.518733978271
0.280679941177
0.430896043777
0.320021152496
0.412824869156
0.324729204178
0.349478960037
0.412586927414
0.478291988373
0.414700031281
0.562701940536
0.29126906395
0.255798101425
0.497856140137
0.42418885231
0.340623140335
0.417828083038
0.488357067108
0.370105028152
0.389013051987
0.227617025375
0.377444982529
0.270186901093
0.298660039902
0.301710128784
0.34909081459
0.281516075134
0.36489200592
0.332118988037
0.478646993637
0.276990890503
0.333797931671
0.447664022446
0.466922998428
0.472815036774
0.349386930466
0.602973937988
0.552441120148
0.46844792366
0.507151126862
0.400432825089
0.261687040329
0.322724103928
0.260671138763
0.311424016953
0.482618093491
0.271490097046
0.380747079849
0.55665397644
0.371661901474
0.252865076065
0.291751861572
0.468497991562
0.413989067078
0.391934871674
0.368230819702
0.326046943665
0.390732765198
0.354811906815
0.518179893494
0.471997976303
0.252809047699
0.545017004013
0.445678949356
0.400842905045
0.421360969543
0.318808794022
0.357779979706
0.519510984421
0.708910942078
0.453544855118
0.486369132996
0.351390838623
0.762513160706
0.35986495018
0.502471923828
0.441675901413
0.452035903931
0.63579082489
0.222198009491
0.317654132843
0.530617952347
0.356971979141
0.575803995132
0.604398965836
0.341809988022
0.430577993393
0.358642101288
0.297452926636
0.397201061249
0.424002885818
0.367738962173
0.380915880203
0.334055185318
0.420042037964
0.53600692749
0.453337907791
0.371840953827
0.266850948334
0.314327955246
0.664155960083
0.397444963455
0.296721935272
0.338498830795
0.352775096893
0.517498970032
0.361958026886
0.35647892952
0.410544157028
0.578973054886
0.363101959229
0.406938791275
0.576303958893
0.505480051041
0.324727058411
0.549209833145
0.529408931732
0.470892906189
0.463783025742
0.70805478096
0.250499010086
0.302485942841
0.593041181564
0.262063980103
0.404667139053
0.251801967621
0.278424024582
0.435107946396
0.570472002029
0.623638868332
0.444393873215
0.374418973923
0.683251857758
0.339226961136
0.234568119049
0.541594982147
0.413371086121
0.428773880005
0.293291091919
0.410351037979
0.767230987549
0.49328494072
0.295914173126
0.335523843765
0.641397953033
0.403756856918
0.364636898041
0.382544994354
0.439481973648
0.489820957184
0.481359004974
0.52151799202
0.444697141647
0.463865041733
0.406112194061
0.380764961243
0.382601976395
0.523157835007
0.365525007248
0.467402935028
0.439640045166
0.436503171921
0.432301998138
0.359103918076
0.418888807297
0.266194820404
0.279579162598
0.42102098465
0.473246097565
0.557239055634
0.497698068619
0.39731502533
0.401576042175
0.283987045288
0.304574012756
0.541162967682
0.433813095093
0.241891145706
0.52311706543
0.315164089203
0.2726790905
0.491604089737
0.251563072205
0.341584920883
0.583223819733
0.33290886879
0.386204957962
0.480588912964
0.485579967499
0.492694854736
0.455644130707
0.581640958786
0.266407966614
0.462599039078
0.32030582428
0.339530944824
0.308247089386
0.519689083099
0.340358972549
0.526506185532
0.377238988876
0.561254024506
0.455895900726
0.481393814087
0.426192045212
0.396204948425
0.475990056992
0.342928886414
0.49821805954
0.744934082031
0.423628807068
0.285934925079
0.210946083069
0.446759223938
0.289499044418
0.402934074402
0.275451183319
0.380038976669
0.360748052597
0.593994855881
0.45371389389
0.467890977859
0.378758907318
0.546096086502
0.508785009384
0.413501977921
0.396580934525
0.294173955917
0.328819990158
0.322376012802
0.593641996384
0.392691135406
