0.360382795334
0.440571784973
0.35639500618
0.367150068283
0.229426860809
0.331545114517
0.179481983185
0.55743598938
0.490183115005
0.455361843109
0.722547054291
0.39285993576
0.334772825241
0.333566904068
0.520965099335
0.348705053329
0.36354804039
0.305356025696
0.375653982162
0.460005998611
0.31617307663
0.264058113098
0.275141000748
0.407962083817
0.538909912109
0.260310173035
0.30514383316
0.29275894165
0.374315977097
0.316802978516
0.37371301651
0.305984973907
0.252760887146
0.447340965271
0.374891042709
0.301336050034
0.437351942062
0.253173112869
0.256352901459
0.290282964706
0.257828950882
0.284856081009
0.291327953339
0.25178694725
0.435978889465
0.485635995865
0.369899988174
0.510937929153
0.31258392334
0.348289966583
0.42800617218
0.524672031403
0.425765037537
0.35077381134
0.619045972824
0.498875141144
0.254930973053
0.356878042221
0.29264998436
0.513553142548
0.382206916809
0.243123054504
0.270212888718
0.374666213989
0.246872186661
0.539144992828
0.325440883636
0.38752412796
0.43269610405
0.31441617012
0.221451997757
0.316017150879
0.479020118713
0.239945888519
0.510311126709
0.391016960144
0.3321788311
0.450916051865
0.357288837433
0.47559595108
0.550028085709
0.432729959488
0.609940052032
0.321543931961
0.416583061218
0.390647888184
0.334269046783
0.448137044907
0.373605012894
0.539176940918
0.460185050964
0.408635139465
0.339352846146
0.514704942703
0.706722021103
0.346180915833
0.381670951843
0.414224147797
0.294553041458
0.324317932129
0.482423067093
0.391067028046
0.336465835571
0.559980869293
0.343686103821
0.511818885803
0.245647907257
0.297242879868
0.513766050339
0.345873832703
0.493494033813
0.320894956589
0.348184108734
0.384436845779
0.281733036041
0.335587978363
0.282750844955
0.295317173004
0.261559009552
0.386940956116
0.315935850143
0.35736989975
0.25913310051
0.479487895966
0.408446073532
0.261677026749
0.329379081726
0.347967863083
0.395774126053
0.609091043472
0.644263982773
0.490037918091
0.363631010056
0.664988994598
0.362184047699
0.365895032883
0.404669046402
0.498028039932
0.425271987915
0.333099126816
0.389172077179
0.252536058426
0.349776983261
0.626858949661
0.678607940674
0.467186927795
0.428091049194
0.471629858017
0.47634100914
0.432834863663
0.341656923294
0.218876123428
0.25139093399
0.375242948532
0.458739995956
0.431240081787
0.460478067398
0.410545825958
0.261992931366
0.506311893463
0.563456058502
0.505141019821
0.528727054596
0.333617210388
0.341758966446
0.23771905899
0.40473818779
0.348770856857
0.283734083176
0.34277510643
0.608361959457
0.375018835068
0.221873998642
0.468378067017
0.436110019684
0.520936012268
0.291728973389
0.392931938171
0.345872879028
0.254788160324
0.373198986053
0.513607978821
0.502013921738
0.452993154526
0.23988699913
0.489137172699
0.503165006638
0.29395699501
0.389559984207
0.544975042343
0.341897010803
0.345126867294
0.454653978348
0.447750091553
0.274639844894
0.31490111351
0.402194023132
0.526099920273
0.329133033752
0.318623065948
0.286373138428
0.509151935577
0.346455097198
0.454196929932
0.273616075516
0.407728910446
0.447736024857
0.342301845551
0.425507068634
0.491630077362
0.423871994019
0.221479177475
0.380204916
0.363414049149
0.406907081604
0.318598985672
0.472370147705
0.482256889343
0.383912801743
0.445777893066
0.371717214584
0.490213871002
0.441056966782
0.454478025436
0.456437110901
0.464287996292
0.436182975769
0.224654912949
0.70699596405
0.542428970337
0.338739871979
0.349456071854
0.521337985992
0.329916954041
0.574553012848
0.291400909424
0.356922149658
0.412986040115
0.261041164398
0.380813837051
0.288017034531
0.428156137466
0.436879873276
0.371460914612
0.379851102829
0.302942037582
0.332247018814
0.316680908203
0.221938848495
0.493963956833
0.306214809418
