0.31486082077
0.326829910278
0.290634155273
0.416467905045
0.405798912048
0.458329916
0.479884147644
0.44625711441
0.459483146667
0.344867944717
0.394170045853
0.419732093811
0.309137105942
0.448782920837
0.267330884933
0.481008052826
0.321988105774
0.328433990479
0.383903980255
0.340046167374
0.29169011116
0.292239904404
0.387777805328
0.306717157364
0.40714097023
0.299829006195
0.469815969467
0.248470067978
0.799225091934
0.336341142654
0.260187149048
0.41073679924
0.360749006271
0.324465036392
0.325491905212
0.393545150757
0.665133953094
0.273466110229
0.395308017731
0.213063955307
0.301388978958
0.360924005508
0.502511978149
0.306215047836
0.285067796707
0.423983097076
0.473210811615
0.430107116699
0.339718103409
0.411939144135
0.30739402771
0.281450986862
0.354176044464
0.315228939056
0.327082157135
0.439907073975
0.453351020813
0.411628961563
0.644596099854
0.452329874039
0.350933074951
0.353485107422
0.30318903923
0.547090768814
0.279376983643
0.313858985901
0.373055934906
0.487134933472
0.367166996002
0.452297925949
0.408820152283
0.433490991592
0.438360929489
0.24076795578
0.264974117279
0.487093925476
0.395411014557
0.466142892838
0.510172843933
0.465010166168
0.27622795105
0.500276088715
0.580384016037
0.270736932755
0.414947032928
0.27071595192
0.61795091629
0.489879846573
0.49323797226
0.375497102737
0.332775831223
0.475487947464
0.29771399498
0.497091054916
0.415718078613
0.390192985535
0.490877866745
0.622428894043
0.380542039871
0.455032110214
0.355609893799
0.446771144867
0.285202980042
0.537850141525
0.361202955246
0.434459209442
0.545837163925
0.388074874878
0.446360111237
0.420267105103
0.521938085556
0.441684007645
0.413400888443
0.453150987625
0.308681964874
0.250647068024
0.343477010727
0.397336959839
0.411605119705
0.594855070114
0.447080135345
0.363081932068
0.626489162445
0.379086971283
0.414134979248
0.545858860016
0.380752801895
0.396920919418
0.343982934952
0.269064903259
0.341145992279
0.378813028336
0.488351106644
0.480898857117
0.503705978394
0.264078140259
0.235258102417
0.260702133179
0.200834989548
0.389111042023
0.273499965668
0.410357952118
0.331924915314
0.456286907196
0.440562963486
0.388573884964
0.39007806778
0.687808036804
0.216657161713
0.281785011292
0.371719121933
0.201242923737
0.619787931442
0.520186901093
0.34249997139
0.435652017593
0.502366065979
0.368741989136
0.424252033234
0.388015031815
0.485651016235
0.297777891159
0.243391990662
0.345038890839
0.629463195801
0.379732847214
0.517042160034
0.276283025742
0.481248855591
0.336642980576
0.525886058807
0.512292861938
0.355685949326
0.291707038879
0.563991069794
0.277476072311
0.413086175919
0.308997154236
0.44301700592
0.463839054108
0.287319898605
0.613086938858
0.39861702919
0.459101915359
0.288654088974
0.499661922455
0.347043991089
0.404712915421
0.366420984268
0.347701072693
0.469196081161
0.58958697319
0.291646003723
0.45950293541
0.547237157822
0.402800798416
0.325674057007
0.409157037735
0.426513195038
0.367865085602
0.526777029037
0.281046867371
0.627609968185
0.453173875809
0.483783006668
0.490481853485
0.336000919342
0.502591133118
0.255057811737
0.576416015625
0.438609838486
0.394526958466
0.487742185593
0.355731964111
0.233704090118
0.454689025879
0.52912902832
0.221939086914
0.380089998245
0.449285030365
0.222347974777
0.242062807083
0.258287906647
0.497852087021
0.427398920059
0.360428094864
0.34831404686
0.695900917053
0.381174087524
0.337980985641
0.393409967422
0.439666032791
0.434541940689
0.36482000351
0.461828947067
0.367146968842
0.442599058151
0.420394897461
0.353560209274
0.403118133545
0.665375947952
0.553483009338
0.439347028732
0.385704994202
0.206112146378
