0.329146146774
0.436429977417
0.284703969955
0.288404941559
0.413427829742
0.579325914383
0.357657194138
0.413239002228
0.427605867386
0.242368936539
0.247615098953
0.26535487175
0.380821943283
0.442578792572
0.353129148483
0.447672843933
0.293265104294
0.423465013504
0.610892057419
0.329870939255
0.348957061768
0.474842071533
0.233476877213
0.339493989944
0.371414899826
0.338670015335
0.425800800323
0.359546899796
0.406601905823
0.321527957916
0.319514036179
0.474730968475
0.488650083542
0.322041988373
0.311178922653
0.513861894608
0.329651117325
0.256203889847
0.379814863205
0.579300165176
0.351826906204
0.605643033981
0.433139801025
0.412127971649
0.558763027191
0.428861141205
0.366061925888
0.793420791626
0.318907976151
0.253119945526
0.398406028748
0.459354877472
0.585075855255
0.435508966446
0.225436210632
0.429744005203
0.29608297348
0.55748796463
0.502462863922
0.322061061859
0.248683929443
0.641305923462
0.273149013519
0.389455795288
0.219171047211
0.318111896515
0.28968501091
0.359893083572
0.387946844101
0.487018108368
0.562440872192
0.375389814377
0.378446102142
0.417836904526
0.430520057678
0.446408987045
0.299474954605
0.472247838974
0.468214988708
0.4621489048
0.358731031418
0.449794054031
0.436683893204
0.317025184631
0.574120998383
0.406160831451
0.279806852341
0.288936853409
0.475503921509
0.513314008713
0.369188070297
0.396328210831
0.423521995544
0.477808952332
0.288832187653
0.382000923157
0.540277004242
0.35126209259
0.209344148636
0.381632089615
0.444259881973
0.300355195999
0.60129904747
0.517747163773
0.396629095078
0.530325174332
0.602144956589
0.35138297081
0.37194609642
0.453458070755
0.306459903717
0.60760307312
0.176620960236
0.262616872787
0.333384990692
0.486044168472
0.450839042664
0.46198797226
0.62100815773
0.388612031937
0.766037940979
0.570749044418
0.611835956573
0.371529102325
0.437816143036
0.503395080566
0.489819049835
0.314092159271
0.71938085556
0.434816122055
0.255149126053
0.358785152435
0.22650384903
0.585422992706
0.473171234131
0.547516822815
0.398786067963
0.456837892532
0.277092933655
0.524768829346
0.448323011398
0.636409044266
0.387367010117
0.334021806717
0.582523822784
0.296870946884
0.479460954666
0.478186845779
0.522869110107
0.218200922012
0.45355796814
0.551703929901
0.436172962189
0.803972959518
0.400478124619
0.397341012955
0.30943608284
0.59867310524
0.473884105682
0.427533149719
0.368402004242
0.304738998413
0.441032886505
0.589730978012
0.521251916885
0.502527952194
0.323601007462
0.281987905502
0.468087911606
0.409284114838
0.412126064301
0.33281493187
0.319535970688
0.579327106476
0.357716083527
0.281535148621
0.415230989456
0.707312107086
0.366982936859
0.270978927612
0.334450006485
0.376069068909
0.372622966766
0.31609082222
0.342567920685
0.384231090546
0.299320936203
0.304729938507
0.324635982513
0.333921909332
0.480535030365
0.339726924896
0.506253004074
0.463635921478
0.274094820023
0.574474811554
0.421638965607
0.487251996994
0.48735499382
0.531617164612
0.37552189827
0.364952802658
0.819415092468
0.456696033478
0.470309019089
0.529983997345
0.357517957687
0.371734857559
0.322391986847
0.363503932953
0.471817016602
0.330141782761
0.313916921616
0.335773944855
0.518711090088
0.408597946167
0.328371047974
0.362857103348
0.402017116547
0.400941133499
0.523797988892
0.467669010162
0.408788919449
0.627704143524
0.373456001282
0.377473831177
0.438997983932
0.38087105751
0.59658408165
0.648438930511
0.410787820816
0.320766925812
0.24739408493
0.30278301239
0.481735944748
0.543823957443
