0.500514030457
0.345054149628
0.366148948669
0.314373970032
0.412878036499
0.485841989517
0.448832035065
0.442949056625
0.429188966751
0.430690050125
0.649883031845
0.367835044861
0.41236782074
0.527760982513
0.41871213913
0.50737285614
0.290297985077
0.719451904297
0.634246826172
0.386375904083
0.578294992447
0.465432167053
0.501697778702
0.285014152527
0.57908987999
0.428405046463
0.419418096542
0.344831943512
0.372579097748
0.445914983749
0.464076042175
0.430665016174
0.459192037582
0.452893018723
0.638962984085
0.525926828384
0.51152586937
0.504661083221
0.440353870392
0.375037908554
0.532719135284
0.558833122253
0.331653833389
0.247021913528
0.42617893219
0.414090871811
0.364901065826
0.355343103409
0.49125790596
0.785333871841
0.509979963303
0.172251939774
0.330790042877
0.336452960968
0.28084397316
0.559011936188
0.444463968277
0.455231904984
0.378857851028
0.261153936386
0.270494937897
0.322737932205
0.246171951294
0.504554986954
0.393682956696
0.372117996216
0.30784201622
0.334146022797
0.361962080002
0.411336183548
0.433669805527
0.485564947128
0.56284403801
0.440650939941
0.495708942413
0.394739866257
0.360203027725
0.359117031097
0.35818696022
0.473455905914
0.551483869553
0.514250040054
0.366238117218
0.634874105453
0.294440984726
0.619856119156
0.335688114166
0.396061897278
0.359510183334
0.370057106018
0.521610021591
0.293414115906
0.31255698204
0.293534994125
0.402478933334
0.588437080383
0.43164396286
0.425822019577
0.573281049728
0.463212966919
0.350986003876
0.368788003922
0.432181835175
0.560611009598
0.340579986572
0.441725969315
0.308623790741
0.174896001816
0.354627847672
0.328032016754
0.517687797546
0.40677189827
0.367345094681
0.515810012817
0.431875228882
0.517872095108
0.323734998703
0.470345020294
0.578326940536
0.494642972946
0.460709095001
0.500424861908
0.431976079941
0.322404146194
0.387742042542
0.388177156448
0.417420864105
0.344923973083
0.197060823441
0.485338926315
0.290749073029
0.329284191132
0.258327007294
0.481886148453
0.347424030304
0.422961950302
0.326784133911
0.400303125381
0.256518125534
0.448617935181
0.620362997055
0.328278064728
0.244930028915
0.436590909958
0.476727962494
0.458639144897
0.522521972656
0.458528995514
0.432374000549
0.465200901031
0.316687822342
0.42541885376
0.493405818939
0.313648939133
0.35162115097
0.348623991013
0.264520168304
0.306324005127
0.473562955856
0.624293088913
0.408401012421
0.61502289772
0.358545064926
0.670079946518
0.336797952652
0.367058038712
0.36937713623
0.323583126068
0.533837795258
0.33573102951
0.350564956665
0.497252941132
0.260843992233
0.300542831421
0.557407140732
0.538727998734
0.438631057739
0.275231838226
0.461978912354
0.560821056366
0.203751087189
0.450445890427
0.505894184113
0.377362966537
0.335502147675
0.573716163635
0.241786956787
0.253709077835
0.468678951263
0.471088171005
0.362737894058
0.34496307373
0.412346124649
0.757630825043
0.357415914536
0.435314893723
0.506921052933
0.547834873199
0.47242808342
0.320988178253
0.417300224304
0.319356918335
0.850091934204
0.435371875763
0.507870912552
0.571918964386
0.476866960526
0.349011898041
0.204509019852
0.435687065125
0.34032201767
0.441568136215
0.503404140472
0.388860940933
0.494421958923
0.354363918304
0.46238899231
0.478408813477
0.459483146667
0.325466156006
0.436394929886
0.428051948547
0.307528018951
0.696888923645
0.281972169876
0.255719184875
0.457819223404
0.322776079178
0.427338838577
0.273368835449
0.276119947433
0.354092121124
0.375590085983
0.361829042435
0.349723815918
