15.8800258908 15.2400212768 0.043218248381 
15.8800038613 15.2399952957 0.0432317204151 
15.8800195159 15.2400084533 0.0431400114597 
15.8799929247 15.2399811654 0.0431696680713 
15.8802459027 15.2401016218 0.0420509611263 
15.8799991907 15.2400374182 0.0429838692628 
15.8800491478 15.2400488746 0.0430179497783 
15.8799850234 15.2400151714 0.0431274282068 
15.8799899883 15.2400229036 0.0430176031519 
15.879986886 15.240022641 0.0430243720397 
15.8800916226 15.2400587545 0.0432217506406 
15.8799821316 15.2400138312 0.0432339633763 
15.8799853792 15.2400264157 0.0431178586158 
15.8799712044 15.2400137936 0.0431166368571 
15.8800450574 15.2400738874 0.0434322072953 
15.879939152 15.2400091136 0.0430484587584 
15.8803836853 15.2403598074 0.0451949606368 
15.8800282656 15.2400836826 0.0435232321821 
15.8803743572 15.2403795896 0.0450471046299 
15.8803902921 15.240397726 0.0451397663315 
15.880402214 15.240376018 0.0448390639192 
15.8803806241 15.2403994505 0.0450627486393 
15.8803726985 15.2403812837 0.0449054947115 
15.8803250884 15.2403511095 0.0447326366319 
15.8803735013 15.2403980929 0.0451476616737 
15.880371241 15.2403828874 0.0449695327068 
15.8803640763 15.2403807831 0.0450245487836 
15.8803928309 15.2404100536 0.0452066468847 
15.8803730254 15.2404037907 0.0449230903841 
15.8803707334 15.2403917916 0.0450190162013 
15.879927084 15.2400150562 0.0430620187013 
15.8802986528 15.2404948962 0.0454221563498 
15.8803791675 15.240555974 0.0456839486342 
15.8801017619 15.2402185828 0.0429867975234 
15.8800629313 15.24004746 0.0425972816281 
15.8800775801 15.2400627814 0.0424814989875 
15.8799499219 15.2400216517 0.0429325099247 
15.8800904156 15.2400744879 0.0425210829274 
15.8799071294 15.240005104 0.04317370383 
15.8800941474 15.2400614465 0.0424873280419 
15.8800601187 15.2400591823 0.0427788303682 
15.8800967225 15.2400680175 0.0424534751274 
15.8800815531 15.2400596659 0.042560609557 
15.8800780625 15.2400547119 0.0425207107407 
15.8800829678 15.2400680508 0.0425155786505 
15.8800794251 15.2400552071 0.0425228616866 
15.8800940459 15.2400728639 0.0425277685414 
15.8800913143 15.2400701953 0.0424722608726 
15.8800659116 15.2400582673 0.0424277368827 
15.8800918563 15.2400832146 0.0424834361087 
15.8800772122 15.2400562317 0.0424979916827 
15.8803057234 15.2403021155 0.0443931781457 
15.8800886042 15.2400626713 0.0425082397427 
15.8803806753 15.24040459 0.0450962325663 
15.8801020124 15.2400581841 0.0425767197133 
15.8799670265 15.2400302369 0.043015745376 
15.8800963835 15.2400574671 0.042389115964 
15.8803643688 15.2403755856 0.044953293851 
15.8800839476 15.2400538712 0.0423578167355 
15.880089746 15.2400497228 0.0425684006049 
15.8803141938 15.2403152906 0.0446189596796 
15.8800801478 15.2400539409 0.042527694306 
15.88036221 15.2403736692 0.0450154825124 
15.8803651027 15.2403701183 0.0450969081016 
15.8803882963 15.2404071712 0.0449019664789 
15.8803633946 15.2403938898 0.0450243805095 
15.8801058234 15.240059336 0.0425325612933 
15.8801147427 15.2400642185 0.042575380915 
15.880093732 15.24005772 0.0425966746831 
15.8800949996 15.2400742051 0.0427561539467 
15.8801260489 15.2400515922 0.0426373278907 
15.8800945227 15.2400453689 0.0425020171128 
15.8800687866 15.2400662372 0.0424644950118 
15.8800282526 15.2400648831 0.0421219460271 
15.8800560051 15.24006734 0.0423611880739 
15.8800577196 15.2400836325 0.0423299124299 
15.8800703391 15.2400746781 0.0422870698959 
15.8800365367 15.2400587095 0.042401197893 
15.8800459682 15.2400639057 0.0424802137229 
15.9071861861 15.2385867827 0.047910878229 
15.9761991837 15.2366167094 0.0335593326039 
16.0007632637 15.2359864644 0.0355776743323 
16.0882912093 15.2318002123 0.0374431990794 
16.1818006003 15.2288758208 0.0225585897417 
16.3198268079 15.2256350063 0.0376750701103 
16.4559780323 15.2216088271 0.0370225475333 
16.6053004825 15.215713274 0.0369161145808 
16.7261579597 15.2113875619 0.0482102104311 
16.858969506 15.2069067659 0.0483977660287 
17.0293785297 15.1991660486 0.0369380160841 
17.1773625576 15.1932958777 0.0521363112995 
17.3588353359 15.1853944252 0.0428986438014 
17.5438710415 15.1771941485 0.0420996783643 
17.7326658928 15.1699519495 0.0499345909919 
17.9487793409 15.1611874963 0.045664399634 
18.0785047972 15.1571811775 0.0434682382225 
18.1868567431 15.1526307578 0.0535441586968 
18.3137252295 15.147623081 0.0386679032121 
18.455471512 15.141743284 0.041899915004 
18.6346981489 15.1378058905 -0.0409004636457 
18.7514877283 15.129354913 -0.347919269556 
18.8202159369 15.1092900897 -0.651065602096 
18.8618028128 15.0901203121 -0.969642796046 
18.8856754267 15.0880306179 -1.2882783936 
18.903406378 15.085666802 -1.56008978292 
18.9046072924 15.0503027255 4.63173771728 
18.8934285605 14.9982404078 4.66101325599 
18.8775522673 14.8981628681 4.62530894713 
18.8533194029 14.7773979569 4.60583244836 
18.8280785048 14.6363045538 4.63799567916 
18.800196644 14.4866053427 4.61145175506 
18.7797059977 14.3670228685 4.60382287335 
18.7508327925 14.2144485677 -1.52506983475 
18.7439238989 14.0961163009 -1.1970189203 
18.7619123423 14.025022384 -1.09355413065 
18.7895252668 13.9633336032 -1.08870104937 
18.8183178866 13.9326579536 -1.35742406377 
18.8371238672 13.9310797418 4.61406803051 
18.8457019293 13.9162712062 4.47167729097 
18.8457019293 13.9162712062 4.47167729097 
18.8457019293 13.9162712062 4.47167729097 
18.8457019293 13.9162712062 4.47167729097 
18.8457019293 13.9162712062 4.47167729097 
18.8457019293 13.9162712062 4.47167729097 
18.8457019293 13.9162712062 4.47167729097 
18.5612695181 13.2653492654 3.94575735543 
18.5612695181 13.2653492654 3.94575735543 
18.5612695181 13.2653492654 3.94575735543 
18.5612695181 13.2653492654 3.94575735543 
18.1692964995 13.1256343091 3.36197140959 
18.0293414557 13.1060458387 3.3726394537 
17.8626048529 13.082021829 3.35774287388 
17.6977851355 13.0599204267 3.36937583418 
17.5829868281 13.0416818822 3.32212057379 
17.4567731583 13.0366498197 3.25447696625 
17.2915229761 13.0395170415 3.24331343773 
17.1689699852 13.0394645895 3.21137898451 
17.1689699852 13.0394645895 3.21137898451 
16.8400489056 13.0458909238 3.20216742529 
16.6756306851 13.0503467287 3.2007112261 
16.5223247969 13.0531147684 3.19505104205 
16.3707344496 13.0558353628 3.19521198552 
16.2200566494 13.0585352148 3.20378387352 
16.0914808476 13.0574058259 3.20352457603 
15.9187347816 13.06026518 3.20180862776 
15.7698372641 13.063291427 3.20775315046 
15.6176800394 13.0660463537 3.20774723648 
15.4897833728 13.0688680376 3.17513979024 
15.3927189076 13.0703664983 3.17961489628 
15.2843716704 13.0743945802 3.19840671391 
15.1506354773 13.0784195627 3.20778750363 
15.0292264783 13.0796481336 3.17136199408 
14.9301950895 13.0806983675 3.17826588639 
14.8793482744 13.0804878438 3.17360402691 
14.8793482744 13.0804878438 3.17360402691 
14.8027434313 13.0579813684 2.56190223054 
14.7887309754 13.044517156 2.25245204478 
14.7683831417 13.0613402093 2.10382088557 
14.7555403673 13.0860546792 2.08609429879 
14.7555403673 13.0860546792 2.08609429879 
14.7555403673 13.0860546792 2.08609429879 
14.6078196728 13.4096047843 2.08891236425 
14.5502514803 13.5323379005 2.07085159066 
14.477111932 13.6897029842 2.09798125469 
14.4259834253 13.7981079782 2.1110529948 
14.3876352274 13.8925046886 2.26849255402 
14.3546488249 13.9566436971 2.54405161886 
14.3228061163 14.001549002 2.94473736645 
14.3169319594 14.0253238643 3.27385332417 
14.2824084723 14.0273573364 3.41985388531 
14.186060425 14.0123531784 3.41889180717 
14.0833822453 13.9927823509 3.44067625471 
13.9530619347 13.9720290864 3.43424016116 
13.7831175291 13.9421241249 3.40960885541 
13.6422142946 13.9170187677 3.37145789434 
13.4804210627 13.8890140022 3.38623568333 
13.4730503523 13.9104440177 -0.641157717003 
13.2603535616 13.8429673875 3.74031599081 
13.2603535616 13.8429673875 3.74031599081 
13.1481139624 13.8370482887 3.9434465349 
13.1203763449 13.8401516641 4.28709694226 
13.1142759287 13.8440014089 4.38409411478 
13.1142759287 13.8440014089 4.38409411478 
13.1041424238 13.834721681 4.50217319687 
13.0863864386 13.7764943803 4.48350641604 
13.0698442423 13.7238818372 4.51294550232 
13.0367665255 13.6114881004 4.50195123722 
13.0072121584 13.527349707 4.62341603406 
12.981868025 13.4571936096 -1.30623432141 
12.969963547 13.4247992004 -1.00893975574 
12.9605390989 13.4173394407 -0.821704286069 
12.9429104292 13.3977938856 -0.408878463634 
12.9369552099 13.3784176076 -0.0926593621187 
12.9365513289 13.361527201 0.157730342448 
12.9652874434 13.3575916255 0.31304113726 
12.9652874434 13.3575916255 0.31304113726 
13.1036093199 13.3879860605 0.380680501861 
13.1036093199 13.3879860605 0.380680501861 
13.1036093199 13.3879860605 0.380680501861 
13.1760466063 13.3919261659 0.853794991924 
13.1760466063 13.3919261659 0.853794991924 
13.1760466063 13.3919261659 0.853794991924 
13.3689465487 13.6294800008 0.896823874553 
13.3773577177 13.6421622003 0.868923983154 
13.5087797606 13.7649759019 0.764285748073 
13.6154777968 13.8484469617 0.740902573645 
13.7341408693 13.9408558572 0.742945838298 
13.8624191248 14.0405803884 0.737681915698 
13.999987241 14.1470336879 0.737397124028 
14.1573247873 14.267643925 0.758356959382 
14.3288527691 14.3980827297 0.731864346584 
14.4563932383 14.4938360418 0.737023948422 
14.6172007286 14.6180445517 0.725424468277 
14.8020157778 14.7604010666 0.740392315935 
14.9112733566 14.8441734577 0.707438528606 
15.0595567786 14.9583170975 0.73810356057 
15.1740029418 15.0469028766 0.726373000689 
15.2479702198 15.1027344877 0.740468046245 
15.286136862 15.1214841271 0.885827428242 
15.300647434 15.1247101391 1.0365034274 
15.3324061 15.1124778355 1.56513683195 
15.3406119907 15.1666179116 1.72690356457 
15.3365331256 15.2532175866 1.72289179898 
15.3249565923 15.3837777341 1.72040227823 
15.3152449095 15.5096829797 1.73578718908 
15.3098189199 15.5760985876 1.73747742373 
15.3069521153 15.6085998083 1.73956344982 
15.3141905033 15.6198931898 1.83045514995 
15.3317921722 15.6242208744 2.12230743925 
15.34208655 15.6291591192 2.32358283255 
15.3418487274 15.6314816142 2.3361025893 
15.3402680719 15.6293215121 2.30429522362 
15.3305072748 15.6231054331 2.10112752103 
15.301291641 15.6185658241 1.66545139943 
15.2992164456 15.6177652443 1.62579599059 
15.2990370357 15.6179684962 1.62677932916 
15.3032436335 15.6334360505 1.70465592589 
15.3001141512 15.691992786 1.70167020972 
15.3004023397 15.7357479597 1.75427288288 
15.3166974151 15.7706637944 2.10953611744 
15.3289172613 15.7755765284 2.29255291653 
15.3289205396 15.7766822542 2.29727146408 
15.3320062124 15.7790533269 2.35354631912 
15.3410258853 15.7906683649 2.59042208926 
15.3507189118 15.8102647627 2.92898571825 
15.3391020858 15.8259139622 3.15246465785 
15.2918121183 15.8303482498 3.20491947374 
15.2468339169 15.8336117829 3.22536216684 
15.2067333424 15.8480958904 3.47201371126 
15.2009528243 15.8656703795 3.78037612413 
15.1869518125 15.857843932 3.79761606779 
15.1425912344 15.8300222124 3.80476285611 
15.0827828014 15.7894082035 3.81391368454 
14.950017389 15.7000232602 3.8017475539 
14.8406361305 15.6266399289 3.81729523668 
14.7265967095 15.5518972839 3.79359835645 
14.6379702055 15.4920165206 3.79437183253 
14.4657496178 15.377566051 3.82282536522 
14.2834922039 15.2570675167 3.79940361639 
14.1586059296 15.1731578971 3.76803860972 
14.0537697041 15.1057108308 3.55676749277 
13.9657362663 15.0706878717 3.29154080607 
13.8915238344 15.0641605968 3.19334015221 
13.8653941118 15.065194499 3.20284513412 
13.8652310335 15.0652635063 3.20704561835 
13.8433585131 15.0656008686 3.20621587774 
13.8222162687 15.0655794109 3.21543638485 
13.8033714258 15.0662530179 3.21135512574 
13.7487843001 15.0696565027 3.20825565175 
13.7487843001 15.0696565027 3.20825565175 
13.7487843001 15.0696565027 3.20825565175 
13.7185842955 15.0906541909 3.5522674021 
13.7183814013 15.0991936589 3.67965530441 
13.7183814013 15.0991936589 3.67965530441 
13.6727874243 15.1338413397 4.57465075271 
13.6515662634 15.1347389857 -1.37457736969 
13.6386563742 15.1222905705 -1.1576714424 
13.6386563742 15.1222905705 -1.1576714424 
13.637589451 15.0513388331 -0.909163109279 
13.6081099474 15.0399244393 1.71784651072 
13.6635861361 14.998623621 -0.613935263761 
13.6889040434 14.969456997 -0.449664411493 
13.708216902 14.9582272733 -0.458539462454 
13.708216902 14.9582272733 -0.458539462454 
13.9484150374 14.8248968388 -0.349919102413 
14.111907717 14.7290734018 -0.462260399705 
14.2476178372 14.6509258712 -0.612339493935 
14.3465132677 14.5771201814 -0.869684863967 
14.4379205668 14.455281433 -0.899159338508 
14.5096342527 14.3482418622 -0.912232201903 
14.5982398951 14.2214970554 -1.05541968706 
14.6721516811 14.0542693103 -1.20805163132 
14.7167673075 13.9159884418 -1.1590986037 
14.7971900665 13.6668680871 -1.19663240846 
14.8561197483 13.4783785308 -0.946726610627 
14.9145885074 13.3831496204 -0.671341825792 
15.0396557414 13.2687306369 -0.458580685329 
15.1367380583 13.2051132883 -0.0908919975459 
15.1905841195 13.1865054334 0.149361125929 
15.3006066048 13.1972678865 0.237502542635 
15.3666977846 13.213579532 0.122469513346 
15.4173771405 13.2306469644 -0.199908258511 
15.4971776569 13.2096101011 -0.369633514247 
15.5548621678 13.1784530843 -0.319950631082 
15.5908410215 13.149062034 -0.0476181309377 
15.6147020125 13.1385430063 0.101901017944 
15.6680908465 13.1396676267 0.116939852019 
15.7715257966 13.1441663469 0.116685289936 
15.8622681723 13.1476670469 0.116773961915 
16.0371425712 13.1541925634 0.118068876527 
16.1980164015 13.1612664426 0.115935906904 
16.3377829754 13.1665176118 0.116210995348 
16.4995918238 13.1725379194 0.118037057387 
16.6594952905 13.1777774061 0.130174909241 
16.8217110598 13.182439443 0.11609319269 
16.975481745 13.1873227323 0.108527773509 
17.1013314688 13.1918057168 0.11303578239 
17.2907565796 13.1979159082 0.111276235305 
17.375911113 13.2014778818 0.108821556784 
17.494636532 13.2062343324 0.108207288909 
17.6714451277 13.2112523283 0.109998197999 
17.9117696249 13.2198160852 0.0982112181706 
18.1545731985 13.2272509302 0.102419835353 
18.2718594038 13.2306016649 0.115662844414 
18.4454362356 13.2340165342 0.213913566292 
18.5306184256 13.2399533952 0.37159217862 
18.6477143728 13.2693457569 0.835580236021 
18.6837420427 13.2876864637 1.13304040174 
18.712688204 13.3295901979 1.26480684572 
18.7668352091 13.4422752822 1.35997108145 
18.7867038214 13.4913120235 1.73105912582 
18.7930066549 13.5345901216 1.99850734646 
18.7635424101 13.6045831407 2.03405812581 
18.7393910849 13.6265406574 1.76416110796 
18.7296464407 13.7066193784 1.75560855091 
18.7193326914 13.7941071952 1.75630467822 
18.7077414953 13.906184193 1.76209012987 
18.6826164686 14.1342109407 1.75614759966 
18.6622941458 14.3084246481 1.75525299782 
18.6429631674 14.4794689978 1.75560723641 
18.6235613787 14.6654556955 1.76658513017 
18.6091263258 14.8097817565 1.75577307868 
18.5892896616 14.994483527 1.74905007369 
18.5646398031 15.2345993512 1.76803655719 
18.5477511847 15.373782363 1.7561290815 
18.5274636709 15.5365062619 1.59050709652 
18.5316073858 15.6525243486 1.2410428204 
18.5795471632 15.7613762582 0.89649692802 
18.6816949808 15.8663735951 0.857104035971 
18.8090465033 15.990800556 0.852002990462 
18.9299540484 16.1080333556 0.832708083791 
19.054448601 16.2274297441 0.864380917701 
19.1495730841 16.3178175653 0.847322826958 
19.1495730841 16.3178175653 0.847322826958 
19.1495730841 16.3178175653 0.847322826958 
19.1495730841 16.3178175653 0.847322826958 
19.1495730841 16.3178175653 0.847322826958 
19.1495730841 16.3178175653 0.847322826958 
19.1495730841 16.3178175653 0.847322826958 
19.1495730841 16.3178175653 0.847322826958 
19.1495730841 16.3178175653 0.847322826958 
19.1495730841 16.3178175653 0.847322826958 
19.1495730841 16.3178175653 0.847322826958 
19.1495730841 16.3178175653 0.847322826958 
19.1495730841 16.3178175653 0.847322826958 
19.1495730841 16.3178175653 0.847322826958 
19.1495730841 16.3178175653 0.847322826958 
19.1495730841 16.3178175653 0.847322826958 
19.1495730841 16.3178175653 0.847322826958 
19.1495730841 16.3178175653 0.847322826958 
19.1495730841 16.3178175653 0.847322826958 
19.1495730841 16.3178175653 0.847322826958 
19.1495730841 16.3178175653 0.847322826958 
19.1495730841 16.3178175653 0.847322826958 
19.1495730841 16.3178175653 0.847322826958 
19.1495730841 16.3178175653 0.847322826958 
19.1495730841 16.3178175653 0.847322826958 
19.1495730841 16.3178175653 0.847322826958 
19.2287676298 15.7410069669 4.01068499481 
19.1758177244 15.6871722008 4.01198290309 
19.1758177244 15.6871722008 4.01198290309 
19.12779307 15.6181973482 3.6748238403 
19.0662701094 15.5857031311 3.56828400567 
18.9546146357 15.544923153 3.57557441085 
18.7084476912 15.4558135981 3.56791534256 
18.5300924742 15.3916805352 3.55039979306 
18.369397875 15.3350270952 3.26653319729 
18.2351043188 15.3313935066 3.12853625457 
17.9542829954 15.3615985776 3.10713080831 
17.7643476688 15.3828541453 3.10015591063 
17.5278087818 15.4104762341 3.11218287436 
17.3569465839 15.4295369352 3.10484497225 
17.1006895268 15.4596207852 3.09012818661 
16.9305802548 15.4807402904 3.10085365804 
16.7497262919 15.5006895627 3.08527999488 
16.5700994098 15.5221322442 3.09382330473 
16.3181787991 15.5547602738 3.09235035923 
16.0757337474 15.5834403897 3.10059033984 
15.9142075704 15.6024982298 3.09487085858 
15.7536802107 15.6238926614 3.14299901883 
15.5290406608 15.6239572133 3.38425336245 
15.3386446201 15.5946314896 3.51556577784 
15.2409790122 15.5725074972 3.78685282459 
15.1600860321 15.5250539149 4.07107937021 
15.0507019126 15.3881365771 4.173685105 
15.0507019126 15.3881365771 4.173685105 
14.8446327412 15.0910500104 4.15875799219 
14.7217867338 14.9159488345 4.19679873705 
14.6068220102 14.7549133564 4.10929889107 
14.4830124342 14.5833490456 4.13955079046 
14.3702278101 14.4273401464 3.71010382622 
14.3589985335 14.4058960641 4.16153070555 
14.2188800537 14.2065125669 3.93372549431 
14.0505750143 14.0476269687 3.90325705563 
14.0505750143 14.0476269687 3.90325705563 
13.7820167505 13.8627217973 3.59375435722 
13.7058362925 13.8270324434 3.41703174747 
13.591576811 13.7977038587 3.17740984548 
13.3877210581 13.8050339187 3.21771727195 
13.2343819105 13.8011138404 3.2290048732 
13.0585167372 13.7977650131 3.19672334345 
12.940539118 13.7980092729 3.02332844543 
12.848269459 13.8089566196 2.65808049757 
12.8215160334 13.8196579183 2.57092785668 
12.7574400866 13.8507987226 2.16289360058 
12.7280509436 13.8550428117 1.8250938943 
12.7262656653 13.8553333248 1.76316825066 
12.7262656653 13.8553333248 1.76316825066 
12.7262656653 13.8553333248 1.76316825066 
12.6661505663 13.8782192434 0.743356308858 
12.6661505663 13.8782192434 0.743356308858 
12.6661505663 13.8782192434 0.743356308858 
12.6661505663 13.8782192434 0.743356308858 
12.6661505663 13.8782192434 0.743356308858 
12.6661505663 13.8782192434 0.743356308858 
12.6661505663 13.8782192434 0.743356308858 
12.6661505663 13.8782192434 0.743356308858 
13.1994192564 13.9193572963 -0.00672631097055 
13.1994192564 13.9193572963 -0.00672631097055 
13.4909291231 13.8816896642 0.166456920033 
13.5849046671 13.8806008066 0.401729247226 
13.7078459227 13.9293556179 0.554393090301 
13.862619158 14.0114126171 0.533782216002 
13.9766465389 14.0725090469 0.555880626556 
14.1391285622 14.1585962738 0.577926531222 
14.2829296553 14.2318499053 0.540796106842 
14.4520610535 14.3215450014 0.758995602587 
14.5476908648 14.4007876481 1.11710373543 
14.5923510754 14.4774137701 1.1946106147 
14.6335997545 14.5600205625 1.19427079148 
14.7280327046 14.7397803033 1.18325787058 
14.8043531143 14.8872470821 1.16665596736 
14.8960972988 15.0636667574 1.16854574892 
14.9459955656 15.1632366146 1.02569324031 
15.0158493483 15.2678502875 0.645674490272 
15.0829214418 15.3208233903 0.249004558156 
15.1143412554 15.3435921262 -0.0736322527134 
15.1260150635 15.3642530853 -0.447768323547 
15.1717069113 15.3420561517 -0.556449099869 
15.2366045081 15.2930458153 -0.545593925054 
15.3274484837 15.2235594338 -0.517131833612 
15.3845713698 15.1735732521 -0.25310201333 
15.4169998431 15.142117318 0.12089418435 
15.4165895843 15.1303605849 0.291180158665 
15.4175678455 15.1294554214 0.327677892355 
15.4168918395 15.1400249491 0.144618771715 
15.4181101286 15.1582902039 -0.128739346795 
15.4209088647 15.1722741465 -0.344068533022 
15.4223141038 15.1730448271 -0.367608075103 
15.4200641775 15.1726329664 -0.348142293375 
15.4232731127 15.1713801513 -0.35749085577 
15.4165078663 15.1546755473 -0.0635163072838 
15.4214535319 15.1357627402 0.22550699085 
15.4749506378 15.1417504738 0.37251254852 
15.5589947962 15.16591559 0.359860639354 
15.6819905007 15.2014157029 0.349859539662 
15.8019418606 15.2356557606 0.347947507183 
15.9234871903 15.2700355316 0.353421040502 
16.0066774377 15.2927777025 0.353654899283 
16.0531667286 15.3061693276 0.349907099918 
16.0729158187 15.3116733993 0.35242490883 
16.072953757 15.311551329 0.35477711114 
16.0729624146 15.3114766667 0.354738590387 
16.072924506 15.3114750723 0.355578542489 
16.0729659611 15.3114912848 0.354891155332 
16.0729710722 15.3114789242 0.354807323869 
16.0729220771 15.3114696781 0.355693993442 
16.0729655587 15.3114907781 0.354867261569 
16.0729099774 15.3114754746 0.355770286381 
16.0729645753 15.3114834691 0.354868036071 
16.0729168319 15.3114921043 0.355665615278 
16.0729658568 15.311485451 0.354575154425 
16.0729091578 15.3115010674 0.355743753142 
16.0729548746 15.311483931 0.354692109941 
16.0729621762 15.3114730383 0.354597350467 
16.0729518944 15.3114916871 0.354783922783 
16.073119443 15.3115642781 0.351962402342 
16.0728938692 15.3115015442 0.355802408261 
16.0731174761 15.3115514706 0.351897691913 
16.0729441309 15.3114946971 0.354693320638 
16.0731590652 15.3115704546 0.35105129661 
16.0731589013 15.311574016 0.350967127756 
16.0731576645 15.3115711848 0.351197435959 
16.0731530451 15.3115666772 0.351105765616 
16.0729552322 15.3115137334 0.354586624749 
16.0731034243 15.3115500251 0.351734106206 
16.0729663932 15.3114906589 0.353885038864 
16.0731592589 15.311573636 0.350960759005 
16.0730896109 15.3115562762 0.351929523741 
