15.8800258908 15.2400212768 0.043218248381 
15.880012164 15.2400087892 0.0432649158357 
15.880012259 15.240003379 0.0431510390082 
15.8804593423 15.2403802595 0.0455418410812 
15.8801347689 15.2400460676 0.0427219782586 
15.8804518172 15.2403833927 0.0455874928865 
15.8803304444 15.2402963771 0.0448974691521 
15.8800978364 15.240062548 0.043266286529 
15.8799911934 15.2399972163 0.0431911620754 
15.879982222 15.2400162412 0.043134539975 
15.8800014743 15.2400275165 0.0431318272215 
15.8799726256 15.2400155978 0.0430499453189 
15.8804219171 15.2403858043 0.0453330975407 
15.8804263576 15.2403955716 0.0450854208976 
15.8804029796 15.2403935425 0.044891581031 
15.8799467516 15.239999367 0.0430763673868 
15.880401888 15.2403736867 0.0448613298296 
15.8804001195 15.2403701751 0.0451509570401 
15.8803843922 15.2403881964 0.0451391545886 
15.880385779 15.2403841151 0.0450840402429 
15.8803881902 15.2403916121 0.045110463817 
15.8803874758 15.240392959 0.0450718810535 
15.8803831983 15.2404005351 0.0449541683426 
15.8803774753 15.2403844397 0.0448948962897 
15.8803731409 15.2403825643 0.0451637967279 
15.8803755437 15.2403763782 0.0449467260154 
15.8800170255 15.2400844514 0.0435183687741 
15.880390633 15.2404038094 0.0451556449546 
15.8803797822 15.2404088886 0.0451502763401 
15.8803840383 15.2403961457 0.0450344225164 
15.8803838614 15.2404022818 0.0450395521474 
15.8803694277 15.2403932177 0.0450686337034 
15.8803694734 15.2403782769 0.045171235452 
15.8803971998 15.2405702127 0.0456330777226 
15.8798951266 15.2399864995 0.0429590283136 
15.8799269685 15.2400181218 0.0431443551123 
15.8799461584 15.2400287305 0.0430179630693 
15.8799139737 15.2400054929 0.0429889301899 
15.8799437351 15.2400247085 0.0430406241845 
15.8800951709 15.2400718236 0.0425243253188 
15.879959426 15.2400248981 0.0430206918061 
15.8799605315 15.2400374644 0.0430670395726 
15.8800991262 15.2400687765 0.0425803370059 
15.8801054481 15.2400816197 0.0425800489735 
15.880106453 15.2400769255 0.042434838519 
15.8800754893 15.2400485167 0.042498897618 
15.8799489896 15.2400115904 0.0430432147143 
15.8800884579 15.2400890261 0.0425774487444 
15.8800794251 15.2400552071 0.0425228616866 
15.8800940459 15.2400728639 0.0425277685414 
15.8800951625 15.2400653953 0.0425923374658 
15.8803674394 15.2403964268 0.0450985995574 
15.8800995677 15.2400491895 0.0425426033605 
15.8800817673 15.2400537512 0.0424518788365 
15.8803595892 15.2403824353 0.0452218644767 
15.8800850307 15.2400588272 0.0424236226303 
15.8803691576 15.2403716401 0.0449671212158 
15.8801457967 15.2401091314 0.0428911324914 
15.8799164203 15.240002036 0.0432221376088 
15.8803720578 15.2403920463 0.0450306431052 
15.8803004344 15.2403125248 0.044530901758 
15.8802977485 15.2403032428 0.04460436751 
15.8800846433 15.2400364051 0.0423949150736 
15.8803111027 15.2403071288 0.0445793356525 
15.8803573466 15.2403699446 0.0449982804406 
15.880087305 15.2400411266 0.0425139325272 
15.8803112555 15.2403054091 0.0445085550904 
15.8803633145 15.2403519601 0.0450735456073 
15.8803719265 15.240370505 0.0451518064679 
15.8803882963 15.2404071712 0.0449019664789 
15.8803668545 15.2403936654 0.0449928609301 
15.8801773527 15.2401058911 0.0428158713606 
15.8801007011 15.2400557716 0.0425754097531 
15.8801032762 15.2400433533 0.0425676476675 
15.8800854405 15.2400317317 0.0425918333141 
15.880107782 15.2400467069 0.0426162417688 
15.8801062695 15.2400418514 0.0425479656239 
15.8803101258 15.2402965638 0.0444219822241 
15.8800465969 15.2400611146 0.0423533750561 
15.8800359993 15.2400703235 0.0421601961598 
15.8800475151 15.2400714053 0.0423619070759 
15.8800577196 15.2400836325 0.0423299124299 
15.8800579283 15.2400670478 0.0423992024969 
15.8800681169 15.2400713189 0.0424231150726 
15.8846410095 15.2396412171 0.0463261589435 
15.9218452611 15.2395888816 0.0292449545135 
15.9761991837 15.2366167094 0.0335593326039 
16.0093377867 15.2357996334 0.0377237619826 
16.0840297901 15.2324554555 0.0340460407722 
16.1669438147 15.2285257366 0.0303247838866 
16.3467788958 15.2247971085 0.0392297365703 
16.4747271502 15.2208489946 0.0347289450352 
16.6123801434 15.215545377 0.0452718644631 
16.7328879201 15.2112011763 0.0475434869916 
16.8507463896 15.2071156299 0.0480688339931 
16.9788569176 15.202363793 0.0418719665604 
17.1564109289 15.1943397971 0.0384185108837 
17.3312039339 15.18705453 0.0363576390429 
17.4934372866 15.1793284791 0.0506099812639 
17.7047122681 15.1714544485 0.0443214039074 
17.9190401995 15.1624647344 0.0459954810838 
18.0144791567 15.1596455614 0.0405343210292 
18.1227340662 15.1563999544 0.0386785282912 
18.3070163691 15.1478463749 0.0393590993634 
18.5087888205 15.1398442576 0.0357722814774 
18.6671626532 15.1369090343 -0.0981136897648 
18.7769868338 15.124386091 -0.454243579093 
18.832408663 15.1037163998 -0.715924389405 
18.8790230715 15.0863653983 -1.1791017613 
18.8992311918 15.0909447337 -1.49586516293 
18.9082286322 15.0633439536 4.63057846333 
18.894955393 15.0084294046 4.66433664697 
18.8821039164 14.9223251904 4.62519954448 
18.8609814608 14.8124099041 4.59134038919 
18.8340771162 14.6765224303 4.60968604354 
18.8074836695 14.5250847305 4.6106597083 
18.7797059977 14.3670228685 4.60382287335 
18.7538905108 14.2340298856 -1.55468762032 
18.7400588953 14.1238973106 -1.25670783025 
18.7589509451 14.0306189025 -1.1091420675 
18.785243746 13.9713488782 -1.07545945094 
18.8076851332 13.9385170902 -1.23747820938 
18.8282685244 13.9309159482 -1.52895699972 
18.8444628679 13.9255239929 4.52243932769 
18.8457019293 13.9162712062 4.47167729097 
18.8457019293 13.9162712062 4.47167729097 
18.8457019293 13.9162712062 4.47167729097 
18.8457019293 13.9162712062 4.47167729097 
18.8457019293 13.9162712062 4.47167729097 
18.8457019293 13.9162712062 4.47167729097 
18.8457019293 13.9162712062 4.47167729097 
18.5612695181 13.2653492654 3.94575735543 
18.5612695181 13.2653492654 3.94575735543 
18.5612695181 13.2653492654 3.94575735543 
18.236068722 13.1377698148 3.35289204409 
18.0917577707 13.114993688 3.37017607902 
17.9206092322 13.0904182161 3.37759859167 
17.7912714445 13.0730270112 3.39715337928 
17.6385477745 13.0500122274 3.36271944766 
17.4567731583 13.0366498197 3.25447696625 
17.2508546078 13.0402778352 3.23249674903 
17.1689699852 13.0394645895 3.21137898451 
16.8267961704 13.046748277 3.20751932827 
16.6546884739 13.0507968629 3.20085729195 
16.4805886709 13.0543564523 3.20346504723 
16.3191648388 13.0565761293 3.1978317236 
16.1573690438 13.0587686265 3.21460177278 
16.0183411651 13.0592530931 3.1996560901 
15.8674578221 13.0614947046 3.20058183591 
15.6846620702 13.0647677148 3.20112239263 
15.5398516023 13.0686823095 3.19596319657 
15.4046774768 13.0716797079 3.20997954599 
15.2994896137 13.073434707 3.18233447068 
15.1224781835 13.0779215063 3.19017072654 
14.9952400887 13.0797136987 3.17994689967 
14.9140105807 13.0811871255 3.18167948588 
14.8793482744 13.0804878438 3.17360402691 
14.8078434431 13.0640424455 2.67807516994 
14.7982617581 13.0491243566 2.40981638937 
14.774618026 13.0531800951 2.13315273087 
14.7555403673 13.0860546792 2.08609429879 
14.7555403673 13.0860546792 2.08609429879 
14.7555403673 13.0860546792 2.08609429879 
14.7555403673 13.0860546792 2.08609429879 
14.5539910757 13.5251083339 2.07318151547 
14.477111932 13.6897029842 2.09798125469 
14.4226298296 13.8097771371 2.10062782537 
14.3833415472 13.9001926149 2.29970297528 
14.3546488249 13.9566436971 2.54405161886 
14.3243010008 13.9960730041 2.86622905681 
14.3207226956 14.0207877124 3.28928277826 
14.2909644806 14.0291968549 3.36194801037 
14.2098369562 14.0179316963 3.38473433638 
14.1252787077 14.0027278627 3.40965707612 
13.9980272019 13.977048632 3.42627105819 
13.8668837511 13.9562464918 3.40026501813 
13.7054963076 13.9287271465 3.38535295308 
13.559507128 13.903764602 3.3910354359 
13.4730503523 13.9104440177 -0.641157717003 
13.4730503523 13.9104440177 -0.641157717003 
13.2603535616 13.8429673875 3.74031599081 
13.1691467726 13.8418576683 3.80671702315 
13.1275994742 13.8366862501 4.17647360428 
13.1142759287 13.8440014089 4.38409411478 
13.1142759287 13.8440014089 4.38409411478 
13.1142759287 13.8440014089 4.38409411478 
13.0940258467 13.7990791763 4.50960310756 
13.071774956 13.7324110235 4.50024726152 
13.0454421007 13.6398972238 4.50031583072 
13.0137324297 13.5438029731 4.57634528651 
12.9917018377 13.4791536296 -1.48416067641 
12.9758222067 13.435889479 -1.1560463411 
12.9629237616 13.419240352 -0.867929912984 
12.9474062883 13.4058070148 -0.553177778467 
12.9376690352 13.3887505496 -0.253925649165 
12.9357073271 13.3705800737 0.0317761933602 
12.9450621569 13.3576711381 0.24258654738 
12.9652874434 13.3575916255 0.31304113726 
12.9652874434 13.3575916255 0.31304113726 
13.1036093199 13.3879860605 0.380680501861 
13.1036093199 13.3879860605 0.380680501861 
13.1036093199 13.3879860605 0.380680501861 
13.1760466063 13.3919261659 0.853794991924 
13.1760466063 13.3919261659 0.853794991924 
13.3481359446 13.5943131412 0.98941155328 
13.3773577177 13.6421622003 0.868923983154 
13.4518873655 13.722921368 0.746288527293 
13.5673494303 13.8104484046 0.747180197359 
13.6943068468 13.9093637432 0.742388809363 
13.7988963091 13.9912185634 0.739173558682 
13.9438834154 14.1022876466 0.721277535659 
14.064799186 14.1963167156 0.72336642936 
14.1921589338 14.2934173311 0.736776429657 
14.3104768955 14.382548746 0.741109568236 
14.4449121916 14.483850118 0.720526818912 
14.5543719494 14.5693841542 0.734779761423 
14.6981806719 14.6803657974 0.740282894153 
14.8159015143 14.7707942689 0.729552297993 
15.0170250499 14.9253559078 0.721769597364 
15.1317924225 15.0144599492 0.722744820409 
15.2121841275 15.0762656594 0.723790006712 
15.2618004047 15.1107571388 0.756377532196 
15.300647434 15.1247101391 1.0365034274 
15.300647434 15.1247101391 1.0365034274 
15.3352390492 15.1154383386 1.60429231666 
15.3415766918 15.1568883101 1.72869761809 
15.337716397 15.2147047913 1.72386697303 
15.3302911484 15.3139389346 1.72233181614 
15.3213170135 15.4284513111 1.71793447593 
15.3132834994 15.5194932784 1.72979279948 
15.3102722728 15.5847490395 1.71810539674 
15.3085507714 15.6163729692 1.72671794663 
15.3156581485 15.6206821764 1.88635354826 
15.3317921722 15.6242208744 2.12230743925 
15.3438523376 15.6304102505 2.3487889567 
15.3419570887 15.6312886144 2.33584937717 
15.335727688 15.6255816484 2.20541241645 
15.3158820235 15.6194916333 1.88183857339 
15.3013285362 15.6182612742 1.65226692064 
15.2993444168 15.6175502504 1.62698376404 
15.2995780074 15.6181580986 1.63235784791 
15.3042216861 15.6194783712 1.70427908319 
15.3018333876 15.6620688106 1.69744718065 
15.2979494893 15.7231547202 1.70851707904 
15.3068175876 15.7625573243 1.92067668283 
15.3208235466 15.7734708751 2.18233418116 
15.327180382 15.7765663827 2.29994165849 
15.3291146719 15.777580973 2.27959257327 
15.3288818562 15.7767215336 2.30262979536 
15.3342142665 15.7813485826 2.4033023035 
15.3466694915 15.7991481389 2.75661748327 
15.3520538771 15.818791684 3.06590372817 
15.3198692166 15.8296354974 3.20345737926 
15.2579082811 15.8319757546 3.21003968167 
15.2121463382 15.8423340286 3.41056943734 
15.2002209389 15.8620459999 3.72893357117 
15.1913130247 15.862656113 3.79371298456 
15.1501660907 15.8325425352 3.79656323322 
15.0767561757 15.7842193211 3.80670113542 
14.9996105396 15.732091781 3.82034455141 
14.8672655785 15.6445277298 3.80174745871 
14.7476767265 15.5655857886 3.79002704307 
14.6379702055 15.4920165206 3.79437183253 
14.5187388622 15.4129551167 3.83875652273 
14.3589101994 15.3066864947 3.80856686169 
14.2399629318 15.2297735645 3.80451682856 
14.0852265322 15.1238048265 3.64400570348 
13.984238621 15.0742250497 3.32040548057 
13.9183741772 15.0639974738 3.19743829126 
13.8751060927 15.0649022872 3.20085978802 
13.8647880518 15.0652248676 3.20936195604 
13.8652310335 15.0652635063 3.20704561835 
13.8652310335 15.0652635063 3.20704561835 
13.8222162687 15.0655794109 3.21543638485 
13.8033714258 15.0662530179 3.21135512574 
13.7487843001 15.0696565027 3.20825565175 
13.7487843001 15.0696565027 3.20825565175 
13.7487843001 15.0696565027 3.20825565175 
13.7487843001 15.0696565027 3.20825565175 
13.7183814013 15.0991936589 3.67965530441 
13.7183814013 15.0991936589 3.67965530441 
13.7183814013 15.0991936589 3.67965530441 
13.6652750933 15.1334013383 4.68814774724 
13.6473247969 15.133684885 -1.30756853303 
13.6386563742 15.1222905705 -1.1576714424 
13.6386563742 15.1222905705 -1.1576714424 
13.6434788668 15.0486626143 -0.959320019442 
13.6502737963 15.0169517065 -0.68438743863 
13.6677789652 14.987517264 -0.518798010732 
13.7065792048 14.9590201343 -0.455671359048 
13.708216902 14.9582272733 -0.458539462454 
13.8939542734 14.8555032874 -0.339482163104 
14.0428104364 14.7580606009 -0.193766814953 
14.1943082773 14.6848646368 -0.492373909337 
14.2829885447 14.6329413022 -0.661397628509 
14.407404896 14.4976192678 -0.945250478077 
14.4944759571 14.3712695206 -0.88837791211 
14.5870662891 14.2340667213 -0.990532829777 
14.6533771717 14.1107786859 -1.17469391684 
14.7390332186 13.8476587499 -1.18940655297 
14.766403433 13.7611714567 -1.20904459603 
14.8384134733 13.5272921289 -1.05494499164 
14.9029175603 13.397525307 -0.714481313791 
15.0396557414 13.2687306369 -0.458580685329 
15.1223757827 13.2123829092 -0.152678908109 
15.1806814634 13.188515302 0.114755063988 
15.2763987743 13.1925569738 0.244644162349 
15.3712697589 13.2149225439 0.107815598418 
15.41489416 13.2303360666 -0.185500226875 
15.4724488818 13.2198225225 -0.348920779577 
15.5548621678 13.1784530843 -0.319950631082 
15.5899457597 13.1500643457 -0.0630045297549 
15.6480503195 13.1385561193 0.120611834409 
15.7384989822 13.1427086557 0.118080328223 
15.9115614408 13.149578687 0.121214377821 
16.1377261841 13.1584912504 0.111607696412 
16.2868449652 13.1648355688 0.114934279549 
16.5188161695 13.1749113763 0.109815456055 
16.7018956506 13.1790691579 0.134208793047 
16.8420032823 13.1832205022 0.123873690958 
17.0122595989 13.1876524652 0.113930163174 
17.1990761721 13.1951767171 0.112881748041 
17.375911113 13.2014778818 0.108821556784 
17.494636532 13.2062343324 0.108207288909 
17.6714451277 13.2112523283 0.109998197999 
17.9117696249 13.2198160852 0.0982112181706 
18.034432646 13.2250360216 0.0956812093403 
18.1545731985 13.2272509302 0.102419835353 
18.3852155172 13.2343100275 0.125593083132 
18.5306184256 13.2399533952 0.37159217862 
18.5991160833 13.2482911314 0.651525440334 
18.6515338385 13.2699081863 0.880097958154 
18.712688204 13.3295901979 1.26480684572 
18.7394826376 13.3927903141 1.31601249881 
18.7803921663 13.4809579814 1.63917099112 
18.7933931315 13.5026504959 1.85996324194 
18.7832908594 13.5684308971 2.08270413551 
18.7668108904 13.5995911325 2.05106790292 
18.7393910849 13.6265406574 1.76416110796 
18.732178446 13.6840028728 1.75342810524 
18.7187232935 13.7997760738 1.75448534303 
18.7000708544 13.977602836 1.75762865272 
18.6835679972 14.1258661712 1.75672696283 
18.6599912607 14.3298036421 1.75572474336 
18.6416361296 14.4924700821 1.75307417184 
18.6261243784 14.6444952453 1.75590967899 
18.6120376551 14.780429181 1.754605185 
18.5918328726 14.9640461768 1.75649191795 
18.5753664934 15.1082629974 1.74009693277 
18.5582742655 15.2723137217 1.75583343503 
18.5423994028 15.4234278316 1.74656590078 
18.5280125105 15.5299533273 1.60202572318 
18.5316073858 15.6525243486 1.2410428204 
18.557628628 15.7291349436 0.967440859071 
18.6141233408 15.800387379 0.854376138841 
18.7238416636 15.9076178039 0.856413535447 
18.8291096651 16.0112042392 0.849093725477 
18.9350631201 16.1138400401 0.841948404677 
19.0631005728 16.2364511455 0.871726550557 
19.1495730841 16.3178175653 0.847322826958 
19.1495730841 16.3178175653 0.847322826958 
19.1495730841 16.3178175653 0.847322826958 
19.1495730841 16.3178175653 0.847322826958 
19.1495730841 16.3178175653 0.847322826958 
19.1495730841 16.3178175653 0.847322826958 
19.1495730841 16.3178175653 0.847322826958 
19.1495730841 16.3178175653 0.847322826958 
19.1495730841 16.3178175653 0.847322826958 
19.1495730841 16.3178175653 0.847322826958 
19.1495730841 16.3178175653 0.847322826958 
19.1495730841 16.3178175653 0.847322826958 
19.1495730841 16.3178175653 0.847322826958 
19.1495730841 16.3178175653 0.847322826958 
19.1495730841 16.3178175653 0.847322826958 
19.1495730841 16.3178175653 0.847322826958 
19.1495730841 16.3178175653 0.847322826958 
19.1495730841 16.3178175653 0.847322826958 
19.1495730841 16.3178175653 0.847322826958 
19.1495730841 16.3178175653 0.847322826958 
19.1495730841 16.3178175653 0.847322826958 
19.1495730841 16.3178175653 0.847322826958 
19.1495730841 16.3178175653 0.847322826958 
19.1495730841 16.3178175653 0.847322826958 
19.1495730841 16.3178175653 0.847322826958 
19.1495730841 16.3178175653 0.847322826958 
19.1495730841 16.3178175653 0.847322826958 
19.1495730841 16.3178175653 0.847322826958 
19.1495730841 16.3178175653 0.847322826958 
19.1495730841 16.3178175653 0.847322826958 
19.2317285502 15.7438484992 4.01107984477 
19.1987900698 15.7107497717 4.004266828 
19.1758177244 15.6871722008 4.01198290309 
19.12779307 15.6181973482 3.6748238403 
19.0616769755 15.5841835702 3.56605012298 
18.9661972487 15.5487812723 3.59155101945 
18.8698036635 15.5156362022 3.57148198342 
18.6718709433 15.4428270126 3.56731627762 
18.5300924742 15.3916805352 3.55039979306 
18.3989543879 15.344054688 3.35567298715 
18.2871167624 15.3282872851 3.15301970533 
18.158647772 15.3390602733 3.10879608386 
17.9884364569 15.3577097023 3.10726543928 
17.8231866324 15.3752346302 3.08822812633 
17.6613546574 15.3946002538 3.09962420995 
17.5200445616 15.4105280901 3.10420519446 
17.3569465839 15.4295369352 3.10484497225 
17.1900716984 15.4493214155 3.10488509844 
17.0407062733 15.4672162796 3.08997431175 
16.9110996687 15.4828716035 3.09706851355 
16.7878348791 15.4961312676 3.08650573187 
16.6006487572 15.5186191166 3.11295453647 
16.4110594952 15.5430579449 3.09885853351 
16.2302752399 15.5654560591 3.0939146391 
16.0373193735 15.5879499281 3.0916561078 
15.80706146 15.6148685182 3.12765010774 
15.6674099081 15.632408675 3.28311686984 
15.4786084258 15.6141897107 3.37541608627 
15.3081171476 15.5889814163 3.57353103823 
15.2409790122 15.5725074972 3.78685282459 
15.1304587686 15.4965919817 4.13638688771 
15.0507019126 15.3881365771 4.173685105 
15.0507019126 15.3881365771 4.173685105 
14.8320612871 15.0742459411 4.18183134512 
14.7133605444 14.9060746397 4.18247622821 
14.6329421961 14.793926772 4.17532827786 
14.5517327749 14.6748934949 4.18237007332 
14.4385051691 14.5177175964 4.17181979583 
14.3589985335 14.4058960641 4.16153070555 
14.3589985335 14.4058960641 4.16153070555 
14.2188800537 14.2065125669 3.93372549431 
14.0801639521 14.0720310176 3.88735891724 
14.0505750143 14.0476269687 3.90325705563 
13.8642942869 13.900918361 3.6904878689 
13.7732024157 13.8575414384 3.56938887337 
13.6821582281 13.8206907476 3.34988813085 
13.5238640272 13.8042215074 3.23377533744 
13.3623123133 13.8026325668 3.20893553883 
13.1393513643 13.7999998296 3.23454520028 
12.9965081179 13.7962062324 3.12023549504 
12.8833966219 13.803444382 2.75855083286 
12.8215160334 13.8196579183 2.57092785668 
12.8215160334 13.8196579183 2.57092785668 
12.736323353 13.8594249452 1.9116706934 
12.7262656653 13.8553333248 1.76316825066 
12.7262656653 13.8553333248 1.76316825066 
12.7262656653 13.8553333248 1.76316825066 
12.6661505663 13.8782192434 0.743356308858 
12.6661505663 13.8782192434 0.743356308858 
12.6661505663 13.8782192434 0.743356308858 
12.6661505663 13.8782192434 0.743356308858 
12.6661505663 13.8782192434 0.743356308858 
12.6661505663 13.8782192434 0.743356308858 
12.6661505663 13.8782192434 0.743356308858 
12.6661505663 13.8782192434 0.743356308858 
12.6661505663 13.8782192434 0.743356308858 
13.1994192564 13.9193572963 -0.00672631097055 
13.1994192564 13.9193572963 -0.00672631097055 
13.508454796 13.8805261816 0.169242849446 
13.600002762 13.8853385414 0.448971112824 
13.7205259764 13.934740063 0.583922137135 
13.8677542173 14.0149824584 0.563595857494 
14.0033459627 14.0847508872 0.530073967173 
14.1284948551 14.1517299379 0.550445379021 
14.3260227406 14.2568744982 0.586366425681 
14.4276320898 14.3068857158 0.705439827645 
14.5345196688 14.3862072195 1.10056344476 
14.596198436 14.4856957162 1.19575992023 
14.6436055863 14.5789159502 1.19586889314 
14.7254691088 14.7339348162 1.18585388098 
14.8153277599 14.9061230684 1.20767267314 
14.8862326109 15.0453993941 1.17258511529 
14.9459955656 15.1632366146 1.02569324031 
15.0036503636 15.2546048279 0.686079671501 
15.0708759391 15.3122758682 0.35982440362 
15.1000294053 15.3334496135 0.0807491017447 
15.1171286666 15.3591630349 -0.3239540246 
15.160289284 15.3490674759 -0.549282022109 
15.2149439418 15.3092705126 -0.548255080263 
15.2801649534 15.260106642 -0.555355378551 
15.3645689451 15.1919282826 -0.385090957877 
15.3937394583 15.1634463559 -0.138740882243 
15.4184432888 15.1385727788 0.178245826713 
15.4174835944 15.1289072523 0.31646057653 
15.4182259404 15.1298086757 0.299598804891 
15.4165540599 15.1436738039 0.0919665491378 
15.4193475806 15.1629154126 -0.203454552178 
15.4222055935 15.1739732514 -0.35813701585 
15.4239858651 15.1732393766 -0.387423764488 
15.4209819996 15.1724350716 -0.349199178599 
15.4215267861 15.1722888986 -0.357153400253 
15.4193423056 15.160388794 -0.157884045265 
15.4148616159 15.1413615684 0.125708799447 
15.4423308932 15.1339496041 0.337212973478 
15.4989822769 15.149022978 0.358433324804 
15.5763841831 15.1707415471 0.355751216447 
15.6819905007 15.2014157029 0.349859539662 
15.8127800861 15.2388121653 0.348374868573 
15.8987862841 15.2629827822 0.354290427289 
15.9948820585 15.2899768802 0.351631102807 
16.0471702927 15.304407377 0.349438256965 
16.0701202565 15.3104797716 0.360813596586 
16.0731347614 15.3117592151 0.352863211095 
16.0730011874 15.311583143 0.354547306253 
16.0729625785 15.3114932294 0.354762015136 
16.0729714894 15.3114768753 0.354816600489 
16.0729732626 15.3114785666 0.354740532819 
16.072967183 15.3114782015 0.354771046444 
16.072968986 15.3114750052 0.354868832549 
16.0729659164 15.311473001 0.354849051543 
16.0729253852 15.3114841918 0.355892812292 
16.0729594791 15.3114722113 0.354825747677 
16.0729224646 15.311483402 0.355736147293 
16.0729684943 15.3114776726 0.354772581105 
16.0729208701 15.311485749 0.355499371279 
16.072948035 15.3114769349 0.354889342773 
16.0729508066 15.3114747594 0.354678798531 
16.07295708 15.3114849965 0.354757206407 
16.0731288606 15.311539721 0.351842959661 
16.0729217046 15.3114964778 0.355278373675 
16.0731322729 15.311554637 0.351703742032 
16.0729784482 15.3114784847 0.35392168095 
16.072952103 15.3114945183 0.354493327979 
16.0731620454 15.3115713189 0.351221097303 
16.073118549 15.3115523572 0.351735242702 
16.0731014424 15.3115619684 0.352023301798 
16.0729313755 15.3114865834 0.354817588261 
16.0731600189 15.3115789706 0.350969332646 
16.0731164181 15.3115565742 0.351760455342 
16.0731530451 15.3115666772 0.351105765616 
16.0729208552 15.3114913518 0.355053634178 
16.0731185341 15.3115520889 0.351615665521 
16.0728925579 15.3115037645 0.355726841879 
16.0731214249 15.3115681673 0.351576289536 
16.0730896109 15.3115562762 0.351929523741 
