15.8800258908 15.2400212768 0.043218248381 
15.8800145724 15.2400185366 0.0429964494623 
15.8800148984 15.2400150402 0.0431751173674 
15.8800354182 15.2400360102 0.0427573171223 
15.880021426 15.2400304428 0.0430410854236 
15.8799872372 15.2400078528 0.0431970809495 
15.8799957215 15.2400187362 0.043110647664 
15.8799800669 15.2400111383 0.0431630045492 
15.8801355177 15.2400870436 0.0432638257065 
15.8799844339 15.2400193812 0.0431038784809 
15.8804259571 15.2403908307 0.0453996867105 
15.879972024 15.2400052508 0.0430350238566 
15.880418284 15.2403860861 0.0450444295324 
15.8799478012 15.2400002601 0.0430377770164 
15.8804095016 15.2403920945 0.0453057566229 
15.880389412 15.2403714487 0.0450150447457 
15.8803897697 15.240384121 0.0449282687547 
15.8803984217 15.2403690177 0.0449281459583 
15.8803924686 15.2403707153 0.0450532844931 
15.8803831368 15.2403793282 0.0450539247676 
15.8803932882 15.2403848569 0.0451965753335 
15.8803693104 15.2403848607 0.0450523509193 
15.8803688205 15.2403788245 0.0452669207324 
15.8803613355 15.2403717458 0.045145358572 
15.8800076685 15.2400883462 0.0434447768508 
15.8803801016 15.2404044855 0.0451118091574 
15.8799210266 15.2400134809 0.0430431422069 
15.8803804434 15.2403906556 0.0451282579242 
15.8803767973 15.2403902593 0.0450745136129 
15.8803645271 15.240395928 0.0449747818343 
15.8803653299 15.2403938377 0.0451374554972 
15.8802813144 15.2403171724 0.0446597460376 
15.8800218339 15.2400777999 0.0434471798444 
15.8800494095 15.2400564053 0.0426209524013 
15.8801687938 15.2401280598 0.0430914567629 
15.8800052676 15.2400962507 0.0436061401983 
15.8799439958 15.2400078125 0.0429881676511 
15.8800891006 15.2400607839 0.04253653882 
15.8800811173 15.2400672387 0.042556210934 
15.8800971584 15.24007498 0.042562738002 
15.8799492895 15.2400306391 0.0430813555582 
15.8800842167 15.2400684358 0.0425223834897 
15.8801123147 15.2400873277 0.0427113294674 
15.8800817515 15.2400634609 0.0424227984643 
15.8801034094 15.2400668135 0.0425366691572 
15.8801003062 15.2400721837 0.0425968334291 
15.8800867844 15.2400604499 0.0425761701268 
15.8800836216 15.2400676443 0.04247340225 
15.880165225 15.2401529926 0.0431664782475 
15.8800945916 15.2400578362 0.0424929553036 
15.8801152782 15.2400781089 0.0425052742303 
15.8800934144 15.2400567279 0.0425170135622 
15.8801577456 15.240127399 0.0429392597739 
15.8803806753 15.24040459 0.0450962325663 
15.8799164203 15.240002036 0.0432221376088 
15.8800931704 15.2400702243 0.0425023527812 
15.8803097309 15.2403150152 0.0444487748281 
15.880098859 15.2400535302 0.0424784281762 
15.8800824472 15.2400500809 0.0425094484802 
15.8801459913 15.2401118807 0.0430356966189 
15.8801403717 15.2401049535 0.0429130595326 
15.8800801478 15.2400539409 0.042527694306 
15.8803675912 15.2403822446 0.0451879113188 
15.8803651027 15.2403701183 0.0450969081016 
15.8803605448 15.2403750562 0.04464677663 
15.8803743898 15.2403670945 0.0451817915138 
15.8801147594 15.240053924 0.0423309327092 
15.8801051808 15.2400519282 0.0424663825265 
15.8801120409 15.2400570713 0.0424394324783 
15.8800914559 15.2400587836 0.0424539115047 
15.8801183711 15.2400819071 0.0428927651161 
15.8800950657 15.2400530807 0.0425641928201 
15.8801526596 15.2401119764 0.0430741745217 
15.8800674324 15.2400548064 0.0424204200787 
15.8800445368 15.2400914795 0.0421536283313 
15.8800483599 15.2400752545 0.0422778821147 
15.8800557201 15.2400805287 0.0424063231663 
15.8800629332 15.240069447 0.04238475287 
15.8800580885 15.2400518757 0.0424749280496 
15.890399547 15.2396811418 0.04364690021 
15.9453488031 15.238224821 0.0326095562145 
15.9850123041 15.2373006442 0.0266961633939 
16.0113928505 15.2355663378 0.0360373673092 
16.059643265 15.233053142 0.0365493656277 
16.1342172885 15.2303889694 0.0360338644434 
16.2416680717 15.227215701 0.0276448545793 
16.4418286049 15.2222742105 0.0339124863558 
16.5667055213 15.2172172556 0.0471475021228 
16.6555570924 15.2140301394 0.0472428914887 
16.8507463896 15.2071156299 0.0480688339931 
17.0326273405 15.1989520977 0.0371864299496 
17.1255866253 15.1945197287 0.0514377793271 
17.2586414778 15.1902046616 0.0442067858074 
17.4787282908 15.1803244355 0.047106905203 
17.609606024 15.1737387145 0.052716194681 
17.7766652071 15.1690180788 0.0399846928146 
17.9190401995 15.1624647344 0.0459954810838 
18.030760523 15.1593532006 0.0382127862074 
18.1376166308 15.1554780195 0.0389595828077 
18.2145671808 15.1522235239 0.0428315485047 
18.3511164152 15.1462148393 0.0385047188813 
18.6346981489 15.1378058905 -0.0409004636457 
18.7478713953 15.1302929188 -0.338261636754 
18.8272557222 15.1060961897 -0.688804992068 
18.8556096518 15.0929404611 -0.91015127865 
18.8750250303 15.0853311981 -1.12644728642 
18.8992311918 15.0909447337 -1.49586516293 
18.9046072924 15.0503027255 4.63173771728 
18.8934285605 14.9982404078 4.66101325599 
18.8636636698 14.8259737457 4.59736215144 
18.8334238493 14.6640875901 4.59190538762 
18.7908937895 14.4369464482 4.61547637383 
18.7689375841 14.3104678954 4.63087365103 
18.7468647921 14.1901313032 -1.46573279147 
18.7439238989 14.0961163009 -1.1970189203 
18.7724933588 13.9952419961 -1.05865158773 
18.8110001051 13.9348164762 -1.26984042775 
18.8297414744 13.9307787384 -1.55384497062 
18.8453347647 13.9183045591 4.47326752898 
18.8457019293 13.9162712062 4.47167729097 
18.8457019293 13.9162712062 4.47167729097 
18.8457019293 13.9162712062 4.47167729097 
18.8457019293 13.9162712062 4.47167729097 
18.8457019293 13.9162712062 4.47167729097 
18.8457019293 13.9162712062 4.47167729097 
18.6273589098 13.3978855575 4.1116235498 
18.5612695181 13.2653492654 3.94575735543 
18.5612695181 13.2653492654 3.94575735543 
18.5612695181 13.2653492654 3.94575735543 
18.2510426008 13.1406055654 3.3608504263 
18.0584564173 13.1104823316 3.37523476068 
17.9206092322 13.0904182161 3.37759859167 
17.7627510988 13.0681992734 3.37747059051 
17.6347644293 13.0499936307 3.37408938676 
17.5272293055 13.0359302724 3.22500764813 
17.3645576202 13.0372980798 3.22799190558 
17.1689699852 13.0394645895 3.21137898451 
17.1689699852 13.0394645895 3.21137898451 
16.8100578153 13.0462468828 3.22143313554 
16.6546884739 13.0507968629 3.20085729195 
16.4930686319 13.0539365972 3.20116500235 
16.2804132962 13.0568257535 3.19073632074 
16.1280364805 13.0597766603 3.23561497771 
15.8967896738 13.060899135 3.20718125811 
15.726991471 13.064228412 3.20658967444 
15.5906154775 13.0669065679 3.1944666 
15.4417351448 13.0691524709 3.18688488594 
15.2994896137 13.073434707 3.18233447068 
15.1575064027 13.0780354703 3.20111101571 
15.0022993052 13.0804990495 3.18833159845 
14.8982890808 13.0815898145 3.19264658794 
14.8793482744 13.0804878438 3.17360402691 
14.8067122662 13.0632525648 2.66288801316 
14.787685033 13.0444709028 2.24094430327 
14.7651425564 13.0664905275 2.09594101881 
14.7555403673 13.0860546792 2.08609429879 
14.7555403673 13.0860546792 2.08609429879 
14.5951241219 13.4345509971 2.07273488426 
14.5020292961 13.6340155567 2.08433231174 
14.4259834253 13.7981079782 2.1110529948 
14.3867093289 13.8932466472 2.27644999769 
14.3349078858 13.9811558689 2.54531378143 
14.3186168635 14.0181777442 3.17350634059 
14.2918815577 14.0302399362 3.30408175415 
14.2098369562 14.0179316963 3.38473433638 
14.0833822453 13.9927823509 3.44067625471 
13.928296324 13.9651641811 3.41572966408 
13.7674291098 13.9393213953 3.36953148723 
13.6363375151 13.8782141174 2.38644873292 
13.4707920515 13.8866327966 3.40077596901 
13.4730503523 13.9104440177 -0.641157717003 
13.2603535616 13.8429673875 3.74031599081 
13.1790730917 13.841925856 3.75280845733 
13.1331512892 13.8361960615 4.09620762306 
13.11547279 13.842870828 4.37062225067 
13.1142759287 13.8440014089 4.38409411478 
13.1142759287 13.8440014089 4.38409411478 
13.1041424238 13.834721681 4.50217319687 
13.0934398138 13.7958891357 4.49794293425 
13.0698442423 13.7238818372 4.51294550232 
13.0232851469 13.5693772996 4.52489298676 
12.9952030146 13.4950350488 -1.55334497949 
12.9731409514 13.4507367576 -1.48345108705 
12.9660279715 13.4206734861 -0.961178172898 
12.9474062883 13.4058070148 -0.553177778467 
12.9371366465 13.3792276348 -0.106065667237 
12.9365513289 13.361527201 0.157730342448 
12.9652874434 13.3575916255 0.31304113726 
12.9652874434 13.3575916255 0.31304113726 
13.1036093199 13.3879860605 0.380680501861 
13.1036093199 13.3879860605 0.380680501861 
13.1760466063 13.3919261659 0.853794991924 
13.1760466063 13.3919261659 0.853794991924 
13.1760466063 13.3919261659 0.853794991924 
13.3669607603 13.6265600885 0.909423494236 
13.445302006 13.7175328697 0.69968667587 
13.5464382135 13.7941467727 0.746111459039 
13.6773090326 13.8965122665 0.743345922766 
13.8393917048 14.0227104391 0.738659595389 
13.98280954 14.1340347494 0.739933656614 
14.1293876135 14.2459615434 0.711486405384 
14.265450474 14.3487579788 0.70404639402 
14.4502930605 14.4899254406 0.744012773904 
14.6820361578 14.6670956577 0.710015833037 
14.8326591217 14.7829704846 0.72934668444 
14.9931259715 14.907081988 0.735410899053 
15.1249552333 15.0092415477 0.724026446098 
15.2121841275 15.0762656594 0.723790006712 
15.2697161996 15.1140857751 0.778777969858 
15.300647434 15.1247101391 1.0365034274 
15.3276866638 15.1113250221 1.49700748116 
15.341900047 15.1368164311 1.70979480002 
15.339271661 15.2010285112 1.72078989159 
15.3302911484 15.3139389346 1.72233181614 
15.3183968031 15.468463328 1.71916799497 
15.3100784981 15.572967496 1.73892471301 
15.3090782725 15.6150306726 1.71034859818 
15.3186836803 15.6213102604 1.93527283712 
15.3397499287 15.6279026831 2.28247581972 
15.3424758279 15.631002065 2.33234601041 
15.3391064369 15.6277616287 2.27731986646 
15.3159609401 15.6199066604 1.88099125331 
15.3013285362 15.6182612742 1.65226692064 
15.2997227275 15.6182923282 1.63434672334 
15.302954849 15.6195825602 1.68662842837 
15.3020334208 15.659541961 1.70143519384 
15.2996935212 15.7325062717 1.74178594197 
15.3166974151 15.7706637944 2.10953611744 
15.3279423082 15.7758114899 2.27706101206 
15.3290349805 15.7766116227 2.29934972477 
15.3338703477 15.7828614081 2.42207810192 
15.3481676542 15.8018024529 2.79173892084 
15.3311844432 15.8283058966 3.17989715175 
15.2707670295 15.8309222425 3.20468275115 
15.2121463382 15.8423340286 3.41056943734 
15.2001215779 15.8656848038 3.7789581082 
15.1901263558 15.8602433766 3.80003073782 
15.1616366469 15.8404678071 3.80022061561 
15.0767561757 15.7842193211 3.80670113542 
14.9735901916 15.7155101562 3.80242256801 
14.8406361305 15.6266399289 3.81729523668 
14.6637616121 15.5094906355 3.78731074318 
14.5520091021 15.4376150484 3.84331335728 
14.3896338904 15.32580122 3.80485236905 
14.2399629318 15.2297735645 3.80451682856 
14.1200832092 15.1448858122 3.71013122286 
13.9960902893 15.0772024656 3.34754482774 
13.8934805357 15.0644754733 3.19471228225 
13.8653941118 15.065194499 3.20284513412 
13.8652310335 15.0652635063 3.20704561835 
13.8475201094 15.065432545 3.20496334397 
13.8033714258 15.0662530179 3.21135512574 
13.8033714258 15.0662530179 3.21135512574 
13.7487843001 15.0696565027 3.20825565175 
13.7487843001 15.0696565027 3.20825565175 
13.7487843001 15.0696565027 3.20825565175 
13.7183814013 15.0991936589 3.67965530441 
13.7183814013 15.0991936589 3.67965530441 
13.7183814013 15.0991936589 3.67965530441 
13.6684205496 15.1345809663 4.64014605858 
13.64839625 15.1338316391 -1.32365576489 
13.6386563742 15.1222905705 -1.1576714424 
13.6386563742 15.1222905705 -1.1576714424 
13.6434788668 15.0486626143 -0.959320019442 
13.6081099474 15.0399244393 1.71784651072 
13.6640586817 14.9977181966 -0.602364572168 
13.6970019304 14.9645223881 -0.453972305112 
13.708216902 14.9582272733 -0.458539462454 
13.708216902 14.9582272733 -0.458539462454 
14.0190281832 14.7817617918 -0.345547049649 
14.1943082773 14.6848646368 -0.492373909337 
14.2871864998 14.6295086111 -0.684145153553 
14.4430893623 14.4446364606 -0.933171440676 
14.5165563786 14.336731192 -0.889812716301 
14.6137984955 14.194895264 -1.1059174817 
14.6773078405 14.037944075 -1.20771652572 
14.7279388868 13.8804964984 -1.14562705339 
14.7779612505 13.7237925495 -1.17495269678 
14.8298526966 13.5553830827 -1.1029951236 
14.8668949568 13.4547904695 -0.883755168914 
14.9709452355 13.3290863002 -0.580368101765 
15.0744521582 13.2418655122 -0.337623810045 
15.1407921278 13.2032920087 -0.0737810252493 
15.2190389597 13.1856359209 0.208118999288 
15.2933174336 13.1959828104 0.239086813643 
15.3636110985 13.2127181257 0.133649325474 
15.4054762685 13.2264920438 -0.106095369657 
15.4685896599 13.2210868562 -0.343708417475 
15.5548621678 13.1784530843 -0.319950631082 
15.5861982965 13.1544526781 -0.117541974096 
15.6050113105 13.1405252183 0.0759506244241 
15.664308753 13.1396340097 0.116481478847 
15.7715257966 13.1441663469 0.116685289936 
15.8757908737 13.1481529439 0.11840975956 
16.0072581732 13.1531642641 0.118501578662 
16.278468486 13.1644154752 0.114998072389 
16.4903260433 13.1728044713 0.125591184072 
16.6290000045 13.1773499216 0.127490717898 
16.7834281885 13.18201625 0.126467630324 
16.9248044455 13.1856301988 0.121404167368 
17.0122595989 13.1876524652 0.113930163174 
17.1990761721 13.1951767171 0.112881748041 
17.375911113 13.2014778818 0.108821556784 
17.494636532 13.2062343324 0.108207288909 
17.6714451277 13.2112523283 0.109998197999 
17.9117696249 13.2198160852 0.0982112181706 
18.034432646 13.2250360216 0.0956812093403 
18.2718594038 13.2306016649 0.115662844414 
18.3852155172 13.2343100275 0.125593083132 
18.5306184256 13.2399533952 0.37159217862 
18.5991160833 13.2482911314 0.651525440334 
18.6837420427 13.2876864637 1.13304040174 
18.7385184729 13.3902554477 1.31916768322 
18.7699019873 13.4584493602 1.49523461791 
18.7897272074 13.4966877664 1.78720589139 
18.7752699816 13.5848927463 2.07435614382 
18.7553954088 13.6139955486 1.96449160687 
18.7376165354 13.6330662931 1.75085313775 
18.7329981291 13.6755688156 1.75229636302 
18.7230501139 13.7620435918 1.75731640855 
18.7083229982 13.8989009822 1.76191966806 
18.6826164686 14.1342109407 1.75614759966 
18.6599912607 14.3298036421 1.75572474336 
18.6416361296 14.4924700821 1.75307417184 
18.6185145342 14.7194734777 1.74802048076 
18.5991809332 14.8914410139 1.75977895307 
18.584159609 15.057152089 1.78064900989 
18.5610139334 15.2562119218 1.75513423197 
18.545548197 15.394877624 1.75451534058 
18.5266969168 15.5529120828 1.55668344653 
18.5305240118 15.6455702151 1.27051923487 
18.571143862 15.7501606906 0.918667258927 
18.7031619513 15.8876454795 0.854988399378 
18.8237814867 16.0026100243 0.87026831 
18.9570085966 16.1343151892 0.830472471467 
19.0854465925 16.2569483484 0.860056170898 
19.1495730841 16.3178175653 0.847322826958 
19.1495730841 16.3178175653 0.847322826958 
19.1495730841 16.3178175653 0.847322826958 
19.1495730841 16.3178175653 0.847322826958 
19.1495730841 16.3178175653 0.847322826958 
19.1495730841 16.3178175653 0.847322826958 
19.1495730841 16.3178175653 0.847322826958 
19.1495730841 16.3178175653 0.847322826958 
19.1495730841 16.3178175653 0.847322826958 
19.1495730841 16.3178175653 0.847322826958 
19.1495730841 16.3178175653 0.847322826958 
19.1495730841 16.3178175653 0.847322826958 
19.1495730841 16.3178175653 0.847322826958 
19.1495730841 16.3178175653 0.847322826958 
19.1495730841 16.3178175653 0.847322826958 
19.1495730841 16.3178175653 0.847322826958 
19.1495730841 16.3178175653 0.847322826958 
19.1495730841 16.3178175653 0.847322826958 
19.1495730841 16.3178175653 0.847322826958 
19.1495730841 16.3178175653 0.847322826958 
19.1495730841 16.3178175653 0.847322826958 
19.1495730841 16.3178175653 0.847322826958 
19.1495730841 16.3178175653 0.847322826958 
19.1495730841 16.3178175653 0.847322826958 
19.2177474463 15.7299703325 4.01278394607 
19.1784901583 15.6881921555 3.99690747013 
19.1758177244 15.6871722008 4.01198290309 
19.0980772936 15.5988628829 3.58663391755 
19.0095162356 15.565124389 3.5680945947 
18.8205659353 15.4973971213 3.57225698591 
18.5965251886 15.4155116493 3.56336699535 
18.4811713659 15.3724056895 3.50349795765 
18.3506963217 15.330919985 3.22475729462 
18.2094664538 15.3331706564 3.11257737261 
18.0267531836 15.352055874 3.09128986974 
17.8657827341 15.3711968477 3.10292247853 
17.6740344727 15.3928585465 3.10243980378 
17.4634814226 15.4155366237 3.07994529041 
17.291082617 15.4374593461 3.10336090722 
17.0407062733 15.4672162796 3.08997431175 
16.8012053334 15.4944097067 3.086181547 
16.6090867483 15.5177547003 3.11196283667 
16.4192589485 15.5418952073 3.09743961399 
16.2389055752 15.5645222033 3.09478836467 
16.0163595491 15.5906852747 3.10055805921 
15.8270990663 15.6129344965 3.11492370373 
15.6404805296 15.6346497501 3.33888356338 
15.4481674099 15.609339651 3.37487615989 
15.2977471315 15.5869001711 3.61721664991 
15.2039680445 15.5570924843 3.94697560738 
15.106882509 15.4667230363 4.19986136485 
15.0507019126 15.3881365771 4.173685105 
15.0507019126 15.3881365771 4.173685105 
14.8023785317 15.0314401949 4.20142494257 
14.6800410711 14.8569909299 4.19374552969 
14.5814136231 14.7165244783 4.17897554536 
14.4865440094 14.5867423976 4.18909981043 
14.391571995 14.4526599611 4.14711070545 
14.3589985335 14.4058960641 4.16153070555 
14.2188800537 14.2065125669 3.93372549431 
14.2188800537 14.2065125669 3.93372549431 
14.0505750143 14.0476269687 3.90325705563 
13.9061818087 13.9305546249 3.76056153579 
13.7957510912 13.8679205144 3.60014214972 
13.6922693216 13.8210685218 3.34470022453 
13.5313999617 13.8043093647 3.233260066 
13.3204910719 13.8024464811 3.22915758289 
13.1652343237 13.8000876869 3.23329291569 
13.0027210676 13.7958028282 3.11918405138 
12.8928401434 13.8020435537 2.83287919476 
12.8215160334 13.8196579183 2.57092785668 
12.8215160334 13.8196579183 2.57092785668 
12.7374265158 13.8596299852 1.92828048855 
12.7262656653 13.8553333248 1.76316825066 
12.7262656653 13.8553333248 1.76316825066 
12.7262656653 13.8553333248 1.76316825066 
12.6661505663 13.8782192434 0.743356308858 
12.6661505663 13.8782192434 0.743356308858 
12.6661505663 13.8782192434 0.743356308858 
12.6661505663 13.8782192434 0.743356308858 
12.6661505663 13.8782192434 0.743356308858 
12.6661505663 13.8782192434 0.743356308858 
12.6661505663 13.8782192434 0.743356308858 
12.6661505663 13.8782192434 0.743356308858 
12.6661505663 13.8782192434 0.743356308858 
13.1994192564 13.9193572963 -0.00672631097055 
13.1994192564 13.9193572963 -0.00672631097055 
13.5506088698 13.8773769105 0.327765843777 
13.7032732927 13.9248566593 0.539675720176 
13.8428006136 14.0009242261 0.544450056139 
14.0316865408 14.0988192523 0.551609119125 
14.2086905205 14.1950536931 0.548173408238 
14.356357094 14.2710320915 0.610669009545 
14.500684973 14.3524682487 0.850790086794 
14.561904546 14.4199210967 1.17107232168 
14.6287178957 14.5506470169 1.19392814938 
14.7209709847 14.7271956171 1.18979435996 
14.7920879089 14.8607249225 1.18742480113 
14.8613105976 14.9934636916 1.20496807017 
14.9083340132 15.0877388383 1.14991082695 
15.0063061082 15.2573226004 0.680729473305 
15.0802715981 15.3201848085 0.263951510657 
15.1147387588 15.34588426 -0.119268492258 
15.1282991731 15.3637836839 -0.440544424712 
15.1627438628 15.3475092615 -0.54981184453 
15.22777408 15.3005893717 -0.550591341674 
15.3200786078 15.2305931405 -0.536362704451 
15.3793251478 15.1772459748 -0.296665468659 
15.4053974115 15.1532729978 -0.0147068768048 
15.4166410529 15.1299608762 0.300289988423 
15.4185046815 15.1288177709 0.323107143078 
15.4165540599 15.1436738039 0.0919665491378 
15.4193475806 15.1629154126 -0.203454552178 
15.4225419426 15.1733653287 -0.384219664444 
15.4209581577 15.1715669523 -0.339605666209 
15.4222955966 15.1726584847 -0.368528313437 
15.4198382759 15.1636169891 -0.197228435282 
15.4143021369 15.1494460295 0.0237913238866 
15.4214535319 15.1357627402 0.22550699085 
15.4633277619 15.138558876 0.358566722005 
15.5713473522 15.1693465749 0.357422586955 
15.6888074988 15.203443371 0.354860571926 
15.8359134943 15.2450730873 0.352750146533 
15.9582773485 15.2803699563 0.361116305769 
16.0408283138 15.3025666291 0.349686683704 
16.0719240272 15.3112193162 0.355794002982 
16.0728784465 15.3114683742 0.355135703693 
16.0729827845 15.3115568573 0.354709497832 
16.0729714894 15.3114768753 0.354816600489 
16.072966572 15.31147429 0.354767763617 
16.0729553514 15.3114823143 0.355048689897 
16.072968986 15.3114750052 0.354868832549 
16.0729304665 15.31148937 0.355667529107 
16.0729693138 15.311478887 0.354770083534 
16.072916072 15.3114742304 0.355833910746 
16.0729170853 15.3114885355 0.355812695652 
16.072964769 15.3114659304 0.354689303502 
16.0730103963 15.3115113715 0.353934195117 
16.0729548746 15.311483931 0.354692109941 
16.0731934422 15.3115802819 0.350867511979 
16.0731278175 15.3115547265 0.351805093171 
16.0729336702 15.3114799152 0.354798480019 
16.0729538315 15.311490413 0.354628133883 
16.0731628948 15.3115759532 0.351057015535 
16.073118549 15.3115523572 0.351735242702 
16.0729901456 15.3115121687 0.353878228695 
16.0731589013 15.311574016 0.350967127756 
16.0731260591 15.3115696649 0.351665400214 
16.0731644147 15.3115841115 0.350948781578 
16.072888177 15.3114852498 0.355716472442 
16.0728920811 15.3114901076 0.355622100354 
16.0731496477 15.3115671764 0.350986144223 
16.0731620901 15.3115773017 0.350833172113 
16.0730896109 15.3115562762 0.351929523741 
