15.8800202712 15.2400226471 0.0430777734048 
15.8800195159 15.2400084533 0.0431400114597 
15.8800530193 15.240049606 0.0429033759201 
15.8800289371 15.2399847683 0.0431541122264 
15.8799869084 15.2400199244 0.0431843722949 
15.8799920027 15.2400186661 0.0430754027709 
15.8799905294 15.240008552 0.0430073558586 
15.8799754364 15.2400104075 0.0431530134771 
15.8799875464 15.2400172732 0.0431568888538 
15.8799844339 15.2400193812 0.0431038784809 
15.8799726256 15.2400155978 0.0430499453189 
15.8799840856 15.2400123507 0.0429926582831 
15.8804219562 15.2404032971 0.0450073261176 
15.87995533 15.2400093923 0.0431861962355 
15.8804201671 15.2404081998 0.045262222841 
15.8803834022 15.2403711092 0.0450371434165 
15.8802789209 15.240301762 0.0445748182988 
15.8803960952 15.2403816439 0.0450130301943 
15.880385779 15.2403841151 0.0450840402429 
15.8803874106 15.2404043903 0.0451059442983 
15.8803874758 15.240392959 0.0450718810535 
15.8803834348 15.2403972356 0.0449254522095 
15.8803790222 15.2404002466 0.0450871698894 
15.8803706757 15.24036603 0.0451610373258 
15.8803719805 15.2403834369 0.0450131915635 
15.8802689846 15.2403033127 0.0445525265432 
15.8803699763 15.2403967052 0.0450333960705 
15.88037638 15.2403919692 0.0449266660315 
15.8803830129 15.240399723 0.0451445067325 
15.8803814399 15.2403980605 0.045048866438 
15.8799992074 15.2400870123 0.0434408844654 
15.880363945 15.240387874 0.0449787856885 
15.8799873694 15.24007728 0.0433797395281 
15.8801017619 15.2402185828 0.0429867975234 
15.880093272 15.2400584028 0.042402173538 
15.8799096636 15.2400155447 0.0430815941273 
15.8799017799 15.2400062329 0.0429165482287 
15.8799129996 15.2400049998 0.0431700876965 
15.8800905246 15.2400701129 0.0425522640914 
15.8801021363 15.2400805886 0.0425876996049 
15.8800955053 15.2400621482 0.0425647554608 
15.8800964263 15.2400782356 0.042469204819 
15.8800935616 15.2400750934 0.0424387599448 
15.8800928659 15.2400571609 0.0424962954321 
15.880085691 15.2400729712 0.0424110267065 
15.8800888566 15.2400744765 0.0425743851344 
15.8800960073 15.2400683514 0.0425251900379 
15.8803673704 15.2403999164 0.0451927172784 
15.880165225 15.2401529926 0.0431664782475 
15.8800892607 15.2400666297 0.0423772866517 
15.8800910163 15.240053553 0.0423545449899 
15.8800864537 15.2400637799 0.0424761761367 
15.8801320802 15.2401157034 0.0428810710108 
15.8800922047 15.2400663223 0.042474897556 
15.880365206 15.2404085079 0.0450469249867 
15.8799524048 15.2400190127 0.0430168737976 
15.8800931704 15.2400702243 0.0425023527812 
15.8801355773 15.2401113927 0.0431624822359 
15.8802962993 15.2403035706 0.0443606708357 
15.8800924794 15.2400461848 0.0424383472443 
15.8803500963 15.2403605571 0.0450140425299 
15.8800831047 15.2400460285 0.0423216097369 
15.8800876645 15.2400612758 0.0425747754117 
15.8803727432 15.2403942135 0.0452779324525 
15.8803603213 15.2403540872 0.0451588796643 
15.8803685551 15.2403800823 0.0450458682238 
15.8803806772 15.240392373 0.0448532918439 
15.880107904 15.2400746245 0.0422597419912 
15.8800987323 15.2400435084 0.0423562114302 
15.8801147427 15.2400642185 0.042575380915 
15.8803149118 15.2403193719 0.044494320205 
15.8800942443 15.2400904433 0.0434902014335 
15.8801012823 15.2400421182 0.0426234856356 
15.8801084656 15.2400441966 0.0425203707718 
15.8800752509 15.2400701058 0.0423681897633 
15.8800372976 15.2400593436 0.0421786567664 
15.8800482807 15.2400620929 0.0423782362673 
15.880052846 15.2400737782 0.0423649441154 
15.8800604121 15.2400895343 0.042499918119 
15.8800657793 15.2400728953 0.0423766325119 
15.8802904292 15.2400824668 0.0434210878414 
15.9317267166 15.2385527086 0.0316664583416 
15.9787679502 15.2372669871 0.028221248192 
16.0007632637 15.2359864644 0.0355776743323 
16.0433980786 15.2339984442 0.0379808824659 
16.1420346462 15.2300882444 0.036053421559 
16.2505201065 15.2266714696 0.0394718336454 
16.4025663101 15.2234787599 0.035886282538 
16.548186537 15.2180290262 0.0473940577953 
16.6648251974 15.2137294824 0.0418979460326 
16.7955391371 15.2091444566 0.0470126122137 
16.9512526953 15.2033369506 0.0423195760669 
17.045956608 15.1981341879 0.0403047852147 
17.2168598139 15.191985477 0.0428435170989 
17.3391243183 15.1866081136 0.0373323310788 
17.5592880213 15.1764156895 0.0336278899037 
17.6567106211 15.173035119 -0.00166840231683 
17.8156901562 15.1670424009 0.0388630046666 
17.9885742628 15.159702454 0.0448868621304 
18.1163160765 15.1561860705 0.0447381821681 
18.2590389216 15.1498324911 0.04064318597 
18.3864049875 15.144743372 0.0401870273671 
18.5641767943 15.1380877833 0.0240726728124 
18.7316415274 15.1324496011 -0.282436909933 
18.8153023684 15.1115156377 -0.624402732987 
18.8574161493 15.0919398929 -0.927244958611 
18.8790230715 15.0863653983 -1.1791017613 
18.903406378 15.085666802 -1.56008978292 
18.9021496737 15.0347035492 4.63176476384 
18.8934285605 14.9982404078 4.66101325599 
18.872885462 14.8774740959 4.63550687497 
18.8499827349 14.7599068845 4.61785496592 
18.8361248934 14.6849623288 4.60375292827 
18.8058717215 14.5164991582 4.61089722558 
18.7737927401 14.3373327816 4.61592345256 
18.7508327925 14.2144485677 -1.52506983475 
18.7409832441 14.1119855607 -1.23089005731 
18.7642347777 14.0156472887 -1.06453706033 
18.7895252668 13.9633336032 -1.08870104937 
18.8099992239 13.9359468187 -1.26345109027 
18.8297414744 13.9307787384 -1.55384497062 
18.8447906935 13.9225796426 4.48515140373 
18.8457019293 13.9162712062 4.47167729097 
18.8457019293 13.9162712062 4.47167729097 
18.8457019293 13.9162712062 4.47167729097 
18.8457019293 13.9162712062 4.47167729097 
18.8457019293 13.9162712062 4.47167729097 
18.8457019293 13.9162712062 4.47167729097 
18.5631592238 13.2483191455 3.97744166168 
18.5612695181 13.2653492654 3.94575735543 
18.5612695181 13.2653492654 3.94575735543 
18.5612695181 13.2653492654 3.94575735543 
18.236068722 13.1377698148 3.35289204409 
18.0293414557 13.1060458387 3.3726394537 
17.9600655996 13.097633716 3.37517213302 
17.7163761818 13.0609983171 3.38885801667 
17.6178090536 13.0465897287 3.35357631442 
17.5272293055 13.0359302724 3.22500764813 
17.3815604412 13.0386012758 3.2485216638 
17.1927599871 13.0395368303 3.2010901178 
17.1689699852 13.0394645895 3.21137898451 
17.1689699852 13.0394645895 3.21137898451 
16.8400489056 13.0458909238 3.20216742529 
16.6335658991 13.0513080324 3.20570392606 
16.4120198452 13.0544005598 3.18398918158 
16.2081093752 13.0588368143 3.2287924663 
16.0400064551 13.0591996873 3.19094632273 
15.9483356365 13.0602017606 3.20668110143 
15.7483179831 13.0637117589 3.20711222046 
15.6384667122 13.0655511583 3.20004655044 
15.5239793622 13.0685042108 3.18044267491 
15.4190260732 13.0709701742 3.16662674219 
15.3323036396 13.0724931921 3.18844007243 
15.2130822503 13.0765870775 3.19165275057 
15.0777808392 13.0786160196 3.17705525284 
14.9068340623 13.0816255773 3.1947860738 
14.8793482744 13.0804878438 3.17360402691 
14.8793482744 13.0804878438 3.17360402691 
14.8027434313 13.0579813684 2.56190223054 
14.7791181767 13.0490297044 2.16360902072 
14.7555403673 13.0860546792 2.08609429879 
14.7555403673 13.0860546792 2.08609429879 
14.63943946 13.3366957868 2.05961938309 
14.5658535921 13.4989317621 2.07415439046 
14.5105560982 13.6142996515 2.0930213215 
14.477111932 13.6897029842 2.09798125469 
14.3954588139 13.8715351785 2.20974999265 
14.3655328714 13.9353013004 2.46928565985 
14.3244693243 13.9987704719 2.87389331895 
14.3186168635 14.0181777442 3.17350634059 
14.2909644806 14.0291968549 3.36194801037 
14.236107465 14.0229599441 3.40087927426 
14.0562708342 13.9895311559 3.40548089397 
13.8599772417 13.9558694328 3.38271667818 
13.7463808024 13.9353493417 3.39414656957 
13.559507128 13.903764602 3.3910354359 
13.4730503523 13.9104440177 -0.641157717003 
13.4730503523 13.9104440177 -0.641157717003 
13.2603535616 13.8429673875 3.74031599081 
13.1691467726 13.8418576683 3.80671702315 
13.1206052267 13.8366050685 4.25415011541 
13.1142759287 13.8440014089 4.38409411478 
13.1142759287 13.8440014089 4.38409411478 
13.1041424238 13.834721681 4.50217319687 
13.0743031466 13.734963652 4.50652900079 
13.0698442423 13.7238818372 4.51294550232 
13.0204985106 13.5627245868 4.53808264959 
12.9891447985 13.4765237535 -1.45022516316 
12.9741671049 13.4315835203 -1.11464152191 
12.9621031248 13.418842193 -0.8524135759 
12.9467480147 13.4045680727 -0.533205764214 
12.9363808596 13.3853039707 -0.188734650479 
12.9394509756 13.359335419 0.206213307788 
12.9652874434 13.3575916255 0.31304113726 
12.9652874434 13.3575916255 0.31304113726 
13.1036093199 13.3879860605 0.380680501861 
13.1036093199 13.3879860605 0.380680501861 
13.1036093199 13.3879860605 0.380680501861 
13.1760466063 13.3919261659 0.853794991924 
13.1760466063 13.3919261659 0.853794991924 
13.1760466063 13.3919261659 0.853794991924 
13.3773577177 13.6421622003 0.868923983154 
13.3773577177 13.6421622003 0.868923983154 
13.5124061072 13.7676993574 0.752505748947 
13.6154777968 13.8484469617 0.740902573645 
13.7341408693 13.9408558572 0.742945838298 
13.9438834154 14.1022876466 0.721277535659 
14.1293876135 14.2459615434 0.711486405384 
14.3395274841 14.4060596193 0.733190478429 
14.5357007944 14.5542300309 0.706064934883 
14.6820361578 14.6670956577 0.710015833037 
14.8094786369 14.765530702 0.707281614585 
14.9997208678 14.9120729233 0.738129461207 
15.1158810818 15.0022641535 0.720444630859 
15.178129729 15.0500907118 0.729301136877 
15.2554933393 15.1070943142 0.751347194112 
15.300647434 15.1247101391 1.0365034274 
15.3244522178 15.1127930398 1.43566320346 
15.3370060885 15.1192266981 1.63016252923 
15.3410390579 15.1619219745 1.7268410243 
15.3343320453 15.2634672357 1.72347530332 
15.3219983542 15.4098302687 1.7334740854 
15.3157544696 15.5014521743 1.73512684054 
15.3100784981 15.572967496 1.73892471301 
15.309066292 15.6105287636 1.70624344893 
15.3156581485 15.6206821764 1.88635354826 
15.3355562055 15.6247878636 2.17226733113 
15.3445731365 15.6301480199 2.30563403025 
15.3444372975 15.6307701136 2.34199658078 
15.3306448423 15.6241477097 2.13320774458 
15.3087301218 15.6183553303 1.76876550242 
15.3006696069 15.6189581419 1.65118209269 
15.2996925079 15.6183058883 1.63461686155 
15.3006758654 15.6198519433 1.65002242447 
15.3033001387 15.634800222 1.7035458195 
15.2992246115 15.7049011255 1.70018853818 
15.3022564017 15.7480280364 1.80063143648 
15.3178808653 15.7718763913 2.13093182599 
15.3292944991 15.7771339978 2.32103704918 
15.3290248477 15.7766169871 2.29964353604 
15.3289394939 15.7781295145 2.31805074825 
15.3389140927 15.7878878678 2.53763694446 
15.3481676542 15.8018024529 2.79173892084 
15.3503655755 15.8092008794 2.9131172364 
15.3282452786 15.8287841643 3.19071586476 
15.2403840983 15.8347759212 3.24912574125 
15.2058435046 15.8487901057 3.48835897481 
15.2006156408 15.8628719414 3.74601189477 
15.1854773128 15.8582678402 3.79149982741 
15.1294345224 15.8195528949 3.8112029324 
14.9996105396 15.732091781 3.82034455141 
14.9001188242 15.666941073 3.80862268316 
14.6911368334 15.5263394679 3.81366274329 
14.53449988 15.4260333295 3.81497145746 
14.4023605549 15.3329376916 3.79315417271 
14.2731550896 15.2501037859 3.79892503731 
14.0961923563 15.1299839283 3.65524946115 
14.037008878 15.0960096384 3.49402224961 
13.9363158905 15.0662030394 3.23011377588 
13.8894119227 15.0640230889 3.19439044677 
13.864364382 15.0655956532 3.20711686734 
13.8652310335 15.0652635063 3.20704561835 
13.8652310335 15.0652635063 3.20704561835 
13.8222162687 15.0655794109 3.21543638485 
13.8033714258 15.0662530179 3.21135512574 
13.8033714258 15.0662530179 3.21135512574 
13.7487843001 15.0696565027 3.20825565175 
13.7487843001 15.0696565027 3.20825565175 
13.7487843001 15.0696565027 3.20825565175 
13.7193186247 15.0969707782 3.64522700516 
13.7183814013 15.0991936589 3.67965530441 
13.7183814013 15.0991936589 3.67965530441 
13.6701719725 15.134327818 4.6120511183 
13.6540868246 15.134119604 -1.40668197147 
13.6316156351 15.1236483047 -1.27663605569 
13.6386563742 15.1222905705 -1.1576714424 
13.6327531302 15.0494103248 -0.821631681212 
13.65747213 15.0232942815 -0.659719542377 
13.6645541155 14.9946332837 -0.578163573403 
13.6739587748 14.9727100397 -0.195324465416 
13.708216902 14.9582272733 -0.458539462454 
13.708216902 14.9582272733 -0.458539462454 
14.0370616877 14.7738667096 -0.458347176275 
14.1943082773 14.6848646368 -0.492373909337 
14.299418565 14.6213234628 -0.727210633965 
14.3630832398 14.5584260787 -0.886556072853 
14.4468646013 14.4374477232 -0.926181239914 
14.5264146292 14.3221349085 -0.884327032759 
14.6502591335 14.1183487142 -1.16381605752 
14.7064143383 13.9490246738 -1.16513683245 
14.7390332186 13.8476587499 -1.18940655297 
14.7877775395 13.6915491785 -1.17239070219 
14.8561197483 13.4783785308 -0.946726610627 
14.8887722456 13.416060325 -0.755044948194 
15.0044226014 13.3009163106 -0.548097240544 
15.1117025578 13.2183490957 -0.196725267211 
15.183550533 13.1878091062 0.126759184038 
15.2645520532 13.1901093687 0.247966958363 
15.336422857 13.2041395868 0.215228372114 
15.3774863445 13.2164205278 0.0835258616076 
15.4275837206 13.2305740083 -0.24674272026 
15.4928086662 13.2113431657 -0.364770010691 
15.5488633179 13.1822384561 -0.337184344287 
15.5956886077 13.1434153284 0.0322448012813 
15.6526529753 13.1389313901 0.11739587411 
15.7715257966 13.1441663469 0.116685289936 
15.9191197866 13.1497908796 0.118823562786 
16.0668312424 13.1551438535 0.117012807079 
16.3166725003 13.165855285 0.1157672694 
16.5188161695 13.1749113763 0.109815456055 
16.7229003274 13.1799470151 0.133799476895 
16.9166116678 13.1850517953 0.114451536699 
17.0122595989 13.1876524652 0.113930163174 
17.1990761721 13.1951767171 0.112881748041 
17.375911113 13.2014778818 0.108821556784 
17.494636532 13.2062343324 0.108207288909 
17.6714451277 13.2112523283 0.109998197999 
17.792963382 13.214493152 0.111090931724 
18.034432646 13.2250360216 0.0956812093403 
18.2718594038 13.2306016649 0.115662844414 
18.4454362356 13.2340165342 0.213913566292 
18.5306184256 13.2399533952 0.37159217862 
18.5991160833 13.2482911314 0.651525440334 
18.6515338385 13.2699081863 0.880097958154 
18.6837420427 13.2876864637 1.13304040174 
18.7365841829 13.385205027 1.31385101042 
18.780874964 13.4598898853 1.50522187084 
18.7880487406 13.5463181699 1.97839549057 
18.7654068434 13.6032820905 2.05033128388 
18.7513141596 13.6147415603 1.90988545315 
18.7362997496 13.6445929969 1.74138104233 
18.7329981291 13.6755688156 1.75229636302 
18.7217900717 13.7723841632 1.75730573109 
18.7093112433 13.8884793485 1.75833347273 
18.6923367941 14.0469745363 1.75729847963 
18.6773772204 14.1764723028 1.75549817181 
18.6622941458 14.3084246481 1.75525299782 
18.6449742281 14.462517556 1.75511648495 
18.6201710665 14.7029870118 1.74793896261 
18.6045739615 14.8483744527 1.75622261299 
18.5773749315 15.0822938646 1.73457506787 
18.5721723997 15.182536796 1.80912822434 
18.548577305 15.3652726079 1.75565130015 
18.5346016848 15.4733177538 1.69160646474 
18.5266969168 15.5529120828 1.55668344653 
18.5305240118 15.6455702151 1.27051923487 
18.5648241007 15.7410444582 0.939232811542 
18.6279246771 15.8145122493 0.855952215988 
18.7512564623 15.9334658349 0.852458691954 
18.8506903612 16.03134596 0.858647407637 
18.9441392386 16.1235482062 0.847441222821 
19.0755734408 16.2482867206 0.869905533193 
19.1495730841 16.3178175653 0.847322826958 
19.1495730841 16.3178175653 0.847322826958 
19.1495730841 16.3178175653 0.847322826958 
19.1495730841 16.3178175653 0.847322826958 
19.1495730841 16.3178175653 0.847322826958 
19.1495730841 16.3178175653 0.847322826958 
19.1495730841 16.3178175653 0.847322826958 
19.1495730841 16.3178175653 0.847322826958 
19.1495730841 16.3178175653 0.847322826958 
19.1495730841 16.3178175653 0.847322826958 
19.1495730841 16.3178175653 0.847322826958 
19.1495730841 16.3178175653 0.847322826958 
19.1495730841 16.3178175653 0.847322826958 
19.1495730841 16.3178175653 0.847322826958 
19.1495730841 16.3178175653 0.847322826958 
19.1495730841 16.3178175653 0.847322826958 
19.1495730841 16.3178175653 0.847322826958 
19.1495730841 16.3178175653 0.847322826958 
19.1495730841 16.3178175653 0.847322826958 
19.1495730841 16.3178175653 0.847322826958 
19.1495730841 16.3178175653 0.847322826958 
19.1495730841 16.3178175653 0.847322826958 
19.1495730841 16.3178175653 0.847322826958 
19.1495730841 16.3178175653 0.847322826958 
19.1495730841 16.3178175653 0.847322826958 
19.1495730841 16.3178175653 0.847322826958 
19.2271146738 15.7393902505 4.01069038199 
19.1758177244 15.6871722008 4.01198290309 
19.1758177244 15.6871722008 4.01198290309 
19.0952424967 15.5971412326 3.58036245778 
19.0258724653 15.5711744095 3.56837781605 
18.8873414957 15.520818677 3.5676396979 
18.7207918131 15.4602444733 3.56713983478 
18.504589554 15.3820752467 3.53750494644 
18.3616659605 15.333740745 3.25302087749 
18.199997183 15.3332691903 3.1037733101 
18.0778691733 15.3474808524 3.1040874795 
17.9370975458 15.3631522248 3.10158048784 
17.7347958052 15.3858041579 3.09633098377 
17.6236250364 15.3991180176 3.10138205266 
17.3741205895 15.4260911162 3.09351209478 
17.1812081301 15.4507300074 3.09887775067 
16.9770359957 15.474062186 3.08501618384 
16.7497262919 15.5006895627 3.08527999488 
16.5787417256 15.521595862 3.10104510646 
16.3812819683 15.5462880398 3.10397785162 
16.1957333946 15.5690054561 3.08882466329 
16.0294881576 15.589297619 3.09381549689 
15.7961848193 15.6171764995 3.14019748748 
15.5974295401 15.6324985291 3.35639083718 
15.4273625576 15.6074384714 3.3722590086 
15.2524810397 15.57544392 3.7467616522 
15.155795511 15.5215289558 4.07994349075 
15.1018279755 15.4612764085 4.18208847616 
15.0507019126 15.3881365771 4.173685105 
15.0507019126 15.3881365771 4.173685105 
14.7843478882 15.0061227942 4.19792233732 
14.6800410711 14.8569909299 4.19374552969 
14.5739620888 14.7055931653 4.18153430052 
14.4940206968 14.5915910567 4.18717746351 
14.3589985335 14.4058960641 4.16153070555 
14.3589985335 14.4058960641 4.16153070555 
14.2188800537 14.2065125669 3.93372549431 
14.0801639521 14.0720310176 3.88735891724 
14.0505750143 14.0476269687 3.90325705563 
13.8973946535 13.9228123392 3.72190865413 
13.7677335703 13.8543242181 3.5240465491 
13.6821582281 13.8206907476 3.34988813085 
13.5313999617 13.8043093647 3.233260066 
13.3877210581 13.8050339187 3.21771727195 
13.1071310007 13.7989062036 3.22717688909 
13.0095057451 13.7961301769 3.13496721825 
12.9122252428 13.8011991943 2.91263527276 
12.8215160334 13.8196579183 2.57092785668 
12.8215160334 13.8196579183 2.57092785668 
12.7261891329 13.8541835512 1.75453312319 
12.7262656653 13.8553333248 1.76316825066 
12.7262656653 13.8553333248 1.76316825066 
12.7262656653 13.8553333248 1.76316825066 
12.6661505663 13.8782192434 0.743356308858 
12.6661505663 13.8782192434 0.743356308858 
12.6661505663 13.8782192434 0.743356308858 
12.6661505663 13.8782192434 0.743356308858 
12.6661505663 13.8782192434 0.743356308858 
12.6661505663 13.8782192434 0.743356308858 
12.6661505663 13.8782192434 0.743356308858 
12.6661505663 13.8782192434 0.743356308858 
13.1994192564 13.9193572963 -0.00672631097055 
13.1994192564 13.9193572963 -0.00672631097055 
13.5304264986 13.8779491151 0.23587022585 
13.6167149508 13.890816089 0.49443490184 
13.913202759 14.0390278066 0.548308749144 
14.0512500965 14.1096980537 0.55678226167 
14.2975351774 14.2399114336 0.544289962629 
14.434879657 14.3105593289 0.701739702602 
14.5068951809 14.3576068843 1.01114921175 
14.5647580587 14.4266615475 1.15278520704 
14.6050761902 14.5050604309 1.16884331922 
14.6616305077 14.6128824318 1.19385643344 
14.7209709847 14.7271956171 1.18979435996 
14.8111766541 14.8963701988 1.1506132497 
14.8862326109 15.0453993941 1.17258511529 
14.9792205059 15.2192645318 0.854200282989 
15.0515296423 15.2989069151 0.451494265348 
15.1024565661 15.3352675105 0.0786840093538 
15.1167665684 15.3529427315 -0.226898430007 
15.1260150635 15.3642530853 -0.447768323547 
15.1627438628 15.3475092615 -0.54981184453 
15.222622689 15.3045797984 -0.550296751256 
15.3001925313 15.2461094328 -0.5560962437 
15.3373362982 15.2132686528 -0.481796920133 
15.3920493686 15.16510186 -0.157056140927 
15.418823477 15.136368599 0.214362938312 
15.4180017376 15.127911594 0.332807479631 
15.4179084861 15.1334224085 0.254822423499 
15.4168214464 15.1514670069 -0.0195269272526 
15.4206245803 15.1648916046 -0.243287237905 
15.422992047 15.1744495446 -0.399937294827 
15.4228269124 15.1725448112 -0.367872630475 
15.4207245373 15.1733893047 -0.340873419137 
15.420579102 15.1669436509 -0.277557764791 
15.4160281086 15.1537146757 -0.046754620908 
15.4159462118 15.1397644768 0.151847001292 
15.4633277619 15.138558876 0.358566722005 
15.5206838214 15.1553406234 0.355680184138 
15.6034010613 15.1781330409 0.358148339013 
15.7684139573 15.2268940045 0.345098794515 
15.8262135127 15.2424455753 0.353248155498 
15.9948820585 15.2899768802 0.351631102807 
16.0589118713 15.3078175748 0.350489989664 
16.0729793274 15.3115548084 0.354228912429 
16.0729768091 15.311549824 0.354662637677 
16.0729628169 15.3114799599 0.354830334717 
16.0729278141 15.3114774863 0.355690818731 
16.0729632341 15.3114708404 0.354721312941 
16.0729110503 15.3114755044 0.356101219701 
16.0729338938 15.3114830668 0.355596514495 
16.0729190224 15.311498333 0.355816474588 
16.0729271882 15.3114991451 0.355768298637 
16.0729682409 15.3114817257 0.354620666213 
16.0729696267 15.3114829103 0.354639972378 
16.0729118549 15.3114858533 0.3557008472 
16.0729508066 15.3114747594 0.354678798531 
16.0730014705 15.3114975805 0.35375616269 
16.0729489588 15.3114927451 0.354829122784 
16.0731776172 15.3115743066 0.351065192683 
16.0729539805 15.3115071172 0.3547827186 
16.0729858094 15.3115148137 0.353912153442 
16.0731174761 15.3115514706 0.351897691913 
16.0729295873 15.3114798109 0.354817469801 
16.0731619262 15.3115813027 0.350934394679 
16.0731561297 15.3115684206 0.351104593654 
16.0731591695 15.3115829195 0.351053914452 
16.0729798638 15.3115120272 0.354006231256 
16.0731577688 15.3115738595 0.351114702288 
16.0729406887 15.3114781121 0.354468552825 
16.0731508398 15.3115809376 0.351055411007 
16.0730896109 15.3115562762 0.351929523741 
