15.8800144346 15.2400045854 0.0431103284644 
15.8800038613 15.2399952957 0.0432317204151 
15.8800012135 15.2400007759 0.0432965084864 
15.8800354182 15.2400360102 0.0427573171223 
15.8803375597 15.2402859612 0.0451101710827 
15.8804518172 15.2403833927 0.0455874928865 
15.8803304444 15.2402963771 0.0448974691521 
15.8799982798 15.2400185756 0.0429517824723 
15.8799776212 15.2400042726 0.0432711459909 
15.879987592 15.2399972073 0.0432486922435 
15.8799846825 15.2399960668 0.0432253812168 
15.8804376462 15.2403923108 0.0454464712543 
15.8804413538 15.2404023709 0.0453995107348 
15.8799719448 15.2400098518 0.0430746497847 
15.8804099049 15.240390036 0.0452289928929 
15.8800455212 15.2400955826 0.0434127995698 
15.8804069395 15.2403879925 0.0451555880508 
15.8803938694 15.2403654514 0.0451566631022 
15.8803931271 15.2403788625 0.045089710077 
15.8803866376 15.2403933904 0.0449519173938 
15.8803782725 15.240385243 0.0451820221886 
15.8803843596 15.2403918258 0.045107680728 
15.8803806241 15.2403994505 0.0450627486393 
15.8800168709 15.2400990792 0.0434464400892 
15.8803687805 15.2403685702 0.0450463382013 
15.8803748788 15.2403822541 0.0452567134916 
15.8803659232 15.2403941958 0.0451016673817 
15.8803800206 15.2403932044 0.0450803661887 
15.8803871871 15.2404125538 0.0451355632535 
15.88037638 15.2403919692 0.0449266660315 
15.8803713015 15.2403949932 0.045145663556 
15.8803814399 15.2403980605 0.045048866438 
15.8799110335 15.2400092635 0.0430136859876 
15.8800023516 15.2400639027 0.0432719681487 
15.8802914919 15.2404671365 0.0453750572116 
15.8800218339 15.2400777999 0.0434471798444 
15.8800494095 15.2400564053 0.0426209524013 
15.8799461584 15.2400287305 0.0430179630693 
15.8800854116 15.2400612622 0.0424329931257 
15.879911515 15.2400051061 0.0431026249174 
15.8800847578 15.2400791535 0.0425429477133 
15.8800961348 15.2400703267 0.0425867150154 
15.8800941474 15.2400614465 0.0424873280419 
15.8800930177 15.2400688583 0.0425418178227 
15.8801054481 15.2400816197 0.0425800489735 
15.8800862563 15.2400643365 0.0425237304317 
15.8800817515 15.2400634609 0.0424227984643 
15.8801034094 15.2400668135 0.0425366691572 
15.8801020245 15.2400883929 0.0426779578337 
15.8800972478 15.2400782026 0.0425454730298 
15.8800838423 15.2400732196 0.0426525508176 
15.8800918498 15.2400719404 0.0424828626722 
15.8800890531 15.2400787509 0.0425924677303 
15.8800918563 15.2400832146 0.0424834361087 
15.8803046244 15.2403194448 0.0445882909619 
15.8803021061 15.240312546 0.0443285131504 
15.8801013894 15.240066446 0.042615325118 
15.8801457967 15.2401091314 0.0428911324914 
15.8800989251 15.2400798944 0.0426307826514 
15.8803720578 15.2403920463 0.0450306431052 
15.8800765529 15.2400611255 0.0425377983526 
15.8800980105 15.240044496 0.0424514084188 
15.88009083 15.2400484835 0.0425126382129 
15.8803124783 15.2402948511 0.044415260625 
15.8800783876 15.2400382693 0.0425103211007 
15.8800923919 15.2400589768 0.0424817184109 
15.8800827862 15.2400507422 0.0425535032915 
15.8803633145 15.2403519601 0.0450735456073 
15.8803537768 15.240362925 0.0448965869618 
15.8803605448 15.2403750562 0.04464677663 
15.8803546886 15.2403812753 0.045290760669 
15.8801169425 15.2400169252 0.0425939681198 
15.880090735 15.2400475801 0.0424586772396 
15.8801032762 15.2400433533 0.0425676476675 
15.880092308 15.2400466676 0.0427019785597 
15.8801020702 15.2400556337 0.0425038108205 
15.8803371174 15.2403056291 0.0445597501346 
15.8800732504 15.2400455099 0.0424831690128 
15.880054406 15.2400841154 0.0422527859252 
15.8800392431 15.240070357 0.0423943393098 
15.8800482379 15.2400651715 0.0423974281614 
15.8800703391 15.2400746781 0.0422870698959 
15.8800513224 15.2400662518 0.0425027103814 
15.98834892 15.2362176753 0.0354419587873 
16.0294034147 15.2342092765 0.0388324509752 
16.0998558217 15.2313266767 0.03717731287 
16.1906882488 15.2285699297 0.0266521243433 
16.3351533675 15.2253302534 0.0375336614869 
16.4747271502 15.2208489946 0.0347289450352 
16.6175712907 15.2153602077 0.0479350712664 
16.7328879201 15.2112011763 0.0475434869916 
16.8926292622 15.2056847292 0.0471669196161 
17.0223686659 15.2000292505 0.0318184180132 
17.1448957884 15.1947575437 0.051016944286 
17.3102004492 15.1874595399 0.0443626480429 
17.466053363 15.1804320442 0.0410201611395 
17.6488685572 15.1731673891 -0.000730501410287 
17.8286000454 15.1669953207 0.0360802037734 
17.977610346 15.1601110811 0.047022738177 
18.131662842 15.155700628 0.039784749185 
18.2687008345 15.1494204367 0.0387956234888 
18.4127447569 15.1431475023 0.0472628301351 
18.5802748167 15.1374940316 0.0154905448751 
18.6936144793 15.1353123973 -0.158868734225 
18.7909960711 15.1206977556 -0.512714823779 
18.8490073645 15.0960930104 -0.849821911807 
18.8790230715 15.0863653983 -1.1791017613 
18.8939146959 15.0904541428 -1.42634765714 
18.9086499178 15.0698202665 4.64066582757 
18.894955393 15.0084294046 4.66433664697 
18.8843533957 14.9331076408 4.62381119162 
18.8609814608 14.8124099041 4.59134038919 
18.8334238493 14.6640875901 4.59190538762 
18.8058717215 14.5164991582 4.61089722558 
18.7797059977 14.3670228685 4.60382287335 
18.7538905108 14.2340298856 -1.55468762032 
18.7400588953 14.1238973106 -1.25670783025 
18.7574894392 14.0348278249 -1.11479939001 
18.785243746 13.9713488782 -1.07545945094 
18.8040506804 13.94249272 -1.19922970783 
18.8270859682 13.9309313262 -1.51275304588 
18.8436496222 13.927809831 4.54469188476 
18.8457019293 13.9162712062 4.47167729097 
18.8457019293 13.9162712062 4.47167729097 
18.8457019293 13.9162712062 4.47167729097 
18.8457019293 13.9162712062 4.47167729097 
18.8457019293 13.9162712062 4.47167729097 
18.8457019293 13.9162712062 4.47167729097 
18.6273589098 13.3978855575 4.1116235498 
18.5612695181 13.2653492654 3.94575735543 
18.5612695181 13.2653492654 3.94575735543 
18.5612695181 13.2653492654 3.94575735543 
18.2510426008 13.1406055654 3.3608504263 
18.1219749415 13.1188987459 3.36548179991 
17.9600655996 13.097633716 3.37517213302 
17.7991678679 13.0739980901 3.38253595228 
17.6511806213 13.0516346658 3.36319416162 
17.5311381781 13.0360289777 3.23422730534 
17.3815604412 13.0386012758 3.2485216638 
17.2415455544 13.0410183633 3.24224968788 
17.1689699852 13.0394645895 3.21137898451 
17.1689699852 13.0394645895 3.21137898451 
16.7141803467 13.0494464601 3.20710011785 
16.5734628403 13.0516787733 3.1861164869 
16.4216334784 13.0556424821 3.20043805258 
16.1988137626 13.0567153657 3.21269987621 
16.0485523307 13.0587011541 3.18928907185 
15.8967896738 13.060899135 3.20718125811 
15.7057252192 13.0647109712 3.20692254686 
15.563552972 13.0677350725 3.19570276027 
15.4251225853 13.0700362886 3.16564326886 
15.3387677633 13.0723386968 3.19214592001 
15.1731415355 13.0774029459 3.195279581 
15.0429276192 13.07964265 3.17084486429 
14.9301950895 13.0806983675 3.17826588639 
14.8793482744 13.0804878438 3.17360402691 
14.8078434431 13.0640424455 2.67807516994 
14.7958991491 13.0474344457 2.36378574374 
14.774618026 13.0531800951 2.13315273087 
14.7555403673 13.0860546792 2.08609429879 
14.7555403673 13.0860546792 2.08609429879 
14.7555403673 13.0860546792 2.08609429879 
14.6190650427 13.3817336524 2.07013512413 
14.5258909428 13.5844244922 2.06982345982 
14.4271339142 13.7955298389 2.12057634787 
14.370908972 13.9261946643 2.40640071945 
14.340065118 13.9793860877 2.72122035479 
14.3186168635 14.0181777442 3.17350634059 
14.2824084723 14.0273573364 3.41985388531 
14.2215537989 14.020319816 3.43118829564 
14.1330600941 14.0044592584 3.40599683103 
13.9980272019 13.977048632 3.42627105819 
13.846149441 13.9528694118 3.40021201686 
13.7161798441 13.9307814802 3.40256615504 
13.5012915098 13.8923580612 3.38826096725 
13.4730503523 13.9104440177 -0.641157717003 
13.2603535616 13.8429673875 3.74031599081 
13.2603535616 13.8429673875 3.74031599081 
13.1381857359 13.835352775 4.02200904082 
13.1217520201 13.8359038795 4.23031900008 
13.1142759287 13.8440014089 4.38409411478 
13.1142759287 13.8440014089 4.38409411478 
13.1142759287 13.8440014089 4.38409411478 
13.0934398138 13.7958891357 4.49794293425 
13.0698442423 13.7238818372 4.51294550232 
13.0367665255 13.6114881004 4.50195123722 
13.0115556681 13.5375941957 4.5891057681 
12.9849052393 13.4675606454 -1.45051890756 
12.9726095163 13.4278086389 -1.06746201966 
12.9605390989 13.4173394407 -0.821704286069 
12.9429104292 13.3977938856 -0.408878463634 
12.9369552099 13.3784176076 -0.0926593621187 
12.9416449034 13.3582663501 0.226329229876 
12.9652874434 13.3575916255 0.31304113726 
12.9652874434 13.3575916255 0.31304113726 
13.1036093199 13.3879860605 0.380680501861 
13.1036093199 13.3879860605 0.380680501861 
13.1036093199 13.3879860605 0.380680501861 
13.1760466063 13.3919261659 0.853794991924 
13.1760466063 13.3919261659 0.853794991924 
13.3327586615 13.5716212953 1.00088116805 
13.3773577177 13.6421622003 0.868923983154 
13.445302006 13.7175328697 0.69968667587 
13.5423426592 13.7916426624 0.749659952081 
13.6402652228 13.8684064115 0.739497999852 
13.7581820452 13.9597847427 0.736475278634 
13.8857653105 14.0589117969 0.739366971847 
14.0066865646 14.152336594 0.739266266808 
14.1195653641 14.2379957403 0.710514693776 
14.3395274841 14.4060596193 0.733190478429 
14.4800740444 14.5117284621 0.698428768938 
14.6468023026 14.6408998335 0.724835863791 
14.7919949257 14.7520175243 0.745290024182 
14.9357295 14.8637779916 0.707197781686 
15.074329015 14.9700543846 0.734000730768 
15.1740029418 15.0469028766 0.726373000689 
15.2319612467 15.091554519 0.725847090086 
15.2744272315 15.1168377141 0.812166328029 
15.300647434 15.1247101391 1.0365034274 
15.339033004 15.1230200196 1.65961993922 
15.3394508922 15.1781221593 1.72352857589 
15.3340883219 15.2711876484 1.72165086104 
15.3259229028 15.3670792843 1.72362037009 
15.3172844612 15.4869835342 1.73779728893 
15.3102722728 15.5847490395 1.71810539674 
15.309815582 15.6202446784 1.80566629165 
15.3330768907 15.6246616209 2.13716028843 
15.34448969 15.6303764249 2.302630746 
15.3430354559 15.6303736533 2.33034593516 
15.3346756065 15.6259277726 2.17183267425 
15.3087301218 15.6183553303 1.76876550242 
15.2988718712 15.6173801685 1.62152141488 
15.2996395194 15.6182556714 1.63368314445 
15.302954849 15.6195825602 1.68662842837 
15.3020334208 15.659541961 1.70143519384 
15.2983144486 15.7175980772 1.70517089353 
15.3068175876 15.7625573243 1.92067668283 
15.3208235466 15.7734708751 2.18233418116 
15.3276815974 15.7786943878 2.30971359736 
15.3289790117 15.7766274179 2.29990458097 
15.3338703477 15.7828614081 2.42207810192 
15.3456180656 15.7970203722 2.71105443356 
15.3520538771 15.818791684 3.06590372817 
15.3126410806 15.8299425806 3.20419271322 
15.2380540931 15.8353580798 3.25598482123 
15.2067333424 15.8480958904 3.47201371126 
15.2006156408 15.8628719414 3.74601189477 
15.1887937748 15.8592050041 3.80053938394 
15.1387467944 15.8272651995 3.81178273496 
15.07306939 15.7815986837 3.80024387434 
14.984772619 15.7230927313 3.79936069494 
14.8768382036 15.6519086326 3.80975215233 
14.7718006336 15.5802339877 3.78867466558 
14.6379702055 15.4920165206 3.79437183253 
14.5008226597 15.399931785 3.81233487438 
14.2731550896 15.2501037859 3.79892503731 
14.1505020821 15.1665186773 3.75633940056 
14.0463429653 15.1013667102 3.52918008895 
13.9591696226 15.0693783576 3.27342342128 
13.8995554411 15.0639321769 3.19267778858 
13.8685622179 15.0646262432 3.19701425395 
13.8652310335 15.0652635063 3.20704561835 
13.8652310335 15.0652635063 3.20704561835 
13.8458712065 15.0655485804 3.20493790231 
13.8033714258 15.0662530179 3.21135512574 
13.8033714258 15.0662530179 3.21135512574 
13.7487843001 15.0696565027 3.20825565175 
13.7487843001 15.0696565027 3.20825565175 
13.7487843001 15.0696565027 3.20825565175 
13.719563719 15.0958109761 3.62941152855 
13.7183814013 15.0991936589 3.67965530441 
13.7183814013 15.0991936589 3.67965530441 
13.6727874243 15.1338413397 4.57465075271 
13.6473247969 15.133684885 -1.30756853303 
13.6386563742 15.1222905705 -1.1576714424 
13.6386563742 15.1222905705 -1.1576714424 
13.6434788668 15.0486626143 -0.959320019442 
13.6385259592 15.0289579595 -0.708878451425 
13.6654972994 14.9918125982 -0.554311475283 
13.708216902 14.9582272733 -0.458539462454 
13.708216902 14.9582272733 -0.458539462454 
13.9805893862 14.8045107687 -0.342707910193 
14.1606366598 14.6987479294 -0.449670538296 
14.2653231585 14.6436298455 -0.606910319166 
14.358263489 14.5639829005 -0.881139736791 
14.5058807098 14.3538752163 -0.893961979301 
14.5812163317 14.2431611384 -0.982525343759 
14.6648360455 14.0744672979 -1.20083143757 
14.7167673075 13.9159884418 -1.1590986037 
14.7779612505 13.7237925495 -1.17495269678 
14.8167334759 13.6021096672 -1.16763668651 
14.8617279493 13.4663413728 -0.854898212059 
14.9409635627 13.3563848699 -0.604527956477 
15.0190872514 13.2883343662 -0.527802635075 
15.1367380583 13.2051132883 -0.0908919975459 
15.1861537063 13.1873122419 0.135410227476 
15.2488701307 13.1877018178 0.244373176531 
15.3417221868 13.2057760919 0.201256057377 
15.4010074997 13.2244600023 -0.0560932021281 
15.4886524045 13.2131601537 -0.362696955055 
15.5629663431 13.1732376779 -0.293066136516 
15.6050113105 13.1405252183 0.0759506244241 
15.6938140356 13.1405237878 0.120533180618 
15.8129730114 13.1455804075 0.116882937654 
15.9661799335 13.1514512266 0.117014589297 
16.1895436012 13.1609834398 0.11615051876 
16.3290191257 13.1663757528 0.120316739298 
16.739957031 13.1805487836 0.132094449648 
17.0122595989 13.1876524652 0.113930163174 
17.1990761721 13.1951767171 0.112881748041 
17.494636532 13.2062343324 0.108207288909 
17.6714451277 13.2112523283 0.109998197999 
17.9117696249 13.2198160852 0.0982112181706 
18.1545731985 13.2272509302 0.102419835353 
18.2718594038 13.2306016649 0.115662844414 
18.5306184256 13.2399533952 0.37159217862 
18.5991160833 13.2482911314 0.651525440334 
18.6837420427 13.2876864637 1.13304040174 
18.7394826376 13.3927903141 1.31601249881 
18.785605427 13.490186211 1.71589803748 
18.7857139074 13.5581431354 2.01883213028 
18.7601778471 13.6088230575 2.01335089433 
18.736667391 13.6380434001 1.7456288938 
18.7281334364 13.7175086702 1.75417730655 
18.7097964251 13.8812582458 1.761135126 
18.6688017809 14.2487623657 1.75523596021 
18.6429631674 14.4794689978 1.75560723641 
18.6142365896 14.7600787545 1.75452523396 
18.5936608278 14.9425476159 1.75951408352 
18.5721723997 15.182536796 1.80912822434 
18.5433700049 15.415380236 1.75089473158 
18.530325886 15.5068360234 1.64184460628 
18.5386645758 15.6862088407 1.10498318724 
18.6327960455 15.8193732465 0.853994747395 
18.8090465033 15.990800556 0.852002990462 
18.9509026968 16.1290248002 0.846935846264 
19.1495730841 16.3178175653 0.847322826958 
19.1495730841 16.3178175653 0.847322826958 
19.1495730841 16.3178175653 0.847322826958 
19.1495730841 16.3178175653 0.847322826958 
19.1495730841 16.3178175653 0.847322826958 
19.1495730841 16.3178175653 0.847322826958 
19.1495730841 16.3178175653 0.847322826958 
19.1495730841 16.3178175653 0.847322826958 
19.1495730841 16.3178175653 0.847322826958 
19.1495730841 16.3178175653 0.847322826958 
19.1495730841 16.3178175653 0.847322826958 
19.1495730841 16.3178175653 0.847322826958 
19.1495730841 16.3178175653 0.847322826958 
19.1495730841 16.3178175653 0.847322826958 
19.1495730841 16.3178175653 0.847322826958 
19.1495730841 16.3178175653 0.847322826958 
19.1495730841 16.3178175653 0.847322826958 
19.1495730841 16.3178175653 0.847322826958 
19.1495730841 16.3178175653 0.847322826958 
19.1495730841 16.3178175653 0.847322826958 
19.1495730841 16.3178175653 0.847322826958 
19.1495730841 16.3178175653 0.847322826958 
19.1495730841 16.3178175653 0.847322826958 
19.2177474463 15.7299703325 4.01278394607 
19.1758177244 15.6871722008 4.01198290309 
19.1758177244 15.6871722008 4.01198290309 
19.0707778895 15.5872918929 3.57027922842 
18.979018923 15.5550209249 3.57502906524 
18.8461341822 15.5057583416 3.57259319665 
18.6921992266 15.4498748595 3.5682542033 
18.4985015356 15.3796406353 3.53057639468 
18.369397875 15.3350270952 3.26653319729 
18.2094664538 15.3331706564 3.11257737261 
17.9542829954 15.3615985776 3.10713080831 
17.7854524815 15.3800951357 3.09748227027 
17.5936864578 15.4024693186 3.10069822168 
17.4027771914 15.4237177933 3.10296357092 
17.2327182257 15.4442211802 3.10184280139 
17.0364688599 15.4674164469 3.10876160165 
16.7795853579 15.4972256387 3.08688720451 
16.5617363417 15.5236583615 3.09997582612 
16.2389055752 15.5645222033 3.09478836467 
16.0463741088 15.5872889424 3.0935981106 
15.9058347066 15.6035581494 3.09710245306 
15.6808239781 15.6317443813 3.26060028611 
15.4698773586 15.6131878758 3.37381824097 
15.2828640902 15.583479401 3.63967552866 
15.1670129263 15.5306836928 4.04640848603 
15.106882509 15.4667230363 4.19986136485 
15.0507019126 15.3881365771 4.173685105 
15.0507019126 15.3881365771 4.173685105 
14.7726885044 14.9883792813 4.2010245856 
14.6926206314 14.8748749758 4.20311728093 
14.6068220102 14.7549133564 4.10929889107 
14.4695090019 14.5605215991 4.1200827609 
14.3906713688 14.4492888416 4.17560277663 
14.3589985335 14.4058960641 4.16153070555 
14.2188800537 14.2065125669 3.93372549431 
14.2188800537 14.2065125669 3.93372549431 
14.0505750143 14.0476269687 3.90325705563 
13.9061818087 13.9305546249 3.76056153579 
13.7773413622 13.8604193891 3.59011212119 
13.6821582281 13.8206907476 3.34988813085 
13.5313999617 13.8043093647 3.233260066 
13.3710131609 13.8034840787 3.2347505232 
13.2002274954 13.8005318607 3.22758892988 
13.0446906054 13.7973579133 3.19792110692 
12.9348871672 13.7978821958 3.01356277157 
12.8367638552 13.8161745037 2.63937974467 
12.8215160334 13.8196579183 2.57092785668 
12.7442922556 13.8583075965 2.02552561354 
12.7261891329 13.8541835512 1.75453312319 
12.7262656653 13.8553333248 1.76316825066 
12.7262656653 13.8553333248 1.76316825066 
12.7262656653 13.8553333248 1.76316825066 
12.6661505663 13.8782192434 0.743356308858 
12.6661505663 13.8782192434 0.743356308858 
12.6661505663 13.8782192434 0.743356308858 
12.6661505663 13.8782192434 0.743356308858 
12.6661505663 13.8782192434 0.743356308858 
12.6661505663 13.8782192434 0.743356308858 
12.6661505663 13.8782192434 0.743356308858 
12.6661505663 13.8782192434 0.743356308858 
12.6661505663 13.8782192434 0.743356308858 
13.1994192564 13.9193572963 -0.00672631097055 
13.1994192564 13.9193572963 -0.00672631097055 
13.5782048666 13.8798271383 0.416621099934 
13.7078459227 13.9293556179 0.554393090301 
13.8531172239 14.0049345458 0.560495379573 
13.9766465389 14.0725090469 0.555880626556 
14.1093786919 14.1406701768 0.566305171461 
14.2702856028 14.2271406616 0.566058487459 
14.3975517714 14.2882039512 0.606357668841 
14.5270203316 14.3781326378 1.07613748993 
14.5792026484 14.4546649421 1.16908609696 
14.6436055863 14.5789159502 1.19586889314 
14.7280327046 14.7397803033 1.18325787058 
14.8111766541 14.8963701988 1.1506132497 
14.9003604614 15.0709298516 1.15789778532 
14.9621444904 15.1911370012 0.959903154072 
15.0368588531 15.2862694303 0.529002080352 
15.0955067837 15.3306573893 0.128291909359 
15.1154180729 15.3516513968 -0.211357271713 
15.1260150635 15.3642530853 -0.447768323547 
15.1652507746 15.3458841483 -0.550133279633 
15.22777408 15.3005893717 -0.550591341674 
15.3274484837 15.2235594338 -0.517131833612 
15.3974016869 15.1592464859 -0.101324463307 
15.4184432888 15.1385727788 0.178245826713 
15.4172550702 15.1292296613 0.311523586839 
15.4182259404 15.1298086757 0.299598804891 
15.4165750408 15.1485643427 0.0347536599928 
15.4210413062 15.1664484332 -0.269244388959 
15.4229928219 15.1743148158 -0.399165152759 
15.4208931291 15.1715588386 -0.339756642736 
15.4213446641 15.172372889 -0.359282379761 
15.4181755149 15.1575126986 -0.0976057630738 
15.4170461857 15.1387020017 0.171861424885 
15.4457722568 15.1340690518 0.339061267282 
15.4898065889 15.1464836563 0.356137484198 
15.6233346724 15.1834838132 0.35784354021 
15.7490198129 15.2206172778 0.350626986291 
15.8482408562 15.2488840206 0.352843365652 
15.9909858295 15.288944308 0.350838743322 
16.0408283138 15.3025666291 0.349686683704 
16.0699124151 15.3100654224 0.342531549443 
16.0728746616 15.3114773969 0.355795175012 
16.0730058664 15.3115643526 0.354689369333 
16.0729605668 15.3114722634 0.354816844012 
16.0729233735 15.3114956806 0.355497806426 
16.0729553514 15.3114823143 0.355048689897 
16.072962951 15.3114653716 0.354883897017 
16.0729220771 15.3114696781 0.355693993442 
16.0729812199 15.3114863748 0.354680226876 
16.0729208403 15.3114964257 0.355823193482 
16.0729627126 15.3114783133 0.354575337127 
16.0729734712 15.3115127797 0.354728691586 
16.0729552471 15.3114746402 0.354786823661 
16.072946828 15.3114667947 0.35461900297 
16.0729080104 15.3115101869 0.355650365952 
16.0731229597 15.3115557472 0.351941040863 
16.0731255674 15.3115779499 0.35199961463 
16.0731731915 15.311561052 0.350985175522 
16.0731238836 15.3115567158 0.351716440815 
16.0731174761 15.3115514706 0.351897691913 
16.0731226468 15.3115729655 0.351603627785 
16.0731652194 15.31158359 0.350999679324 
16.0731252545 15.3115648443 0.351760885672 
16.0729807579 15.3115047107 0.354010529892 
16.0731661284 15.3115746493 0.35088494591 
16.0729429388 15.311481748 0.354589300117 
16.0729227179 15.3114848847 0.354841048627 
16.0731496477 15.3115671764 0.350986144223 
16.0731620901 15.3115773017 0.350833172113 
