15.8800038613 15.2399952957 0.0432317204151 
15.880012259 15.240003379 0.0431510390082 
15.8804593423 15.2403802595 0.0455418410812 
15.8800119461 15.2400198105 0.0432187994652 
15.8799870248 15.2400097362 0.0431827486868 
15.8800309842 15.2400464451 0.0431366496198 
15.8799852255 15.2400098316 0.0431744486254 
15.8799938076 15.2400087959 0.0431400656989 
15.879982222 15.2400162412 0.043134539975 
15.8804505375 15.2404045616 0.0452766964488 
15.8799825889 15.2400011643 0.0431060043442 
15.8799540392 15.2400117484 0.0430736576569 
15.8804109759 15.2403838548 0.0451473659218 
15.87995533 15.2400093923 0.0431861962355 
15.8799467516 15.239999367 0.0430763673868 
15.8803965879 15.2403944973 0.0447752437494 
15.8802789209 15.240301762 0.0445748182988 
15.8803878875 15.2403698939 0.0450875288031 
15.8803866274 15.2403890384 0.0450388997935 
15.8803863592 15.2403948684 0.0452289521307 
15.8803693104 15.2403848607 0.0450523509193 
15.8803775312 15.2403774571 0.0452900503726 
15.8803687805 15.2403685702 0.0450463382013 
15.880369411 15.2403724748 0.0451395787039 
15.8800076685 15.2400883462 0.0434447768508 
15.8803723837 15.2403979004 0.0450879826475 
15.8803871871 15.2404125538 0.0451355632535 
15.8803812183 15.2403979059 0.0450649899738 
15.8803758045 15.2403895159 0.0450994831188 
15.8803781011 15.2403823733 0.045124486778 
15.8803653299 15.2403938377 0.0451374554972 
15.8803735889 15.2404126031 0.0451957670097 
15.8800218339 15.2400777999 0.0434471798444 
15.8800629313 15.24004746 0.0425972816281 
15.8799310421 15.240009231 0.0428969290273 
15.8800979332 15.2400763944 0.0425102422302 
15.8799437351 15.2400247085 0.0430406241845 
15.8800831503 15.2400580829 0.0425527100688 
15.8800917045 15.2400728454 0.0424737739337 
15.88008462 15.2400758425 0.042511008605 
15.8800991262 15.2400687765 0.0425803370059 
15.8800967225 15.2400680175 0.0424534751274 
15.8800815531 15.2400596659 0.042560609557 
15.8800841329 15.2400608335 0.042483374226 
15.8800839885 15.2400783089 0.0427435436801 
15.8800974201 15.2400645153 0.0425353481882 
15.880353043 15.2403815263 0.04516009635 
15.8800913143 15.2400701953 0.0424722608726 
15.8800777598 15.240057295 0.0424353081073 
15.8800852533 15.2400653848 0.0425261188882 
15.8803119437 15.2403139419 0.0444155597041 
15.8800885855 15.2400515616 0.0424305126823 
15.8803154306 15.2403131153 0.0445456086919 
15.8800864249 15.2400774257 0.0424645368931 
15.8801020124 15.2400581841 0.0425767197133 
15.8800807205 15.2400708244 0.0424373050586 
15.8800992268 15.2400712214 0.0425105383492 
15.8802977485 15.2403032428 0.04460436751 
15.8800824472 15.2400500809 0.0425094484802 
15.8803111027 15.2403071288 0.0445793356525 
15.8800845632 15.2400346643 0.0424645773267 
15.8800970075 15.2400590985 0.0426469894078 
15.8803639646 15.240391227 0.0452829128644 
15.8803572814 15.2403690673 0.0451557529963 
15.8803632782 15.2403623345 0.0450238558685 
15.8803796602 15.2403828555 0.045187847477 
15.8801147594 15.240053924 0.0423309327092 
15.8801065675 15.2400542275 0.0424509247246 
15.8800922838 15.2400429971 0.0425749928878 
15.8800993712 15.2400618629 0.0427583841525 
15.8800919932 15.2400569986 0.0426149001543 
15.8800873609 15.2400333881 0.0425828311773 
15.8800819284 15.2400530712 0.0424636862777 
15.8800251746 15.240062925 0.042216651417 
15.880047694 15.2400733088 0.0422565578271 
15.8800475151 15.2400714053 0.0423619070759 
15.8800653537 15.2400549479 0.0423817649192 
15.8800654357 15.2400762868 0.0425269591346 
15.8815230449 15.239907195 0.0452505253842 
15.939782452 15.2389876461 0.0335461949142 
15.9835016691 15.2371331382 0.0283803610955 
16.0260407889 15.234295557 0.0422093202777 
16.1071737522 15.2315963858 0.0349179413592 
16.1669438147 15.2285257366 0.0303247838866 
16.3467788958 15.2247971085 0.0392297365703 
16.4559780323 15.2216088271 0.0370225475333 
16.5913479292 15.2160824651 0.0397848798518 
16.7261579597 15.2113875619 0.0482102104311 
16.8799629175 15.2065405252 0.0451251496315 
17.0293785297 15.1991660486 0.0369380160841 
17.1773625576 15.1932958777 0.0521363112995 
17.3225033247 15.1874367523 0.0450338793533 
17.466053363 15.1804320442 0.0410201611395 
17.6373769009 15.1732820238 -0.00292900770789 
17.7942601406 15.1678635443 0.0386010629365 
18.051810261 15.1582226197 0.0416857874879 
18.1868567431 15.1526307578 0.0535441586968 
18.3319702112 15.1469850505 0.037922557122 
18.5573663675 15.1381603519 0.0299239424787 
18.6733825171 15.136634093 -0.110170919884 
18.7769868338 15.124386091 -0.454243579093 
18.8424582445 15.0991019572 -0.786165931585 
18.8800587618 15.0865844304 -1.1967657519 
18.9012324774 15.0890946353 -1.52318619503 
18.8970720732 15.0192583467 4.66072655749 
18.8843533957 14.9331076408 4.62381119162 
18.8622631991 14.8190959955 4.59047181193 
18.8318483793 14.655648228 4.59285805069 
18.8074836695 14.5250847305 4.6106597083 
18.7797059977 14.3670228685 4.60382287335 
18.7508327925 14.2144485677 -1.52506983475 
18.7467908823 14.0755661691 -1.15739708056 
18.7724933588 13.9952419961 -1.05865158773 
18.7932774984 13.9563845361 -1.104117779 
18.8183178866 13.9326579536 -1.35742406377 
18.8419654333 13.929152366 4.54141410445 
18.8457019293 13.9162712062 4.47167729097 
18.8457019293 13.9162712062 4.47167729097 
18.8457019293 13.9162712062 4.47167729097 
18.8457019293 13.9162712062 4.47167729097 
18.8457019293 13.9162712062 4.47167729097 
18.8457019293 13.9162712062 4.47167729097 
18.8457019293 13.9162712062 4.47167729097 
18.5631592238 13.2483191455 3.97744166168 
18.5612695181 13.2653492654 3.94575735543 
18.5612695181 13.2653492654 3.94575735543 
18.2062993013 13.1320942605 3.37423735881 
18.0407335722 13.1077278818 3.37355901001 
17.8805837595 13.0854235853 3.36813150824 
17.7081100905 13.0609639848 3.37907066968 
17.5829868281 13.0416818822 3.32212057379 
17.4567731583 13.0366498197 3.25447696625 
17.2415455544 13.0410183633 3.24224968788 
17.1689699852 13.0394645895 3.21137898451 
16.869564768 13.045000192 3.2012376449 
16.6049084627 13.0518072809 3.2012065246 
16.4503170216 13.0529748167 3.18624691864 
16.31084257 13.0580533708 3.19906188402 
16.1411562228 13.0595251287 3.2291934469 
15.9809443691 13.0599242414 3.19833520294 
15.8882995489 13.0609244073 3.20606379659 
15.6974962169 13.0646210874 3.20131424025 
15.5029591584 13.0681003297 3.17654339076 
15.3448070848 13.0722850526 3.18542139253 
15.1856309735 13.0771824087 3.19135217753 
15.0292264783 13.0796481336 3.17136199408 
14.9068340623 13.0816255773 3.1947860738 
14.8793482744 13.0804878438 3.17360402691 
14.8108210528 13.05777156 2.71120372904 
14.7947937214 13.0468941892 2.34463280376 
14.7713478767 13.0569199289 2.11730369703 
14.7555403673 13.0860546792 2.08609429879 
14.7555403673 13.0860546792 2.08609429879 
14.6281267368 13.3621932233 2.06849438909 
14.5787343943 13.4710850681 2.07524602954 
14.5020292961 13.6340155567 2.08433231174 
14.4091365301 13.8422102893 2.15125547952 
14.370908972 13.9261946643 2.40640071945 
14.340065118 13.9793860877 2.72122035479 
14.3182080948 14.0209652151 3.21730420379 
14.2685170138 14.0286792482 3.40054110788 
14.1991654598 14.0152705873 3.43588643615 
14.0833822453 13.9927823509 3.44067625471 
13.935710665 13.9693531955 3.41124388103 
13.8269722426 13.9509071077 3.3832101414 
13.5851912462 13.8984256948 3.33208943561 
13.4730503523 13.9104440177 -0.641157717003 
13.4730503523 13.9104440177 -0.641157717003 
13.2603535616 13.8429673875 3.74031599081 
13.2603535616 13.8429673875 3.74031599081 
13.1691467726 13.8418576683 3.80671702315 
13.1217520201 13.8359038795 4.23031900008 
13.1142759287 13.8440014089 4.38409411478 
13.1142759287 13.8440014089 4.38409411478 
13.1041424238 13.834721681 4.50217319687 
13.0772945845 13.7477114166 4.48630593447 
13.0698442423 13.7238818372 4.51294550232 
13.0232851469 13.5693772996 4.52489298676 
13.0072121584 13.527349707 4.62341603406 
12.9731409514 13.4507367576 -1.48345108705 
12.9605390989 13.4173394407 -0.821704286069 
12.945392605 13.40317845 -0.497308848999 
12.9382450544 13.3819987739 -0.158055424745 
12.9357523882 13.3617510761 0.148058654655 
12.9450621569 13.3576711381 0.24258654738 
12.9652874434 13.3575916255 0.31304113726 
12.9652874434 13.3575916255 0.31304113726 
13.1036093199 13.3879860605 0.380680501861 
13.1036093199 13.3879860605 0.380680501861 
13.1760466063 13.3919261659 0.853794991924 
13.1760466063 13.3919261659 0.853794991924 
13.3455848658 13.5904339517 1.0016345941 
13.3773577177 13.6421622003 0.868923983154 
13.3773577177 13.6421622003 0.868923983154 
13.49422526 13.7552270854 0.748383425799 
13.7110710108 13.9224561418 0.743800615791 
13.8791015112 14.0535041059 0.73897336861 
14.0244034493 14.1652345623 0.727713669472 
14.1573247873 14.267643925 0.758356959382 
14.3395274841 14.4060596193 0.733190478429 
14.4800740444 14.5117284621 0.698428768938 
14.6427426302 14.632967111 0.734218242831 
14.7860703432 14.747077551 0.742383841392 
14.918050524 14.849456575 0.704078720332 
15.074329015 14.9700543846 0.734000730768 
15.2147587502 15.0775094743 0.728655712335 
15.2554933393 15.1070943142 0.751347194112 
15.300647434 15.1247101391 1.0365034274 
15.3244522178 15.1127930398 1.43566320346 
15.341900047 15.1368164311 1.70979480002 
15.3329054081 15.2811573523 1.72057805362 
15.3249565923 15.3837777341 1.72040227823 
15.3152449095 15.5096829797 1.73578718908 
15.3082481587 15.5950192774 1.7377891013 
15.3089950645 15.6208398605 1.75158243812 
15.3267202937 15.6226502622 2.07449461688 
15.3397499287 15.6279026831 2.28247581972 
15.3435951435 15.6302580501 2.34253898834 
15.3365992868 15.625088122 2.18628168282 
15.307595905 15.6180714334 1.74605094387 
15.2990739905 15.6175690855 1.62284825242 
15.2996650898 15.6183151568 1.63428796651 
15.3041603529 15.6225414241 1.70356201259 
15.3016753757 15.6690551902 1.69989272037 
15.3004023397 15.7357479597 1.75427288288 
15.3136832678 15.7682486142 2.02886679483 
15.3279423082 15.7758114899 2.27706101206 
15.3289421165 15.7766534055 2.29751920411 
15.3289394939 15.7781295145 2.31805074825 
15.3448505365 15.79606789 2.69308048591 
15.3520538771 15.818791684 3.06590372817 
15.3126410806 15.8299425806 3.20419271322 
15.2497163975 15.8332548703 3.22051869254 
15.2174867951 15.8394585813 3.34527390338 
15.2007597649 15.854353484 3.61460395991 
15.1960019433 15.8647675479 3.80164255692 
15.1425912344 15.8300222124 3.80476285611 
15.0261595213 15.7490168775 3.82247987313 
14.9168157541 15.6777270401 3.82645147521 
14.7476767265 15.5655857886 3.79002704307 
14.6379702055 15.4920165206 3.79437183253 
14.5187388622 15.4129551167 3.83875652273 
14.3668701613 15.3095811571 3.79236373919 
14.180896517 15.1889049898 3.78845862673 
14.0421954357 15.0986454452 3.51696961887 
13.973660227 15.0720971043 3.29975993478 
13.9083968365 15.0632551874 3.18726652299 
13.8685622179 15.0646262432 3.19701425395 
13.8650736773 15.0651502425 3.2060032069 
13.8652310335 15.0652635063 3.20704561835 
13.8340909445 15.0650289024 3.25726653477 
13.8033714258 15.0662530179 3.21135512574 
13.8033714258 15.0662530179 3.21135512574 
13.7487843001 15.0696565027 3.20825565175 
13.7487843001 15.0696565027 3.20825565175 
13.7487843001 15.0696565027 3.20825565175 
13.7185842955 15.0906541909 3.5522674021 
13.7183814013 15.0991936589 3.67965530441 
13.7183814013 15.0991936589 3.67965530441 
13.6727874243 15.1338413397 4.57465075271 
13.64839625 15.1338316391 -1.32365576489 
13.6386563742 15.1222905705 -1.1576714424 
13.6386563742 15.1222905705 -1.1576714424 
13.6434788668 15.0486626143 -0.959320019442 
13.6603071653 15.0165732617 -0.608779197869 
13.6654972994 14.9918125982 -0.554311475283 
13.7025577986 14.9615882898 -0.452720960923 
13.708216902 14.9582272733 -0.458539462454 
13.8628320658 14.8738499249 -0.336257193025 
14.0057296717 14.7902551557 -0.349000694542 
14.1750385725 14.6926029886 -0.481106736944 
14.3259576523 14.6014721359 -0.767750053462 
14.407404896 14.4976192678 -0.945250478077 
14.5405759775 14.2972042526 -0.938754299301 
14.6137984955 14.194895264 -1.1059174817 
14.6773078405 14.037944075 -1.20771652572 
14.7279388868 13.8804964984 -1.14562705339 
14.7915657723 13.6836113895 -1.1894476025 
14.8366675341 13.5340635742 -1.07331541171 
14.8851597273 13.4208450283 -0.76791944227 
15.054752227 13.2566035951 -0.403572002555 
15.1326511466 13.2069934572 -0.109000385097 
15.1946889722 13.186033603 0.15973840975 
15.321637448 13.2010446752 0.232598037712 
15.3712697589 13.2149225439 0.107815598418 
15.4173771405 13.2306469644 -0.199908258511 
15.4784380757 13.2175310815 -0.354890417704 
15.5488633179 13.1822384561 -0.337184344287 
15.5861982965 13.1544526781 -0.117541974096 
15.6030530595 13.1406739915 0.0712595489754 
15.6680908465 13.1396676267 0.116939852019 
15.7575215959 13.1435257162 0.117357084904 
15.8520587684 13.1472066606 0.11942302943 
15.9661799335 13.1514512266 0.117014589297 
16.1251456254 13.1577616895 0.112567393611 
16.2996043527 13.1653381551 0.115725573767 
16.4615526759 13.1710833276 0.113493874155 
16.6201065147 13.1771639551 0.125549087483 
16.7540439927 13.1802645887 0.11180729156 
16.8812169993 13.1851226057 0.194555362693 
17.0122595989 13.1876524652 0.113930163174 
17.1013314688 13.1918057168 0.11303578239 
17.2907565796 13.1979159082 0.111276235305 
17.494636532 13.2062343324 0.108207288909 
17.6714451277 13.2112523283 0.109998197999 
17.792963382 13.214493152 0.111090931724 
17.9117696249 13.2198160852 0.0982112181706 
18.1545731985 13.2272509302 0.102419835353 
18.2718594038 13.2306016649 0.115662844414 
18.3852155172 13.2343100275 0.125593083132 
18.5306184256 13.2399533952 0.37159217862 
18.5991160833 13.2482911314 0.651525440334 
18.6790120566 13.2841297353 1.11055121814 
18.712688204 13.3295901979 1.26480684572 
18.7588305437 13.435442921 1.40303367396 
18.7988436186 13.4483230079 3.40930808753 
18.7944562399 13.5271565879 1.97859624494 
18.7775986158 13.5813677276 2.08106700435 
18.7583286726 13.610874411 1.9960426702 
18.7451879942 13.6151300634 1.82099040185 
18.7364468538 13.650253054 1.75772576013 
18.7239859068 13.7544891799 1.75702096414 
18.7038655245 13.9429670537 1.75828106419 
18.6810135805 14.1466150249 1.7545996209 
18.6548926794 14.3769808973 1.75639073315 
18.6193757021 14.7112323607 1.74754501646 
18.5973031485 14.9132612313 1.75395308999 
18.5840654337 15.0459301586 1.7507302878 
18.5682280027 15.2202614567 1.81186312409 
18.5477511847 15.373782363 1.7561290815 
18.5274636709 15.5365062619 1.59050709652 
18.5343544447 15.6681823398 1.1805917883 
18.6022803747 15.7875928844 0.868062870222 
18.7151994669 15.8983649577 0.847822526232 
18.8181014025 15.9990265931 0.860212374409 
18.9570085966 16.1343151892 0.830472471467 
19.0854465925 16.2569483484 0.860056170898 
19.1495730841 16.3178175653 0.847322826958 
19.1495730841 16.3178175653 0.847322826958 
19.1495730841 16.3178175653 0.847322826958 
19.1495730841 16.3178175653 0.847322826958 
19.1495730841 16.3178175653 0.847322826958 
19.1495730841 16.3178175653 0.847322826958 
19.1495730841 16.3178175653 0.847322826958 
19.1495730841 16.3178175653 0.847322826958 
19.1495730841 16.3178175653 0.847322826958 
19.1495730841 16.3178175653 0.847322826958 
19.1495730841 16.3178175653 0.847322826958 
19.1495730841 16.3178175653 0.847322826958 
19.1495730841 16.3178175653 0.847322826958 
19.1495730841 16.3178175653 0.847322826958 
19.1495730841 16.3178175653 0.847322826958 
19.1495730841 16.3178175653 0.847322826958 
19.1495730841 16.3178175653 0.847322826958 
19.1495730841 16.3178175653 0.847322826958 
19.1495730841 16.3178175653 0.847322826958 
19.1495730841 16.3178175653 0.847322826958 
19.1495730841 16.3178175653 0.847322826958 
19.1495730841 16.3178175653 0.847322826958 
19.1495730841 16.3178175653 0.847322826958 
19.1495730841 16.3178175653 0.847322826958 
19.1495730841 16.3178175653 0.847322826958 
19.1495730841 16.3178175653 0.847322826958 
19.1495730841 16.3178175653 0.847322826958 
19.2334814036 15.7456923688 4.01148758778 
19.1758177244 15.6871722008 4.01198290309 
19.1758177244 15.6871722008 4.01198290309 
19.0876479113 15.59335598 3.56691801689 
18.9715425932 15.5508501197 3.58673866261 
18.8573691809 15.5103750492 3.5706416439 
18.5760033095 15.4089028502 3.56856234551 
18.3989543879 15.344054688 3.35567298715 
18.2570147478 15.3294655869 3.12838217897 
18.0352227652 15.3509327511 3.08917912348 
17.7556488478 15.3841141577 3.10470960331 
17.5936864578 15.4024693186 3.10069822168 
17.4358700478 15.4185965175 3.10035301385 
17.2112595999 15.4459727223 3.0877467775 
16.9686282837 15.4753885383 3.08942961791 
16.8516660297 15.4891554678 3.09478605402 
16.6712709033 15.5109257663 3.09853628876 
16.4819661343 15.5334730113 3.10075922752 
16.331148889 15.553469118 3.09873958746 
16.0965727681 15.5807886387 3.0946599576 
15.8548023069 15.6097651983 3.12131661696 
15.6978056246 15.6309526826 3.22290921424 
15.5494020843 15.6265754367 3.37786172977 
15.3755780422 15.6004252101 3.47069644185 
15.2574645245 15.5768506492 3.72711358618 
15.1501824224 15.5157921875 4.09250082605 
15.0507019126 15.3881365771 4.173685105 
15.0507019126 15.3881365771 4.173685105 
14.8532657587 15.1037570799 4.20642092236 
14.7600886786 14.9707293476 4.19434145018 
14.6489154064 14.8172847892 4.19646396732 
14.5739620888 14.7055931653 4.18153430052 
14.4940206968 14.5915910567 4.18717746351 
14.3589985335 14.4058960641 4.16153070555 
14.3589985335 14.4058960641 4.16153070555 
14.3589985335 14.4058960641 4.16153070555 
14.2188800537 14.2065125669 3.93372549431 
14.0505750143 14.0476269687 3.90325705563 
14.0505750143 14.0476269687 3.90325705563 
13.8255584204 13.8819414342 3.62812731235 
13.6857330763 13.8211950029 3.35128417239 
13.591576811 13.7977038587 3.17740984548 
13.3375172579 13.8027061189 3.22896537746 
13.1652343237 13.8000876869 3.23329291569 
13.0306029284 13.7965035404 3.16894343176 
12.8548192942 13.8074148859 2.67159702687 
12.8215160334 13.8196579183 2.57092785668 
12.7395524943 13.8596427406 1.96212823668 
12.7262656653 13.8553333248 1.76316825066 
12.7262656653 13.8553333248 1.76316825066 
12.7262656653 13.8553333248 1.76316825066 
12.6661505663 13.8782192434 0.743356308858 
12.6661505663 13.8782192434 0.743356308858 
12.6661505663 13.8782192434 0.743356308858 
12.6661505663 13.8782192434 0.743356308858 
12.6661505663 13.8782192434 0.743356308858 
12.6661505663 13.8782192434 0.743356308858 
12.6661505663 13.8782192434 0.743356308858 
12.6661505663 13.8782192434 0.743356308858 
13.1994192564 13.9193572963 -0.00672631097055 
13.1994192564 13.9193572963 -0.00672631097055 
13.5304264986 13.8779491151 0.23587022585 
13.6462559664 13.8998104299 0.490278136453 
13.7634761297 13.9579285348 0.541566045321 
13.9471305573 14.0565746988 0.554434390418 
14.0749897921 14.1229193176 0.536417894683 
14.2176912987 14.1987786258 0.545307556611 
14.3724181616 14.2790178622 0.612290580021 
14.499589678 14.3501666153 0.93926282928 
14.5451844895 14.3980062569 1.1051864613 
14.5828331673 14.4604495729 1.18830141004 
14.6616305077 14.6128824318 1.19385643344 
14.739575144 14.7623611952 1.18836128356 
14.8381227219 14.9489942158 1.23768056185 
14.9197792375 15.1112509633 1.1334002807 
15.0063061082 15.2573226004 0.680729473305 
15.0682563746 15.3110587264 0.374848200623 
15.11084288 15.3414495851 -0.0447927673879 
15.1316146814 15.3631090785 -0.478788845154 
15.1627438628 15.3475092615 -0.54981184453 
15.2405483687 15.2903149428 -0.54695505448 
15.310333904 15.2379502307 -0.555040252954 
15.3552675807 15.1986464264 -0.431768468267 
15.3920493686 15.16510186 -0.157056140927 
15.413390007 15.1457536335 0.0929762972078 
15.4170794153 15.1317502747 0.281204634793 
15.4185275101 15.1289994458 0.320516710589 
15.4167360627 15.1423340181 0.110389127597 
15.4193475806 15.1629154126 -0.203454552178 
15.4219609463 15.1738073344 -0.352318071243 
15.4240929746 15.1735348667 -0.392401560636 
15.4223360085 15.1720183308 -0.366629733642 
15.4218212032 15.1693475063 -0.305051928196 
15.4159531557 15.1527613888 -0.0172014015761 
15.4423308932 15.1339496041 0.337212973478 
15.5163287782 15.1537397395 0.357724788306 
15.6379269921 15.1882683749 0.358771732916 
15.8127800861 15.2388121653 0.348374868573 
15.9284617716 15.2718371938 0.353814855915 
16.0066774377 15.2927777025 0.353654899283 
16.0675104224 15.3096033747 0.355528778187 
16.0732913726 15.3118045966 0.35251017789 
16.0730600768 15.3116057182 0.354268149788 
16.0729703569 15.311509643 0.354838037297 
16.07295255 15.3114850039 0.355012396382 
16.0729637408 15.3114874254 0.354880471821 
16.0729651266 15.3114853317 0.354622268231 
16.072974559 15.3114773075 0.354754163248 
16.0729655587 15.3114907781 0.354867261569 
16.0729540997 15.3114799524 0.354966431028 
16.0729682409 15.3114817257 0.354620666213 
16.0729669594 15.3114896903 0.35468421775 
16.0731865579 15.3115722428 0.350954239496 
16.0729597473 15.3114857043 0.354410697806 
16.0729548746 15.311483931 0.354692109941 
16.0729496145 15.311481748 0.354884607594 
16.0729518944 15.3114916871 0.354783922783 
16.0729336702 15.3114799152 0.354798480019 
16.0731667542 15.3115686963 0.351033722693 
16.0729432964 15.3114882822 0.354679607989 
16.0731014424 15.3115619684 0.352023301798 
16.0731565171 15.3115685473 0.350943719997 
16.0731199944 15.3115696425 0.351803654585 
16.073166784 15.3115688453 0.351004120925 
16.0729552322 15.3115137334 0.354586624749 
16.072954964 15.3114927451 0.35417470403 
16.0731496477 15.3115671764 0.350986144223 
16.0730896109 15.3115562762 0.351929523741 
16.0730896109 15.3115562762 0.351929523741 
