15.8800384096 15.2400143131 0.043055141325 
15.8801360849 15.2400392168 0.0427933861777 
15.8800139521 15.2400054354 0.0430409665493 
15.8800096792 15.2399962022 0.0429903315251 
15.8799956097 15.2400089272 0.0431668662579 
15.8799872372 15.2400078528 0.0431970809495 
15.8799973653 15.2400198395 0.0432451944332 
15.8799924265 15.2400262404 0.0431375640657 
15.8800017658 15.2400247433 0.043060504626 
15.8799871803 15.2400112263 0.043163640922 
15.8799794541 15.2400151327 0.0429663559892 
15.8799679411 15.2400020323 0.0430751993116 
15.8799540392 15.2400117484 0.0430736576569 
15.8804109759 15.2403838548 0.0451473659218 
15.8800450574 15.2400738874 0.0434322072953 
15.8804262356 15.2404067589 0.0453134807511 
15.8803926437 15.2403886081 0.0451580801881 
15.8803888356 15.240374391 0.0450714805167 
15.8803893869 15.2403801335 0.0450494629703 
15.8799441868 15.2400222385 0.0430362514278 
15.8803831368 15.2403793282 0.0450539247676 
15.8803819102 15.2403893597 0.0450625874046 
15.8803782418 15.2403693777 0.0452354266366 
15.8803774753 15.2403844397 0.0448948962897 
15.8803825752 15.2403958403 0.0449413014851 
15.880371241 15.2403828874 0.0449695327068 
15.8800170255 15.2400844514 0.0435183687741 
15.880390633 15.2404038094 0.0451556449546 
15.88028296 15.2403121097 0.0445639742981 
15.8803840383 15.2403961457 0.0450344225164 
15.880373424 15.2403909492 0.0450664030654 
15.8803781011 15.2403823733 0.045124486778 
15.8803801119 15.2404019956 0.0450657750757 
15.8802700752 15.2402996428 0.0444975968441 
15.8799873694 15.24007728 0.0433797395281 
15.8800560377 15.2400528945 0.0426744775651 
15.880102682 15.2400754235 0.0426116659819 
15.8801083585 15.2400719788 0.0426171966035 
15.880094627 15.2400630917 0.042379851271 
15.8800904156 15.2400744879 0.0425210829274 
15.8800454066 15.2400476962 0.0426134391472 
15.8799498101 15.2400301229 0.0430873286867 
15.8800971584 15.24007498 0.042562738002 
15.8800964263 15.2400782356 0.042469204819 
15.8800954317 15.2400675493 0.0425174258855 
15.8800935616 15.2400750934 0.0424387599448 
15.8801035249 15.2400663147 0.0426728518207 
15.8799576109 15.2400229069 0.0430956327572 
15.8800884579 15.2400599456 0.0424919162164 
15.8800977917 15.2400632083 0.0425725527795 
15.88009593 15.2400785682 0.0425359221557 
15.880165225 15.2401529926 0.0431664782475 
15.8800937702 15.2400860099 0.0424444729226 
15.8800921227 15.2400562614 0.0426163893677 
15.8803551897 15.2403766003 0.0450918800856 
15.8803701719 15.2403744441 0.0449943773704 
15.8803691576 15.2403716401 0.0449671212158 
15.8801457967 15.2401091314 0.0428911324914 
15.8800815578 15.2400691726 0.0424267324313 
15.8799670265 15.2400302369 0.043015745376 
15.8800897152 15.2400592022 0.0423529958324 
15.8803677793 15.2403822446 0.0449820008696 
15.8800824472 15.2400500809 0.0425094484802 
15.8803563799 15.2403568474 0.0450104166667 
15.8800860151 15.2400485944 0.0424922530123 
15.8803675772 15.240380333 0.045040984543 
15.8800827862 15.2400507422 0.0425535032915 
15.8803678026 15.2403894947 0.0450827353768 
15.8803537768 15.240362925 0.0448965869618 
15.8803902577 15.2404005474 0.0448006838235 
15.8801054239 15.2400634406 0.042703986733 
15.8801265388 15.2400491235 0.0424662549229 
15.880090735 15.2400475801 0.0424586772396 
15.8801064632 15.2400542848 0.0425819991057 
15.8801428965 15.2401017799 0.0429901600511 
15.8801183711 15.2400819071 0.0428927651161 
15.8801062695 15.2400418514 0.0425479656239 
15.8803911052 15.2403697858 0.0451977872388 
15.8800745002 15.2400664061 0.0424082596576 
15.8800445368 15.2400914795 0.0421536283313 
15.8800486532 15.2400648055 0.0423398342901 
15.8800559604 15.2400616383 0.0423641647698 
15.8800604121 15.2400895343 0.042499918119 
15.8800365367 15.2400587095 0.042401197893 
15.8801189131 15.2400674532 0.0429328380758 
15.9002241326 15.2392423786 0.0444122289367 
15.9522426912 15.237595106 0.0354974982109 
15.9876206183 15.2369478358 0.0298367924373 
16.0294034147 15.2342092765 0.0388324509752 
16.111875292 15.2310733709 0.0360745615486 
16.2192718649 15.2280738254 0.0299864112191 
16.3008533084 15.2259659136 0.0379884998914 
16.4816414678 15.220949149 0.0318455420175 
16.5614167416 15.2174290496 0.045578809435 
16.6555570924 15.2140301394 0.0472428914887 
16.7687002384 15.2095332968 0.0496372196354 
16.9231275284 15.2045031751 0.0476719818317 
17.1070049965 15.1949290189 0.0639723150261 
17.1713055336 15.1937448124 0.0491676287525 
17.2956489288 15.1879284161 0.0354904592558 
17.4459072315 15.1813690069 0.0505920355069 
17.5807347262 15.175958358 0.040444976926 
17.7553787195 15.1693180616 0.0403024270501 
17.997169491 15.1596794243 0.0454104733569 
18.1773886644 15.1529914255 0.0548725389674 
18.2524528467 15.1501940603 0.0381813223517 
18.3670518362 15.1457497666 0.0388423063566 
18.5299189055 15.1389228965 0.0313599356103 
18.7316415274 15.1324496011 -0.282436909933 
18.8120877707 15.1130669976 -0.610603647458 
18.8490073645 15.0960930104 -0.849821911807 
18.889406439 15.0898545201 -1.34989550038 
18.9026815855 15.0870490337 -1.54744927605 
18.902574774 15.0363162125 4.62871528557 
18.8876595461 14.9581387902 4.64000842455 
18.8745851481 14.8904945518 4.65011489266 
18.8499827349 14.7599068845 4.61785496592 
18.816871401 14.5764781798 4.61176072863 
18.7962131464 14.4658615554 4.61192502827 
18.772806164 14.3293155993 4.6154644442 
18.7468647921 14.1901313032 -1.46573279147 
18.74290156 14.102407452 -1.20872156159 
18.7667875254 14.0082699026 -1.05541082642 
18.785243746 13.9713488782 -1.07545945094 
18.8053510153 13.9411358798 -1.21130408934 
18.8282685244 13.9309159482 -1.52895699972 
18.8457019293 13.9162712062 4.47167729097 
18.8457019293 13.9162712062 4.47167729097 
18.8457019293 13.9162712062 4.47167729097 
18.8457019293 13.9162712062 4.47167729097 
18.8457019293 13.9162712062 4.47167729097 
18.8457019293 13.9162712062 4.47167729097 
18.8457019293 13.9162712062 4.47167729097 
18.5612695181 13.2653492654 3.94575735543 
18.5612695181 13.2653492654 3.94575735543 
18.5612695181 13.2653492654 3.94575735543 
18.5612695181 13.2653492654 3.94575735543 
18.1889576876 13.1296149457 3.37574326803 
18.0584564173 13.1104823316 3.37523476068 
17.8980376684 13.087617513 3.37653004615 
17.6907397472 13.0587676729 3.37281348034 
17.573492881 13.0418401922 3.2712053788 
17.3937481606 13.0369573797 3.23255835708 
17.2915229761 13.0395170415 3.24331343773 
17.1689699852 13.0394645895 3.21137898451 
17.1689699852 13.0394645895 3.21137898451 
16.6546884739 13.0507968629 3.20085729195 
16.4720820748 13.0546237195 3.20197315698 
16.3020460569 13.0567740167 3.18984421904 
16.1411562228 13.0595251287 3.2291934469 
16.0183411651 13.0592530931 3.1996560901 
15.8163242229 13.061792251 3.19220348923 
15.7183330619 13.0644592012 3.20750987893 
15.5784090423 13.0671471323 3.19853508307 
15.4046774768 13.0716797079 3.20997954599 
15.2935184204 13.0736530984 3.18822682353 
15.1293504798 13.0774937833 3.18682330292 
14.989325937 13.0797663892 3.17801365881 
14.8982890808 13.0815898145 3.19264658794 
14.8793482744 13.0804878438 3.17360402691 
14.8090267145 13.065316316 2.69235266206 
14.7922750675 13.0455058778 2.3003766764 
14.774618026 13.0531800951 2.13315273087 
14.7651425564 13.0664905275 2.09594101881 
14.7555403673 13.0860546792 2.08609429879 
14.7555403673 13.0860546792 2.08609429879 
14.5969558918 13.4307537044 2.07397089255 
14.5198453629 13.5949417318 2.08015205905 
14.477111932 13.6897029842 2.09798125469 
14.3918986284 13.8807908262 2.22704870388 
14.3655328714 13.9353013004 2.46928565985 
14.3244693243 13.9987704719 2.87389331895 
14.3094271385 14.0257965291 3.24452844466 
14.2601728403 14.0269963706 3.41895398786 
14.2083713972 14.0181345905 3.39751310733 
14.1399552786 14.0044187273 3.44548777896 
13.9632774555 13.9745701517 3.42580857862 
13.8668837511 13.9562464918 3.40026501813 
13.6836609804 13.9248371089 3.37546231232 
13.5334804022 13.8960378135 3.37713858421 
13.4730503523 13.9104440177 -0.641157717003 
13.4730503523 13.9104440177 -0.641157717003 
13.2603535616 13.8429673875 3.74031599081 
13.1691467726 13.8418576683 3.80671702315 
13.1217520201 13.8359038795 4.23031900008 
13.1142759287 13.8440014089 4.38409411478 
13.1142759287 13.8440014089 4.38409411478 
13.1142759287 13.8440014089 4.38409411478 
13.0968165362 13.8081426586 4.50156150359 
13.0768849814 13.752845403 4.47587678447 
13.0403544867 13.6232433284 4.50056657754 
13.0163912737 13.5519049133 4.55807409624 
12.9891447985 13.4765237535 -1.45022516316 
12.9751632177 13.4330078329 -1.12727851974 
12.9660279715 13.4206734861 -0.961178172898 
12.9480321371 13.4065328802 -0.567740914258 
12.9398272001 13.3932234014 -0.331091695801 
12.9351968729 13.3635882104 0.128907816864 
12.9450621569 13.3576711381 0.24258654738 
12.9652874434 13.3575916255 0.31304113726 
12.9652874434 13.3575916255 0.31304113726 
13.1036093199 13.3879860605 0.380680501861 
13.1036093199 13.3879860605 0.380680501861 
13.1036093199 13.3879860605 0.380680501861 
13.1760466063 13.3919261659 0.853794991924 
13.1760466063 13.3919261659 0.853794991924 
13.3536756003 13.6033221448 0.978392698159 
13.3773577177 13.6421622003 0.868923983154 
13.4992454016 13.7594343389 0.748609694882 
13.5840578043 13.8245769704 0.740536785551 
13.7581820452 13.9597847427 0.736475278634 
13.8460185492 14.0278410877 0.738001839704 
14.0136963093 14.1573624576 0.737434325009 
14.2095720732 14.305232879 0.678365847705 
14.3599219286 14.4217357601 0.734810450864 
14.4800740444 14.5117284621 0.698428768938 
14.6643786394 14.6523092354 0.705039129092 
14.8094786369 14.765530702 0.707281614585 
14.9531612956 14.8773134316 0.714322505864 
15.0925177896 14.9844335283 0.727364590483 
15.1844344699 15.0549039508 0.728966813003 
15.2576418483 15.1079736317 0.736428579181 
15.2971656882 15.1241493116 0.996484807142 
15.300647434 15.1247101391 1.0365034274 
15.3370060885 15.1192266981 1.63016252923 
15.3412128651 15.159114633 1.72749651997 
15.335663017 15.2411845459 1.72486287164 
15.3249565923 15.3837777341 1.72040227823 
15.3146590554 15.5153403843 1.73504352896 
15.3086161577 15.5902799333 1.73529915138 
15.308566209 15.6201593245 1.72306957144 
15.3230649793 15.622411337 2.00960161303 
15.3419157827 15.6301181878 2.33112633178 
15.3418922388 15.631379124 2.33633153739 
15.3361897432 15.6276913846 2.23833673317 
15.321873244 15.6200244094 1.92466778667 
15.3007019722 15.6186944808 1.65340478477 
15.2992904746 15.6178413297 1.62714855651 
15.2999359929 15.6191183294 1.63665035796 
15.3032454216 15.6317214931 1.7009541816 
15.3015473449 15.6720935667 1.70317202183 
15.3005553448 15.7376990283 1.761925585 
15.3178808653 15.7718763913 2.13093182599 
15.3274217808 15.7760220135 2.29487918626 
15.3284843528 15.7770434583 2.29912071641 
15.3316320741 15.780303594 2.36988665453 
15.3389140927 15.7878878678 2.53763694446 
15.348480519 15.8029727901 2.80853601869 
15.3526698911 15.8164790834 3.03367054556 
15.3198692166 15.8296354974 3.20345737926 
15.2231757605 15.8386539186 3.31421089169 
15.2036114895 15.8501818145 3.53960845001 
15.2003316843 15.862512585 3.73936846371 
15.1913130247 15.862656113 3.79371298456 
15.1375350916 15.82565498 3.81899554155 
15.0624223315 15.7747111286 3.79840106722 
14.9735901916 15.7155101562 3.80242256801 
14.8000304663 15.5994139875 3.79236408776 
14.6911368334 15.5263394679 3.81366274329 
14.5272346699 15.4216079975 3.80606820779 
14.4337903225 15.3552093844 3.81006345105 
14.2912037336 15.2612168102 3.79780307309 
14.2051110232 15.2046673785 3.79875844807 
14.1253313982 15.1484578366 3.71974609547 
13.9960902893 15.0772024656 3.34754482774 
13.9143924677 15.0638225044 3.19864515252 
13.8775527441 15.0649748261 3.2024057532 
13.8649120295 15.0653139318 3.21014077841 
13.8652310335 15.0652635063 3.20704561835 
13.8652310335 15.0652635063 3.20704561835 
13.8340909445 15.0650289024 3.25726653477 
13.8033714258 15.0662530179 3.21135512574 
13.8033714258 15.0662530179 3.21135512574 
13.7487843001 15.0696565027 3.20825565175 
13.7487843001 15.0696565027 3.20825565175 
13.7487843001 15.0696565027 3.20825565175 
13.7183814013 15.0991936589 3.67965530441 
13.7183814013 15.0991936589 3.67965530441 
13.7183814013 15.0991936589 3.67965530441 
13.6684205496 15.1345809663 4.64014605858 
13.6498973333 15.1338572318 -1.34956075576 
13.6386563742 15.1222905705 -1.1576714424 
13.6386563742 15.1222905705 -1.1576714424 
13.6327531302 15.0494103248 -0.821631681212 
13.6385259592 15.0289579595 -0.708878451425 
13.6666791403 14.9895783479 -0.53354831947 
13.6970019304 14.9645223881 -0.453972305112 
13.708216902 14.9582272733 -0.458539462454 
13.8684701883 14.8706892396 -0.339348854763 
14.0370616877 14.7738667096 -0.458347176275 
14.1688576901 14.6958728398 -0.48838391232 
14.2829885447 14.6329413022 -0.661397628509 
14.3812276089 14.5357094372 -0.889033481166 
14.4645034039 14.412503239 -0.93405610964 
14.5906592571 14.229619738 -1.02195354134 
14.6576969587 14.099569198 -1.18318470858 
14.7022500002 13.966929313 -1.19376698887 
14.7526026928 13.8025485242 -1.17062243676 
14.8117155993 13.6207653249 -1.18302434686 
14.845434066 13.50732803 -1.03873166809 
14.8980371916 13.4023487533 -0.724502968583 
15.0166454279 13.2900901998 -0.52870917712 
15.1264147722 13.2101660932 -0.135963824319 
15.183550533 13.1878091062 0.126759184038 
15.2645520532 13.1901093687 0.247966958363 
15.3481942379 13.2081600393 0.179743573376 
15.4036731684 13.2258228029 -0.0835466435174 
15.4526692593 13.2258599962 -0.313177729151 
15.5571869874 13.1769517625 -0.313268101463 
15.5883586669 13.1518279279 -0.0862455015281 
15.6109399461 13.1394919122 0.0916436933768 
15.6742991471 13.1396213735 0.118701562939 
15.7715257966 13.1441663469 0.116685289936 
15.9463327603 13.1505864824 0.113792821904 
16.1169473195 13.1574147905 0.114292306891 
16.2362836265 13.1628049577 0.114884466974 
16.4680361712 13.1724010671 0.132723181581 
16.5692790115 13.1756344999 0.126895231787 
16.7751176917 13.18110263 0.115188219491 
16.9460145199 13.1863070692 0.122517233141 
17.0122595989 13.1876524652 0.113930163174 
17.1990761721 13.1951767171 0.112881748041 
17.375911113 13.2014778818 0.108821556784 
17.494636532 13.2062343324 0.108207288909 
17.6714451277 13.2112523283 0.109998197999 
17.6714451277 13.2112523283 0.109998197999 
18.034432646 13.2250360216 0.0956812093403 
18.1545731985 13.2272509302 0.102419835353 
18.2718594038 13.2306016649 0.115662844414 
18.5230295622 13.238382932 0.372307886994 
18.5306184256 13.2399533952 0.37159217862 
18.6515338385 13.2699081863 0.880097958154 
18.6790120566 13.2841297353 1.11055121814 
18.712688204 13.3295901979 1.26480684572 
18.7668352091 13.4422752822 1.35997108145 
18.7923765146 13.5005433525 1.83754897133 
18.7857139074 13.5581431354 2.01883213028 
18.7654068434 13.6032820905 2.05033128388 
18.7442917788 13.6161712373 1.81281546973 
18.7350556814 13.6609282459 1.75528241911 
18.7301890814 13.7025015319 1.75715657349 
18.7150003874 13.8348251546 1.75459730697 
18.7038655245 13.9429670537 1.75828106419 
18.6835679972 14.1258661712 1.75672696283 
18.6678683722 14.2572658623 1.75481704856 
18.6493179762 14.4241925443 1.75766571625 
18.629828211 14.6104894246 1.75455287965 
18.6091263258 14.8097817565 1.75577307868 
18.5912387335 14.972795781 1.75069785271 
18.5738255941 15.1251669864 1.74007577107 
18.5528025591 15.335476097 1.76101232966 
18.5269033873 15.5751420225 1.50513939893 
18.533331629 15.6635956729 1.19563805683 
18.5886175596 15.7724745835 0.882874213129 
18.7151994669 15.8983649577 0.847822526232 
18.8447172606 16.0254348482 0.86039355483 
18.9570085966 16.1343151892 0.830472471467 
19.0631005728 16.2364511455 0.871726550557 
19.1495730841 16.3178175653 0.847322826958 
19.1495730841 16.3178175653 0.847322826958 
19.1495730841 16.3178175653 0.847322826958 
19.1495730841 16.3178175653 0.847322826958 
19.1495730841 16.3178175653 0.847322826958 
19.1495730841 16.3178175653 0.847322826958 
19.1495730841 16.3178175653 0.847322826958 
19.1495730841 16.3178175653 0.847322826958 
19.1495730841 16.3178175653 0.847322826958 
19.1495730841 16.3178175653 0.847322826958 
19.1495730841 16.3178175653 0.847322826958 
19.1495730841 16.3178175653 0.847322826958 
19.1495730841 16.3178175653 0.847322826958 
19.1495730841 16.3178175653 0.847322826958 
19.1495730841 16.3178175653 0.847322826958 
19.1495730841 16.3178175653 0.847322826958 
19.1495730841 16.3178175653 0.847322826958 
19.1495730841 16.3178175653 0.847322826958 
19.1495730841 16.3178175653 0.847322826958 
19.1495730841 16.3178175653 0.847322826958 
19.1495730841 16.3178175653 0.847322826958 
19.1495730841 16.3178175653 0.847322826958 
19.1495730841 16.3178175653 0.847322826958 
19.1495730841 16.3178175653 0.847322826958 
19.1495730841 16.3178175653 0.847322826958 
19.1495730841 16.3178175653 0.847322826958 
19.1495730841 16.3178175653 0.847322826958 
19.1846737825 15.6957205797 4.00850453755 
19.1758177244 15.6871722008 4.01198290309 
19.1143500769 15.6076954866 3.61548138978 
19.0707778895 15.5872918929 3.57027922842 
18.9546146357 15.544923153 3.57557441085 
18.8392286265 15.5027188028 3.56561081915 
18.6718709433 15.4428270126 3.56731627762 
18.4878842795 15.3751023228 3.51399517779 
18.3854727709 15.3397072742 3.31461703302 
18.2871167624 15.3282872851 3.15301970533 
18.0694918596 15.3483645881 3.10274727668 
17.8908801043 15.3686560656 3.10814807384 
17.7044756376 15.3890145833 3.09816142094 
17.5315749609 15.4093747402 3.10171937965 
17.291082617 15.4374593461 3.10336090722 
17.1220431292 15.4574035669 3.08940153258 
16.9110996687 15.4828716035 3.09706851355 
16.6790954434 15.5098119343 3.09645115922 
16.6006487572 15.5186191166 3.11295453647 
16.3978022897 15.5441271628 3.10154640241 
16.2515001559 15.5629481936 3.09314636749 
16.0757337474 15.5834403897 3.10059033984 
15.8758515214 15.6067620779 3.10363676915 
15.7220816725 15.628342327 3.20203757335 
15.5789572262 15.6299616064 3.37415317858 
15.4567270839 15.6105912591 3.3753456646 
15.2885361278 15.5846952463 3.62652275545 
15.155795511 15.5215289558 4.07994349075 
15.0714294278 15.4134430254 4.20329083507 
15.0507019126 15.3881365771 4.173685105 
15.0507019126 15.3881365771 4.173685105 
14.7600886786 14.9707293476 4.19434145018 
14.7133605444 14.9060746397 4.18247622821 
14.6068220102 14.7549133564 4.10929889107 
14.4830124342 14.5833490456 4.13955079046 
14.3702278101 14.4273401464 3.71010382622 
14.3589985335 14.4058960641 4.16153070555 
14.3589985335 14.4058960641 4.16153070555 
14.2188800537 14.2065125669 3.93372549431 
14.0505750143 14.0476269687 3.90325705563 
13.8507997954 13.8933831418 3.6295124919 
13.72205114 13.8324099744 3.42826949693 
13.6248648131 13.8094819749 3.26731728375 
13.4512832129 13.803890344 3.23575398874 
13.2854480707 13.8017207349 3.22159530111 
13.1478812658 13.7999434436 3.22776401527 
12.9965081179 13.7962062324 3.12023549504 
12.9122252428 13.8011991943 2.91263527276 
12.8215160334 13.8196579183 2.57092785668 
12.8215160334 13.8196579183 2.57092785668 
12.73849177 13.8596941198 1.94454200007 
12.7262656653 13.8553333248 1.76316825066 
12.7262656653 13.8553333248 1.76316825066 
12.7262656653 13.8553333248 1.76316825066 
12.6661505663 13.8782192434 0.743356308858 
12.6661505663 13.8782192434 0.743356308858 
12.6661505663 13.8782192434 0.743356308858 
12.6661505663 13.8782192434 0.743356308858 
12.6661505663 13.8782192434 0.743356308858 
12.6661505663 13.8782192434 0.743356308858 
12.6661505663 13.8782192434 0.743356308858 
12.6661505663 13.8782192434 0.743356308858 
12.6661505663 13.8782192434 0.743356308858 
13.1994192564 13.9193572963 -0.00672631097055 
13.1994192564 13.9193572963 -0.00672631097055 
13.5471734964 13.8775075639 0.309634219049 
13.6961810553 13.921244737 0.530666742597 
13.8259773218 13.9900739158 0.557531538847 
13.9766465389 14.0725090469 0.555880626556 
14.1204590761 14.1475799049 0.535491267129 
14.3068258726 14.2477183903 0.562010970446 
14.4222769701 14.3044069971 0.656728635215 
14.5174219572 14.3664846982 1.03125575917 
14.5682612621 14.4337125386 1.18031858476 
14.6436055863 14.5789159502 1.19586889314 
14.7149672472 14.7150608862 1.20654124635 
14.7991553509 14.8755397166 1.18044446454 
14.86179268 14.9977132345 1.18644749588 
14.9240531289 15.1211974511 1.11194542996 
15.0125127995 15.2644661556 0.659037422469 
15.0897913539 15.3262919227 0.189494777824 
15.1147387588 15.34588426 -0.119268492258 
15.1360359752 15.3616282682 -0.497401698101 
15.1804058516 15.3344719897 -0.546841300347 
15.2692949736 15.2679126191 -0.551961387937 
15.3445700371 15.2073367371 -0.453927212429 
15.3904176318 15.1668998862 -0.179342123549 
15.4142273032 15.144749325 0.10759802979 
15.4168788159 15.1311564187 0.287751866652 
15.4185105824 15.1286459828 0.32569932689 
15.4169165158 15.1391772369 0.159351068664 
15.4178672695 15.1562564338 -0.0836584305598 
15.4202593827 15.171635736 -0.341891986031 
15.4235732519 15.1737350563 -0.402887892211 
15.4209819996 15.1724350716 -0.349199178599 
15.4218884968 15.171971936 -0.358021216275 
15.4207457566 15.1668589229 -0.277484715058 
15.4140405321 15.1470086912 0.0699722336575 
15.4279807472 15.1336715485 0.266822559814 
15.4537959361 15.1360610614 0.360097115815 
15.5163287782 15.1537397395 0.357724788306 
15.6233346724 15.1834838132 0.35784354021 
15.7490198129 15.2206172778 0.350626986291 
15.8482408562 15.2488840206 0.352843365652 
15.9582773485 15.2803699563 0.361116305769 
16.0232738518 15.2980760413 0.381643908147 
16.0664236509 15.3092371489 0.356442301237 
16.0735580438 15.3118923048 0.352231325579 
16.0730600768 15.3116057182 0.354268149788 
16.072996568 15.3115485201 0.354759235014 
16.0729713255 15.3114763836 0.354741388052 
16.0729230308 15.3114752735 0.355573554952 
16.0729110503 15.3114755044 0.356101219701 
16.0729621464 15.3114846686 0.355015083782 
16.0729659164 15.311473001 0.354849051543 
16.0729812199 15.3114863748 0.354680226876 
16.0729508513 15.3114739324 0.354811659268 
16.0729684943 15.3114776726 0.354772581105 
16.0729551577 15.3114742304 0.354896072073 
16.0729542636 15.3114731351 0.354651939 
16.0729996824 15.311508056 0.353929047452 
16.0729080104 15.3115101869 0.355650365952 
16.0731229597 15.3115557472 0.351941040863 
16.0731775874 15.3115822638 0.351059455455 
16.0729784482 15.3114784847 0.35392168095 
16.072952103 15.3114945183 0.354493327979 
16.073171001 15.3115692253 0.350981349753 
16.0731651449 15.3115697766 0.351004073009 
16.072960701 15.3115006427 0.354522900336 
16.0731659197 15.3115773837 0.350967000643 
16.0731248521 15.3115608061 0.351611258238 
16.0731194728 15.3115554715 0.351900029878 
16.0731635356 15.3115855421 0.350994605251 
16.0728994125 15.3115001212 0.355675564823 
16.0729365909 15.3114857043 0.354758357553 
16.073161211 15.3115657906 0.350860523062 
16.0729364866 15.311509494 0.354742914465 
16.0730896109 15.3115562762 0.351929523741 
