15.8799962086 15.2399955698 0.0431540437794 
15.8800115829 15.2400141624 0.0432852402062 
15.8800354182 15.2400360102 0.0427573171223 
15.8800315998 15.2399948386 0.0430802195761 
15.8799869084 15.2400199244 0.0431843722949 
15.8799838052 15.2399975727 0.0433465455027 
15.8799847012 15.2399974956 0.043200950936 
15.8800065248 15.2400258324 0.0431043398526 
15.8801355177 15.2400870436 0.0432638257065 
15.879986982 15.2400264866 0.0430930487713 
15.8804376462 15.2403923108 0.0454464712543 
15.8799679411 15.2400020323 0.0430751993116 
15.8799719448 15.2400098518 0.0430746497847 
15.8799577673 15.2400104865 0.0431720171192 
15.8804119948 15.2403798883 0.0451387168649 
15.8804069395 15.2403879925 0.0451555880508 
15.8803965879 15.2403944973 0.0447752437494 
15.8804002573 15.2403587205 0.0450596097468 
15.8803870605 15.2403707919 0.045077608323 
15.8803279401 15.2403201184 0.0445537764738 
15.8803797384 15.2403749265 0.0449750007333 
15.8803693104 15.2403848607 0.0450523509193 
15.8803775312 15.2403774571 0.0452900503726 
15.8803250884 15.2403511095 0.0447326366319 
15.8803787791 15.2403763468 0.0449188446612 
15.8803685234 15.2403804013 0.0448778380615 
15.8803723837 15.2403979004 0.0450879826475 
15.8803699763 15.2403967052 0.0450333960705 
15.8803935741 15.2404292976 0.045034041033 
15.8803804434 15.2403906556 0.0451282579242 
15.8803767973 15.2403902593 0.0450745136129 
15.8803777593 15.2403942458 0.0451344759716 
15.880363945 15.240387874 0.0449787856885 
15.880377995 15.2405692802 0.0456614597795 
15.8803650608 15.2403686643 0.0450320702053 
15.8800596149 15.2400476922 0.042655875975 
15.8799443283 15.2400132369 0.0429652353335 
15.8800569327 15.240053176 0.0426658791365 
15.8799437351 15.2400247085 0.0430406241845 
15.8800951709 15.2400718236 0.0425243253188 
15.8799166131 15.2400125403 0.0432927418815 
15.8800868607 15.2400674709 0.0425313410942 
15.8800888035 15.2400693528 0.0425475199134 
15.8801054481 15.2400816197 0.0425800489735 
15.8800862563 15.2400643365 0.0425237304317 
15.8800928659 15.2400571609 0.0424962954321 
15.8800968752 15.2400706845 0.042590454894 
15.8800884579 15.2400890261 0.0425774487444 
15.8800931248 15.2400659337 0.0425626162019 
15.8800977917 15.2400632083 0.0425725527795 
15.880084403 15.240078181 0.0424755959091 
15.8800659116 15.2400582673 0.0424277368827 
15.8801062481 15.2400637729 0.0424573851462 
15.8800934685 15.2400687132 0.0426071730272 
15.8803570896 15.2403861161 0.0450550661564 
15.8801013894 15.240066446 0.042615325118 
15.8803052913 15.2403019148 0.0443649740488 
15.8799429192 15.2400393041 0.0429792631228 
15.8800625392 15.2400601438 0.0424039715247 
15.880074842 15.2400487641 0.0423565804746 
15.8803662175 15.2403914034 0.0450398236086 
15.8801013801 15.2400512396 0.0424424879892 
15.8803124783 15.2402948511 0.044415260625 
15.8803573466 15.2403699446 0.0449982804406 
15.880087305 15.2400411266 0.0425139325272 
15.8800804262 15.2400725884 0.0424176466974 
15.8803633145 15.2403519601 0.0450735456073 
15.8803573708 15.2403655006 0.0450977515767 
15.8803605448 15.2403750562 0.04464677663 
15.8803858823 15.2403690231 0.0451990263824 
15.880107904 15.2400746245 0.0422597419912 
15.880090735 15.2400475801 0.0424586772396 
15.8801064632 15.2400542848 0.0425819991057 
15.8800852728 15.2400717446 0.0433768406102 
15.8800919932 15.2400569986 0.0426149001543 
15.8801093335 15.240046688 0.0426459510605 
15.8800733491 15.240044034 0.0424482083392 
15.880054406 15.2400841154 0.0422527859252 
15.8800334037 15.2400634152 0.0422343675311 
15.8800468083 15.240045236 0.0422434794777 
15.8800703391 15.2400746781 0.0422870698959 
15.8800554593 15.2400608173 0.0422598448776 
15.8802904292 15.2400824668 0.0434210878414 
16.0294034147 15.2342092765 0.0388324509752 
16.0998558217 15.2313266767 0.03717731287 
16.176176306 15.2295208799 0.0181172196515 
16.3273142242 15.2250145909 0.0396101203229 
16.4559780323 15.2216088271 0.0370225475333 
16.6053004825 15.215713274 0.0369161145808 
16.7261579597 15.2113875619 0.0482102104311 
16.8926292622 15.2056847292 0.0471669196161 
17.0120155775 15.2004133093 0.0345715777637 
17.1255866253 15.1945197287 0.0514377793271 
17.3102004492 15.1874595399 0.0443626480429 
17.4582803213 15.1807066205 0.0507655218172 
17.6373769009 15.1732820238 -0.00292900770789 
17.8286000454 15.1669953207 0.0360802037734 
17.9694988691 15.1603435169 0.0470040333451 
18.131662842 15.155700628 0.039784749185 
18.2524528467 15.1501940603 0.0381813223517 
18.3787200415 15.1452268402 0.0389701419603 
18.5641767943 15.1380877833 0.0240726728124 
18.6671626532 15.1369090343 -0.0981136897648 
18.7721617186 15.1252556557 -0.425438257755 
18.8460476362 15.0974860008 -0.82355436543 
18.8680059874 15.0884606505 -1.0288735291 
18.8939146959 15.0904541428 -1.42634765714 
18.9066412413 15.0789845104 4.68193261206 
18.8979213202 15.0135811532 4.63476161431 
18.8854708635 14.9463356102 4.64767441073 
18.8655993902 14.8332242931 4.61536075588 
18.8408441507 14.7131256426 4.61283726671 
18.8199717962 14.5969321097 4.61529460717 
18.7837419474 14.3959426845 4.61212476879 
18.7538905108 14.2340298856 -1.55468762032 
18.7458338701 14.1844574178 -1.44921428513 
18.7467908823 14.0755661691 -1.15739708056 
18.7724933588 13.9952419961 -1.05865158773 
18.7992651426 13.9477093185 -1.15536704175 
18.8183178866 13.9326579536 -1.35742406377 
18.843108412 13.9286688531 4.52824609312 
18.8457019293 13.9162712062 4.47167729097 
18.8457019293 13.9162712062 4.47167729097 
18.8457019293 13.9162712062 4.47167729097 
18.8457019293 13.9162712062 4.47167729097 
18.8457019293 13.9162712062 4.47167729097 
18.8457019293 13.9162712062 4.47167729097 
18.8457019293 13.9162712062 4.47167729097 
18.5612695181 13.2653492654 3.94575735543 
18.5612695181 13.2653492654 3.94575735543 
18.5612695181 13.2653492654 3.94575735543 
18.5612695181 13.2653492654 3.94575735543 
18.2062993013 13.1320942605 3.37423735881 
18.00883865 13.1034692491 3.37433960104 
17.8626048529 13.082021829 3.35774287388 
17.7081100905 13.0609639848 3.37907066968 
17.5940997564 13.0433303083 3.33766961522 
17.3937481606 13.0369573797 3.23255835708 
17.2697781288 13.0402952398 3.24944489679 
17.1689699852 13.0394645895 3.21137898451 
17.1689699852 13.0394645895 3.21137898451 
16.7443946564 13.0487288202 3.21262311722 
16.5734628403 13.0516787733 3.1861164869 
16.4344317877 13.055558082 3.2035343078 
16.2200566494 13.0585352148 3.20378387352 
16.1077805721 13.0572711194 3.19020715823 
15.9101230038 13.0604149068 3.20297481764 
15.7183330619 13.0644592012 3.20750987893 
15.6011255347 13.0665065015 3.19931551754 
15.433860656 13.0705336297 3.18483808555 
15.3667373621 13.0713378156 3.19071262687 
15.1776375138 13.07745659 3.19420863792 
15.0689493978 13.0790232385 3.17583783739 
14.9562022054 13.0800670351 3.1834439677 
14.8793482744 13.0804878438 3.17360402691 
14.8090267145 13.065316316 2.69235266206 
14.7969040835 13.0481284822 2.38171353655 
14.7779439652 13.0500963891 2.15538645999 
14.7555403673 13.0860546792 2.08609429879 
14.7555403673 13.0860546792 2.08609429879 
14.7555403673 13.0860546792 2.08609429879 
14.6190650427 13.3817336524 2.07013512413 
14.5323463642 13.5695857967 2.0641649713 
14.4348393643 13.776469704 2.07338905073 
14.370908972 13.9261946643 2.40640071945 
14.3400635683 13.9752677644 2.68534754432 
14.3183516228 14.0163853134 3.15664589681 
14.2824084723 14.0273573364 3.41985388531 
14.2345784866 14.0223917926 3.43101835935 
14.1581474506 14.0073621238 3.44055385792 
14.0562708342 13.9895311559 3.40548089397 
13.928296324 13.9651641811 3.41572966408 
13.733446356 13.9330706562 3.37784443427 
13.5102152788 13.8931354249 3.38970521034 
13.4730503523 13.9104440177 -0.641157717003 
13.2603535616 13.8429673875 3.74031599081 
13.2603535616 13.8429673875 3.74031599081 
13.1691467726 13.8418576683 3.80671702315 
13.1227667296 13.8358923162 4.22468676648 
13.1142759287 13.8440014089 4.38409411478 
13.1142759287 13.8440014089 4.38409411478 
13.1142759287 13.8440014089 4.38409411478 
13.0934398138 13.7958891357 4.49794293425 
13.0698442423 13.7238818372 4.51294550232 
13.0416467154 13.6286103691 4.5039313607 
13.0115556681 13.5375941957 4.5891057681 
12.9849052393 13.4675606454 -1.45051890756 
12.9741671049 13.4315835203 -1.11464152191 
12.9638841116 13.4196239675 -0.886515112409 
12.9458944761 13.4038499559 -0.511241717705 
12.9382450544 13.3819987739 -0.158055424745 
12.9352688753 13.3649536336 0.114289849512 
12.9652874434 13.3575916255 0.31304113726 
12.9652874434 13.3575916255 0.31304113726 
13.1036093199 13.3879860605 0.380680501861 
13.1036093199 13.3879860605 0.380680501861 
13.1036093199 13.3879860605 0.380680501861 
13.1760466063 13.3919261659 0.853794991924 
13.1760466063 13.3919261659 0.853794991924 
13.1760466063 13.3919261659 0.853794991924 
13.3752820456 13.6400629247 0.86809508756 
13.3773577177 13.6421622003 0.868923983154 
13.49422526 13.7552270854 0.748383425799 
13.6231398546 13.8545266355 0.732985285016 
13.751496073 13.954671141 0.736940234749 
13.8724606001 14.048172232 0.73852639403 
13.999987241 14.1470336879 0.737397124028 
14.1133748257 14.2327666248 0.706675077057 
14.2978802883 14.3738681043 0.712690602613 
14.4800740444 14.5117284621 0.698428768938 
14.6468023026 14.6408998335 0.724835863791 
14.7786003315 14.7424437369 0.744943971451 
14.9357295 14.8637779916 0.707197781686 
15.074329015 14.9700543846 0.734000730768 
15.1625035965 15.0371910299 0.73255401049 
15.2251465284 15.0858538414 0.726837973174 
15.272246238 15.1154863949 0.798506858464 
15.300647434 15.1247101391 1.0365034274 
15.3382836544 15.1208858008 1.64744698018 
15.3403015697 15.1695155467 1.724908572 
15.3343320453 15.2634672357 1.72347530332 
15.3267369234 15.3604216913 1.72106505315 
15.3171570861 15.4761131818 1.73257467981 
15.3093897068 15.5802566076 1.73637893183 
15.3102074229 15.6201449896 1.8002873245 
15.3330768907 15.6246616209 2.13716028843 
15.34448969 15.6303764249 2.302630746 
15.3419570887 15.6312886144 2.33584937717 
15.3346756065 15.6259277726 2.17183267425 
15.312122997 15.6185039843 1.7768222721 
15.2990029418 15.6175993348 1.62387272457 
15.2996675932 15.6183187927 1.63420533242 
15.3024412953 15.6196183229 1.68041044723 
15.3026010358 15.6497857536 1.70121173098 
15.2987502181 15.7104464735 1.7025716984 
15.3068175876 15.7625573243 1.92067668283 
15.3178808653 15.7718763913 2.13093182599 
15.3278306687 15.7779906953 2.30435273956 
15.3288941943 15.7767294014 2.29979781182 
15.3342142665 15.7813485826 2.4033023035 
15.3448505365 15.79606789 2.69308048591 
15.3526698911 15.8164790834 3.03367054556 
15.3172034585 15.8297976221 3.20488242829 
15.243722912 15.8337141241 3.23225493261 
15.20874637 15.8443962301 3.44265188451 
15.2003316843 15.862512585 3.73936846371 
15.1901263558 15.8602433766 3.80003073782 
15.1425912344 15.8300222124 3.80476285611 
15.0935186708 15.7963058318 3.80746383213 
15.004910525 15.735575136 3.82082333677 
14.9001188242 15.666941073 3.80862268316 
14.7804142201 15.586819377 3.79278053716 
14.6463417971 15.495976385 3.80965865838 
14.5008226597 15.399931785 3.81233487438 
14.3896338904 15.32580122 3.80485236905 
14.1650426352 15.1778219456 3.77540518345 
14.0463429653 15.1013667102 3.52918008895 
13.984238621 15.0742250497 3.32040548057 
13.8995554411 15.0639321769 3.19267778858 
13.8704585993 15.0641840811 3.19327683464 
13.8651630842 15.0652531798 3.20775885148 
13.8652310335 15.0652635063 3.20704561835 
13.8652310335 15.0652635063 3.20704561835 
13.8222162687 15.0655794109 3.21543638485 
13.8033714258 15.0662530179 3.21135512574 
13.7487843001 15.0696565027 3.20825565175 
13.7487843001 15.0696565027 3.20825565175 
13.7487843001 15.0696565027 3.20825565175 
13.7202684843 15.094420057 3.60498220924 
13.7183814013 15.0991936589 3.67965530441 
13.7183814013 15.0991936589 3.67965530441 
13.6727874243 15.1338413397 4.57465075271 
13.6572685206 15.1352769921 -1.46697541448 
13.6386563742 15.1222905705 -1.1576714424 
13.6386563742 15.1222905705 -1.1576714424 
13.637589451 15.0513388331 -0.909163109279 
13.6081099474 15.0399244393 1.71784651072 
13.6654972994 14.9918125982 -0.554311475283 
13.708216902 14.9582272733 -0.458539462454 
13.708216902 14.9582272733 -0.458539462454 
13.9710899555 14.8106908167 -0.345846242901 
14.1512777769 14.7058597172 -0.501991050776 
14.2603061163 14.6467493738 -0.587890756886 
14.3553954327 14.5683975781 -0.8577749595 
14.4944759571 14.3712695206 -0.88837791211 
14.5733857119 14.257222649 -0.962666282672 
14.6629769766 14.0818332399 -1.2075902389 
14.7134307587 13.9277212585 -1.18491856489 
14.766403433 13.7611714567 -1.20904459603 
14.8081142866 13.6320503915 -1.19228062789 
14.8561197483 13.4783785308 -0.946726610627 
14.9331210816 13.3639787401 -0.615794042608 
15.0190872514 13.2883343662 -0.527802635075 
15.1367380583 13.2051132883 -0.0908919975459 
15.183550533 13.1878091062 0.126759184038 
15.2488701307 13.1877018178 0.244373176531 
15.3326439225 13.2031723226 0.222566355983 
15.3942159676 13.2211703027 0.00289026014987 
15.4886524045 13.2131601537 -0.362696955055 
15.5629663431 13.1732376779 -0.293066136516 
15.601344403 13.1407772268 0.0668697104033 
15.6893877798 13.1402696336 0.121785872176 
15.8129730114 13.1455804075 0.116882937654 
15.9661799335 13.1514512266 0.117014589297 
16.1765507125 13.1604973043 0.115411588973 
16.3290191257 13.1663757528 0.120316739298 
16.732111212 13.179976579 0.130186433854 
17.0122595989 13.1876524652 0.113930163174 
17.1990761721 13.1951767171 0.112881748041 
17.494636532 13.2062343324 0.108207288909 
17.6714451277 13.2112523283 0.109998197999 
17.9117696249 13.2198160852 0.0982112181706 
18.1545731985 13.2272509302 0.102419835353 
18.2718594038 13.2306016649 0.115662844414 
18.5306184256 13.2399533952 0.37159217862 
18.5991160833 13.2482911314 0.651525440334 
18.6813313925 13.2858539785 1.12340066881 
18.7394826376 13.3927903141 1.31601249881 
18.784745928 13.4858783449 1.68938803954 
18.7857139074 13.5581431354 2.01883213028 
18.7601778471 13.6088230575 2.01335089433 
18.736667391 13.6380434001 1.7456288938 
18.729029175 13.7108683551 1.75534684219 
18.7097964251 13.8812582458 1.761135126 
18.6688017809 14.2487623657 1.75523596021 
18.6439578497 14.4709781373 1.75532280924 
18.6163117849 14.7395074333 1.75486228204 
18.5936608278 14.9425476159 1.75951408352 
18.5721723997 15.182536796 1.80912822434 
18.546005007 15.3907196487 1.75473965986 
18.5331199133 15.4835870529 1.6778091518 
18.5368008577 15.6786969865 1.1381113951 
18.6327960455 15.8193732465 0.853994747395 
18.8090465033 15.990800556 0.852002990462 
18.9441392386 16.1235482062 0.847441222821 
19.1273660624 16.2984139884 0.870199280663 
19.1495730841 16.3178175653 0.847322826958 
19.1495730841 16.3178175653 0.847322826958 
19.1495730841 16.3178175653 0.847322826958 
19.1495730841 16.3178175653 0.847322826958 
19.1495730841 16.3178175653 0.847322826958 
19.1495730841 16.3178175653 0.847322826958 
19.1495730841 16.3178175653 0.847322826958 
19.1495730841 16.3178175653 0.847322826958 
19.1495730841 16.3178175653 0.847322826958 
19.1495730841 16.3178175653 0.847322826958 
19.1495730841 16.3178175653 0.847322826958 
19.1495730841 16.3178175653 0.847322826958 
19.1495730841 16.3178175653 0.847322826958 
19.1495730841 16.3178175653 0.847322826958 
19.1495730841 16.3178175653 0.847322826958 
19.1495730841 16.3178175653 0.847322826958 
19.1495730841 16.3178175653 0.847322826958 
19.1495730841 16.3178175653 0.847322826958 
19.1495730841 16.3178175653 0.847322826958 
19.1495730841 16.3178175653 0.847322826958 
19.1495730841 16.3178175653 0.847322826958 
19.1495730841 16.3178175653 0.847322826958 
19.2271146738 15.7393902505 4.01069038199 
19.1758177244 15.6871722008 4.01198290309 
19.1758177244 15.6871722008 4.01198290309 
19.0766057932 15.5896384383 3.5672346423 
18.9841527903 15.5567966963 3.57210560465 
18.8804526293 15.5189121033 3.57174672459 
18.7084476912 15.4558135981 3.56791534256 
18.5226020777 15.3888896967 3.54613624834 
18.376838442 15.3380627225 3.30229953459 
18.2351043188 15.3313935066 3.12853625457 
17.9667029345 15.3589403669 3.09509653901 
17.8152650559 15.3762204612 3.09534762384 
17.6447038614 15.3971730585 3.10364733345 
17.4358700478 15.4185965175 3.10035301385 
17.2626062595 15.4392856623 3.08606252479 
17.0491088593 15.4657485003 3.10089689218 
16.7878348791 15.4961312676 3.08650573187 
16.6219475233 15.516055193 3.11633479086 
16.28057554 15.5592044557 3.09227035173 
16.0584943854 15.5854314531 3.10137028158 
15.9142075704 15.6024982298 3.09487085858 
15.6978056246 15.6309526826 3.22290921424 
15.5079955423 15.6201249028 3.38536875247 
15.2885361278 15.5846952463 3.62652275545 
15.1722128355 15.5350358749 4.04113084126 
15.1099081599 15.4724005426 4.17159722726 
15.0507019126 15.3881365771 4.173685105 
15.0507019126 15.3881365771 4.173685105 
14.7976006233 15.0240703488 4.20411610039 
14.7038899624 14.8918761278 4.17367399443 
14.6205557549 14.7755287851 4.10079786906 
14.4758800232 14.5712927545 4.1602170809 
14.391571995 14.4526599611 4.14711070545 
14.3589985335 14.4058960641 4.16153070555 
14.3589985335 14.4058960641 4.16153070555 
14.2188800537 14.2065125669 3.93372549431 
14.0801639521 14.0720310176 3.88735891724 
13.9102778399 13.9337071146 3.79821956536 
13.7957510912 13.8679205144 3.60014214972 
13.6922693216 13.8210685218 3.34470022453 
13.6113333666 13.7717001403 2.25050251704 
13.3877210581 13.8050339187 3.21771727195 
13.242067095 13.8013966049 3.22589949261 
13.0585167372 13.7977650131 3.19672334345 
12.940539118 13.7980092729 3.02332844543 
12.8833966219 13.803444382 2.75855083286 
12.8215160334 13.8196579183 2.57092785668 
12.7482459509 13.8563175167 2.07003865347 
12.7261891329 13.8541835512 1.75453312319 
12.7262656653 13.8553333248 1.76316825066 
12.7262656653 13.8553333248 1.76316825066 
12.7262656653 13.8553333248 1.76316825066 
12.6661505663 13.8782192434 0.743356308858 
12.6661505663 13.8782192434 0.743356308858 
12.6661505663 13.8782192434 0.743356308858 
12.6661505663 13.8782192434 0.743356308858 
12.6661505663 13.8782192434 0.743356308858 
12.6661505663 13.8782192434 0.743356308858 
12.6661505663 13.8782192434 0.743356308858 
12.6661505663 13.8782192434 0.743356308858 
12.6661505663 13.8782192434 0.743356308858 
13.1994192564 13.9193572963 -0.00672631097055 
13.1994192564 13.9193572963 -0.00672631097055 
13.5577995741 13.878355142 0.373043579609 
13.6961810553 13.921244737 0.530666742597 
13.8428006136 14.0009242261 0.544450056139 
13.959382292 14.0625351633 0.536031719325 
14.0842761957 14.1266261304 0.558731559319 
14.2544236147 14.2192234958 0.56306205259 
14.3869513237 14.2847405041 0.644999290147 
14.5174219572 14.3664846982 1.03125575917 
14.5766303503 14.4499194587 1.16607960194 
14.6416473353 14.5713631476 1.22522594306 
14.7254691088 14.7339348162 1.18585388098 
14.8043531143 14.8872470821 1.16665596736 
14.8923761808 15.0561842586 1.1687565435 
14.9574492538 15.1836567933 0.97877269676 
15.0341972673 15.284356613 0.518197056362 
15.0959672892 15.3295534293 0.156691341951 
15.1154180729 15.3516513968 -0.211357271713 
15.1260150635 15.3642530853 -0.447768323547 
15.160289284 15.3490674759 -0.549282022109 
15.222622689 15.3045797984 -0.550296751256 
15.3168339097 15.2337290107 -0.53504056034 
15.3958125078 15.1607339869 -0.119491904338 
15.4177611136 15.1406394506 0.146103980972 
15.4167484903 15.1308008845 0.292314347071 
15.4182884359 15.129581582 0.306019807448 
15.4171173834 15.1471116284 0.0317711358863 
15.4194212222 15.1637647862 -0.216816002716 
15.4228568339 15.1736875887 -0.397603789258 
15.4210499191 15.1716722513 -0.340745839821 
15.4222955966 15.1726584847 -0.368528313437 
15.4187164867 15.1584741587 -0.114564600918 
15.4133139515 15.1439748744 0.111566776491 
15.4457722568 15.1340690518 0.339061267282 
15.4780576789 15.1431143994 0.357697830605 
15.6149088704 15.1813747215 0.360482235352 
15.7059400493 15.2080850566 0.355279026685 
15.8423884438 15.247202053 0.353536193443 
15.9909858295 15.288944308 0.350838743322 
16.0318223202 15.3001381497 0.355280260583 
16.0682164543 15.3098945881 0.35604830399 
16.0730319583 15.3116387914 0.353504059088 
16.0730058664 15.3115643526 0.354689369333 
16.0729681515 15.3114838863 0.354912251146 
16.0729231947 15.3114852423 0.355534205829 
16.0729592853 15.3114756013 0.354749310341 
16.0729710722 15.3114789242 0.354807323869 
16.072974559 15.3114773075 0.354754163248 
16.0729253852 15.3114841918 0.355892812292 
16.0729683452 15.3114854435 0.354883121715 
16.0729606115 15.3114759962 0.3546568987 
16.0729632043 15.3114852796 0.354520904648 
16.072912451 15.3114865685 0.355787331819 
16.072946828 15.3114667947 0.35461900297 
16.0729080104 15.3115101869 0.355650365952 
16.0731229597 15.3115557472 0.351941040863 
16.0731775874 15.3115822638 0.351059455455 
16.0731784218 15.3115753646 0.350835695488 
16.0731238836 15.3115567158 0.351716440815 
16.0731629097 15.3115798051 0.351011553302 
16.0731136316 15.3115562762 0.351760825216 
16.0729392582 15.3114931996 0.354644437354 
16.0731102192 15.3115639503 0.351776675483 
16.0731576645 15.3115711848 0.351197435959 
16.0731092059 15.3115686814 0.352025044838 
16.0729429388 15.311481748 0.354589300117 
16.0731034243 15.3115500251 0.351734106206 
16.0730918461 15.3115452642 0.351976009492 
16.0729761535 15.3115016783 0.353939444641 
16.0730896109 15.3115562762 0.351929523741 
