15.8800005513 15.2399970651 0.043192391278 
15.8800244593 15.2400356758 0.0431128945309 
15.8800004983 15.2400008699 0.0433214494841 
15.8800441298 15.2400247497 0.0429658870582 
15.8800119461 15.2400198105 0.0432187994652 
15.8799875603 15.2400280204 0.0429981040171 
15.8800309842 15.2400464451 0.0431366496198 
15.8799905294 15.240008552 0.0430073558586 
15.8799701604 15.2400133548 0.0431470461561 
15.8799799775 15.2400039913 0.0431101614406 
15.8804505375 15.2404045616 0.0452766964488 
15.880430326 15.2403934011 0.0453354281079 
15.8804300429 15.2403921236 0.0452968831978 
15.8799567075 15.2400162245 0.0431664964311 
15.87995533 15.2400093923 0.0431861962355 
15.8804136618 15.2403978624 0.0451642985391 
15.880398173 15.2403828411 0.0450145752281 
15.8803847098 15.2403721125 0.0450419676888 
15.8803893869 15.2403801335 0.0450494629703 
15.880385779 15.2403841151 0.0450840402429 
15.8803803205 15.2404007539 0.0450504733078 
15.8803850386 15.2403943006 0.0450273998032 
15.8803887201 15.2403920379 0.0451287585975 
15.8803688205 15.2403788245 0.0452669207324 
15.8803943238 15.2403870176 0.0450015951883 
15.8803886521 15.2403863964 0.0449486035353 
15.879928643 15.2400204955 0.0431358523096 
15.8803694827 15.2403937625 0.0451195412427 
15.8803745928 15.2403927143 0.0451148047641 
15.8803830129 15.240399723 0.0451445067325 
15.8803596535 15.240394719 0.0451350047216 
15.8799236884 15.2400208949 0.0431967633926 
15.8798942418 15.2399864629 0.0430695005373 
15.8803810097 15.240545986 0.045657694323 
15.8799324847 15.240121831 0.0437803872554 
15.8799611015 15.240030288 0.0430810742331 
15.8800775801 15.2400627814 0.0424814989875 
15.8799080235 15.2400138696 0.0431708992512 
15.8799439958 15.2400078125 0.0429881676511 
15.8800793468 15.2400623242 0.0424767074745 
15.8801102351 15.2400818919 0.042549865591 
15.8800871085 15.2400793256 0.0425556445493 
15.8801033265 15.2400812525 0.042497088999 
15.8800967225 15.2400680175 0.0424534751274 
15.8802978472 15.2403288039 0.0445155763405 
15.8803091767 15.2403159905 0.0445801728717 
15.880093352 15.2400807564 0.0425150107175 
15.8800888566 15.2400744765 0.0425743851344 
15.880081324 15.2400523921 0.0425323164227 
15.8800839792 15.2400777936 0.042580222982 
15.8803757859 15.2404041626 0.045097860961 
15.8800852533 15.2400653848 0.0425261188882 
15.8800944696 15.2400648892 0.0424490734991 
15.8803595892 15.2403824353 0.0452218644767 
15.8800922168 15.2400715761 0.0425589077064 
15.8802999511 15.2403054766 0.0443805516215 
15.8800866633 15.240083474 0.0425251146629 
15.8800779908 15.2400560341 0.042369072448 
15.8800765529 15.2400611255 0.0425377983526 
15.8800920948 15.2400523952 0.0425501036386 
15.8801013801 15.2400512396 0.0424424879892 
15.8800960678 15.2400524507 0.0425257851756 
15.880089746 15.2400497228 0.0425684006049 
15.880087305 15.2400411266 0.0425139325272 
15.8800861716 15.2400560463 0.0425226219195 
15.8803572814 15.2403690673 0.0451557529963 
15.8803719265 15.240370505 0.0451518064679 
15.8803744056 15.2403924945 0.0449778437646 
15.8803668545 15.2403936654 0.0449928609301 
15.8801058234 15.240059336 0.0425325612933 
15.8801001442 15.240044908 0.0425486277336 
15.8800890894 15.2400395072 0.0426247317499 
15.8801044702 15.2400389501 0.042616331239 
15.8801132432 15.240051012 0.0425000170867 
15.8803930414 15.2403832444 0.0450769740704 
15.8800733491 15.240044034 0.0424482083392 
15.880054406 15.2400841154 0.0422527859252 
15.8800392431 15.240070357 0.0423943393098 
15.8803271056 15.2403906658 0.0449171235254 
15.8800579283 15.2400670478 0.0423992024969 
15.8800385996 15.2400534682 0.042361448202 
15.8800622235 15.2400632419 0.042528838151 
15.8965917464 15.2402112753 0.0374725655777 
15.9421596752 15.238044134 0.0347195560385 
15.9850123041 15.2373006442 0.0266961633939 
16.0170122647 15.234919053 0.0370865914417 
16.079208281 15.2319934864 0.037850677096 
16.1565733516 15.2297874356 0.0192052532573 
16.2665868067 15.2262527731 0.0281548206765 
16.3946584427 15.2238721859 0.0334145339164 
16.5198805296 15.2188656817 0.046404339845 
16.6225258076 15.2147483456 0.0507287317134 
16.7261579597 15.2113875619 0.0482102104311 
16.9388550484 15.2040300632 0.0389960762644 
17.0843901598 15.1958412568 0.0526006867454 
17.1861515009 15.1925296413 0.0501304594461 
17.2844058239 15.1888286846 0.0344494232132 
17.4582803213 15.1807066205 0.0507655218172 
17.5867550337 15.1756895671 0.0435281845176 
17.7553787195 15.1693180616 0.0403024270501 
17.9601755106 15.1605640764 0.0441884082767 
18.0947320425 15.1570896844 0.0427533732555 
18.2297420466 15.1515283848 0.0402106389886 
18.3245437109 15.1472209359 0.0382777074529 
18.4646193945 15.1412546078 0.046984870043 
18.7245244944 15.1332977081 -0.255832887488 
18.8296716177 15.1049142892 -0.704632497883 
18.8693313562 15.0882378633 -1.04268631822 
18.8922479117 15.0904130901 -1.39939343796 
18.9067923987 15.0736427421 4.66550674303 
18.9013123476 15.0300992096 4.63057462918 
18.89022493 14.9805920685 4.66380574843 
18.8636636698 14.8259737457 4.59736215144 
18.8263716662 14.6260282362 4.59470257838 
18.7940101587 14.4535714949 4.61287614336 
18.7706949675 14.3173844779 4.62261649706 
18.7458338701 14.1844574178 -1.44921428513 
18.7457632982 14.0812785591 -1.16901069584 
18.7688605749 14.0028028453 -1.0502745086 
18.7945375406 13.9535578454 -1.11839491783 
18.8150548899 13.9327847923 -1.3190784687 
18.8297414744 13.9307787384 -1.55384497062 
18.8457019293 13.9162712062 4.47167729097 
18.8457019293 13.9162712062 4.47167729097 
18.8457019293 13.9162712062 4.47167729097 
18.8457019293 13.9162712062 4.47167729097 
18.8457019293 13.9162712062 4.47167729097 
18.8457019293 13.9162712062 4.47167729097 
18.8457019293 13.9162712062 4.47167729097 
18.5612695181 13.2653492654 3.94575735543 
18.5612695181 13.2653492654 3.94575735543 
18.5612695181 13.2653492654 3.94575735543 
18.5612695181 13.2653492654 3.94575735543 
18.1977155172 13.1303235258 3.36633502592 
18.0407335722 13.1077278818 3.37355901001 
17.8690836393 13.083238479 3.36285061314 
17.7163761818 13.0609983171 3.38885801667 
17.5940997564 13.0433303083 3.33766961522 
17.4673103058 13.0364946092 3.24561594127 
17.3219704592 13.0371440614 3.21433097855 
17.1689699852 13.0394645895 3.21137898451 
17.1689699852 13.0394645895 3.21137898451 
16.8529956305 13.0463522638 3.21567313827 
16.6929348075 13.0493851865 3.20154071982 
16.5434983337 13.0525439943 3.19661929285 
16.3839620316 13.0554300512 3.19194673165 
16.2367623114 13.0571120943 3.20062523388 
16.0914808476 13.0574058259 3.20352457603 
15.9398291447 13.0603696073 3.2074191459 
15.7783110106 13.0630921091 3.20762148589 
15.6384667122 13.0655511583 3.20004655044 
15.4972850346 13.0685280527 3.17745114063 
15.3954578602 13.0706633295 3.17531157969 
15.2935184204 13.0736530984 3.18822682353 
15.1506354773 13.0784195627 3.20778750363 
15.0292264783 13.0796481336 3.17136199408 
14.9301950895 13.0806983675 3.17826588639 
14.8793482744 13.0804878438 3.17360402691 
14.8793482744 13.0804878438 3.17360402691 
14.8017274105 13.0557743276 2.52282332136 
14.7830452883 13.0462695325 2.19408831425 
14.7651425564 13.0664905275 2.09594101881 
14.7555403673 13.0860546792 2.08609429879 
14.7555403673 13.0860546792 2.08609429879 
14.7555403673 13.0860546792 2.08609429879 
14.5787343943 13.4710850681 2.07524602954 
14.5146988594 13.6045780147 2.07341723114 
14.453042742 13.7384676898 2.09943914348 
14.4044342005 13.8527913059 2.16798612079 
14.3655328714 13.9353013004 2.46928565985 
14.3374930584 13.9838874305 2.75478415605 
14.3228381836 14.0046019519 3.03990096338 
14.3080867493 14.0282326902 3.32039773254 
14.2685170138 14.0286792482 3.40054110788 
14.2083713972 14.0181345905 3.39751310733 
14.114041444 14.000060674 3.41092307941 
13.9710533583 13.9745326007 3.42961854008 
13.8599772417 13.9558694328 3.38271667818 
13.6877860987 13.9251508678 3.39347907476 
13.5334804022 13.8960378135 3.37713858421 
13.4730503523 13.9104440177 -0.641157717003 
13.2603535616 13.8429673875 3.74031599081 
13.1790730917 13.841925856 3.75280845733 
13.1481139624 13.8370482887 3.9434465349 
13.1142759287 13.8440014089 4.38409411478 
13.1142759287 13.8440014089 4.38409411478 
13.1142759287 13.8440014089 4.38409411478 
13.0934398138 13.7958891357 4.49794293425 
13.0698442423 13.7238818372 4.51294550232 
13.0416467154 13.6286103691 4.5039313607 
13.0115556681 13.5375941957 4.5891057681 
12.9891447985 13.4765237535 -1.45022516316 
12.9758222067 13.435889479 -1.1560463411 
12.9621031248 13.418842193 -0.8524135759 
12.9458944761 13.4038499559 -0.511241717705 
12.9363808596 13.3853039707 -0.188734650479 
12.9353218042 13.3660892213 0.0957597167229 
12.9450621569 13.3576711381 0.24258654738 
12.9652874434 13.3575916255 0.31304113726 
12.9652874434 13.3575916255 0.31304113726 
13.1036093199 13.3879860605 0.380680501861 
13.1036093199 13.3879860605 0.380680501861 
13.1760466063 13.3919261659 0.853794991924 
13.1760466063 13.3919261659 0.853794991924 
13.1760466063 13.3919261659 0.853794991924 
13.3536756003 13.6033221448 0.978392698159 
13.3773577177 13.6421622003 0.868923983154 
13.4805083239 13.7446974481 0.752262803909 
13.5901105368 13.8294312919 0.744522123424 
13.7110710108 13.9224561418 0.743800615791 
13.8327276671 14.0174689258 0.739232000693 
13.976210829 14.1288567747 0.741730737292 
14.1435313189 14.2578896845 0.716344374923 
14.2470434868 14.3348092998 0.661441258491 
14.370306369 14.4282689656 0.709566754628 
14.5357007944 14.5542300309 0.706064934883 
14.7171698773 14.6934424604 0.709861082441 
14.8557623589 14.8005000318 0.711739980191 
14.9767950737 14.8950257565 0.741853167697 
15.1205651128 15.006261986 0.721209416694 
15.1844344699 15.0549039508 0.728966813003 
15.2479702198 15.1027344877 0.740468046245 
15.2956317031 15.123962071 0.97984079293 
15.300647434 15.1247101391 1.0365034274 
15.3332537973 15.1128353591 1.57504309599 
15.3416578138 15.1406790579 1.71191452303 
15.3367009127 15.2299020498 1.71861991018 
15.3302911484 15.3139389346 1.72233181614 
15.3198865616 15.4347149844 1.73154672981 
15.3152449095 15.5096829797 1.73578718908 
15.3102722728 15.5847490395 1.71810539674 
15.3080148661 15.6131480599 1.72153012939 
15.3226438725 15.6216288472 2.00155794199 
15.3360052073 15.6249166096 2.22088151219 
15.3418948018 15.6314038301 2.33671806794 
15.3391064369 15.6277616287 2.27731986646 
15.3156979644 15.6187963749 1.83002247156 
15.299082514 15.6174843873 1.62083382277 
15.2996793949 15.6182880069 1.63412658672 
15.3035182917 15.619285878 1.69565605194 
15.3026010358 15.6497857536 1.70121173098 
15.2992246115 15.7049011255 1.70018853818 
15.3022564017 15.7480280364 1.80063143648 
15.3213013374 15.773674723 2.18703589364 
15.3279198372 15.7782508696 2.30886254681 
15.3286458814 15.7768591608 2.30011123051 
15.3338703477 15.7828614081 2.42207810192 
15.3448505365 15.79606789 2.69308048591 
15.3523932659 15.8140107954 2.992237051 
15.3347707355 15.8272265757 3.16886611536 
15.2834525072 15.8303604091 3.20646905294 
15.2213103139 15.8386989797 3.32369918963 
15.2042746508 15.8533593977 3.56580037645 
15.1974446737 15.8655039037 3.79455569578 
15.1776081884 15.8537302578 3.79606123007 
15.1425912344 15.8300222124 3.80476285611 
15.0767561757 15.7842193211 3.80670113542 
14.9442260825 15.6956256593 3.79776323299 
14.8406361305 15.6266399289 3.81729523668 
14.6379702055 15.4920165206 3.79437183253 
14.5008226597 15.399931785 3.81233487438 
14.3774472439 15.3188956271 3.80597693074 
14.2656573021 15.2453499737 3.79588243248 
14.1586059296 15.1731578971 3.76803860972 
14.0296454393 15.092247721 3.46434703978 
13.9515052998 15.0683052356 3.25801961866 
13.8894119227 15.0640230889 3.19439044677 
13.8674480879 15.0642316307 3.19267954166 
13.8652310335 15.0652635063 3.20704561835 
13.8652310335 15.0652635063 3.20704561835 
13.8340909445 15.0650289024 3.25726653477 
13.8033714258 15.0662530179 3.21135512574 
13.8033714258 15.0662530179 3.21135512574 
13.7487843001 15.0696565027 3.20825565175 
13.7487843001 15.0696565027 3.20825565175 
13.7487843001 15.0696565027 3.20825565175 
13.7183814013 15.0991936589 3.67965530441 
13.7183814013 15.0991936589 3.67965530441 
13.7183814013 15.0991936589 3.67965530441 
13.6644146406 15.1335257331 4.70395439599 
13.6376600229 15.1321186686 -1.21809829597 
13.6386563742 15.1222905705 -1.1576714424 
13.6386563742 15.1222905705 -1.1576714424 
13.6436185801 15.042197984 -0.642169259096 
13.6691977942 15.0079299326 -0.590076418489 
13.677113291 14.9785142506 -0.448241711808 
13.708216902 14.9582272733 -0.458539462454 
13.708216902 14.9582272733 -0.458539462454 
13.8939542734 14.8555032874 -0.339482163104 
14.1436880791 14.7106392945 -0.44681177581 
14.2871864998 14.6295086111 -0.684145153553 
14.37487733 14.5432749356 -0.906225895228 
14.4898008072 14.378252324 -0.883737854025 
14.547673937 14.2880960072 -0.942009753533 
14.6219557488 14.1787995065 -1.08567534429 
14.6773078405 14.037944075 -1.20771652572 
14.7279388868 13.8804964984 -1.14562705339 
14.7779612505 13.7237925495 -1.17495269678 
14.8179799282 13.5958420003 -1.17927075293 
14.8547853195 13.4853155578 -0.988709453392 
14.8980371916 13.4023487533 -0.724502968583 
15.0119320118 13.295049187 -0.549001655272 
15.1264147722 13.2101660932 -0.135963824319 
15.1905841195 13.1865054334 0.149361125929 
15.2554816568 13.1886640752 0.24686991878 
15.3326439225 13.2031723226 0.222566355983 
15.4036731684 13.2258228029 -0.0835466435174 
15.4648507201 13.2224100793 -0.33770906525 
15.5548621678 13.1784530843 -0.319950631082 
15.5837326312 13.1573699678 -0.156635443762 
15.6310803854 13.1374088491 0.125519360209 
15.6938140356 13.1405237878 0.120533180618 
15.7771905848 13.144385692 0.116850263017 
15.8932968719 13.148767587 0.120346721938 
16.0242367053 13.1537634099 0.118059792728 
16.2194401884 13.1621457304 0.115780083226 
16.4390941226 13.1707464422 0.131097716814 
16.5775417053 13.1758540834 0.125202424221 
16.7111140453 13.179095384 0.130763615405 
16.8420032823 13.1832205022 0.123873690958 
16.9966905081 13.1880003179 0.110952588135 
17.1013314688 13.1918057168 0.11303578239 
17.2907565796 13.1979159082 0.111276235305 
17.375911113 13.2014778818 0.108821556784 
17.6028544867 13.2094358171 0.109653005589 
17.6714451277 13.2112523283 0.109998197999 
17.792963382 13.214493152 0.111090931724 
17.9117696249 13.2198160852 0.0982112181706 
18.1545731985 13.2272509302 0.102419835353 
18.2718594038 13.2306016649 0.115662844414 
18.4454362356 13.2340165342 0.213913566292 
18.5306184256 13.2399533952 0.37159217862 
18.6515338385 13.2699081863 0.880097958154 
18.6837420427 13.2876864637 1.13304040174 
18.712688204 13.3295901979 1.26480684572 
18.7627167666 13.4423729146 1.43143699915 
18.788230654 13.4964487518 1.77448838727 
18.7897312605 13.5419443811 1.98366321106 
18.7690203154 13.5968666042 2.06351753341 
18.7502713167 13.6149201358 1.89217965639 
18.737008568 13.6358221735 1.74783496974 
18.7318460905 13.6873944963 1.75516643396 
18.7193326914 13.7941071952 1.75630467822 
18.7083229982 13.8989009822 1.76191966806 
18.6913101637 14.0553448165 1.75638136297 
18.6702048742 14.235972997 1.75475069524 
18.6498753988 14.4200399483 1.75835688359 
18.6185145342 14.7194734777 1.74802048076 
18.5962350332 14.9216105903 1.76031553711 
18.5724608862 15.1561169589 1.73476738146 
18.555968281 15.2928535531 1.75050427477 
18.5331199133 15.4835870529 1.6778091518 
18.529194113 15.6404014195 1.30310852487 
18.5511825049 15.7174288298 0.999226187142 
18.6062822306 15.7918518747 0.865963764601 
18.7297077143 15.9135727252 0.858548960471 
18.8750939333 16.0542778934 0.856108329586 
18.9826650583 16.1580054129 0.842796339925 
19.0854465925 16.2569483484 0.860056170898 
19.1495730841 16.3178175653 0.847322826958 
19.1495730841 16.3178175653 0.847322826958 
19.1495730841 16.3178175653 0.847322826958 
19.1495730841 16.3178175653 0.847322826958 
19.1495730841 16.3178175653 0.847322826958 
19.1495730841 16.3178175653 0.847322826958 
19.1495730841 16.3178175653 0.847322826958 
19.1495730841 16.3178175653 0.847322826958 
19.1495730841 16.3178175653 0.847322826958 
19.1495730841 16.3178175653 0.847322826958 
19.1495730841 16.3178175653 0.847322826958 
19.1495730841 16.3178175653 0.847322826958 
19.1495730841 16.3178175653 0.847322826958 
19.1495730841 16.3178175653 0.847322826958 
19.1495730841 16.3178175653 0.847322826958 
19.1495730841 16.3178175653 0.847322826958 
19.1495730841 16.3178175653 0.847322826958 
19.1495730841 16.3178175653 0.847322826958 
19.1495730841 16.3178175653 0.847322826958 
19.1495730841 16.3178175653 0.847322826958 
19.1495730841 16.3178175653 0.847322826958 
19.1495730841 16.3178175653 0.847322826958 
19.1495730841 16.3178175653 0.847322826958 
19.1495730841 16.3178175653 0.847322826958 
19.1495730841 16.3178175653 0.847322826958 
19.1495730841 16.3178175653 0.847322826958 
19.1495730841 16.3178175653 0.847322826958 
19.1495730841 16.3178175653 0.847322826958 
19.2303490603 15.7424930895 4.01118416032 
19.1938965284 15.7055625583 3.99148007142 
19.1758177244 15.6871722008 4.01198290309 
19.1758177244 15.6871722008 4.01198290309 
19.0829589331 15.5912526215 3.56400945201 
18.979018923 15.5550209249 3.57502906524 
18.7938158476 15.4868180121 3.55410184799 
18.5567102396 15.4016534502 3.56514190467 
18.4261417353 15.3527696992 3.4130920781 
18.3159346544 15.3276315595 3.16927010239 
18.1418662035 15.3412896807 3.1121240494 
17.945716139 15.3625227402 3.10688565955 
17.7643476688 15.3828541453 3.10015591063 
17.5784128868 15.4045183475 3.11136118237 
17.3741205895 15.4260911162 3.09351209478 
17.1514441931 15.4545523489 3.10033831752 
17.0193974936 15.4692998941 3.08855581101 
16.8516660297 15.4891554678 3.09478605402 
16.6421394908 15.5136263336 3.08930243917 
16.4991268479 15.5308529104 3.10550130402 
16.3516630196 15.5502735044 3.10434433453 
16.148050394 15.5745823348 3.09154768144 
16.007656362 15.5916370715 3.10010246788 
15.8929179582 15.6050502623 3.10803903984 
15.7641903424 15.6230085457 3.15272538939 
15.6332018637 15.6345625187 3.34872964949 
15.4481674099 15.609339651 3.37487615989 
15.304310199 15.5880511964 3.58955429028 
15.1965684855 15.5531668628 3.98132978643 
15.0894658529 15.4452416862 4.17896581728 
15.0507019126 15.3881365771 4.173685105 
15.0507019126 15.3881365771 4.173685105 
14.8320612871 15.0742459411 4.18183134512 
14.7600886786 14.9707293476 4.19434145018 
14.6800410711 14.8569909299 4.19374552969 
14.5739620888 14.7055931653 4.18153430052 
14.489965316 14.5900316204 4.18613265169 
14.3833559715 14.4388048614 4.1776851922 
14.3589985335 14.4058960641 4.16153070555 
14.3589985335 14.4058960641 4.16153070555 
14.2188800537 14.2065125669 3.93372549431 
14.0505750143 14.0476269687 3.90325705563 
14.0505750143 14.0476269687 3.90325705563 
13.8255584204 13.8819414342 3.62812731235 
13.7058362925 13.8270324434 3.41703174747 
13.5313999617 13.8043093647 3.233260066 
13.3455867731 13.8025417293 3.22791893577 
13.1909103357 13.8006274665 3.22639649494 
13.0163395369 13.7968915666 3.16072963665 
12.8833966219 13.803444382 2.75855083286 
12.8215160334 13.8196579183 2.57092785668 
12.7528822386 13.853673693 2.11992279538 
12.7262656653 13.8553333248 1.76316825066 
12.7262656653 13.8553333248 1.76316825066 
12.7262656653 13.8553333248 1.76316825066 
12.7262656653 13.8553333248 1.76316825066 
12.6661505663 13.8782192434 0.743356308858 
12.6661505663 13.8782192434 0.743356308858 
12.6661505663 13.8782192434 0.743356308858 
12.6661505663 13.8782192434 0.743356308858 
12.6661505663 13.8782192434 0.743356308858 
12.6661505663 13.8782192434 0.743356308858 
12.6661505663 13.8782192434 0.743356308858 
12.6661505663 13.8782192434 0.743356308858 
13.1994192564 13.9193572963 -0.00672631097055 
13.1994192564 13.9193572963 -0.00672631097055 
13.5105376207 13.8785130943 0.207043111536 
13.6050806009 13.8876290287 0.465338131903 
13.7032732927 13.9248566593 0.539675720176 
13.8428006136 14.0009242261 0.544450056139 
14.0372767412 14.1033043827 0.542265823255 
14.1522064173 14.1658720935 0.527130426403 
14.3151535952 14.2510707344 0.55675694779 
14.4624229633 14.3279267515 0.787901113366 
14.554695841 14.4113777245 1.16585670941 
14.6416473353 14.5713631476 1.22522594306 
14.7057954037 14.6968590582 1.178112697 
14.8153277599 14.9061230684 1.20767267314 
14.8839086258 15.0380248542 1.19175317594 
14.9432012403 15.1585075373 1.03213874582 
14.9921714627 15.2406373683 0.74722927665 
15.0763777458 15.3160670067 0.32049555983 
15.11084288 15.3414495851 -0.0447927673879 
15.1185883247 15.3618582378 -0.367851283232 
15.1512166822 15.3551846931 -0.542202921888 
15.2366045081 15.2930458153 -0.545593925054 
15.3168339097 15.2337290107 -0.53504056034 
15.3719435298 15.1847851912 -0.358801431436 
15.4018006587 15.1563670824 -0.0564962227915 
15.4185465538 15.1400778631 0.152042642921 
15.4166077339 15.1301626379 0.295290400804 
15.4185046815 15.1288177709 0.323107143078 
15.4171590769 15.1361766348 0.199450486819 
15.4176455998 15.1543952266 -0.0556685459599 
15.4202693367 15.1673903877 -0.284307586377 
15.4230959081 15.1741172115 -0.40140252011 
15.4228269124 15.1725448112 -0.367872630475 
15.4200641775 15.1726329664 -0.348142293375 
15.4218010866 15.1699307303 -0.311353332141 
15.4159531557 15.1527613888 -0.0172014015761 
15.429554131 15.1334966759 0.274990350342 
15.4940620029 15.1475535 0.362432211924 
15.5950411522 15.1759430731 0.356298157915 
15.7453333252 15.2198390144 0.348849921419 
15.8569319212 15.2516797411 0.347629753966 
15.9485481494 15.2774031761 0.348663824043 
16.0554604792 15.3069432268 0.354251276094 
16.0735151583 15.3118928487 0.351659243542 
16.0729768091 15.311549824 0.354662637677 
16.0729624146 15.3114766667 0.354738590387 
16.0729231947 15.3114852423 0.355534205829 
16.0729541444 15.311480392 0.354921112572 
16.0729590767 15.3114732916 0.354841551019 
16.0729564541 15.3114604692 0.355115980669 
16.0729685092 15.3114808092 0.354773540465 
16.072931897 15.3115076239 0.35582032252 
16.0729634875 15.3114797885 0.35468064417 
16.0729696267 15.3114829103 0.354639972378 
16.0729614311 15.3114683444 0.354764051748 
16.0731732809 15.311571684 0.351123817012 
16.0729524755 15.3114698867 0.354498377886 
16.0729165786 15.3115034888 0.35572351398 
16.0730045849 15.3115076462 0.353760264004 
16.073119443 15.3115642781 0.351962402342 
