15.880012164 15.2400087892 0.0432649158357 
15.8800468297 15.240015798 0.0430246409516 
15.880364501 15.2402876073 0.0448693240053 
15.880021426 15.2400304428 0.0430410854236 
15.8799991907 15.2400374182 0.0429838692628 
15.8803304444 15.2402963771 0.0448974691521 
15.8799982798 15.2400185756 0.0429517824723 
15.8799800427 15.2400048187 0.0431638237254 
15.8799919245 15.240023203 0.0432128441908 
15.8799916507 15.240015296 0.0432387243133 
15.8799923985 15.2400058415 0.0431643028589 
15.8804219171 15.2403858043 0.0453330975407 
15.8804263576 15.2403955716 0.0450854208976 
15.880422487 15.2403987618 0.0452298003317 
15.8799467516 15.239999367 0.0430763673868 
15.880401888 15.2403736867 0.0448613298296 
15.8804035123 15.2403790939 0.0451404090357 
15.8800168113 15.2400821895 0.043342615038 
15.880385779 15.2403841151 0.0450840402429 
15.8803831368 15.2403793282 0.0450539247676 
15.8803932882 15.2403848569 0.0451965753335 
15.8803737202 15.2403706207 0.0451317345104 
15.8803820611 15.240376848 0.0453017122737 
15.8803821831 15.2403716657 0.0448694355826 
15.8803755437 15.2403763782 0.0449467260154 
15.8799169102 15.2400115976 0.0431222992201 
15.8803727404 15.2404000962 0.0450579173807 
15.88028296 15.2403121097 0.0445639742981 
15.8803804434 15.2403906556 0.0451282579242 
15.8803681537 15.2403840581 0.0450414146845 
15.8803606174 15.2403911806 0.0449705997393 
15.8803659977 15.2403939054 0.0450387757375 
15.8798985305 15.2399857733 0.0431748708965 
15.8800094045 15.2400789457 0.0435943381872 
15.8799195514 15.2400128443 0.0432009949003 
15.879909129 15.2400042237 0.0431783620027 
15.8800072019 15.2400927995 0.043512395778 
15.8800520898 15.2400359847 0.042666157037 
15.8800622272 15.2400487046 0.0426145333112 
15.8800917045 15.2400728454 0.0424737739337 
15.8800852672 15.2400628564 0.0424884709608 
15.8800918312 15.2400712754 0.0425361643789 
15.8800997633 15.2400772203 0.0424956939373 
15.8800954885 15.24006702 0.04255865122 
15.8800850027 15.2400486372 0.0425356722998 
15.8800775931 15.2400717632 0.0425129354692 
15.8800837119 15.2400730291 0.0425207075209 
15.8801051463 15.2400779439 0.0425438936711 
15.8800862591 15.2400612201 0.0424602529323 
15.880084403 15.240078181 0.0424755959091 
15.8800777598 15.240057295 0.0424353081073 
15.8800995677 15.2400491895 0.0425426033605 
15.8803119437 15.2403139419 0.0444155597041 
15.8803551897 15.2403766003 0.0450918800856 
15.8803630733 15.2403722748 0.0449041469327 
15.8803691576 15.2403716401 0.0449671212158 
15.8803813328 15.2403872821 0.0450739379469 
15.8800847839 15.2400796536 0.0425058121853 
15.8801030248 15.2400794353 0.0423699043235 
15.8801013745 15.2400699924 0.0424686134277 
15.8800898363 15.2400538804 0.0425301816674 
15.8800846433 15.2400364051 0.0423949150736 
15.8803111027 15.2403071288 0.0445793356525 
15.880089746 15.2400497228 0.0425684006049 
15.880087305 15.2400411266 0.0425139325272 
15.8800986839 15.2400374385 0.0422989874852 
15.8803678026 15.2403894947 0.0450827353768 
15.8803661029 15.2403752408 0.0448975375838 
15.8803582817 15.2403727782 0.0447355161806 
15.8803743898 15.2403670945 0.0451817915138 
15.8803609369 15.2403593217 0.0450593793579 
15.8801001442 15.240044908 0.0425486277336 
15.8801029195 15.2400501169 0.042725355829 
15.8800944007 15.2400466243 0.0425418246708 
15.8801098644 15.2400526658 0.0427265631319 
15.8800950657 15.2400530807 0.0425641928201 
15.8801526596 15.2401119764 0.0430741745217 
15.8800687866 15.2400662372 0.0424644950118 
15.8800194497 15.240060965 0.0422275053445 
15.8800483599 15.2400752545 0.0422778821147 
15.8800482379 15.2400651715 0.0423974281614 
15.8800579283 15.2400670478 0.0423992024969 
15.8800657793 15.2400728953 0.0423766325119 
15.8846410095 15.2396412171 0.0463261589435 
15.9112246466 15.239039969 0.044137993344 
15.9732403049 15.2372358475 0.0325057009449 
16.0093377867 15.2357996334 0.0377237619826 
16.0694613272 15.2333525734 0.0335726879805 
16.1614388489 15.2289088771 0.0298803797794 
16.3198268079 15.2256350063 0.0376750701103 
16.4677156174 15.2213000695 0.0340634421829 
16.5667055213 15.2172172556 0.0471475021228 
16.7098538839 15.2121995112 0.0463044241196 
16.8306832873 15.2080444547 0.0470951319328 
16.9512526953 15.2033369506 0.0423195760669 
17.1564109289 15.1943397971 0.0384185108837 
17.3225033247 15.1874367523 0.0450338793533 
17.466053363 15.1804320442 0.0410201611395 
17.6969263517 15.1712845753 0.0286122874582 
17.9190401995 15.1624647344 0.0459954810838 
17.997169491 15.1596794243 0.0454104733569 
18.110440489 15.1567139367 0.0419841520127 
18.2750275099 15.1490881036 0.0389546725135 
18.4872338736 15.1408380906 0.0380853142674 
18.6446068251 15.1377203951 -0.0575977731016 
18.7721617186 15.1252556557 -0.425438257755 
18.8296716177 15.1049142892 -0.704632497883 
18.8790230715 15.0863653983 -1.1791017613 
18.8992311918 15.0909447337 -1.49586516293 
18.903406378 15.085666802 -1.56008978292 
18.8996264898 15.0236416126 4.63363297683 
18.8854708635 14.9463356102 4.64767441073 
18.8678359949 14.8432342077 4.62507097055 
18.8484570944 14.752452519 4.62119540894 
18.816871401 14.5764781798 4.61176072863 
18.7875907385 14.4166609014 4.61325808605 
18.7611293757 14.2744818295 4.67268687289 
18.74098086 14.1512240137 -1.3382362737 
18.7409832441 14.1119855607 -1.23089005731 
18.7703707182 13.9990559782 -1.04737740122 
18.8007590735 13.9461396898 -1.16788464386 
18.8183178866 13.9326579536 -1.35742406377 
18.8383531534 13.9304888214 4.59540846984 
18.8457019293 13.9162712062 4.47167729097 
18.8457019293 13.9162712062 4.47167729097 
18.8457019293 13.9162712062 4.47167729097 
18.8457019293 13.9162712062 4.47167729097 
18.8457019293 13.9162712062 4.47167729097 
18.8457019293 13.9162712062 4.47167729097 
18.8457019293 13.9162712062 4.47167729097 
18.5612695181 13.2653492654 3.94575735543 
18.5612695181 13.2653492654 3.94575735543 
18.5612695181 13.2653492654 3.94575735543 
18.5612695181 13.2653492654 3.94575735543 
18.1219749415 13.1188987459 3.36548179991 
17.9312026465 13.0924118722 3.37964505781 
17.7912714445 13.0730270112 3.39715337928 
17.6511806213 13.0516346658 3.36319416162 
17.4958270752 13.0359977449 3.21812133659 
17.2697781288 13.0402952398 3.24944489679 
17.1689699852 13.0394645895 3.21137898451 
16.8400489056 13.0458909238 3.20216742529 
16.6840706431 13.0501505102 3.20226673633 
16.4805886709 13.0543564523 3.20346504723 
16.3321165108 13.0576683248 3.20465378675 
16.1776243412 13.0585826601 3.21819263744 
16.0485523307 13.0587011541 3.18928907185 
15.8882995489 13.0609244073 3.20606379659 
15.7397245431 13.0638767446 3.2074279621 
15.5398516023 13.0686823095 3.19596319657 
15.4251225853 13.0700362886 3.16564326886 
15.2994896137 13.073434707 3.18233447068 
15.1506354773 13.0784195627 3.20778750363 
15.0104590022 13.0801809991 3.18287608609 
14.9140105807 13.0811871255 3.18167948588 
14.8793482744 13.0804878438 3.17360402691 
14.8090267145 13.065316316 2.69235266206 
14.8021391594 13.056711551 2.5387364375 
14.7779439652 13.0500963891 2.15538645999 
14.7651425564 13.0664905275 2.09594101881 
14.7555403673 13.0860546792 2.08609429879 
14.7555403673 13.0860546792 2.08609429879 
14.7555403673 13.0860546792 2.08609429879 
14.5595395529 13.513321277 2.07505707858 
14.4871320688 13.66415393 2.11350304261 
14.4408144915 13.7628618444 2.08823212706 
14.394154545 13.8771011795 2.21923242394 
14.3655328714 13.9353013004 2.46928565985 
14.3374930584 13.9838874305 2.75478415605 
14.3182080948 14.0209652151 3.21730420379 
14.2918815577 14.0302399362 3.30408175415 
14.2280657255 14.0219896997 3.3921639723 
14.1252787077 14.0027278627 3.40965707612 
14.035310384 13.9867330755 3.3922335601 
13.9530619347 13.9720290864 3.43424016116 
13.7831175291 13.9421241249 3.40960885541 
13.559507128 13.903764602 3.3910354359 
13.4730503523 13.9104440177 -0.641157717003 
13.4730503523 13.9104440177 -0.641157717003 
13.2603535616 13.8429673875 3.74031599081 
13.2603535616 13.8429673875 3.74031599081 
13.1481139624 13.8370482887 3.9434465349 
13.1193721258 13.8406038249 4.30663838659 
13.1142759287 13.8440014089 4.38409411478 
13.1142759287 13.8440014089 4.38409411478 
13.1041424238 13.834721681 4.50217319687 
13.0799567663 13.758001324 4.47571840232 
13.0698442423 13.7238818372 4.51294550232 
13.0333244764 13.6003071035 4.50278212798 
13.0072121584 13.527349707 4.62341603406 
12.9802730047 13.4521548713 -1.27109361063 
12.9678893053 13.4230166639 -0.988811353698 
12.9605390989 13.4173394407 -0.821704286069 
12.941871401 13.3947055305 -0.368629606795 
12.9363851511 13.3774198259 -0.0733770962053 
12.9416449034 13.3582663501 0.226329229876 
12.9652874434 13.3575916255 0.31304113726 
12.9652874434 13.3575916255 0.31304113726 
13.1036093199 13.3879860605 0.380680501861 
13.1036093199 13.3879860605 0.380680501861 
13.1036093199 13.3879860605 0.380680501861 
13.1760466063 13.3919261659 0.853794991924 
13.1760466063 13.3919261659 0.853794991924 
13.1760466063 13.3919261659 0.853794991924 
13.3713347876 13.6328666175 0.939407029578 
13.3773577177 13.6421622003 0.868923983154 
13.5464382135 13.7941467727 0.746111459039 
13.6231398546 13.8545266355 0.732985285016 
13.7685425245 13.9676417078 0.736672563532 
13.9263474905 14.0904793704 0.738244755369 
14.0472431147 14.1829918588 0.736640319648 
14.1293876135 14.2459615434 0.711486405384 
14.2978802883 14.3738681043 0.712690602613 
14.4336080515 14.4760581816 0.720061651749 
14.5357007944 14.5542300309 0.706064934883 
14.6820361578 14.6670956577 0.710015833037 
14.7919949257 14.7520175243 0.745290024182 
15.0100926721 14.9202574457 0.729690887062 
15.1317924225 15.0144599492 0.722744820409 
15.1984260642 15.0651199187 0.728742825315 
15.2508196199 15.1042048449 0.74510183399 
15.300647434 15.1247101391 1.0365034274 
15.300647434 15.1247101391 1.0365034274 
15.3346460425 15.1146746839 1.59463658374 
15.3415633404 15.1432715843 1.71537571731 
15.339271661 15.2010285112 1.72078989159 
15.3307803833 15.3080504353 1.72172005929 
15.320992347 15.4224167431 1.72871799527 
15.3163493836 15.5052965547 1.72043471818 
15.3102722728 15.5847490395 1.71810539674 
15.3084751331 15.6055901016 1.71945045156 
15.3156581485 15.6206821764 1.88635354826 
15.3278211915 15.6237722004 2.09662212375 
15.34278005 15.6295055712 2.33475796863 
15.3418487274 15.6314816142 2.3361025893 
15.3398802244 15.628840592 2.29593404274 
15.3185533249 15.6200234855 1.91155442602 
15.3007019722 15.6186944808 1.65340478477 
15.2990029418 15.6175993348 1.62387272457 
15.2996395194 15.6182556714 1.63368314445 
15.3038525545 15.6192242766 1.70008494423 
15.3020334208 15.659541961 1.70143519384 
15.2983144486 15.7175980772 1.70517089353 
15.3060951793 15.7617980803 1.90602387643 
15.3166974151 15.7706637944 2.10953611744 
15.3279423082 15.7758114899 2.27706101206 
15.3291146719 15.777580973 2.27959257327 
15.3286458814 15.7768591608 2.30011123051 
15.3325938546 15.7811020578 2.38778225707 
15.3429656589 15.793621179 2.65269025152 
15.351847347 15.8130757178 2.96879726022 
15.3311844432 15.8283058966 3.17989715175 
15.2884774172 15.8302510346 3.20525028103 
15.2152777278 15.8410552705 3.3704993719 
15.1999736392 15.8606774772 3.72027031631 
15.1913130247 15.862656113 3.79371298456 
15.1539799535 15.8352472151 3.79418155202 
15.0827828014 15.7894082035 3.81391368454 
14.9996105396 15.732091781 3.82034455141 
14.8768382036 15.6519086326 3.80975215233 
14.7551866734 15.5691277648 3.78676636547 
14.6379702055 15.4920165206 3.79437183253 
14.5272346699 15.4216079975 3.80606820779 
14.3774472439 15.3188956271 3.80597693074 
14.2656573021 15.2453499737 3.79588243248 
14.1586059296 15.1731578971 3.76803860972 
14.013238784 15.0841520841 3.39900444756 
13.9363158905 15.0662030394 3.23011377588 
13.8838965857 15.0651792402 3.20480791087 
13.8704585993 15.0641840811 3.19327683464 
13.8652310335 15.0652635063 3.20704561835 
13.8652310335 15.0652635063 3.20704561835 
13.841462847 15.0655132199 3.21051067194 
13.8033714258 15.0662530179 3.21135512574 
13.8033714258 15.0662530179 3.21135512574 
13.7487843001 15.0696565027 3.20825565175 
13.7487843001 15.0696565027 3.20825565175 
13.7487843001 15.0696565027 3.20825565175 
13.7193186247 15.0969707782 3.64522700516 
13.7183814013 15.0991936589 3.67965530441 
13.7183814013 15.0991936589 3.67965530441 
13.7183814013 15.0991936589 3.67965530441 
13.6515662634 15.1347389857 -1.37457736969 
13.6386563742 15.1222905705 -1.1576714424 
13.6386563742 15.1222905705 -1.1576714424 
13.6386563742 15.1222905705 -1.1576714424 
13.6502737963 15.0169517065 -0.68438743863 
13.6654972994 14.9918125982 -0.554311475283 
13.6889040434 14.969456997 -0.449664411493 
13.708216902 14.9582272733 -0.458539462454 
13.8818545305 14.8623069788 -0.331846737241 
14.050003525 14.7643171812 -0.374467738909 
14.1384564602 14.7133225168 -0.464675202285 
14.2829885447 14.6329413022 -0.661397628509 
14.3993685209 14.5108462537 -0.920334743235 
14.4944759571 14.3712695206 -0.88837791211 
14.5842283928 14.2399990524 -1.00360658665 
14.6502591335 14.1183487142 -1.16381605752 
14.7279388868 13.8804964984 -1.14562705339 
14.7598437035 13.7786631549 -1.17376861697 
14.8366675341 13.5340635742 -1.07331541171 
14.9029175603 13.397525307 -0.714481313791 
15.0166454279 13.2900901998 -0.52870917712 
15.0857182109 13.2343989576 -0.296942692515 
15.1806814634 13.188515302 0.114755063988 
15.2645520532 13.1901093687 0.247966958363 
15.3636110985 13.2127181257 0.133649325474 
15.41489416 13.2303360666 -0.185500226875 
15.4648507201 13.2224100793 -0.33770906525 
15.5524609053 13.1800097192 -0.327281671162 
15.5883586669 13.1518279279 -0.0862455015281 
15.626838144 13.1375793184 0.12307410488 
15.7208447271 13.1420544351 0.118039233143 
15.886210532 13.148445722 0.119627973028 
16.0962110424 13.1563364233 0.116469958005 
16.278468486 13.1644154752 0.114998072389 
16.4995918238 13.1725379194 0.118037057387 
16.6806018912 13.1783364976 0.134101122293 
16.8343343103 13.1837166513 0.131899215827 
17.0038689339 13.1872962678 0.1129880363 
17.1990761721 13.1951767171 0.112881748041 
17.375911113 13.2014778818 0.108821556784 
17.494636532 13.2062343324 0.108207288909 
17.6714451277 13.2112523283 0.109998197999 
17.9117696249 13.2198160852 0.0982112181706 
18.034432646 13.2250360216 0.0956812093403 
18.1545731985 13.2272509302 0.102419835353 
18.3852155172 13.2343100275 0.125593083132 
18.5306184256 13.2399533952 0.37159217862 
18.5991160833 13.2482911314 0.651525440334 
18.6515338385 13.2699081863 0.880097958154 
18.712688204 13.3295901979 1.26480684572 
18.7394826376 13.3927903141 1.31601249881 
18.7893595659 13.449763533 2.31444684319 
18.7933931315 13.5026504959 1.85996324194 
18.7832908594 13.5684308971 2.08270413551 
18.7668108904 13.5995911325 2.05106790292 
18.7430996859 13.6182957853 1.80184662529 
18.732178446 13.6840028728 1.75342810524 
18.7208766901 13.7804230417 1.75641852043 
18.7083229982 13.8989009822 1.76191966806 
18.6868307554 14.0967557395 1.7551009542 
18.6613883936 14.3170070613 1.75545293837 
18.646443125 14.4497027958 1.75503105454 
18.6282889807 14.6232010687 1.75339124911 
18.6120376551 14.780429181 1.754605185 
18.5918328726 14.9640461768 1.75649191795 
18.5773749315 15.0822938646 1.73457506787 
18.5674889052 15.1936491618 1.74378321028 
18.5464332068 15.38652299 1.75536698023 
18.5296254122 15.5134968425 1.63092248809 
18.5305240118 15.6455702151 1.27051923487 
18.5511825049 15.7174288298 0.999226187142 
18.6062822306 15.7918518747 0.865963764601 
18.6765582525 15.8614232505 0.857521179006 
18.7721977198 15.9556159342 0.856727894914 
18.9299540484 16.1080333556 0.832708083791 
19.0179488623 16.1919399465 0.878506197989 
19.1495730841 16.3178175653 0.847322826958 
19.1495730841 16.3178175653 0.847322826958 
19.1495730841 16.3178175653 0.847322826958 
19.1495730841 16.3178175653 0.847322826958 
19.1495730841 16.3178175653 0.847322826958 
19.1495730841 16.3178175653 0.847322826958 
19.1495730841 16.3178175653 0.847322826958 
19.1495730841 16.3178175653 0.847322826958 
19.1495730841 16.3178175653 0.847322826958 
19.1495730841 16.3178175653 0.847322826958 
19.1495730841 16.3178175653 0.847322826958 
19.1495730841 16.3178175653 0.847322826958 
19.1495730841 16.3178175653 0.847322826958 
19.1495730841 16.3178175653 0.847322826958 
19.1495730841 16.3178175653 0.847322826958 
19.1495730841 16.3178175653 0.847322826958 
19.1495730841 16.3178175653 0.847322826958 
19.1495730841 16.3178175653 0.847322826958 
19.1495730841 16.3178175653 0.847322826958 
19.1495730841 16.3178175653 0.847322826958 
19.1495730841 16.3178175653 0.847322826958 
19.1495730841 16.3178175653 0.847322826958 
19.1495730841 16.3178175653 0.847322826958 
19.1495730841 16.3178175653 0.847322826958 
19.1495730841 16.3178175653 0.847322826958 
19.1495730841 16.3178175653 0.847322826958 
19.1495730841 16.3178175653 0.847322826958 
19.1495730841 16.3178175653 0.847322826958 
19.1495730841 16.3178175653 0.847322826958 
19.1495730841 16.3178175653 0.847322826958 
19.1495730841 16.3178175653 0.847322826958 
19.2177474463 15.7299703325 4.01278394607 
19.1758177244 15.6871722008 4.01198290309 
19.12779307 15.6181973482 3.6748238403 
19.0829589331 15.5912526215 3.56400945201 
18.9841527903 15.5567966963 3.57210560465 
18.8873414957 15.520818677 3.5676396979 
18.6804623568 15.4448158557 3.56073936112 
18.5376644098 15.3944972868 3.55241888241 
18.4621167147 15.3651303167 3.47266209703 
18.3506963217 15.330919985 3.22475729462 
18.1668593847 15.3372192348 3.09502758507 
17.9884364569 15.3577097023 3.10726543928 
17.9029953444 15.3658485527 3.09306853219 
17.7122830116 15.3883226032 3.0967844716 
17.6104549133 15.4007808382 3.09643166444 
17.4358700478 15.4185965175 3.10035301385 
17.3201582396 15.4372910226 3.22499477976 
17.1429613793 15.4551554138 3.0959553281 
16.9110996687 15.4828716035 3.09706851355 
16.8087868654 15.4934513534 3.08527276964 
16.6503975951 15.5124977494 3.08421408045 
16.4402028286 15.5391598905 3.09878055642 
16.289178785 15.558255669 3.0940936084 
16.0463741088 15.5872889424 3.0935981106 
15.8146446833 15.6139295066 3.12223443137 
15.6808239781 15.6317443813 3.26060028611 
15.5001453423 15.6186763013 3.38693003711 
15.3169070446 15.5908347631 3.54832647185 
15.2409790122 15.5725074972 3.78685282459 
15.1501824224 15.5157921875 4.09250082605 
15.0507019126 15.3881365771 4.173685105 
15.0507019126 15.3881365771 4.173685105 
14.8320612871 15.0742459411 4.18183134512 
14.7259887421 14.9235335256 4.19196547481 
14.6377837622 14.7996982897 4.1955042863 
14.5569196903 14.6813394392 4.18500328963 
14.4385051691 14.5177175964 4.17181979583 
14.3702278101 14.4273401464 3.71010382622 
14.3589985335 14.4058960641 4.16153070555 
14.2188800537 14.2065125669 3.93372549431 
14.2188800537 14.2065125669 3.93372549431 
14.0505750143 14.0476269687 3.90325705563 
13.8642942869 13.900918361 3.6904878689 
13.7820167505 13.8627217973 3.59375435722 
13.6922693216 13.8210685218 3.34470022453 
13.591576811 13.7977038587 3.17740984548 
13.3877210581 13.8050339187 3.21771727195 
13.1608574354 13.8001109327 3.23614727491 
13.0516977274 13.7970497573 3.18426219947 
12.9249553644 13.7981148923 2.95708431725 
12.8388421499 13.8127012218 2.67342371003 
12.8215160334 13.8196579183 2.57092785668 
12.7456178629 13.8577371801 2.04144178447 
12.7262656653 13.8553333248 1.76316825066 
12.7262656653 13.8553333248 1.76316825066 
12.7262656653 13.8553333248 1.76316825066 
12.7262656653 13.8553333248 1.76316825066 
12.6661505663 13.8782192434 0.743356308858 
12.6661505663 13.8782192434 0.743356308858 
12.6661505663 13.8782192434 0.743356308858 
12.6661505663 13.8782192434 0.743356308858 
12.6661505663 13.8782192434 0.743356308858 
12.6661505663 13.8782192434 0.743356308858 
12.6661505663 13.8782192434 0.743356308858 
12.6661505663 13.8782192434 0.743356308858 
12.6661505663 13.8782192434 0.743356308858 
13.1994192564 13.9193572963 -0.00672631097055 
13.1994192564 13.9193572963 -0.00672631097055 
13.600002762 13.8853385414 0.448971112824 
13.7032732927 13.9248566593 0.539675720176 
13.8193306887 13.9872355426 0.561558275925 
13.9853358233 14.0766861404 0.538268325552 
14.1204590761 14.1475799049 0.535491267129 
14.3151535952 14.2510707344 0.55675694779 
14.4276320898 14.3068857158 0.705439827645 
14.5270203316 14.3781326378 1.07613748993 
14.5792026484 14.4546649421 1.16908609696 
14.6416473353 14.5713631476 1.22522594306 
14.7209709847 14.7271956171 1.18979435996 
14.8111766541 14.8963701988 1.1506132497 
14.869415518 15.0122953917 1.17652177526 
14.9432012403 15.1585075373 1.03213874582 
14.9820919001 15.2237967199 0.837670050201 
15.0682563746 15.3110587264 0.374848200623 
15.0955067837 15.3306573893 0.128291909359 
15.114796158 15.354584072 -0.255297947397 
15.1549567544 15.3536280135 -0.529108090861 
15.2063624823 15.3152569051 -0.546490494692 
15.2801649534 15.260106642 -0.555355378551 
15.3628768885 15.1927597935 -0.398189334326 
15.3937394583 15.1634463559 -0.138740882243 
15.4149770403 15.1430145169 0.132440950176 
15.4165895843 15.1303605849 0.291180158665 
15.4182392323 15.1282950754 0.328178329992 
15.4168233239 15.1414061303 0.12365323282 
15.4195983374 15.1620934869 -0.177924085814 
15.4209088647 15.1722741465 -0.344068533022 
15.4240929746 15.1735348667 -0.392401560636 
15.4223360085 15.1720183308 -0.366629733642 
15.4223172927 15.1726774538 -0.369250120184 
15.4195204341 15.1613029877 -0.173124753373 
15.4137810433 15.1458338986 0.0863308116106 
15.4359230661 15.1334576795 0.303400688761 
15.4749506378 15.1417504738 0.37251254852 
15.5428445005 15.1620101149 0.338221418413 
15.6296514237 15.1858427005 0.355889684532 
15.7939876729 15.23309061 0.353811747671 
15.8757720554 15.2567297316 0.349224828537 
15.9909858295 15.288944308 0.350838743322 
16.013676528 15.2951674278 0.363370017719 
16.0699124151 15.3100654224 0.342531549443 
16.0735151583 15.3118928487 0.351659243542 
16.0730600768 15.3116057182 0.354268149788 
16.0729625785 15.3114932294 0.354762015136 
16.0729102009 15.3114969174 0.355989832155 
16.0729230308 15.3114752735 0.355573554952 
16.072967183 15.3114782015 0.354771046444 
16.0729672873 15.311486278 0.354711491873 
16.072921645 15.3114662806 0.35592697351 
16.072916221 15.3114946822 0.355859826328 
16.0729211235 15.3114995549 0.355912882045 
16.0729622954 15.3114755491 0.354826829084 
16.0729696864 15.3114774341 0.354600331871 
16.0729168319 15.3114921043 0.355665615278 
16.072964769 15.3114659304 0.354689303502 
16.0729435646 15.3114646787 0.354782222775 
16.0729091578 15.3115010674 0.355743753142 
16.0731288606 15.311539721 0.351842959661 
16.0729166233 15.3115144486 0.355614141975 
16.0731776172 15.3115743066 0.351065192683 
16.0731240326 15.3115555013 0.351808087868 
16.0729805046 15.3115115354 0.354001219652 
16.0729134941 15.3115061114 0.355342083063 
16.072975468 15.3115070055 0.353989371472 
16.0731754863 15.3115752379 0.350883164236 
16.0731565171 15.3115685473 0.350943719997 
16.0731600189 15.3115789706 0.350969332646 
16.0731260591 15.3115696649 0.351665400214 
16.0731530451 15.3115666772 0.351105765616 
16.0729461574 15.3115123923 0.354782348023 
16.0728992039 15.3115063051 0.35549621712 
16.0729427302 15.3114822994 0.354529852538 
16.0729774201 15.3115100602 0.353909732973 
16.0730896109 15.3115562762 0.351929523741 
16.0730896109 15.3115562762 0.351929523741 
