15.8800005513 15.2399970651 0.043192391278 
15.880012164 15.2400087892 0.0432649158357 
15.8800195159 15.2400084533 0.0431400114597 
15.8800354182 15.2400360102 0.0427573171223 
15.8800289371 15.2399847683 0.0431541122264 
15.8799870248 15.2400097362 0.0431827486868 
15.8799920027 15.2400186661 0.0430754027709 
15.8801279749 15.2400724909 0.043249661335 
15.8799911934 15.2399972163 0.0431911620754 
15.879982222 15.2400162412 0.043134539975 
15.8800014743 15.2400275165 0.0431318272215 
15.8799798248 15.2400226075 0.0430270469472 
15.8804324038 15.2403885771 0.04524793321 
15.8799567075 15.2400162245 0.0431664964311 
15.8804197098 15.2403960254 0.0453036075331 
15.8804069395 15.2403879925 0.0451555880508 
15.8804035123 15.2403790939 0.0451404090357 
15.8804015295 15.2403609266 0.0451280129271 
15.8803878875 15.2403698939 0.0450875288031 
15.8804002852 15.2403938829 0.045087006763 
15.8803843596 15.2403918258 0.045107680728 
15.8803841706 15.2403661958 0.0451874102407 
15.8803834348 15.2403972356 0.0449254522095 
15.8803801929 15.2403720936 0.0451092768166 
15.8803706757 15.24036603 0.0451610373258 
15.8803719805 15.2403834369 0.0450131915635 
15.8803640763 15.2403807831 0.0450245487836 
15.8803855005 15.2403989565 0.045058533755 
15.8803739661 15.2404030417 0.0449571624746 
15.8803735023 15.2403994429 0.0449806324953 
15.8803814399 15.2403980605 0.045048866438 
15.8799236884 15.2400208949 0.0431967633926 
15.8802691038 15.2402929205 0.0445643772815 
15.8799873694 15.24007728 0.0433797395281 
15.8800596149 15.2400476922 0.042655875975 
15.8800851043 15.2400638796 0.042534595976 
15.8800072019 15.2400927995 0.043512395778 
15.8799017799 15.2400062329 0.0429165482287 
15.8800884067 15.2400743588 0.0423635615016 
15.8800513904 15.2400474426 0.0426429361538 
15.8800899853 15.2400656234 0.0425035811132 
15.8800871085 15.2400793256 0.0425556445493 
15.8800997633 15.2400772203 0.0424956939373 
15.8800948114 15.2400620066 0.0425915793757 
15.880090627 15.2400711164 0.0425690330032 
15.8800964729 15.2400599702 0.0426033447717 
15.8801015477 15.2400761029 0.0424534656817 
15.880081324 15.2400523921 0.0425323164227 
15.8800970392 15.2400794457 0.042506219027 
15.8800834856 15.2400633678 0.0425283425562 
15.8800937702 15.2400860099 0.0424444729226 
15.8800921227 15.2400562614 0.0426163893677 
15.8803595892 15.2403824353 0.0452218644767 
15.8800850307 15.2400588272 0.0424236226303 
15.8800798693 15.2400527159 0.0424425686418 
15.880313743 15.2403315706 0.04449704956 
15.8801370609 15.2401320643 0.0430096640002 
15.8801247358 15.2401143501 0.0428928423248 
15.8800963835 15.2400574671 0.042389115964 
15.8802962993 15.2403035706 0.0443606708357 
15.8803659753 15.2403545792 0.0449199661526 
15.8801459913 15.2401118807 0.0430356966189 
15.8803624531 15.2403730776 0.0451889776361 
15.8803776643 15.2403821009 0.0451327118728 
15.8803639646 15.240391227 0.0452829128644 
15.8803705546 15.2403793822 0.0449888028372 
15.880366997 15.240381165 0.0448869298445 
15.8803882963 15.2404071712 0.0449019664789 
15.8801265388 15.2400491235 0.0424662549229 
15.8801147883 15.2400539036 0.0423389942335 
15.8801085401 15.2400572341 0.0426123698196 
15.8803707819 15.2403734217 0.044918796509 
15.8800853734 15.2400539932 0.0426849362 
15.8801062695 15.2400418514 0.0425479656239 
15.8801526596 15.2401119764 0.0430741745217 
15.8800745002 15.2400664061 0.0424082596576 
15.8800595888 15.2400815163 0.0422314461291 
15.8800560051 15.24006734 0.0423611880739 
15.8800579832 15.2400742783 0.0423839828459 
15.8800627227 15.2400779409 0.0425247437893 
15.8800360589 15.2400562227 0.0423988770761 
15.8808206265 15.2400358985 0.0442235489858 
15.939782452 15.2389876461 0.0335461949142 
15.9814148062 15.2369073845 0.0302654694715 
16.0056331122 15.2356932601 0.0351548345688 
16.0652420038 15.2328974686 0.0368467030205 
16.1420346462 15.2300882444 0.036053421559 
16.2665868067 15.2262527731 0.0281548206765 
16.410592612 15.2236594737 0.0334791946832 
16.5667055213 15.2172172556 0.0471475021228 
16.67070001 15.2131772454 0.0505350013664 
16.7955391371 15.2091444566 0.0470126122137 
16.9591367209 15.203089502 0.0399788650339 
17.0792909824 15.1960380825 0.0589004071198 
17.2339986527 15.1911832581 0.042031007243 
17.3588353359 15.1853944252 0.0428986438014 
17.5653305018 15.176039994 0.035066089839 
17.6846430266 15.1715664978 0.0287621120998 
17.8670151198 15.1648700202 0.0441744313049 
17.9885742628 15.159702454 0.0448868621304 
18.131662842 15.155700628 0.039784749185 
18.2687008345 15.1494204367 0.0387956234888 
18.4127447569 15.1431475023 0.0472628301351 
18.5696165526 15.1375032405 0.0354827843367 
18.7316415274 15.1324496011 -0.282436909933 
18.8153023684 15.1115156377 -0.624402732987 
18.8646163904 15.0877082909 -1.02930624028 
18.8922479117 15.0904130901 -1.39939343796 
18.9066412413 15.0789845104 4.68193261206 
18.9013123476 15.0300992096 4.63057462918 
18.8854708635 14.9463356102 4.64767441073 
18.8678359949 14.8432342077 4.62507097055 
18.8430242502 14.7251169051 4.61387979149 
18.8190143072 14.5855018462 4.59566530423 
18.7875907385 14.4166609014 4.61325808605 
18.7611293757 14.2744818295 4.67268687289 
18.7417561972 14.1567889417 -1.35745850688 
18.7497148478 14.0614742006 -1.12959439289 
18.7747874224 13.9901983703 -1.05801469399 
18.7992651426 13.9477093185 -1.15536704175 
18.8183178866 13.9326579536 -1.35742406377 
18.8408358061 13.9296150173 4.55668092268 
18.8457019293 13.9162712062 4.47167729097 
18.8457019293 13.9162712062 4.47167729097 
18.8457019293 13.9162712062 4.47167729097 
18.8457019293 13.9162712062 4.47167729097 
18.8457019293 13.9162712062 4.47167729097 
18.8457019293 13.9162712062 4.47167729097 
18.8457019293 13.9162712062 4.47167729097 
18.5612695181 13.2653492654 3.94575735543 
18.5612695181 13.2653492654 3.94575735543 
18.5612695181 13.2653492654 3.94575735543 
18.5612695181 13.2653492654 3.94575735543 
18.1518914663 13.1231561864 3.36371997543 
17.9931895697 13.1010853017 3.37458103646 
17.8356485331 13.0767420495 3.34170580665 
17.6907397472 13.0587676729 3.37281348034 
17.5940997564 13.0433303083 3.33766961522 
17.4673103058 13.0364946092 3.24561594127 
17.3424173557 13.038738128 3.24043739758 
17.1689699852 13.0394645895 3.21137898451 
17.1689699852 13.0394645895 3.21137898451 
17.1689699852 13.0394645895 3.21137898451 
16.8181667888 13.0463796819 3.22792598412 
16.6125788653 13.0517309869 3.20281707019 
16.3839620316 13.0554300512 3.19194673165 
16.1988137626 13.0567153657 3.21269987621 
16.0317888671 13.0589286054 3.20701539867 
15.8796336568 13.0612100328 3.20700914277 
15.7397245431 13.0638767446 3.2074279621 
15.6260843837 13.0657209123 3.20006506216 
15.5152602458 13.0678735937 3.17190669467 
15.4190260732 13.0709701742 3.16662674219 
15.3323036396 13.0724931921 3.18844007243 
15.1964670384 13.0765310491 3.18933025111 
15.0292264783 13.0796481336 3.17136199408 
14.8982890808 13.0815898145 3.19264658794 
14.8793482744 13.0804878438 3.17360402691 
14.8793482744 13.0804878438 3.17360402691 
14.8021391594 13.056711551 2.5387364375 
14.774618026 13.0531800951 2.13315273087 
14.7555403673 13.0860546792 2.08609429879 
14.7555403673 13.0860546792 2.08609429879 
14.63943946 13.3366957868 2.05961938309 
14.5658535921 13.4989317621 2.07415439046 
14.5105560982 13.6142996515 2.0930213215 
14.435940262 13.774819609 2.09455867882 
14.3954588139 13.8715351785 2.20974999265 
14.3546488249 13.9566436971 2.54405161886 
14.3244693243 13.9987704719 2.87389331895 
14.3207226956 14.0207877124 3.28928277826 
14.2849060261 14.0272606576 3.41537055757 
14.186060425 14.0123531784 3.41889180717 
14.035310384 13.9867330755 3.3922335601 
13.8269722426 13.9509071077 3.3832101414 
13.669214245 13.9208301271 3.38424261179 
13.5334804022 13.8960378135 3.37713858421 
13.4730503523 13.9104440177 -0.641157717003 
13.2603535616 13.8429673875 3.74031599081 
13.2603535616 13.8429673875 3.74031599081 
13.1481139624 13.8370482887 3.9434465349 
13.1142759287 13.8440014089 4.38409411478 
13.1142759287 13.8440014089 4.38409411478 
13.1142759287 13.8440014089 4.38409411478 
13.0934398138 13.7958891357 4.49794293425 
13.0698442423 13.7238818372 4.51294550232 
13.0367665255 13.6114881004 4.50195123722 
13.0072121584 13.527349707 4.62341603406 
12.9850361311 13.4635482992 -1.37045574801 
12.9702215159 13.4238680566 -1.00741264451 
12.9528386557 13.4122054542 -0.685053974517 
12.9429104292 13.3977938856 -0.408878463634 
12.9359283411 13.3749607767 -0.0340495263697 
12.9450621569 13.3576711381 0.24258654738 
12.9652874434 13.3575916255 0.31304113726 
12.9652874434 13.3575916255 0.31304113726 
13.1036093199 13.3879860605 0.380680501861 
13.1036093199 13.3879860605 0.380680501861 
13.1760466063 13.3919261659 0.853794991924 
13.1760466063 13.3919261659 0.853794991924 
13.1760466063 13.3919261659 0.853794991924 
13.3536756003 13.6033221448 0.978392698159 
13.3773577177 13.6421622003 0.868923983154 
13.3773577177 13.6421622003 0.868923983154 
13.5212194883 13.7754766906 0.75592825688 
13.6303324663 13.8608946765 0.738903550881 
13.7751810515 13.9728224243 0.739787789028 
13.9463812077 14.1051032508 0.735686198116 
14.1355030501 14.2517089809 0.714333828422 
14.3528988325 14.4164133633 0.732100428525 
14.546736952 14.5629190172 0.738665575625 
14.6888383591 14.6727783645 0.735741399105 
14.8094786369 14.765530702 0.707281614585 
15.0100926721 14.9202574457 0.729690887062 
15.1249552333 15.0092415477 0.724026446098 
15.2021316254 15.0679159875 0.734675117032 
15.2576418483 15.1079736317 0.736428579181 
15.300647434 15.1247101391 1.0365034274 
15.3244522178 15.1127930398 1.43566320346 
15.3382836544 15.1208858008 1.64744698018 
15.3406119907 15.1666179116 1.72690356457 
15.3340883219 15.2711876484 1.72165086104 
15.320992347 15.4224167431 1.72871799527 
15.3157544696 15.5014521743 1.73512684054 
15.3098189199 15.5760985876 1.73747742373 
15.309066292 15.6105287636 1.70624344893 
15.3165303433 15.6207933093 1.87869466306 
15.3360052073 15.6249166096 2.22088151219 
15.3419215047 15.6312743987 2.33804710465 
15.3402471506 15.6312387551 2.32995680771 
15.3306448423 15.6241477097 2.13320774458 
15.3068684899 15.6178851391 1.73376139764 
15.2992140019 15.6175778473 1.61860168088 
15.2996895873 15.6182844306 1.63418637565 
15.3011543715 15.6199453736 1.657612315 
15.303201791 15.6370592082 1.70582282376 
15.2992246115 15.7049011255 1.70018853818 
15.3035411203 15.7568328346 1.84978164307 
15.3190736138 15.7724084819 2.15365135305 
15.3276815974 15.7786943878 2.30971359736 
15.3284549677 15.7771002019 2.30118204786 
15.3313456142 15.7787843908 2.34204728867 
15.3393245899 15.7885270084 2.55094638918 
15.3481676542 15.8018024529 2.79173892084 
15.3446114623 15.8236104811 3.12625341596 
15.3126410806 15.8299425806 3.20419271322 
15.2343676054 15.8365308608 3.26979038428 
15.2039020621 15.8500460947 3.5210809037 
15.2006156408 15.8628719414 3.74601189477 
15.1854773128 15.8582678402 3.79149982741 
15.1263952815 15.8174075449 3.80918444271 
14.9921207988 15.7288160289 3.81894726288 
14.8828083241 15.6566442216 3.81039851689 
14.6637616121 15.5094906355 3.78731074318 
14.5187388622 15.4129551167 3.83875652273 
14.3668701613 15.3095811571 3.79236373919 
14.2121925318 15.2093553937 3.7984939719 
14.0852265322 15.1238048265 3.64400570348 
13.979335066 15.0732110257 3.30984000707 
13.912292 15.0637465979 3.19906768055 
13.8739385569 15.0648035372 3.20024879462 
13.8648061716 15.0652874524 3.20830887248 
13.8652310335 15.0652635063 3.20704561835 
13.8652310335 15.0652635063 3.20704561835 
13.8222162687 15.0655794109 3.21543638485 
13.8033714258 15.0662530179 3.21135512574 
13.7487843001 15.0696565027 3.20825565175 
13.7487843001 15.0696565027 3.20825565175 
13.7487843001 15.0696565027 3.20825565175 
13.7487843001 15.0696565027 3.20825565175 
13.7183814013 15.0991936589 3.67965530441 
13.7183814013 15.0991936589 3.67965530441 
13.7183814013 15.0991936589 3.67965530441 
13.6644146406 15.1335257331 4.70395439599 
13.6438507998 15.1321764181 -1.24792967948 
13.6386563742 15.1222905705 -1.1576714424 
13.6386563742 15.1222905705 -1.1576714424 
13.6327531302 15.0494103248 -0.821631681212 
13.6502737963 15.0169517065 -0.68438743863 
13.6661348307 14.9906720335 -0.543002666852 
13.6970019304 14.9645223881 -0.453972305112 
13.708216902 14.9582272733 -0.458539462454 
13.708216902 14.9582272733 -0.458539462454 
14.0370616877 14.7738667096 -0.458347176275 
14.2236864531 14.6673549975 -0.569113277411 
14.3065814936 14.6160091723 -0.755411275864 
14.3812276089 14.5357094372 -0.889033481166 
14.4645034039 14.412503239 -0.93405610964 
14.547673937 14.2880960072 -0.942009753533 
14.6502591335 14.1183487142 -1.16381605752 
14.7064143383 13.9490246738 -1.16513683245 
14.7526026928 13.8025485242 -1.17062243676 
14.7915657723 13.6836113895 -1.1894476025 
14.8561197483 13.4783785308 -0.946726610627 
14.9029175603 13.397525307 -0.714481313791 
15.0190872514 13.2883343662 -0.527802635075 
15.1264147722 13.2101660932 -0.135963824319 
15.1905841195 13.1865054334 0.149361125929 
15.2763987743 13.1925569738 0.244644162349 
15.336422857 13.2041395868 0.215228372114 
15.3850566113 13.2183302606 0.0547412594671 
15.4325971567 13.2301117147 -0.261873177203 
15.4928086662 13.2113431657 -0.364770010691 
15.5606479907 13.1747013296 -0.301388091925 
15.5956886077 13.1434153284 0.0322448012813 
15.664308753 13.1396340097 0.116481478847 
15.7715257966 13.1441663469 0.116685289936 
15.9306981527 13.1501632894 0.116716339327 
16.1251456254 13.1577616895 0.112567393611 
16.3873293364 13.1689740385 0.133455490317 
16.56108379 13.1762562955 0.109252829947 
16.732111212 13.179976579 0.130186433854 
16.9378259146 13.186972257 0.135539814122 
17.0845112764 13.1911755765 0.112281464537 
17.1990761721 13.1951767171 0.112881748041 
17.375911113 13.2014778818 0.108821556784 
17.494636532 13.2062343324 0.108207288909 
17.6714451277 13.2112523283 0.109998197999 
17.9117696249 13.2198160852 0.0982112181706 
18.034432646 13.2250360216 0.0956812093403 
18.2718594038 13.2306016649 0.115662844414 
18.4454362356 13.2340165342 0.213913566292 
18.5306184256 13.2399533952 0.37159217862 
18.6477143728 13.2693457569 0.835580236021 
18.6515338385 13.2699081863 0.880097958154 
18.7118136847 13.3268309797 1.26300724907 
18.7394826376 13.3927903141 1.31601249881 
18.7824468577 13.4717261756 1.59980241203 
18.7871606314 13.5581061805 2.06198426814 
18.7635424101 13.6045831407 2.03405812581 
18.7502713167 13.6149201358 1.89217965639 
18.7367207968 13.6452687944 1.75291924745 
18.73093557 13.6965435709 1.75838161463 
18.7217900717 13.7723841632 1.75730573109 
18.7083229982 13.8989009822 1.76191966806 
18.6913101637 14.0553448165 1.75638136297 
18.6773772204 14.1764723028 1.75549817181 
18.6599912607 14.3298036421 1.75572474336 
18.640774008 14.5005540217 1.75543720607 
18.61709046 14.7313830818 1.75450259737 
18.5991809332 14.8914410139 1.75977895307 
18.5772201979 15.1001643653 1.75487497146 
18.5682280027 15.2202614567 1.81186312409 
18.5477511847 15.373782363 1.7561290815 
18.5331199133 15.4835870529 1.6778091518 
18.5269033873 15.5751420225 1.50513939893 
18.5368008577 15.6786969865 1.1381113951 
18.571143862 15.7501606906 0.918667258927 
18.6279246771 15.8145122493 0.855952215988 
18.760315653 15.9426897133 0.855666321972 
18.8595824206 16.0408247078 0.84410338819 
18.9509026968 16.1290248002 0.846935846264 
19.0854465925 16.2569483484 0.860056170898 
19.1495730841 16.3178175653 0.847322826958 
19.1495730841 16.3178175653 0.847322826958 
19.1495730841 16.3178175653 0.847322826958 
19.1495730841 16.3178175653 0.847322826958 
19.1495730841 16.3178175653 0.847322826958 
19.1495730841 16.3178175653 0.847322826958 
19.1495730841 16.3178175653 0.847322826958 
19.1495730841 16.3178175653 0.847322826958 
19.1495730841 16.3178175653 0.847322826958 
19.1495730841 16.3178175653 0.847322826958 
19.1495730841 16.3178175653 0.847322826958 
19.1495730841 16.3178175653 0.847322826958 
19.1495730841 16.3178175653 0.847322826958 
19.1495730841 16.3178175653 0.847322826958 
19.1495730841 16.3178175653 0.847322826958 
19.1495730841 16.3178175653 0.847322826958 
19.1495730841 16.3178175653 0.847322826958 
19.1495730841 16.3178175653 0.847322826958 
19.1495730841 16.3178175653 0.847322826958 
19.1495730841 16.3178175653 0.847322826958 
19.1495730841 16.3178175653 0.847322826958 
19.1495730841 16.3178175653 0.847322826958 
19.1495730841 16.3178175653 0.847322826958 
19.1495730841 16.3178175653 0.847322826958 
19.1495730841 16.3178175653 0.847322826958 
19.1495730841 16.3178175653 0.847322826958 
19.2271146738 15.7393902505 4.01069038199 
19.1758177244 15.6871722008 4.01198290309 
19.1758177244 15.6871722008 4.01198290309 
19.0829589331 15.5912526215 3.56400945201 
19.0142753088 15.5668616558 3.56855860292 
18.8698036635 15.5156362022 3.57148198342 
18.6921992266 15.4498748595 3.5682542033 
18.504589554 15.3820752467 3.53750494644 
18.3506963217 15.330919985 3.22475729462 
18.1964406931 15.3336873541 3.10437625744 
18.0581386053 15.3502131889 3.11061172367 
17.9029953444 15.3658485527 3.09306853219 
17.7122830116 15.3883226032 3.0967844716 
17.5784128868 15.4045183475 3.11136118237 
17.3658708298 15.4277438338 3.09644215591 
17.1727572643 15.4518011327 3.09866736113 
16.9770359957 15.474062186 3.08501618384 
16.7377793157 15.5030369724 3.09823951376 
16.5787417256 15.521595862 3.10104510646 
16.3606228196 15.549476173 3.09980097178 
16.1697328651 15.5720131958 3.08816441577 
15.9862866664 15.5941520596 3.08914857458 
15.7710673177 15.621100005 3.15780600292 
15.5855491125 15.6311007703 3.36181314522 
15.3790078723 15.6010262931 3.46451555091 
15.2480108702 15.5739615525 3.75899337866 
15.1501824224 15.5157921875 4.09250082605 
15.0952392184 15.4534306044 4.18343955707 
15.0507019126 15.3881365771 4.173685105 
15.0507019126 15.3881365771 4.173685105 
14.7726885044 14.9883792813 4.2010245856 
14.6531025135 14.8232655192 4.19118096677 
14.5569196903 14.6813394392 4.18500328963 
14.4210559094 14.4886293376 4.16844849755 
14.3589985335 14.4058960641 4.16153070555 
14.3589985335 14.4058960641 4.16153070555 
14.2188800537 14.2065125669 3.93372549431 
14.0801639521 14.0720310176 3.88735891724 
14.0505750143 14.0476269687 3.90325705563 
13.8642942869 13.900918361 3.6904878689 
13.7369277441 13.8386166061 3.46742574213 
13.6248648131 13.8094819749 3.26731728375 
13.4646306002 13.8047318424 3.2536359572 
13.2767059767 13.8015625442 3.22026018988 
13.0754411184 13.7986744607 3.21146488465 
12.9630374872 13.7969882453 3.05857696654 
12.8682150805 13.8054313625 2.70401963259 
12.8215160334 13.8196579183 2.57092785668 
12.7430145704 13.8587864603 2.01095490605 
12.7262656653 13.8553333248 1.76316825066 
12.7262656653 13.8553333248 1.76316825066 
12.7262656653 13.8553333248 1.76316825066 
12.6661505663 13.8782192434 0.743356308858 
12.6661505663 13.8782192434 0.743356308858 
12.6661505663 13.8782192434 0.743356308858 
12.6661505663 13.8782192434 0.743356308858 
12.6661505663 13.8782192434 0.743356308858 
12.6661505663 13.8782192434 0.743356308858 
12.6661505663 13.8782192434 0.743356308858 
12.6661505663 13.8782192434 0.743356308858 
12.6661505663 13.8782192434 0.743356308858 
13.1994192564 13.9193572963 -0.00672631097055 
13.1994192564 13.9193572963 -0.00672631097055 
13.5471734964 13.8775075639 0.309634219049 
13.6791870558 13.9145766462 0.54007662805 
13.9221816027 14.0433013404 0.536598618097 
14.09987342 14.1378053392 0.526214027731 
14.3151535952 14.2510707344 0.55675694779 
14.434879657 14.3105593289 0.701739702602 
14.5139330589 14.3633897866 1.02088982295 
14.5669039452 14.4304879273 1.1663384021 
14.6124787294 14.5174943174 1.1915717361 
14.6616305077 14.6128824318 1.19385643344 
14.7209709847 14.7271956171 1.18979435996 
14.8153277599 14.9061230684 1.20767267314 
14.8960972988 15.0636667574 1.16854574892 
14.9861547911 15.2305052106 0.807388595828 
15.0551486575 15.3018136064 0.40219472859 
15.1056200826 15.3363893221 0.0452002650355 
15.1164083445 15.3530559654 -0.232206298174 
15.1282991731 15.3637836839 -0.440544424712 
15.1717069113 15.3420561517 -0.556449099869 
15.22777408 15.3005893717 -0.550591341674 
15.310333904 15.2379502307 -0.555040252954 
15.3552675807 15.1986464264 -0.431768468267 
15.3958125078 15.1607339869 -0.119491904338 
15.4183297419 15.1336963216 0.252538265586 
15.4182392323 15.1282950754 0.328178329992 
15.4174931907 15.1353970582 0.220171500215 
15.4168214464 15.1514670069 -0.0195269272526 
15.4200994932 15.1696201975 -0.302595720571 
15.4233570361 15.1740465055 -0.403645401425 
15.4210499191 15.1716722513 -0.340745839821 
15.4223373794 15.1726955141 -0.369320091124 
15.420579102 15.1669436509 -0.277557764791 
15.4143021369 15.1494460295 0.0237913238866 
15.4231160247 15.1350276584 0.241728959175 
15.4633277619 15.138558876 0.358566722005 
15.5266650283 15.1569194237 0.35707172213 
15.6296514237 15.1858427005 0.355889684532 
15.7751702332 15.2277055935 0.354625933606 
15.9532697314 15.2787500995 0.352216946551 
16.0162122362 15.2954700592 0.35680352541 
16.0589118713 15.3078175748 0.350489989664 
16.0728746616 15.3114773969 0.355795175012 
16.072967481 15.3115401308 0.354918907148 
16.0729561859 15.311480325 0.354754161417 
16.0729675108 15.3114708031 0.354678246339 
16.0731386357 15.3115573118 0.351926867357 
16.0729142689 15.3114878724 0.355790355172 
16.072974559 15.3114773075 0.354754163248 
16.0729812199 15.3114863748 0.354680226876 
16.0729286486 15.3114964108 0.355658221917 
16.0729682409 15.3114817257 0.354620666213 
16.0729232692 15.3114910016 0.355612814647 
16.0729708337 15.3114923576 0.354684655848 
16.0729057157 15.3114813084 0.355601219284 
16.0729510301 15.3114784698 0.354543285491 
16.0729607308 15.3114819268 0.354610148239 
16.0731761121 15.3115775252 0.35106881827 
16.0729539805 15.3115071172 0.3547827186 
16.0729538315 15.311490413 0.354628133883 
16.0731628948 15.3115759532 0.351057015535 
16.073118549 15.3115523572 0.351735242702 
16.0731880778 15.3115899826 0.350687564964 
16.0731600189 15.3115789706 0.350969332646 
16.0731591695 15.3115829195 0.351053914452 
16.0729798638 15.3115120272 0.354006231256 
16.0728994125 15.3115001212 0.355675564823 
16.0728925579 15.3115037645 0.355726841879 
16.0731493795 15.3115704546 0.350990773333 
