15.8800038613 15.2399952957 0.0432317204151 
15.8800004983 15.2400008699 0.0433214494841 
15.8800441298 15.2400247497 0.0429658870582 
15.8799884749 15.2399842988 0.0431495027719 
15.8799875603 15.2400280204 0.0429981040171 
15.8800053663 15.2400289774 0.0431586471207 
15.8800065248 15.2400258324 0.0431043398526 
15.8799952428 15.2400303456 0.0430605129838 
15.8799894649 15.2400167409 0.0431915354072 
15.8799916507 15.240015296 0.0432387243133 
15.8799923985 15.2400058415 0.0431643028589 
15.8804324038 15.2403885771 0.04524793321 
15.8799567075 15.2400162245 0.0431664964311 
15.8804081503 15.2403968552 0.0451744351777 
15.8799393271 15.2399960728 0.0430460588088 
15.8803969818 15.2403878849 0.0451976525457 
15.8803915643 15.2403733148 0.0451671429549 
15.8803782632 15.240380167 0.0448880638431 
15.8803916062 15.2403756578 0.0451280281364 
15.8803803205 15.2404007539 0.0450504733078 
15.8803883978 15.2403773214 0.0450673869238 
15.8803757551 15.2403722692 0.0453186561369 
15.8803019692 15.240318486 0.0446279401641 
15.8803732359 15.24038468 0.0450867233026 
15.8803758287 15.2403913634 0.0451791483268 
15.879928643 15.2400204955 0.0431358523096 
15.880390633 15.2404038094 0.0451556449546 
15.8803745928 15.2403927143 0.0451148047641 
15.8803761156 15.2403951022 0.0449982207955 
15.8803767973 15.2403902593 0.0450745136129 
15.8803777593 15.2403942458 0.0451344759716 
15.8802691038 15.2402929205 0.0445643772815 
15.8803735889 15.2404126031 0.0451957670097 
15.8798964649 15.2399962922 0.0429688056857 
15.8801004338 15.240069126 0.0425857556673 
15.8802841037 15.2403040908 0.0445915923735 
15.8799499219 15.2400216517 0.0429325099247 
15.8800922019 15.2400661804 0.0425002711771 
15.8800831503 15.2400580829 0.0425527100688 
15.8800801152 15.240060757 0.0425641584391 
15.8799538194 15.2400209619 0.0431430373991 
15.8800964263 15.2400782356 0.042469204819 
15.8800943104 15.2400706601 0.0425293658154 
15.8800862563 15.2400643365 0.0425237304317 
15.8803091767 15.2403159905 0.0445801728717 
15.8800837119 15.2400730291 0.0425207075209 
15.880087522 15.2400577398 0.0425004913163 
15.880081324 15.2400523921 0.0425323164227 
15.8800838423 15.2400732196 0.0426525508176 
15.8801011817 15.2400665738 0.0425625555639 
15.8800945916 15.2400578362 0.0424929553036 
15.8801152782 15.2400781089 0.0425052742303 
15.8800934144 15.2400567279 0.0425170135622 
15.8800872733 15.2400545661 0.0423151174534 
15.8801414232 15.2401290163 0.0430021439042 
15.8801015346 15.2400657506 0.042570702371 
15.8800779908 15.2400560341 0.042369072448 
15.8799670265 15.2400302369 0.043015745376 
15.8800963835 15.2400574671 0.042389115964 
15.8801013801 15.2400512396 0.0424424879892 
15.8800839476 15.2400538712 0.0423578167355 
15.8803554923 15.2403601362 0.0449143829252 
15.880288073 15.2402871212 0.044307063399 
15.8801013819 15.240065913 0.0426728012957 
15.8803705546 15.2403793822 0.0449888028372 
15.8803603315 15.2403659036 0.0451070718636 
15.880391853 15.2403973127 0.0449809528076 
15.8801052748 15.2400590611 0.0426450261913 
15.8800699135 15.2400256201 0.0426303763951 
15.880090735 15.2400475801 0.0424586772396 
15.8800971155 15.2400475438 0.042534543557 
15.8800854405 15.2400317317 0.0425918333141 
15.880107782 15.2400467069 0.0426162417688 
15.8803371174 15.2403056291 0.0445597501346 
15.8800733491 15.240044034 0.0424482083392 
15.880046825 15.2400742258 0.0423847137397 
15.8800334037 15.2400634152 0.0422343675311 
15.8800493992 15.2400636351 0.0422075536206 
15.8800644345 15.2400794866 0.0423849323271 
15.8800596307 15.2400842661 0.0424099650589 
15.880057281 15.2400651862 0.0423773288898 
15.8815230449 15.239907195 0.0452505253842 
15.939782452 15.2389876461 0.0335461949142 
15.9824118653 15.2368779504 0.0297362765358 
16.0035438948 15.2362897939 0.0329405530906 
16.0731762761 15.2325387595 0.0387422650754 
16.1342172885 15.2303889694 0.0360338644434 
16.2192718649 15.2280738254 0.0299864112191 
16.3751570248 15.2245071635 0.0341705802425 
16.4923230373 15.2205331533 0.0346213661534 
16.6123801434 15.215545377 0.0452718644631 
16.7033410036 15.2124068069 0.0472308930392 
16.9388550484 15.2040300632 0.0389960762644 
17.0523886644 15.1976319517 0.0433925327114 
17.1861515009 15.1925296413 0.0501304594461 
17.2769421303 15.1889304186 0.0362389061988 
17.4582803213 15.1807066205 0.0507655218172 
17.5718195402 15.1765020269 0.0410913473972 
17.7372772657 15.1700566004 0.0405486898578 
17.9190401995 15.1624647344 0.0459954810838 
18.05788612 15.1580249185 0.0420822100191 
18.2145671808 15.1522235239 0.0428315485047 
18.2970802748 15.1481081138 0.0389270602787 
18.455471512 15.141743284 0.041899915004 
18.6936144793 15.1353123973 -0.158868734225 
18.8153023684 15.1115156377 -0.624402732987 
18.8680059874 15.0884606505 -1.0288735291 
18.8884537184 15.0892910923 -1.3339218299 
18.9066412413 15.0789845104 4.68193261206 
18.9039096796 15.0434839244 4.63004127978 
18.8918344938 14.9890584017 4.66161263714 
18.8854708635 14.9463356102 4.64767441073 
18.8484570944 14.752452519 4.62119540894 
18.8058717215 14.5164991582 4.61089722558 
18.7776849234 14.3582638467 4.611317099 
18.7567980253 14.2506664361 4.70416892851 
18.7409832441 14.1119855607 -1.23089005731 
18.7589509451 14.0306189025 -1.1091420675 
18.7817292177 13.977626201 -1.06477549764 
18.8053510153 13.9411358798 -1.21130408934 
18.8183178866 13.9326579536 -1.35742406377 
18.843108412 13.9286688531 4.52824609312 
18.8457019293 13.9162712062 4.47167729097 
18.8457019293 13.9162712062 4.47167729097 
18.8457019293 13.9162712062 4.47167729097 
18.8457019293 13.9162712062 4.47167729097 
18.8457019293 13.9162712062 4.47167729097 
18.8457019293 13.9162712062 4.47167729097 
18.6273589098 13.3978855575 4.1116235498 
18.5612695181 13.2653492654 3.94575735543 
18.5612695181 13.2653492654 3.94575735543 
18.5612695181 13.2653492654 3.94575735543 
18.243219372 13.139564153 3.36187272514 
18.0917577707 13.114993688 3.37017607902 
17.9312026465 13.0924118722 3.37964505781 
17.7627510988 13.0681992734 3.37747059051 
17.6293020212 13.0475619997 3.34227015643 
17.4958270752 13.0359977449 3.21812133659 
17.3815604412 13.0386012758 3.2485216638 
17.1927599871 13.0395368303 3.2010901178 
17.1689699852 13.0394645895 3.21137898451 
17.1689699852 13.0394645895 3.21137898451 
16.7882272565 13.0466257299 3.2269242029 
16.6335658991 13.0513080324 3.20570392606 
16.4720820748 13.0546237195 3.20197315698 
16.3191648388 13.0565761293 3.1978317236 
16.1226929539 13.0579684938 3.20310075735 
16.0317888671 13.0589286054 3.20701539867 
15.8163242229 13.061792251 3.19220348923 
15.6974962169 13.0646210874 3.20131424025 
15.5463271701 13.0682977403 3.19672120365 
15.4487224185 13.0701130594 3.20079691071 
15.3387677633 13.0723386968 3.19214592001 
15.2130822503 13.0765870775 3.19165275057 
15.1032484138 13.0780845846 3.19174496463 
14.961759206 13.0801113809 3.18407866007 
14.9068340623 13.0816255773 3.1947860738 
14.8793482744 13.0804878438 3.17360402691 
14.8021391594 13.056711551 2.5387364375 
14.7856357061 13.0448452199 2.21859474595 
14.7651425564 13.0664905275 2.09594101881 
14.7555403673 13.0860546792 2.08609429879 
14.7555403673 13.0860546792 2.08609429879 
14.7555403673 13.0860546792 2.08609429879 
14.5838930571 13.4586234058 2.07387705844 
14.5323463642 13.5695857967 2.0641649713 
14.477111932 13.6897029842 2.09798125469 
14.4066430294 13.8474512065 2.15814625945 
14.3641040289 13.9329389299 2.41755986533 
14.3349078858 13.9811558689 2.54531378143 
14.3228381836 14.0046019519 3.03990096338 
14.3082817757 14.0263342823 3.25862627349 
14.2685170138 14.0286792482 3.40054110788 
14.2083713972 14.0181345905 3.39751310733 
14.1252787077 14.0027278627 3.40965707612 
13.983687278 13.9770520891 3.37259159501 
13.8668837511 13.9562464918 3.40026501813 
13.7054963076 13.9287271465 3.38535295308 
13.6363375151 13.8782141174 2.38644873292 
13.4730503523 13.9104440177 -0.641157717003 
13.4730503523 13.9104440177 -0.641157717003 
13.2603535616 13.8429673875 3.74031599081 
13.1481139624 13.8370482887 3.9434465349 
13.1227667296 13.8358923162 4.22468676648 
13.1142759287 13.8440014089 4.38409411478 
13.1142759287 13.8440014089 4.38409411478 
13.0968165362 13.8081426586 4.50156150359 
13.0863864386 13.7764943803 4.48350641604 
13.0467843973 13.6445049013 4.50049574806 
13.0232851469 13.5693772996 4.52489298676 
13.0012211763 13.5091299976 4.67406307895 
12.9774253332 13.4390758241 -1.17344547905 
12.9660279715 13.4206734861 -0.961178172898 
12.9549002611 13.4132018054 -0.726987945397 
12.941871401 13.3947055305 -0.368629606795 
12.9357073271 13.3705800737 0.0317761933602 
12.9365513289 13.361527201 0.157730342448 
12.9652874434 13.3575916255 0.31304113726 
12.9652874434 13.3575916255 0.31304113726 
13.1036093199 13.3879860605 0.380680501861 
13.1036093199 13.3879860605 0.380680501861 
13.1036093199 13.3879860605 0.380680501861 
13.1760466063 13.3919261659 0.853794991924 
13.1760466063 13.3919261659 0.853794991924 
13.1760466063 13.3919261659 0.853794991924 
13.3773577177 13.6421622003 0.868923983154 
13.4805083239 13.7446974481 0.752262803909 
13.5527012312 13.7990759576 0.746630124043 
13.6472840273 13.8739565576 0.738108373573 
13.7920725309 13.9859189952 0.74010594144 
13.9499247038 14.1083525384 0.73825063585 
14.1355030501 14.2517089809 0.714333828422 
14.2470434868 14.3348092998 0.661441258491 
14.3599219286 14.4217357601 0.734810450864 
14.5357007944 14.5542300309 0.706064934883 
14.6745479071 14.6628387536 0.733288377328 
14.8460251057 14.7926706935 0.683639111262 
14.9730907046 14.891989019 0.742527471185 
15.1158810818 15.0022641535 0.720444630859 
15.1844344699 15.0549039508 0.728966813003 
15.2382591331 15.0960971529 0.725291681729 
15.2918847167 15.1238392035 0.93805995541 
15.300647434 15.1247101391 1.0365034274 
15.3313968145 15.111969989 1.55247590447 
15.3415887916 15.1327151994 1.69921222209 
15.337716397 15.2147047913 1.72386697303 
15.3307803833 15.3080504353 1.72172005929 
15.3213170135 15.4284513111 1.71793447593 
15.3152449095 15.5096829797 1.73578718908 
15.3102722728 15.5847490395 1.71810539674 
15.3069521153 15.6085998083 1.73956344982 
15.3201131785 15.621399727 1.95639946758 
15.3354388439 15.6250410045 2.20413664326 
15.3424758279 15.631002065 2.33234601041 
15.3398802244 15.628840592 2.29593404274 
15.3167256081 15.6190622712 1.84634107865 
15.2992406451 15.6176200772 1.62958864518 
15.2996935808 15.6182923282 1.63441862523 
15.3035182917 15.619285878 1.69565605194 
15.3027806842 15.6458824838 1.70084572216 
15.3001141512 15.691992786 1.70167020972 
15.3022564017 15.7480280364 1.80063143648 
15.3197421991 15.7728491987 2.16483459514 
15.3292944991 15.7771339978 2.32103704918 
15.3286764586 15.7768252457 2.29891139919 
15.3318083846 15.7805720533 2.37416134435 
15.3429656589 15.793621179 2.65269025152 
15.3507189118 15.8102647627 2.92898571825 
15.3415766918 15.8250390256 3.13981045741 
15.2918121183 15.8303482498 3.20491947374 
15.2330374086 15.8377569879 3.25998301227 
15.2058435046 15.8487901057 3.48835897481 
15.1984013879 15.8655807341 3.78380885731 
15.1838356816 15.8559325303 3.80251229889 
15.1425912344 15.8300222124 3.80476285611 
15.0827828014 15.7894082035 3.81391368454 
14.950017389 15.7000232602 3.8017475539 
14.8406361305 15.6266399289 3.81729523668 
14.6463417971 15.495976385 3.80965865838 
14.508895632 15.4077429439 3.84915089473 
14.4023605549 15.3329376916 3.79315417271 
14.2656573021 15.2453499737 3.79588243248 
14.1586059296 15.1731578971 3.76803860972 
14.0537697041 15.1057108308 3.55676749277 
13.9515052998 15.0683052356 3.25801961866 
13.912292 15.0637465979 3.19906768055 
13.8674480879 15.0642316307 3.19267954166 
13.8652310335 15.0652635063 3.20704561835 
13.8652310335 15.0652635063 3.20704561835 
13.8364028895 15.0651954229 3.23841984679 
13.8033714258 15.0662530179 3.21135512574 
13.8033714258 15.0662530179 3.21135512574 
13.7487843001 15.0696565027 3.20825565175 
13.7487843001 15.0696565027 3.20825565175 
13.7487843001 15.0696565027 3.20825565175 
13.7487843001 15.0696565027 3.20825565175 
13.7183814013 15.0991936589 3.67965530441 
13.7183814013 15.0991936589 3.67965530441 
13.6727874243 15.1338413397 4.57465075271 
13.6376600229 15.1321186686 -1.21809829597 
13.6386563742 15.1222905705 -1.1576714424 
13.6386563742 15.1222905705 -1.1576714424 
13.6405522787 15.0440455491 -0.682298509501 
13.65747213 15.0232942815 -0.659719542377 
13.6666791403 14.9895783479 -0.53354831947 
13.708216902 14.9582272733 -0.458539462454 
13.708216902 14.9582272733 -0.458539462454 
13.8882873022 14.8590815032 -0.340469816117 
14.1258014404 14.7188646162 -0.443332574246 
14.2704821789 14.6403619016 -0.625094332871 
14.3696525061 14.5488120283 -0.915040862058 
14.4714617693 14.4019540513 -0.934247176116 
14.5353938305 14.3036742772 -0.930740025524 
14.6219557488 14.1787995065 -1.08567534429 
14.6773078405 14.037944075 -1.20771652572 
14.7167673075 13.9159884418 -1.1590986037 
14.7779612505 13.7237925495 -1.17495269678 
14.8136939966 13.6135969127 -1.17889313497 
14.8510222399 13.4922114576 -0.989312974108 
14.8980371916 13.4023487533 -0.724502968583 
14.9568657243 13.3413850034 -0.591416500819 
15.1160057747 13.2159503664 -0.178825362103 
15.1861537063 13.1873122419 0.135410227476 
15.2444779241 13.1871863569 0.241548076894 
15.3101555669 13.1988800729 0.234548961028 
15.3666977846 13.213579532 0.122469513346 
15.4560275042 13.2250620092 -0.320789098159 
15.5440700018 13.1853743757 -0.351259938246 
15.5826887154 13.1585043634 -0.171123744151 
15.6200441086 13.1381100381 0.112115426446 
15.6938140356 13.1405237878 0.120533180618 
15.7715257966 13.1441663469 0.116685289936 
15.868959345 13.147855636 0.117339709304 
15.9581732416 13.1511596406 0.116392139166 
16.2194401884 13.1621457304 0.115780083226 
16.4088356459 13.1696745122 0.133711465134 
16.548279401 13.1750525201 0.124595814126 
16.7111140453 13.179095384 0.130763615405 
16.8343343103 13.1837166513 0.131899215827 
16.9378259146 13.186972257 0.135539814122 
17.1013314688 13.1918057168 0.11303578239 
17.1990761721 13.1951767171 0.112881748041 
17.375911113 13.2014778818 0.108821556784 
17.494636532 13.2062343324 0.108207288909 
17.6714451277 13.2112523283 0.109998197999 
17.792963382 13.214493152 0.111090931724 
17.9117696249 13.2198160852 0.0982112181706 
18.034432646 13.2250360216 0.0956812093403 
18.1545731985 13.2272509302 0.102419835353 
18.3852155172 13.2343100275 0.125593083132 
18.5306184256 13.2399533952 0.37159217862 
18.6515338385 13.2699081863 0.880097958154 
18.6837420427 13.2876864637 1.13304040174 
18.712688204 13.3295901979 1.26480684572 
18.7394826376 13.3927903141 1.31601249881 
18.788230654 13.4964487518 1.77448838727 
18.7930066549 13.5345901216 1.99850734646 
18.7745721304 13.5878223146 2.07967140137 
18.7583286726 13.610874411 1.9960426702 
18.7381107771 13.6312642063 1.75412985938 
18.7318460905 13.6873944963 1.75516643396 
18.7230501139 13.7620435918 1.75731640855 
18.7083229982 13.8989009822 1.76191966806 
18.6934068167 14.0387152399 1.75774642787 
18.6727182829 14.2147924865 1.75486050037 
18.6533372366 14.3898401822 1.75575637663 
18.6240863764 14.6614069904 1.76569411431 
18.5962350332 14.9216105903 1.76031553711 
18.5738255941 15.1251669864 1.74007577107 
18.5634279215 15.2441267853 1.75861137526 
18.5365769827 15.4598902578 1.71163474637 
18.5279631579 15.6276091898 1.35039179275 
18.5511825049 15.7174288298 0.999226187142 
18.5924777948 15.7768165434 0.87732643979 
18.7151994669 15.8983649577 0.847822526232 
18.8506903612 16.03134596 0.858647407637 
18.9509026968 16.1290248002 0.846935846264 
19.0854465925 16.2569483484 0.860056170898 
19.1495730841 16.3178175653 0.847322826958 
19.1495730841 16.3178175653 0.847322826958 
19.1495730841 16.3178175653 0.847322826958 
19.1495730841 16.3178175653 0.847322826958 
19.1495730841 16.3178175653 0.847322826958 
19.1495730841 16.3178175653 0.847322826958 
19.1495730841 16.3178175653 0.847322826958 
19.1495730841 16.3178175653 0.847322826958 
19.1495730841 16.3178175653 0.847322826958 
19.1495730841 16.3178175653 0.847322826958 
19.1495730841 16.3178175653 0.847322826958 
19.1495730841 16.3178175653 0.847322826958 
19.1495730841 16.3178175653 0.847322826958 
19.1495730841 16.3178175653 0.847322826958 
19.1495730841 16.3178175653 0.847322826958 
19.1495730841 16.3178175653 0.847322826958 
19.1495730841 16.3178175653 0.847322826958 
19.1495730841 16.3178175653 0.847322826958 
19.1495730841 16.3178175653 0.847322826958 
19.1495730841 16.3178175653 0.847322826958 
19.1495730841 16.3178175653 0.847322826958 
19.1495730841 16.3178175653 0.847322826958 
19.1495730841 16.3178175653 0.847322826958 
19.1495730841 16.3178175653 0.847322826958 
19.1495730841 16.3178175653 0.847322826958 
19.1495730841 16.3178175653 0.847322826958 
19.1495730841 16.3178175653 0.847322826958 
19.1495730841 16.3178175653 0.847322826958 
19.2334814036 15.7456923688 4.01148758778 
19.1974768602 15.7093817259 4.00185893816 
19.1758177244 15.6871722008 4.01198290309 
19.1758177244 15.6871722008 4.01198290309 
19.0829589331 15.5912526215 3.56400945201 
18.9841527903 15.5567966963 3.57210560465 
18.8012680971 15.4895762766 3.55366178379 
18.5965251886 15.4155116493 3.56336699535 
18.4261417353 15.3527696992 3.4130920781 
18.3440737688 15.3301126773 3.21363886366 
18.158647772 15.3390602733 3.10879608386 
17.9542829954 15.3615985776 3.10713080831 
17.8065975868 15.3775002027 3.09793800092 
17.5936864578 15.4024693186 3.10069822168 
17.391303178 15.4253122176 3.11297623763 
17.1812081301 15.4507300074 3.09887775067 
17.0280950033 15.4686669225 3.10062642121 
16.8593358957 15.4871784265 3.08235125322 
16.6503975951 15.5124977494 3.08421408045 
16.5117596948 15.5292806293 3.1047513703 
16.3606228196 15.549476173 3.09980097178 
16.1564448142 15.5733421708 3.08897930154 
16.0163595491 15.5906852747 3.10055805921 
15.9058347066 15.6035581494 3.09710245306 
15.80706146 15.6148685182 3.12765010774 
15.6332018637 15.6345625187 3.34872964949 
15.4698773586 15.6131878758 3.37381824097 
15.3081171476 15.5889814163 3.57353103823 
15.2039680445 15.5570924843 3.94697560738 
15.155795511 15.5215289558 4.07994349075 
15.0507019126 15.3881365771 4.173685105 
15.0507019126 15.3881365771 4.173685105 
14.8320612871 15.0742459411 4.18183134512 
14.7726885044 14.9883792813 4.2010245856 
14.6976753437 14.8815472091 4.19871517859 
14.6068220102 14.7549133564 4.10929889107 
14.5109291041 14.6181852783 4.15857241882 
14.4442570173 14.5255155529 4.2213503888 
14.3589985335 14.4058960641 4.16153070555 
14.3589985335 14.4058960641 4.16153070555 
14.2188800537 14.2065125669 3.93372549431 
14.0801639521 14.0720310176 3.88735891724 
14.0505750143 14.0476269687 3.90325705563 
13.8719496691 13.907031771 3.66499386493 
13.7272598707 13.8363267148 3.4808461961 
13.6248648131 13.8094819749 3.26731728375 
13.4046609366 13.8032857145 3.22809595668 
13.2510373556 13.8011332715 3.2219278247 
13.0585167372 13.7977650131 3.19672334345 
12.8833966219 13.803444382 2.75855083286 
12.8215160334 13.8196579183 2.57092785668 
12.8215160334 13.8196579183 2.57092785668 
12.7262656653 13.8553333248 1.76316825066 
12.7262656653 13.8553333248 1.76316825066 
12.7262656653 13.8553333248 1.76316825066 
12.7262656653 13.8553333248 1.76316825066 
12.6661505663 13.8782192434 0.743356308858 
12.6661505663 13.8782192434 0.743356308858 
12.6661505663 13.8782192434 0.743356308858 
12.6661505663 13.8782192434 0.743356308858 
12.6661505663 13.8782192434 0.743356308858 
12.6661505663 13.8782192434 0.743356308858 
12.6661505663 13.8782192434 0.743356308858 
12.6661505663 13.8782192434 0.743356308858 
13.1994192564 13.9193572963 -0.00672631097055 
13.1994192564 13.9193572963 -0.00672631097055 
13.5105376207 13.8785130943 0.207043111536 
13.6050806009 13.8876290287 0.465338131903 
13.6878077948 13.9179877008 0.557315438874 
13.8356933558 13.9970632757 0.534766195576 
14.0316865408 14.0988192523 0.551609119125 
14.1466307604 14.1622606481 0.535042635469 
14.3068258726 14.2477183903 0.562010970446 
14.4588173592 14.3258911932 0.788971422628 
14.554695841 14.4113777245 1.16585670941 
14.6287178957 14.5506470169 1.19392814938 
14.6988028252 14.6817050541 1.19914296577 
14.8043531143 14.8872470821 1.16665596736 
14.8740565741 15.0198459441 1.18698507317 
14.9432012403 15.1585075373 1.03213874582 
14.9921714627 15.2406373683 0.74722927665 
15.0593284332 15.3056506256 0.383409628601 
15.1095923149 15.3392178158 0.0101765811375 
15.1163490378 15.3594336847 -0.334523624325 
15.1477662289 15.3582642863 -0.543337107875 
15.2097797358 15.3129483799 -0.549028785112 
15.310333904 15.2379502307 -0.555040252954 
15.3645689451 15.1919282826 -0.385090957877 
15.4002979064 15.1576802919 -0.0723022544135 
15.4169998431 15.142117318 0.12089418435 
15.4167484903 15.1308008845 0.292314347071 
15.4176035785 15.1286561529 0.347448730772 
15.4174931907 15.1353970582 0.220171500215 
15.4168924057 15.1524480099 -0.0353415802852 
15.4202693367 15.1673903877 -0.284307586377 
15.4230959081 15.1741172115 -0.40140252011 
15.4228269124 15.1725448112 -0.367872630475 
15.4200641775 15.1726329664 -0.348142293375 
15.4216712677 15.1704443211 -0.324314931754 
15.4175492489 15.1564971174 -0.0809788880865 
15.4256402218 15.1340090523 0.256175277744 
15.4812358582 15.1439892987 0.357018253727 
15.5763841831 15.1707415471 0.355751216447 
15.7310622298 15.2157588883 0.346611243784 
15.8423884438 15.247202053 0.353536193443 
15.9360561148 15.2742971184 0.356643464295 
16.0471702927 15.304407377 0.349438256965 
16.0735580438 15.3118923048 0.352231325579 
16.0730698222 15.311604012 0.354108355173 
16.0729448908 15.311481219 0.354752513624 
16.072965827 15.3114805336 0.354844050165 
16.0729632341 15.3114708404 0.354721312941 
16.072954055 15.3114749605 0.354945123795 
16.0729684347 15.3114776278 0.354779772573 
16.0729733669 15.3114846314 0.354704168571 
16.0729683452 15.3114854435 0.354883121715 
16.0729501062 15.3114816959 0.354893597207 
16.0729662144 15.3114837895 0.354698065687 
16.0729734712 15.3115127797 0.354728691586 
16.0731732809 15.311571684 0.351123817012 
16.07295708 15.3114849965 0.354757206407 
16.0729684049 15.3114813382 0.354517016264 
16.0730045849 15.3115076462 0.353760264004 
16.0729437434 15.3114900554 0.354860673617 
16.0729335063 15.311475877 0.35482330125 
