15.8800193277 15.2400293592 0.0430148036723 
15.880012164 15.2400087892 0.0432649158357 
15.8800012135 15.2400007759 0.0432965084864 
15.8804695738 15.2403937015 0.0452009973064 
15.8802459027 15.2401016218 0.0420509611263 
15.8803903117 15.2403205896 0.044910421028 
15.8800929609 15.2400949916 0.0436875505371 
15.8799855291 15.2399928242 0.0431376659651 
15.8800133784 15.2400245696 0.0431315847708 
15.8799919245 15.240023203 0.0432128441908 
15.8800014743 15.2400275165 0.0431318272215 
15.8799717437 15.2399980888 0.0431975739997 
15.8804219171 15.2403858043 0.0453330975407 
15.8804263576 15.2403955716 0.0450854208976 
15.8803979448 15.2403866446 0.0449462390025 
15.8804095016 15.2403920945 0.0453057566229 
15.8803969818 15.2403878849 0.0451976525457 
15.8803915643 15.2403733148 0.0451671429549 
15.8800168113 15.2400821895 0.043342615038 
15.88039085 15.240396075 0.0449602827465 
15.8803788071 15.2403782364 0.0450833799025 
15.8803852909 15.2403817074 0.0451450072201 
15.8803806241 15.2403994505 0.0450627486393 
15.8803726985 15.2403812837 0.0449054947115 
15.8803687805 15.2403685702 0.0450463382013 
15.8803706757 15.24036603 0.0451610373258 
15.8803685234 15.2403804013 0.0448778380615 
15.8803640763 15.2403807831 0.0450245487836 
15.8803855005 15.2403989565 0.045058533755 
15.880394281 15.2404229683 0.0452763140628 
15.8803827224 15.2403933681 0.0450122343091 
15.8803596535 15.240394719 0.0451350047216 
15.8803777593 15.2403942458 0.0451344759716 
15.8803675297 15.2403730836 0.0449974025011 
15.880377995 15.2405692802 0.0456614597795 
15.880078883 15.2400635079 0.0424578367082 
15.8800595702 15.2400478053 0.0426373887946 
15.8800775801 15.2400627814 0.0424814989875 
15.8799499219 15.2400216517 0.0429325099247 
15.879911515 15.2400051061 0.0431026249174 
15.8800847578 15.2400791535 0.0425429477133 
15.8800961348 15.2400703267 0.0425867150154 
15.8800941474 15.2400614465 0.0424873280419 
15.8800980292 15.2400678279 0.0425984186562 
15.8800861883 15.2400744471 0.0426068787974 
15.880106453 15.2400769255 0.042434838519 
15.8800803629 15.240062216 0.0426206409112 
15.8799489896 15.2400115904 0.0430432147143 
15.8801003062 15.2400721837 0.0425968334291 
15.8800867499 15.2400413023 0.042539802395 
15.8800940459 15.2400728639 0.0425277685414 
15.8803063371 15.2403304752 0.044649265543 
15.8801458339 15.2401463077 0.0429930398628 
15.8800995677 15.2400491895 0.0425426033605 
15.8800817673 15.2400537512 0.0424518788365 
15.8800885855 15.2400515616 0.0424305126823 
15.8800867173 15.2400569546 0.0422613118742 
15.8800798693 15.2400527159 0.0424425686418 
15.8801015346 15.2400657506 0.042570702371 
15.8800625392 15.2400601438 0.0424039715247 
15.8803256481 15.2403226167 0.0445308843435 
15.8803538178 15.240392735 0.0451194195503 
15.880377886 15.2403807384 0.0450872972646 
15.8800813594 15.2400461321 0.042449498297 
15.8803641918 15.2403788236 0.0448759665323 
15.8803141938 15.2403152906 0.0446189596796 
15.8800970075 15.2400590985 0.0426469894078 
15.88036221 15.2403736692 0.0450154825124 
15.8803628014 15.2403636405 0.0451014502783 
15.8803672605 15.2403752562 0.0450499040856 
15.8803862502 15.2403988505 0.0452628041767 
15.8801153583 15.2400678933 0.0422241876594 
15.8800987323 15.2400435084 0.0423562114302 
15.880096756 15.2400310125 0.0423561403695 
15.8803149118 15.2403193719 0.044494320205 
15.8800853734 15.2400539932 0.0426849362 
15.88010256 15.2400454001 0.0425283897185 
15.8801036972 15.2400387252 0.0426313741168 
15.8800819284 15.2400530712 0.0424636862777 
15.8800382578 15.2400808659 0.0422452586321 
15.8800510421 15.2400829139 0.042321049315 
15.8800556344 15.2400808735 0.0424087356281 
15.8800557201 15.2400805287 0.0424063231663 
15.8800629332 15.240069447 0.04238475287 
15.8800622235 15.2400632419 0.042528838151 
15.8984578486 15.239192364 0.0445295684621 
15.9492466935 15.2373276546 0.0370874675354 
15.9835016691 15.2371331382 0.0283803610955 
16.0113928505 15.2355663378 0.0360373673092 
16.0652420038 15.2328974686 0.0368467030205 
16.1469551289 15.229453333 0.0398603502266 
16.2607388162 15.2263859988 0.038665195188 
16.3827760481 15.2238687 0.0381090306537 
16.5293249452 15.2190898324 0.0375722567547 
16.6356804931 15.2143398526 0.0489023139952 
16.7501307094 15.2100994906 0.0502660939324 
16.8507463896 15.2071156299 0.0480688339931 
17.0523886644 15.1976319517 0.0433925327114 
17.1307449305 15.1945552419 0.0502951218678 
17.3032144272 15.1880383196 0.0344220928389 
17.504283067 15.1788700225 0.0435983180553 
17.6206552946 15.1729480589 0.0534873764508 
17.7464089357 15.1694809313 0.0400580316555 
17.9487793409 15.1611874963 0.045664399634 
18.0725800955 15.1576555783 0.0409848265096 
18.1975085699 15.1525206755 0.0514224310018 
18.3070163691 15.1478463749 0.0393590993634 
18.4340505564 15.1425943116 0.0477513812653 
18.5802748167 15.1374940316 0.0154905448751 
18.6936144793 15.1353123973 -0.158868734225 
18.7869548761 15.1219843293 -0.496017577224 
18.8509728872 15.0951467122 -0.865973518525 
18.8794820273 15.0864883477 -1.18435360888 
18.8992311918 15.0909447337 -1.49586516293 
18.9085328543 15.065698501 4.63386028174 
18.8979213202 15.0135811532 4.63476161431 
18.8854708635 14.9463356102 4.64767441073 
18.8636636698 14.8259737457 4.59736215144 
18.8361248934 14.6849623288 4.60375292827 
18.8108561003 14.5385163392 4.60355385386 
18.7857785189 14.4083549345 4.61045043714 
18.7567980253 14.2506664361 4.70416892851 
18.7397339308 14.1399244035 -1.2935790588 
18.7543616259 14.0452902282 -1.10068421481 
18.7838330233 13.9737915958 -1.07152713231 
18.8076851332 13.9385170902 -1.23747820938 
18.8254413569 13.931007501 -1.48804913762 
18.8436496222 13.927809831 4.54469188476 
18.8457019293 13.9162712062 4.47167729097 
18.8457019293 13.9162712062 4.47167729097 
18.8457019293 13.9162712062 4.47167729097 
18.8457019293 13.9162712062 4.47167729097 
18.8457019293 13.9162712062 4.47167729097 
18.8457019293 13.9162712062 4.47167729097 
18.5631592238 13.2483191455 3.97744166168 
18.5612695181 13.2653492654 3.94575735543 
18.5612695181 13.2653492654 3.94575735543 
18.5612695181 13.2653492654 3.94575735543 
18.243219372 13.139564153 3.36187272514 
18.0959067309 13.1157625879 3.37253654279 
17.9600655996 13.097633716 3.37517213302 
17.7991678679 13.0739980901 3.38253595228 
17.6642385685 13.0551413263 3.39340921795 
17.5645612442 13.0391241277 3.29142807926 
17.4427156412 13.0371690954 3.25436002819 
17.2170891726 13.0409494604 3.23861259791 
17.1689699852 13.0394645895 3.21137898451 
17.1689699852 13.0394645895 3.21137898451 
16.8181667888 13.0463796819 3.22792598412 
16.5302094781 13.0513066019 3.18623251138 
16.4047260248 13.0561658109 3.20391598672 
16.2497160995 13.0581244195 3.20357058552 
16.0618331843 13.0582503046 3.20096130655 
15.8674578221 13.0614947046 3.20058183591 
15.6974962169 13.0646210874 3.20131424025 
15.563552972 13.0677350725 3.19570276027 
15.3927189076 13.0703664983 3.17961489628 
15.2994896137 13.073434707 3.18233447068 
15.1116033756 13.078185674 3.19281582963 
14.9952400887 13.0797136987 3.17994689967 
14.9068340623 13.0816255773 3.1947860738 
14.8793482744 13.0804878438 3.17360402691 
14.8063647711 13.0278369153 1.82586344214 
14.7999575102 13.0511304105 2.45169878123 
14.7830452883 13.0462695325 2.19408831425 
14.7651425564 13.0664905275 2.09594101881 
14.7555403673 13.0860546792 2.08609429879 
14.7555403673 13.0860546792 2.08609429879 
14.63943946 13.3366957868 2.05961938309 
14.5539910757 13.5251083339 2.07318151547 
14.4871320688 13.66415393 2.11350304261 
14.4327350819 13.7825168336 2.09133225998 
14.3954588139 13.8715351785 2.20974999265 
14.3546488249 13.9566436971 2.54405161886 
14.3228061163 14.001549002 2.94473736645 
14.3169319594 14.0253238643 3.27385332417 
14.2490754091 14.0243738855 3.42911774391 
14.1831803286 14.0127624238 3.42499976007 
14.0833822453 13.9927823509 3.44067625471 
13.935710665 13.9693531955 3.41124388103 
13.7674291098 13.9393213953 3.36953148723 
13.6363375151 13.8782141174 2.38644873292 
13.4707920515 13.8866327966 3.40077596901 
13.4730503523 13.9104440177 -0.641157717003 
13.2603535616 13.8429673875 3.74031599081 
13.2603535616 13.8429673875 3.74031599081 
13.1481139624 13.8370482887 3.9434465349 
13.1193721258 13.8406038249 4.30663838659 
13.1142759287 13.8440014089 4.38409411478 
13.1142759287 13.8440014089 4.38409411478 
13.1041424238 13.834721681 4.50217319687 
13.0863864386 13.7764943803 4.48350641604 
13.0698442423 13.7238818372 4.51294550232 
13.0333244764 13.6003071035 4.50278212798 
13.0012211763 13.5091299976 4.67406307895 
12.9802730047 13.4521548713 -1.27109361063 
12.9680783712 13.4228095973 -0.976099631721 
12.951541897 13.4109712804 -0.652860583659 
12.9425470793 13.3958733047 -0.381488116711 
12.9364185297 13.3753330673 -0.0429919568407 
12.9416449034 13.3582663501 0.226329229876 
12.9652874434 13.3575916255 0.31304113726 
12.9652874434 13.3575916255 0.31304113726 
13.1036093199 13.3879860605 0.380680501861 
13.1036093199 13.3879860605 0.380680501861 
13.1036093199 13.3879860605 0.380680501861 
13.1760466063 13.3919261659 0.853794991924 
13.1760466063 13.3919261659 0.853794991924 
13.1760466063 13.3919261659 0.853794991924 
13.3773577177 13.6421622003 0.868923983154 
13.3773577177 13.6421622003 0.868923983154 
13.5124061072 13.7676993574 0.752505748947 
13.6303324663 13.8608946765 0.738903550881 
13.7581820452 13.9597847427 0.736475278634 
13.9126437866 14.0800389017 0.738629309156 
14.0300216639 14.1700352396 0.735344181222 
14.2400070393 14.3296652997 0.688440235405 
14.3599219286 14.4217357601 0.734810450864 
14.4890676701 14.5182685221 0.719527723618 
14.6888383591 14.6727783645 0.735741399105 
14.8460251057 14.7926706935 0.683639111262 
14.9931259715 14.907081988 0.735410899053 
15.0977154338 14.9885258044 0.724859675642 
15.1625035965 15.0371910299 0.73255401049 
15.2349520886 15.0932455922 0.743329647302 
15.286136862 15.1214841271 0.885827428242 
15.300647434 15.1247101391 1.0365034274 
15.3313968145 15.111969989 1.55247590447 
15.3416578138 15.1406790579 1.71191452303 
15.3371313178 15.2255590691 1.71871519465 
15.3302911484 15.3139389346 1.72233181614 
15.3185432517 15.4494637812 1.73160027688 
15.3112496101 15.5469926859 1.73260805795 
15.3079029882 15.5992215837 1.73751459946 
15.309815582 15.6202446784 1.80566629165 
15.3250613772 15.6228372718 2.0375978778 
15.3395090067 15.6277084316 2.28258175055 
15.3430660331 15.6304173435 2.33187701998 
15.335727688 15.6255816484 2.20541241645 
15.3156979644 15.6187963749 1.83002247156 
15.2992140019 15.6175778473 1.61860168088 
15.2996935808 15.6182923282 1.63441862523 
15.3011543715 15.6199453736 1.657612315 
15.3032436335 15.6334360505 1.70465592589 
15.3004838192 15.6884798671 1.70338096721 
15.3018204534 15.7448689307 1.78840834515 
15.3166974151 15.7706637944 2.10953611744 
15.327180382 15.7765663827 2.29994165849 
15.3286764586 15.7768252457 2.29891139919 
15.3358246052 15.7845776046 2.46605366699 
15.348480519 15.8029727901 2.80853601869 
15.3468605244 15.8224027122 3.1114640747 
15.3021097743 15.8301583494 3.20573127868 
15.2330374086 15.8377569879 3.25998301227 
15.2039020621 15.8500460947 3.5210809037 
15.2006156408 15.8628719414 3.74601189477 
15.1913130247 15.862656113 3.79371298456 
15.1326166951 15.821820196 3.80872920916 
15.0624223315 15.7747111286 3.79840106722 
14.9382321202 15.6917728747 3.79977107671 
14.7778577768 15.5850205089 3.79192182988 
14.6379702055 15.4920165206 3.79437183253 
14.4728835785 15.3824191357 3.82897394977 
14.3240535223 15.2828363183 3.79446328767 
14.1741687023 15.1842443945 3.78339843258 
14.0717593395 15.1160068403 3.6182532273 
13.973660227 15.0720971043 3.29975993478 
13.9083968365 15.0632551874 3.18726652299 
13.8727354967 15.0647964592 3.19935191101 
13.8647880518 15.0652248676 3.20936195604 
13.8652310335 15.0652635063 3.20704561835 
13.8475201094 15.065432545 3.20496334397 
13.8222162687 15.0655794109 3.21543638485 
13.8033714258 15.0662530179 3.21135512574 
13.7487843001 15.0696565027 3.20825565175 
13.7487843001 15.0696565027 3.20825565175 
13.7487843001 15.0696565027 3.20825565175 
13.7242717707 15.0821543599 3.40217238239 
13.7183814013 15.0991936589 3.67965530441 
13.7183814013 15.0991936589 3.67965530441 
13.7183814013 15.0991936589 3.67965530441 
13.6632838213 15.1345336849 -1.5636478589 
13.6430134737 15.1323527361 -1.22808365243 
13.6386563742 15.1222905705 -1.1576714424 
13.6386563742 15.1222905705 -1.1576714424 
13.6434788668 15.0486626143 -0.959320019442 
13.65747213 15.0232942815 -0.659719542377 
13.6645541155 14.9946332837 -0.578163573403 
13.6909258329 14.9681603576 -0.453665657471 
13.708216902 14.9582272733 -0.458539462454 
13.708216902 14.9582272733 -0.458539462454 
13.9873591625 14.8004158104 -0.3416559213 
14.1258014404 14.7188646162 -0.443332574246 
14.2871864998 14.6295086111 -0.684145153553 
14.4029689991 14.5044067467 -0.936262921865 
14.4774728977 14.3943612541 -0.908378073848 
14.5733857119 14.257222649 -0.962666282672 
14.6437582934 14.1352467502 -1.15395716852 
14.6989282333 13.9751481975 -1.19046166001 
14.7561974489 13.791249987 -1.1699062232 
14.8059171402 13.6394381488 -1.19351054113 
14.8440245354 13.5130145515 -1.03433347767 
14.9195740783 13.3780838216 -0.662951923387 
15.0481114351 13.261801597 -0.426396680162 
15.1264147722 13.2101660932 -0.135963824319 
15.2087680661 13.1856816972 0.189478784722 
15.3053484523 13.1980797018 0.235860244756 
15.3743854129 13.2156578268 0.0956433525357 
15.4096704983 13.2285515035 -0.150168584025 
15.4648507201 13.2224100793 -0.33770906525 
15.5488633179 13.1822384561 -0.337184344287 
15.5874453747 13.1530669893 -0.101937925729 
15.6050113105 13.1405252183 0.0759506244241 
15.6893877798 13.1402696336 0.121785872176 
15.7928573006 13.145040151 0.104617226567 
15.9463327603 13.1505864824 0.113792821904 
16.1462277734 13.1591974462 0.114265735075 
16.3788447344 13.1685947145 0.132771589482 
16.56108379 13.1762562955 0.109252829947 
16.7229003274 13.1799470151 0.133799476895 
16.908080455 13.1848047937 0.113815216577 
17.0845112764 13.1911755765 0.112281464537 
17.1990761721 13.1951767171 0.112881748041 
17.375911113 13.2014778818 0.108821556784 
17.494636532 13.2062343324 0.108207288909 
17.6714451277 13.2112523283 0.109998197999 
17.792963382 13.214493152 0.111090931724 
18.034432646 13.2250360216 0.0956812093403 
18.1545731985 13.2272509302 0.102419835353 
18.2718594038 13.2306016649 0.115662844414 
18.5178897345 13.2348877157 0.341471380211 
18.5941877329 13.2479723657 0.619814464783 
18.6451177561 13.2685619558 0.82325372518 
18.6837420427 13.2876864637 1.13304040174 
18.712688204 13.3295901979 1.26480684572 
18.7699019873 13.4584493602 1.49523461791 
18.7951943838 13.5071686471 1.88932179507 
18.7850246393 13.5632117952 2.06624681617 
18.7654068434 13.6032820905 2.05033128388 
18.7470405066 13.614154693 1.84408271076 
18.7357103788 13.6561485494 1.75640766055 
18.7281334364 13.7175086702 1.75417730655 
18.7172298395 13.8138041461 1.75391215618 
18.7059154474 13.9246492351 1.75983891273 
18.6889557802 14.0760537351 1.75508057694 
18.6655080282 14.2786335314 1.75531179657 
18.650784012 14.4111885394 1.75522904906 
18.6278300249 14.632123288 1.75827181162 
18.6041483843 14.8527871634 1.75460478698 
18.5889005625 14.9988356049 1.74915658106 
18.570372101 15.1633931289 1.76076965412 
18.5529074633 15.3225468735 1.75644814134 
18.5321114027 15.4902492727 1.66762563464 
18.5277907812 15.6226284767 1.37076237148 
18.5488865339 15.7131351794 1.0113542759 
18.6161103212 15.8025560344 0.85195132335 
18.7060511076 15.8904583419 0.854631298477 
18.8447172606 16.0254348482 0.86039355483 
18.9441392386 16.1235482062 0.847441222821 
19.0693135225 16.242365476 0.870765926468 
19.1495730841 16.3178175653 0.847322826958 
19.1495730841 16.3178175653 0.847322826958 
19.1495730841 16.3178175653 0.847322826958 
19.1495730841 16.3178175653 0.847322826958 
19.1495730841 16.3178175653 0.847322826958 
19.1495730841 16.3178175653 0.847322826958 
19.1495730841 16.3178175653 0.847322826958 
19.1495730841 16.3178175653 0.847322826958 
19.1495730841 16.3178175653 0.847322826958 
19.1495730841 16.3178175653 0.847322826958 
19.1495730841 16.3178175653 0.847322826958 
19.1495730841 16.3178175653 0.847322826958 
19.1495730841 16.3178175653 0.847322826958 
19.1495730841 16.3178175653 0.847322826958 
19.1495730841 16.3178175653 0.847322826958 
19.1495730841 16.3178175653 0.847322826958 
19.1495730841 16.3178175653 0.847322826958 
19.1495730841 16.3178175653 0.847322826958 
19.1495730841 16.3178175653 0.847322826958 
19.1495730841 16.3178175653 0.847322826958 
19.1495730841 16.3178175653 0.847322826958 
19.1495730841 16.3178175653 0.847322826958 
19.1495730841 16.3178175653 0.847322826958 
19.1495730841 16.3178175653 0.847322826958 
19.1495730841 16.3178175653 0.847322826958 
19.1495730841 16.3178175653 0.847322826958 
19.1495730841 16.3178175653 0.847322826958 
19.1495730841 16.3178175653 0.847322826958 
19.1800112688 15.6899541582 3.99936923197 
19.1758177244 15.6871722008 4.01198290309 
19.12779307 15.6181973482 3.6748238403 
19.0707778895 15.5872918929 3.57027922842 
18.9715425932 15.5508501197 3.58673866261 
18.8461341822 15.5057583416 3.57259319665 
18.7003059351 15.4528479243 3.56820433346 
18.5844783747 15.4112334366 3.56194791672 
18.3989543879 15.344054688 3.35567298715 
18.1503279173 15.3402562107 3.11201805338 
17.924284693 15.3643438632 3.10082264306 
17.7263035738 15.3866015787 3.09357431501 
17.5019466841 15.4117778058 3.07987556438 
17.3402904236 15.4312493468 3.11307375444 
17.1220431292 15.4574035669 3.08940153258 
16.9305802548 15.4807402904 3.10085365804 
16.6503975951 15.5124977494 3.08421408045 
16.4692104423 15.5351744259 3.10055771142 
16.331148889 15.553469118 3.09873958746 
16.1784582698 15.5709859992 3.09422347947 
16.0294881576 15.589297619 3.09381549689 
15.8270990663 15.6129344965 3.11492370373 
15.6808239781 15.6317443813 3.26060028611 
15.5494020843 15.6265754367 3.37786172977 
15.3552975022 15.5975097383 3.50242287556 
15.2524810397 15.57544392 3.7467616522 
15.1778108441 15.5401764775 4.02541991078 
15.0952392184 15.4534306044 4.18343955707 
15.0507019126 15.3881365771 4.173685105 
15.0507019126 15.3881365771 4.173685105 
14.8380075657 15.081491288 4.15573455691 
14.7259887421 14.9235335256 4.19196547481 
14.6279242003 14.7865348125 4.18748847998 
14.4830124342 14.5833490456 4.13955079046 
14.3702278101 14.4273401464 3.71010382622 
14.3589985335 14.4058960641 4.16153070555 
14.2188800537 14.2065125669 3.93372549431 
14.0801639521 14.0720310176 3.88735891724 
14.0505750143 14.0476269687 3.90325705563 
13.8507997954 13.8933831418 3.6295124919 
13.7450463736 13.843774792 3.52094586734 
13.6248648131 13.8094819749 3.26731728375 
13.4737071955 13.8040130104 3.23332696701 
13.3117744887 13.8023340667 3.22908550254 
13.1608574354 13.8001109327 3.23614727491 
13.0163395369 13.7968915666 3.16072963665 
12.9122252428 13.8011991943 2.91263527276 
12.8215160334 13.8196579183 2.57092785668 
12.8215160334 13.8196579183 2.57092785668 
12.7406811678 13.8594771589 1.97769954671 
12.7262656653 13.8553333248 1.76316825066 
12.7262656653 13.8553333248 1.76316825066 
12.7262656653 13.8553333248 1.76316825066 
12.7262656653 13.8553333248 1.76316825066 
12.6661505663 13.8782192434 0.743356308858 
12.6661505663 13.8782192434 0.743356308858 
12.6661505663 13.8782192434 0.743356308858 
12.6661505663 13.8782192434 0.743356308858 
12.6661505663 13.8782192434 0.743356308858 
12.6661505663 13.8782192434 0.743356308858 
12.6661505663 13.8782192434 0.743356308858 
12.6661505663 13.8782192434 0.743356308858 
13.1994192564 13.9193572963 -0.00672631097055 
13.1994192564 13.9193572963 -0.00672631097055 
13.5105376207 13.8785130943 0.207043111536 
13.6050806009 13.8876290287 0.465338131903 
13.7473123037 13.947241422 0.554121911115 
13.8955635988 14.0296143259 0.534912526727 
14.0316865408 14.0988192523 0.551609119125 
14.1818828547 14.180188414 0.577337963971 
14.3645293676 14.2722154821 0.590634465514 
14.4826590979 14.3410325016 0.88831498283 
14.5502358639 14.4052821959 1.15305005976 
14.6150263512 14.5233955348 1.18713090876 
14.6924712622 14.6710472668 1.16913568795 
14.7877016031 14.8542219366 1.18000039561 
14.869415518 15.0122953917 1.17652177526 
14.9240531289 15.1211974511 1.11194542996 
14.9889952504 15.2345290261 0.787352687924 
15.0551486575 15.3018136064 0.40219472859 
15.11084288 15.3414495851 -0.0447927673879 
15.1171286666 15.3591630349 -0.3239540246 
15.1378162467 15.3611524741 -0.5063872134 
15.185998615 15.3312355767 -0.543369201106 
15.2585669124 15.275769342 -0.550503675435 
15.3373362982 15.2132686528 -0.481796920133 
15.3880895936 15.1697262938 -0.223659345196 
15.4185465538 15.1400778631 0.152042642921 
15.4180177712 15.128043134 0.334035140176 
15.4186451101 15.1308761949 0.304851601139 
15.4171173834 15.1471116284 0.0317711358863 
15.4203306996 15.1719614307 -0.317722868247 
15.4239858651 15.1732393766 -0.387423764488 
15.4209895396 15.1735338385 -0.338261306895 
15.4216056728 15.1718796084 -0.326857343495 
15.4193423056 15.160388794 -0.157884045265 
15.4159462118 15.1397644768 0.151847001292 
15.4409286344 15.1344325657 0.341003864194 
15.4898065889 15.1464836563 0.356137484198 
15.5637784564 15.1671608801 0.355622260479 
15.6749568694 15.1991850699 0.355294048282 
15.7939876729 15.23309061 0.353811747671 
15.9062188399 15.2652128378 0.35739574946 
15.9985860103 15.2909999343 0.353476617149 
16.0656368845 15.3090624104 0.354513722228 
16.0735429638 15.3118365298 0.351754597788 
16.0730698222 15.311604012 0.354108355173 
16.0729703569 15.311509643 0.354838037297 
16.0729525798 15.3114931772 0.355033809385 
16.0729232394 15.3114844377 0.355629847521 
16.0729495549 15.311464716 0.354977049907 
16.0729564541 15.3114604692 0.355115980669 
16.0729733669 15.3114846314 0.354704168571 
16.0729262346 15.3115007321 0.355774779176 
16.0729137623 15.311478358 0.355811538833 
16.0729598367 15.3114818672 0.35472613096 
16.0729669594 15.3114896903 0.35468421775 
16.0729553663 15.3114811073 0.354633573883 
16.0730103963 15.3115113715 0.353934195117 
16.0729453677 15.311482426 0.354805330586 
16.0729166233 15.3115144486 0.355614141975 
16.0731732213 15.311583061 0.351064247163 
16.0731041395 15.311546948 0.351990288848 
16.0729378873 15.3114926035 0.354848778834 
16.0729864502 15.3114707882 0.352820909742 
16.0731136316 15.3115562762 0.351760825216 
16.0731619262 15.3115813027 0.350934394679 
16.0731565171 15.3115685473 0.350943719997 
16.0729445034 15.3115026692 0.35447454022 
16.0731595569 15.3115845586 0.351170074726 
16.0731644147 15.3115841115 0.350948781578 
16.0731660986 15.3115783448 0.350898917999 
16.0728920811 15.3114901076 0.355622100354 
16.0729427302 15.3114822994 0.354529852538 
16.0731620901 15.3115773017 0.350833172113 
