15.8799962086 15.2399955698 0.0431540437794 
15.8800115829 15.2400141624 0.0432852402062 
15.8800553848 15.2400305978 0.0429951061057 
15.8800104839 15.2400354042 0.0431624872824 
15.8800058897 15.240020099 0.0432090591075 
15.8800053663 15.2400289774 0.0431586471207 
15.8800978364 15.240062548 0.043266286529 
15.8799776212 15.2400042726 0.0432711459909 
15.879980377 15.2400224229 0.0431165984909 
15.8799916507 15.240015296 0.0432387243133 
15.8799726256 15.2400155978 0.0430499453189 
15.8799931715 15.2400189117 0.0430355393166 
15.8804263576 15.2403955716 0.0450854208976 
15.8804181191 15.2403884425 0.0452525523039 
15.8804217736 15.2403959311 0.0453714556041 
15.8804149843 15.240380201 0.0451421685918 
15.880389725 15.2403781663 0.0449787303553 
15.8803858255 15.2403632347 0.045185441917 
15.8803866376 15.2403933904 0.0449519173938 
15.8803855089 15.2403795626 0.0450221229325 
15.8803822427 15.2403894833 0.0450020175591 
15.8803796322 15.2404023241 0.0450432049022 
15.8803822045 15.2403735258 0.0451973718997 
15.8803896412 15.2403778581 0.0451461382046 
15.8803787791 15.2403763468 0.0449188446612 
15.8803886521 15.2403863964 0.0449486035353 
15.879928643 15.2400204955 0.0431358523096 
15.8803010361 15.2403255033 0.0447144239125 
15.8803935741 15.2404292976 0.045034041033 
15.8803748154 15.2403975229 0.0449539019474 
15.8803767973 15.2403902593 0.0450745136129 
15.8803645271 15.240395928 0.0449747818343 
15.8803632354 15.2403785002 0.0450754982773 
15.8799229424 15.2401466159 0.0438186171111 
15.8798964649 15.2399962922 0.0429688056857 
15.8799611015 15.240030288 0.0430810742331 
15.8800559622 15.2400651464 0.0425669248396 
15.8799499219 15.2400216517 0.0429325099247 
15.8799437351 15.2400247085 0.0430406241845 
15.8799129996 15.2400049998 0.0431700876965 
15.8800880845 15.240061416 0.0426125287283 
15.8799249466 15.2400226314 0.0431909978178 
15.8799485575 15.240014575 0.0430618304641 
15.8800888314 15.2400551018 0.0425739467054 
15.8801082486 15.2400751032 0.0425548761401 
15.8801016539 15.2400686952 0.0426080116689 
15.8799489896 15.2400115904 0.0430432147143 
15.8801003062 15.2400721837 0.0425968334291 
15.8800794251 15.2400552071 0.0425228616866 
15.8800940459 15.2400728639 0.0425277685414 
15.8800932235 15.2400721978 0.0425733945776 
15.8800796821 15.2400607137 0.0424872758269 
15.8800988049 15.2400546681 0.0424763279568 
15.8800901343 15.2400613119 0.0424841773831 
15.8801462158 15.240127692 0.0431748459438 
15.8803057234 15.2403021155 0.0443931781457 
15.8800886042 15.2400626713 0.0425082397427 
15.880387786 15.2404081035 0.0451824214448 
15.8800863392 15.240079855 0.0424051840615 
15.8800702068 15.2400536322 0.0423803417213 
15.8800999048 15.2400652354 0.0424691354992 
15.8803677793 15.2403822446 0.0449820008696 
15.8800824472 15.2400500809 0.0425094484802 
15.8803743423 15.240365132 0.0449279555375 
15.8803141938 15.2403152906 0.0446189596796 
15.8801531299 15.2401126083 0.0429839854688 
15.8803521154 15.2403766906 0.0454022355916 
15.8803628014 15.2403636405 0.0451014502783 
15.8803807722 15.2403704871 0.0451596282456 
15.8800854302 15.2400637395 0.0428507142797 
15.8801144847 15.2400497942 0.0424118684248 
15.8803913268 15.2403951821 0.0451176893246 
15.8801036646 15.2400483827 0.0425676500531 
15.8801002997 15.2400521834 0.042481971831 
15.8800877539 15.2400519882 0.0427297322691 
15.8803271271 15.240308099 0.0446626435785 
15.8801163939 15.2400559442 0.0426117987361 
15.8800796635 15.2400454275 0.0424935811125 
15.880054406 15.2400841154 0.0422527859252 
15.8800450602 15.2400653795 0.0423250599298 
15.880265331 15.2403329897 0.0442244212315 
15.880052846 15.2400737782 0.0423649441154 
15.8800685034 15.2400895587 0.0424540198864 
15.8800632768 15.2400597477 0.0424267250457 
15.8965917464 15.2402112753 0.0374725655777 
15.9317267166 15.2385527086 0.0316664583416 
15.9814148062 15.2369073845 0.0302654694715 
15.9968311676 15.2357782396 0.0370365449061 
16.0468494707 15.2335429185 0.0405438401673 
16.1469551289 15.229453333 0.0398603502266 
16.2360276246 15.2275414674 0.0316806233746 
16.3351533675 15.2253302534 0.0375336614869 
16.5086269939 15.219966233 0.0345722656184 
16.6225258076 15.2147483456 0.0507287317134 
16.7164233291 15.2122859734 0.0421421935094 
16.8109071219 15.2088095623 0.0462463178752 
17.0120155775 15.2004133093 0.0345715777637 
17.1212340557 15.1945560316 0.0624434612325 
17.2844058239 15.1888286846 0.0344494232132 
17.4934372866 15.1793284791 0.0506099812639 
17.5807347262 15.175958358 0.040444976926 
17.7326658928 15.1699519495 0.0499345909919 
17.9190401995 15.1624647344 0.0459954810838 
18.0426006281 15.1585482324 0.0391675359916 
18.1773886644 15.1529914255 0.0548725389674 
18.3070163691 15.1478463749 0.0393590993634 
18.4340505564 15.1425943116 0.0477513812653 
18.5464816057 15.138723139 0.0310231241455 
18.6821591818 15.136029538 -0.130397138827 
18.7587108576 15.1280961225 -0.382168515853 
18.8460476362 15.0974860008 -0.82355436543 
18.8769805395 15.0860662127 -1.15203444098 
18.8911714518 15.0902040864 -1.38184905869 
18.9072387182 15.0776841159 4.67330331176 
18.9046072924 15.0503027255 4.63173771728 
18.8876595461 14.9581387902 4.64000842455 
18.872885462 14.8774740959 4.63550687497 
18.8460280859 14.7376983131 4.62635510213 
18.816871401 14.5764781798 4.61176072863 
18.7929677927 14.44576728 4.60575485578 
18.7689375841 14.3104678954 4.63087365103 
18.7468647921 14.1901313032 -1.46573279147 
18.7486607992 14.0671260322 -1.13536987986 
18.7642347777 14.0156472887 -1.06453706033 
18.7911212408 13.960250255 -1.09409302049 
18.8183178866 13.9326579536 -1.35742406377 
18.8297414744 13.9307787384 -1.55384497062 
18.8457019293 13.9162712062 4.47167729097 
18.8457019293 13.9162712062 4.47167729097 
18.8457019293 13.9162712062 4.47167729097 
18.8457019293 13.9162712062 4.47167729097 
18.8457019293 13.9162712062 4.47167729097 
18.8457019293 13.9162712062 4.47167729097 
18.8457019293 13.9162712062 4.47167729097 
18.5612695181 13.2653492654 3.94575735543 
18.5612695181 13.2653492654 3.94575735543 
18.5612695181 13.2653492654 3.94575735543 
18.5612695181 13.2653492654 3.94575735543 
18.185616728 13.1283019746 3.36511933833 
18.0293414557 13.1060458387 3.3726394537 
17.8356485331 13.0767420495 3.34170580665 
17.6907397472 13.0587676729 3.37281348034 
17.5645612442 13.0391241277 3.29142807926 
17.4567731583 13.0366498197 3.25447696625 
17.2415455544 13.0410183633 3.24224968788 
17.1689699852 13.0394645895 3.21137898451 
17.1689699852 13.0394645895 3.21137898451 
16.8267961704 13.046748277 3.20751932827 
16.5645478332 13.0515133108 3.20667910061 
16.4344317877 13.055558082 3.2035343078 
16.3020460569 13.0567740167 3.18984421904 
16.0788121634 13.057162639 3.20157647094 
15.8796336568 13.0612100328 3.20700914277 
15.7783110106 13.0630921091 3.20762148589 
15.5707687103 13.0675047601 3.20090019627 
15.4138875866 13.0712603296 3.17671779188 
15.3162298762 13.0731095041 3.18734759828 
15.1224781835 13.0779215063 3.19017072654 
15.0346030557 13.0796209539 3.16959984947 
14.942938503 13.080610391 3.18497354739 
14.8793482744 13.0804878438 3.17360402691 
14.8793482744 13.0804878438 3.17360402691 
14.8036609852 13.0601617063 2.59538939413 
14.7830452883 13.0462695325 2.19408831425 
14.7651425564 13.0664905275 2.09594101881 
14.7555403673 13.0860546792 2.08609429879 
14.7555403673 13.0860546792 2.08609429879 
14.7555403673 13.0860546792 2.08609429879 
14.5539910757 13.5251083339 2.07318151547 
14.5146988594 13.6045780147 2.07341723114 
14.4327350819 13.7825168336 2.09133225998 
14.3954588139 13.8715351785 2.20974999265 
14.3655328714 13.9353013004 2.46928565985 
14.3228061163 14.001549002 2.94473736645 
14.3192228043 14.0239927734 3.2878350027 
14.2490754091 14.0243738855 3.42911774391 
14.1991654598 14.0152705873 3.43588643615 
14.1021294558 13.9975744451 3.43201329476 
14.0075445139 13.9815326894 3.43867003044 
13.7927472555 13.9440469707 3.4004173957 
13.7046265566 13.9279198612 3.39360171832 
13.5334804022 13.8960378135 3.37713858421 
13.4730503523 13.9104440177 -0.641157717003 
13.4730503523 13.9104440177 -0.641157717003 
13.2603535616 13.8429673875 3.74031599081 
13.1691467726 13.8418576683 3.80671702315 
13.1206052267 13.8366050685 4.25415011541 
13.1142759287 13.8440014089 4.38409411478 
13.1142759287 13.8440014089 4.38409411478 
13.1142759287 13.8440014089 4.38409411478 
13.0934398138 13.7958891357 4.49794293425 
13.0698442423 13.7238818372 4.51294550232 
13.0416467154 13.6286103691 4.5039313607 
13.015081402 13.5478974546 4.56775369475 
12.9808874094 13.4689886535 4.67754691284 
12.9762616121 13.4425996507 -1.26108787302 
12.9605390989 13.4173394407 -0.821704286069 
12.9474062883 13.4058070148 -0.553177778467 
12.9382450544 13.3819987739 -0.158055424745 
12.9352688753 13.3649536336 0.114289849512 
12.9450621569 13.3576711381 0.24258654738 
12.9652874434 13.3575916255 0.31304113726 
12.9652874434 13.3575916255 0.31304113726 
13.1036093199 13.3879860605 0.380680501861 
13.1036093199 13.3879860605 0.380680501861 
13.1760466063 13.3919261659 0.853794991924 
13.1760466063 13.3919261659 0.853794991924 
13.1760466063 13.3919261659 0.853794991924 
13.3481359446 13.5943131412 0.98941155328 
13.3773577177 13.6421622003 0.868923983154 
13.5124061072 13.7676993574 0.752505748947 
13.5775270426 13.8195406164 0.744862126744 
13.7280795538 13.9354319538 0.747475214635 
13.8957595789 14.0668301548 0.73814011975 
14.0244034493 14.1652345623 0.727713669472 
14.2320305073 14.3245279754 0.705817805379 
14.3461751902 14.4113119806 0.734765961566 
14.4890676701 14.5182685221 0.719527723618 
14.6888383591 14.6727783645 0.735741399105 
14.8460251057 14.7926706935 0.683639111262 
14.9840176665 14.9007568027 0.734166641978 
15.074329015 14.9700543846 0.734000730768 
15.1625035965 15.0371910299 0.73255401049 
15.2349520886 15.0932455922 0.743329647302 
15.286136862 15.1214841271 0.885827428242 
15.300647434 15.1247101391 1.0365034274 
15.3264780604 15.1117810125 1.47507119207 
15.3406194412 15.1300515647 1.68832010058 
15.337716397 15.2147047913 1.72386697303 
15.3307803833 15.3080504353 1.72172005929 
15.3198865616 15.4347149844 1.73154672981 
15.311389085 15.543066975 1.73049301087 
15.3087141478 15.5920814241 1.73148482421 
15.3099780047 15.6203451718 1.78864970846 
15.3232027256 15.6226032043 1.99724093998 
15.3397499287 15.6279026831 2.28247581972 
15.3430354559 15.6303736533 2.33034593516 
15.3361897432 15.6276913846 2.23833673317 
15.3156979644 15.6187963749 1.83002247156 
15.2992406451 15.6176200772 1.62958864518 
15.2996758782 15.6182933713 1.63403191534 
15.3003290259 15.6196040178 1.64339275574 
15.3032436335 15.6334360505 1.70465592589 
15.301135596 15.6796470846 1.70135429186 
15.3018204534 15.7448689307 1.78840834515 
15.3159705364 15.7700114215 2.08580320255 
15.327180382 15.7765663827 2.29994165849 
15.3289421165 15.7766534055 2.29751920411 
15.33566105 15.7839586104 2.45399815045 
15.348480519 15.8029727901 2.80853601869 
15.3468605244 15.8224027122 3.1114640747 
15.3282452786 15.8287841643 3.19071586476 
15.2330374086 15.8377569879 3.25998301227 
15.2058435046 15.8487901057 3.48835897481 
15.2006156408 15.8628719414 3.74601189477 
15.1958534681 15.8640796507 3.80661255733 
15.1387467944 15.8272651995 3.81178273496 
15.0681482517 15.779916879 3.80424194525 
14.9382321202 15.6917728747 3.79977107671 
14.8000304663 15.5994139875 3.79236408776 
14.6379702055 15.4920165206 3.79437183253 
14.4871137106 15.3905604447 3.81795866051 
14.3240535223 15.2828363183 3.79446328767 
14.1980637276 15.2002668085 3.79526274224 
14.0717593395 15.1160068403 3.6182532273 
13.9914320671 15.0759818966 3.3380216089 
13.9420920574 15.0671847726 3.24213514656 
13.8859477007 15.0648855383 3.20273917352 
13.8647937739 15.0651523734 3.2010794582 
13.8652310335 15.0652635063 3.20704561835 
13.8652310335 15.0652635063 3.20704561835 
13.8340909445 15.0650289024 3.25726653477 
13.8033714258 15.0662530179 3.21135512574 
13.8033714258 15.0662530179 3.21135512574 
13.7487843001 15.0696565027 3.20825565175 
13.7487843001 15.0696565027 3.20825565175 
13.7487843001 15.0696565027 3.20825565175 
13.7183814013 15.0991936589 3.67965530441 
13.7183814013 15.0991936589 3.67965530441 
13.7183814013 15.0991936589 3.67965530441 
13.6701719725 15.134327818 4.6120511183 
13.6498973333 15.1338572318 -1.34956075576 
13.6386563742 15.1222905705 -1.1576714424 
13.6386563742 15.1222905705 -1.1576714424 
13.6386563742 15.1222905705 -1.1576714424 
13.6360547506 15.0374857152 -0.714356465233 
13.66381168 15.0022391642 -0.634755536573 
13.6739587748 14.9727100397 -0.195324465416 
13.708216902 14.9582272733 -0.458539462454 
13.708216902 14.9582272733 -0.458539462454 
13.9873591625 14.8004158104 -0.3416559213 
14.1195719206 14.7241775955 -0.486342495301 
14.2777281963 14.6361706818 -0.649061381506 
14.3910795414 14.5206524099 -0.932055862952 
14.4515206778 14.4304265345 -0.919112993516 
14.5625959599 14.268097576 -0.940811863661 
14.6411592924 14.1420930589 -1.14486027522 
14.6900950634 13.9959298337 -1.17167651224 
14.7526026928 13.8025485242 -1.17062243676 
14.7998194658 13.6587449277 -1.19566353472 
14.8384134733 13.5272921289 -1.05494499164 
14.9145885074 13.3831496204 -0.671341825792 
15.0325897896 13.2750951017 -0.480007121648 
15.1264147722 13.2101660932 -0.135963824319 
15.2051886284 13.1855896677 0.182431866617 
15.2884938085 13.1950892175 0.24122077377 
15.3636110985 13.2127181257 0.133649325474 
15.4054762685 13.2264920438 -0.106095369657 
15.4594906234 13.2240840162 -0.327579360926 
15.5404404664 13.1880341733 -0.36071276433 
15.5861982965 13.1544526781 -0.117541974096 
15.6050113105 13.1405252183 0.0759506244241 
15.6783978903 13.1396619047 0.119852399351 
15.7928573006 13.145040151 0.104617226567 
15.9463327603 13.1505864824 0.113792821904 
16.1087370926 13.1568902696 0.115107879128 
16.3660846018 13.1682108606 0.134537197198 
16.540102657 13.1746464933 0.116413240448 
16.7111140453 13.179095384 0.130763615405 
16.8935737574 13.1849104131 0.130668819285 
17.0122595989 13.1876524652 0.113930163174 
17.1990761721 13.1951767171 0.112881748041 
17.3588411772 13.2007254327 0.109404817814 
17.494636532 13.2062343324 0.108207288909 
17.6714451277 13.2112523283 0.109998197999 
17.792963382 13.214493152 0.111090931724 
18.0240204298 13.2261120046 0.131831986945 
18.034432646 13.2250360216 0.0956812093403 
18.2718594038 13.2306016649 0.115662844414 
18.4454362356 13.2340165342 0.213913566292 
18.5306184256 13.2399533952 0.37159217862 
18.5991160833 13.2482911314 0.651525440334 
18.6515338385 13.2699081863 0.880097958154 
18.712688204 13.3295901979 1.26480684572 
18.7704961264 13.448280927 1.38573364113 
18.794436928 13.5070770944 1.83446919419 
18.7857139074 13.5581431354 2.01883213028 
18.7775986158 13.5813677276 2.08106700435 
18.7476611101 13.6143459047 1.85364912047 
18.7364468538 13.650253054 1.75772576013 
18.7301890814 13.7025015319 1.75715657349 
18.7203016245 13.7860311235 1.75742824426 
18.7093112433 13.8884793485 1.75833347273 
18.6889557802 14.0760537351 1.75508057694 
18.6655080282 14.2786335314 1.75531179657 
18.6533372366 14.3898401822 1.75575637663 
18.6306490862 14.6019111241 1.75489476312 
18.6066169703 14.8310585583 1.75424863733 
18.5904271566 14.9814425672 1.74811208757 
18.5738255941 15.1251669864 1.74007577107 
18.5538866484 15.3141608352 1.75742329091 
18.5346016848 15.4733177538 1.69160646474 
18.5276765787 15.6178499127 1.38173960507 
18.5432505571 15.7000555063 1.0511857193 
18.6161103212 15.8025560344 0.85195132335 
18.7031619513 15.8876454795 0.854988399378 
18.8447172606 16.0254348482 0.86039355483 
18.9299540484 16.1080333556 0.832708083791 
19.0485348665 16.2214646305 0.868101341319 
19.1495730841 16.3178175653 0.847322826958 
19.1495730841 16.3178175653 0.847322826958 
19.1495730841 16.3178175653 0.847322826958 
19.1495730841 16.3178175653 0.847322826958 
19.1495730841 16.3178175653 0.847322826958 
19.1495730841 16.3178175653 0.847322826958 
19.1495730841 16.3178175653 0.847322826958 
19.1495730841 16.3178175653 0.847322826958 
19.1495730841 16.3178175653 0.847322826958 
19.1495730841 16.3178175653 0.847322826958 
19.1495730841 16.3178175653 0.847322826958 
19.1495730841 16.3178175653 0.847322826958 
19.1495730841 16.3178175653 0.847322826958 
19.1495730841 16.3178175653 0.847322826958 
19.1495730841 16.3178175653 0.847322826958 
19.1495730841 16.3178175653 0.847322826958 
19.1495730841 16.3178175653 0.847322826958 
19.1495730841 16.3178175653 0.847322826958 
19.1495730841 16.3178175653 0.847322826958 
19.1495730841 16.3178175653 0.847322826958 
19.1495730841 16.3178175653 0.847322826958 
19.1495730841 16.3178175653 0.847322826958 
19.1495730841 16.3178175653 0.847322826958 
19.1495730841 16.3178175653 0.847322826958 
19.1495730841 16.3178175653 0.847322826958 
19.1495730841 16.3178175653 0.847322826958 
19.1495730841 16.3178175653 0.847322826958 
19.1495730841 16.3178175653 0.847322826958 
19.1938965284 15.7055625583 3.99148007142 
19.1758177244 15.6871722008 4.01198290309 
19.1758177244 15.6871722008 4.01198290309 
19.0766057932 15.5896384383 3.5672346423 
18.979018923 15.5550209249 3.57502906524 
18.8873414957 15.520818677 3.5676396979 
18.7084476912 15.4558135981 3.56791534256 
18.5965251886 15.4155116493 3.56336699535 
18.404920336 15.3456506918 3.36969939875 
18.2094664538 15.3331706564 3.11257737261 
17.9370975458 15.3631522248 3.10158048784 
17.7433952057 15.3851843888 3.10341021326 
17.5278087818 15.4104762341 3.11218287436 
17.3402904236 15.4312493468 3.11307375444 
17.1429613793 15.4551554138 3.0959553281 
16.9474337065 15.4775446619 3.09812252871 
16.6590963566 15.5120808447 3.09417721826 
16.5117596948 15.5292806293 3.1047513703 
16.3812819683 15.5462880398 3.10397785162 
16.1784582698 15.5709859992 3.09422347947 
16.0294881576 15.589297619 3.09381549689 
15.8270990663 15.6129344965 3.11492370373 
15.6808239781 15.6317443813 3.26060028611 
15.5789572262 15.6299616064 3.37415317858 
15.3620247209 15.5986606146 3.49003446503 
15.2524810397 15.57544392 3.7467616522 
15.185996648 15.5462968315 4.00990223709 
15.0952392184 15.4534306044 4.18343955707 
15.0507019126 15.3881365771 4.173685105 
15.0507019126 15.3881365771 4.173685105 
14.8532657587 15.1037570799 4.20642092236 
14.7382659876 14.9409616257 4.19482245426 
14.6377837622 14.7996982897 4.1955042863 
14.5068426096 14.609563228 4.18665188258 
14.3702278101 14.4273401464 3.71010382622 
14.3589985335 14.4058960641 4.16153070555 
14.2188800537 14.2065125669 3.93372549431 
14.2188800537 14.2065125669 3.93372549431 
14.0505750143 14.0476269687 3.90325705563 
13.8507997954 13.8933831418 3.6295124919 
13.7450463736 13.843774792 3.52094586734 
13.645732876 13.8134953941 3.28363494756 
13.5528268778 13.8049002851 3.23243262325 
13.3539903128 13.8027071918 3.2174818203 
13.1909103357 13.8006274665 3.22639649494 
13.0516977274 13.7970497573 3.18426219947 
12.9465613329 13.7978457178 3.03922419163 
12.8682150805 13.8054313625 2.70401963259 
12.8215160334 13.8196579183 2.57092785668 
12.7505717241 13.8550885881 2.09773631894 
12.7262656653 13.8553333248 1.76316825066 
12.7262656653 13.8553333248 1.76316825066 
12.7262656653 13.8553333248 1.76316825066 
12.7262656653 13.8553333248 1.76316825066 
12.6661505663 13.8782192434 0.743356308858 
12.6661505663 13.8782192434 0.743356308858 
12.6661505663 13.8782192434 0.743356308858 
12.6661505663 13.8782192434 0.743356308858 
12.6661505663 13.8782192434 0.743356308858 
12.6661505663 13.8782192434 0.743356308858 
12.6661505663 13.8782192434 0.743356308858 
12.6661505663 13.8782192434 0.743356308858 
13.0542576277 13.9201900924 0.172474550536 
13.1994192564 13.9193572963 -0.00672631097055 
13.5105376207 13.8785130943 0.207043111536 
13.6050806009 13.8876290287 0.465338131903 
13.7376036608 13.9421687091 0.573564434473 
13.88738155 14.0252015556 0.546311596057 
13.9668682778 14.0669680799 0.534740389481 
14.1743199789 14.1754946674 0.545005762964 
14.3645293676 14.2722154821 0.590634465514 
14.4711986744 14.3314383591 0.794883641113 
14.5476908648 14.4007876481 1.11710373543 
14.601508733 14.4986855353 1.188871785 
14.6780449116 14.6430778469 1.21244173937 
14.7791403496 14.8383968736 1.16333194617 
14.8554758989 14.9866045679 1.18097202892 
14.9197792375 15.1112509633 1.1334002807 
14.9792205059 15.2192645318 0.854200282989 
15.0439606273 15.2925746443 0.469347674004 
15.1110008919 15.3402068059 -0.00510045972029 
15.1155601108 15.3569409067 -0.290224131982 
15.1333347523 15.3624504621 -0.485742088758 
15.1717069113 15.3420561517 -0.556449099869 
15.2508140766 15.2828224155 -0.545579471703 
15.3305525148 15.2217262725 -0.499082661502 
15.3813804352 15.1762764643 -0.280600524654 
15.4169998431 15.142117318 0.12089418435 
15.4174835944 15.1289072523 0.31646057653 
15.4186451101 15.1308761949 0.304851601139 
15.4165540599 15.1436738039 0.0919665491378 
15.4205957913 15.1668952445 -0.271938911831 
15.4240929746 15.1735348667 -0.392401560636 
15.4226129317 15.1721618662 -0.360717225275 
15.4216056728 15.1718796084 -0.326857343495 
15.4193423056 15.160388794 -0.157884045265 
15.4145648443 15.1427548865 0.104017604283 
15.4392445945 15.1341735611 0.333858904988 
15.4749506378 15.1417504738 0.37251254852 
15.5266650283 15.1569194237 0.35707172213 
15.6749568694 15.1991850699 0.355294048282 
15.7751702332 15.2277055935 0.354625933606 
15.9062188399 15.2652128378 0.35739574946 
15.9948820585 15.2899768802 0.351631102807 
16.0605813825 15.3079467754 0.351560076282 
16.0735429638 15.3118365298 0.351754597788 
16.0730236584 15.3115630264 0.354501335977 
16.0729769283 15.3115167136 0.354784588813 
16.0729265773 15.3114875669 0.355907498112 
16.0729651117 15.3114763165 0.354717159246 
16.0729580634 15.3114702667 0.354817994028 
16.0729564541 15.3114604692 0.355115980669 
16.0729249829 15.3114849965 0.355732426356 
16.0729188436 15.3114811296 0.355906552791 
16.0729286486 15.3114964108 0.355658221917 
16.0729585105 15.3114764209 0.354704562915 
16.0729669594 15.3114896903 0.35468421775 
16.072912451 15.3114865685 0.355787331819 
16.0730103963 15.3115113715 0.353934195117 
16.0729453677 15.311482426 0.354805330586 
16.0729605221 15.3114851231 0.354550520461 
16.0731205904 15.311561432 0.351798921735 
16.0731119328 15.3115486691 0.351954745299 
16.0731199795 15.3115634213 0.351827885217 
16.0731620454 15.3115713189 0.351221097303 
16.0729372912 15.311475035 0.354696504871 
16.0731241518 15.3115665729 0.351761104013 
16.072989937 15.3115187625 0.353777504048 
16.0729496592 15.3114894668 0.354507125291 
16.0729807579 15.3115047107 0.354010529892 
16.0729491973 15.311534148 0.354800049197 
16.0731660986 15.3115783448 0.350898917999 
16.0729352647 15.3114835064 0.354721698393 
16.0729415828 15.3114830221 0.354539651849 
16.0731542521 15.3115746344 0.350877506454 
16.0730896109 15.3115562762 0.351929523741 
