15.8800144346 15.2400045854 0.0431103284644 
15.8799962086 15.2399955698 0.0431540437794 
15.8800148984 15.2400150402 0.0431751173674 
15.880364501 15.2402876073 0.0448693240053 
15.8803375597 15.2402859612 0.0451101710827 
15.8803903117 15.2403205896 0.044910421028 
15.8799841843 15.2399973223 0.0431247560063 
15.8801213178 15.2400678828 0.0425097018159 
15.8799924265 15.2400262404 0.0431375640657 
15.8799969061 15.2400242275 0.043022771173 
15.8799871803 15.2400112263 0.043163640922 
15.8804259571 15.2403908307 0.0453996867105 
15.8799769852 15.2400271855 0.0431785218823 
15.8799712044 15.2400137936 0.0431166368571 
15.8803717104 15.2403420243 0.0447987978149 
15.8800332668 15.2400811573 0.0432492166174 
15.8799564495 15.240013342 0.0430594530555 
15.880401888 15.2403736867 0.0448613298296 
15.8803847098 15.2403721125 0.0450419676888 
15.8803108773 15.240322236 0.0445825451601 
15.8803279401 15.2403201184 0.0445537764738 
15.8803797384 15.2403749265 0.0449750007333 
15.8803931178 15.2403672931 0.0451732076426 
15.8803887201 15.2403920379 0.0451287585975 
15.8803896412 15.2403778581 0.0451461382046 
15.8803613355 15.2403717458 0.045145358572 
15.8803758287 15.2403913634 0.0451791483268 
15.8803982242 15.2404033183 0.04510576208 
15.8803699763 15.2403967052 0.0450333960705 
15.8803797822 15.2404088886 0.0451502763401 
15.8803840383 15.2403961457 0.0450344225164 
15.8803596535 15.240394719 0.0451350047216 
15.8803694277 15.2403932177 0.0450686337034 
15.8803638137 15.2403899811 0.0451507835275 
15.8798985305 15.2399857733 0.0431748708965 
15.8798951266 15.2399864995 0.0429590283136 
15.8799269685 15.2400181218 0.0431443551123 
15.8800851043 15.2400638796 0.042534595976 
15.8799120943 15.2400073487 0.0430441881649 
15.8800640079 15.2400801246 0.04314981746 
15.8799129996 15.2400049998 0.0431700876965 
15.8800454066 15.2400476962 0.0426134391472 
15.8801021363 15.2400805886 0.0425876996049 
15.8799538194 15.2400209619 0.0431430373991 
15.8801098318 15.24006543 0.0424498316361 
15.8801082486 15.2400751032 0.0425548761401 
15.8800764932 15.2400617771 0.0425712803289 
15.8800920352 15.2400615281 0.0424838336923 
15.8800964729 15.2400599702 0.0426033447717 
15.8800884579 15.2400599456 0.0424919162164 
15.8801013428 15.2400687586 0.0424536449971 
15.8800899825 15.2400892173 0.0424196230374 
15.8803745304 15.240398434 0.045077555475 
15.8800988049 15.2400546681 0.0424763279568 
15.880087522 15.2400565723 0.0424835730275 
15.8803595892 15.2403824353 0.0452218644767 
15.8803630733 15.2403722748 0.0449041469327 
15.8803691576 15.2403716401 0.0449671212158 
15.880313743 15.2403315706 0.04449704956 
15.8803751656 15.2403843829 0.0449925080638 
15.8803256481 15.2403226167 0.0445308843435 
15.8803538178 15.240392735 0.0451194195503 
15.8800860589 15.2400438857 0.0423340046122 
15.8800824472 15.2400500809 0.0425094484802 
15.8803500963 15.2403605571 0.0450140425299 
15.8801323866 15.2401025016 0.0430735177276 
15.8800895904 15.2400639975 0.04239804814 
15.8800886824 15.2400545216 0.0425849158592 
15.8803705546 15.2403793822 0.0449888028372 
15.8803807722 15.2403704871 0.0451596282456 
15.880345449 15.2403604428 0.0449183602757 
15.8801052748 15.2400590611 0.0426450261913 
15.8803609369 15.2403593217 0.0450593793579 
15.8801183525 15.240071518 0.0426917319325 
15.8800890894 15.2400395072 0.0426247317499 
15.8801044702 15.2400389501 0.042616331239 
15.8801131771 15.2400644891 0.0426100772056 
15.8801163939 15.2400559442 0.0426117987361 
15.8803101258 15.2402965638 0.0444219822241 
15.8800745002 15.2400664061 0.0424082596576 
15.8800527855 15.2400817903 0.0422626873615 
15.8800482807 15.2400620929 0.0423782362673 
15.8800555459 15.2400548161 0.0424231451714 
15.8800411747 15.2400618182 0.0422863648893 
15.8800681169 15.2400713189 0.0424231150726 
15.8808206265 15.2400358985 0.0442235489858 
15.9137446788 15.2386930482 0.0449164965156 
15.9589990863 15.2372206766 0.0373751311844 
15.9876206183 15.2369478358 0.0298367924373 
16.038567748 15.234588024 0.0341714885163 
16.111875292 15.2310733709 0.0360745615486 
16.2259367966 15.2280642551 0.0312827413862 
16.354709413 15.2249956394 0.0374623846415 
16.4816414678 15.220949149 0.0318455420175 
16.5913479292 15.2160824651 0.0397848798518 
16.6936470234 15.2130080743 0.0453686119299 
16.8306832873 15.2080444547 0.0470951319328 
16.9709277117 15.2026442143 0.0366580012582 
17.1070049965 15.1949290189 0.0639723150261 
17.1927862131 15.1924131366 0.0455540681959 
17.3102004492 15.1874595399 0.0443626480429 
17.466053363 15.1804320442 0.0410201611395 
17.5928119385 15.1749499927 0.0450954555807 
17.7553787195 15.1693180616 0.0403024270501 
18.0045459234 15.1595929081 0.0451374963055 
18.1773886644 15.1529914255 0.0548725389674 
18.2558462584 15.1500721017 0.0382420159891 
18.3670518362 15.1457497666 0.0388423063566 
18.5641767943 15.1380877833 0.0240726728124 
18.7316415274 15.1324496011 -0.282436909933 
18.8120877707 15.1130669976 -0.610603647458 
18.8509728872 15.0951467122 -0.865973518525 
18.8901889288 15.0898032005 -1.36490698764 
18.9067923987 15.0736427421 4.66550674303 
18.9013123476 15.0300992096 4.63057462918 
18.8876595461 14.9581387902 4.64000842455 
18.8678359949 14.8432342077 4.62507097055 
18.8408441507 14.7131256426 4.61283726671 
18.8151457274 14.5679779018 4.61565479015 
18.7857785189 14.4083549345 4.61045043714 
18.759778496 14.2674100364 4.68148655351 
18.7417561972 14.1567889417 -1.35745850688 
18.752930876 14.0494543279 -1.10692236456 
18.7703707182 13.9990559782 -1.04737740122 
18.785243746 13.9713488782 -1.07545945094 
18.8110001051 13.9348164762 -1.26984042775 
18.8371238672 13.9310797418 4.61406803051 
18.8457019293 13.9162712062 4.47167729097 
18.8457019293 13.9162712062 4.47167729097 
18.8457019293 13.9162712062 4.47167729097 
18.8457019293 13.9162712062 4.47167729097 
18.8457019293 13.9162712062 4.47167729097 
18.8457019293 13.9162712062 4.47167729097 
18.8457019293 13.9162712062 4.47167729097 
18.5612695181 13.2653492654 3.94575735543 
18.5612695181 13.2653492654 3.94575735543 
18.5612695181 13.2653492654 3.94575735543 
18.2633607351 13.1412697996 3.34810046407 
18.1219749415 13.1188987459 3.36548179991 
17.9652566874 13.0975395406 3.36981168587 
17.8313915693 13.0781706537 3.37533022967 
17.6907397472 13.0587676729 3.37281348034 
17.55773687 13.0382794107 3.2867072525 
17.3937481606 13.0369573797 3.23255835708 
17.2697781288 13.0402952398 3.24944489679 
17.1689699852 13.0394645895 3.21137898451 
17.1689699852 13.0394645895 3.21137898451 
16.6335658991 13.0513080324 3.20570392606 
16.4720820748 13.0546237195 3.20197315698 
16.3020460569 13.0567740167 3.18984421904 
16.1280364805 13.0597766603 3.23561497771 
15.9809443691 13.0599242414 3.19833520294 
15.8163242229 13.061792251 3.19220348923 
15.6677215063 13.0651286806 3.20147959091 
15.5206644201 13.0683273042 3.17682221593 
15.3954578602 13.0706633295 3.17531157969 
15.2696682179 13.0746666158 3.19152610469 
15.1293504798 13.0774937833 3.18682330292 
14.9783421719 13.0801237787 3.17981661802 
14.8982890808 13.0815898145 3.19264658794 
14.8793482744 13.0804878438 3.17360402691 
14.8045828306 13.0614896978 2.6223358246 
14.7887309754 13.044517156 2.25245204478 
14.7683831417 13.0613402093 2.10382088557 
14.7555403673 13.0860546792 2.08609429879 
14.7555403673 13.0860546792 2.08609429879 
14.7555403673 13.0860546792 2.08609429879 
14.5951241219 13.4345509971 2.07273488426 
14.5146988594 13.6045780147 2.07341723114 
14.477111932 13.6897029842 2.09798125469 
14.3876352274 13.8925046886 2.26849255402 
14.3528335058 13.9602608646 2.64054109861 
14.3258171045 13.9995969499 2.93863902509 
14.3094271385 14.0257965291 3.24452844466 
14.2601728403 14.0269963706 3.41895398786 
14.186060425 14.0123531784 3.41889180717 
14.0833822453 13.9927823509 3.44067625471 
13.9530619347 13.9720290864 3.43424016116 
13.8017878496 13.9476360048 3.39237615233 
13.6550309622 13.9196270669 3.37027239042 
13.5012915098 13.8923580612 3.38826096725 
13.4730503523 13.9104440177 -0.641157717003 
13.2603535616 13.8429673875 3.74031599081 
13.2603535616 13.8429673875 3.74031599081 
13.1481139624 13.8370482887 3.9434465349 
13.1217520201 13.8359038795 4.23031900008 
13.1142759287 13.8440014089 4.38409411478 
13.1142759287 13.8440014089 4.38409411478 
13.1142759287 13.8440014089 4.38409411478 
13.0934398138 13.7958891357 4.49794293425 
13.0698442423 13.7238818372 4.51294550232 
13.0403544867 13.6232433284 4.50056657754 
13.0072121584 13.527349707 4.62341603406 
12.9849052393 13.4675606454 -1.45051890756 
12.9726095163 13.4278086389 -1.06746201966 
12.9605390989 13.4173394407 -0.821704286069 
12.9445288145 13.40021145 -0.458320430248 
12.9382450544 13.3819987739 -0.158055424745 
12.9351968729 13.3635882104 0.128907816864 
12.9450621569 13.3576711381 0.24258654738 
12.9652874434 13.3575916255 0.31304113726 
13.0953090155 13.3866088356 0.362441014946 
13.1036093199 13.3879860605 0.380680501861 
13.1036093199 13.3879860605 0.380680501861 
13.1760466063 13.3919261659 0.853794991924 
13.1760466063 13.3919261659 0.853794991924 
13.1760466063 13.3919261659 0.853794991924 
13.3713347876 13.6328666175 0.939407029578 
13.3773577177 13.6421622003 0.868923983154 
13.526813265 13.7785907949 0.749176055843 
13.6402652228 13.8684064115 0.739497999852 
13.7581820452 13.9597847427 0.736475278634 
13.8624191248 14.0405803884 0.737681915698 
14.0300216639 14.1700352396 0.735344181222 
14.2227206194 14.3155901993 0.675788243147 
14.3599219286 14.4217357601 0.734810450864 
14.5082035029 14.5322720374 0.679946406183 
14.6745479071 14.6628387536 0.733288377328 
14.8326591217 14.7829704846 0.72934668444 
14.9584891164 14.8809381093 0.699844958752 
15.0925177896 14.9844335283 0.727364590483 
15.1844344699 15.0549039508 0.728966813003 
15.2618004047 15.1107571388 0.756377532196 
15.2992728316 15.1246536339 1.01768560757 
15.300647434 15.1247101391 1.0365034274 
15.3387908899 15.1239565353 1.66016444974 
15.3412128651 15.159114633 1.72749651997 
15.335663017 15.2411845459 1.72486287164 
15.3249565923 15.3837777341 1.72040227823 
15.3132834994 15.5194932784 1.72979279948 
15.3087141478 15.5920814241 1.73148482421 
15.308566209 15.6201593245 1.72306957144 
15.3246091568 15.6227987076 2.01277364731 
15.3419157827 15.6301181878 2.33112633178 
15.3430354559 15.6303736533 2.33034593516 
15.3353255951 15.6273920501 2.22962854078 
15.3185533249 15.6200234855 1.91155442602 
15.3013285362 15.6182612742 1.65226692064 
15.2997227275 15.6182923282 1.63434672334 
15.3006758654 15.6198519433 1.65002242447 
15.3032436335 15.6334360505 1.70465592589 
15.301343497 15.6764548982 1.70082728071 
15.3018204534 15.7448689307 1.78840834515 
15.3186520898 15.7722492183 2.14617627515 
15.3274217808 15.7760220135 2.29487918626 
15.3290414774 15.7765959466 2.29885948768 
15.3318083846 15.7805720533 2.37416134435 
15.3400857412 15.7894753183 2.5673488047 
15.3486475908 15.8039568628 2.82521545685 
15.3468605244 15.8224027122 3.1114640747 
15.2918121183 15.8303482498 3.20491947374 
15.2231757605 15.8386539186 3.31421089169 
15.2042746508 15.8533593977 3.56580037645 
15.2005276644 15.8637136782 3.75779825578 
15.1869518125 15.857843932 3.79761606779 
15.1263952815 15.8174075449 3.80918444271 
15.0412602985 15.7608163918 3.80630560362 
14.9382321202 15.6917728747 3.79977107671 
14.7804142201 15.586819377 3.79278053716 
14.6526851618 15.5014314617 3.78976399641 
14.5187388622 15.4129551167 3.83875652273 
14.4023605549 15.3329376916 3.79315417271 
14.2834922039 15.2570675167 3.79940361639 
14.1395665371 15.1583173613 3.74245541532 
14.0421954357 15.0986454452 3.51696961887 
13.9657362663 15.0706878717 3.29154080607 
13.8995554411 15.0639321769 3.19267778858 
13.8695421183 15.0644524361 3.19529998875 
13.8651630842 15.0652531798 3.20775885148 
13.8652310335 15.0652635063 3.20704561835 
13.841462847 15.0655132199 3.21051067194 
13.8033714258 15.0662530179 3.21135512574 
13.8033714258 15.0662530179 3.21135512574 
13.7487843001 15.0696565027 3.20825565175 
13.7487843001 15.0696565027 3.20825565175 
13.7487843001 15.0696565027 3.20825565175 
13.7185842955 15.0906541909 3.5522674021 
13.7183814013 15.0991936589 3.67965530441 
13.7183814013 15.0991936589 3.67965530441 
13.7183814013 15.0991936589 3.67965530441 
13.6582415068 15.1352148841 -1.4840585058 
13.6296074354 15.1296179036 -1.30230253239 
13.6386563742 15.1222905705 -1.1576714424 
13.6386563742 15.1222905705 -1.1576714424 
13.6455821955 15.0407196696 -0.642642134315 
13.6603071653 15.0165732617 -0.608779197869 
13.6677789652 14.987517264 -0.518798010732 
13.7065792048 14.9590201343 -0.455671359048 
13.708216902 14.9582272733 -0.458539462454 
13.8684701883 14.8706892396 -0.339348854763 
14.050003525 14.7643171812 -0.374467738909 
14.1750385725 14.6926029886 -0.481106736944 
14.2829885447 14.6329413022 -0.661397628509 
14.3878082001 14.5263534749 -0.898072819487 
14.4714617693 14.4019540513 -0.934247176116 
14.5982398951 14.2214970554 -1.05541968706 
14.6576969587 14.099569198 -1.18318470858 
14.7083275282 13.9442089761 -1.14564172425 
14.7561974489 13.791249987 -1.1699062232 
14.8117155993 13.6207653249 -1.18302434686 
14.8491176331 13.4992834295 -1.02575066435 
14.9097952807 13.3882856334 -0.680208484674 
15.0166454279 13.2900901998 -0.52870917712 
15.1264147722 13.2101660932 -0.135963824319 
15.1905841195 13.1865054334 0.149361125929 
15.2717803681 13.1915110315 0.24733588675 
15.3481942379 13.2081600393 0.179743573376 
15.4114282691 13.2294334138 -0.162659890201 
15.4594906234 13.2240840162 -0.327579360926 
15.5571869874 13.1769517625 -0.313268101463 
15.5899457597 13.1500643457 -0.0630045297549 
15.6174958312 13.1382681097 0.107615953042 
15.6827774012 13.1398771966 0.121033210191 
15.7928573006 13.145040151 0.104617226567 
15.9661799335 13.1514512266 0.117014589297 
16.1169473195 13.1574147905 0.114292306891 
16.2488988304 13.1633228029 0.114917038267 
16.4680361712 13.1724010671 0.132723181581 
16.6119111144 13.1768163408 0.128196633915 
16.7920991742 13.1814318861 0.109904568007 
16.967480179 13.1866584981 0.109530207976 
17.0970789158 13.1916550363 0.112595868146 
17.1990761721 13.1951767171 0.112881748041 
17.375911113 13.2014778818 0.108821556784 
17.494636532 13.2062343324 0.108207288909 
17.6714451277 13.2112523283 0.109998197999 
17.792963382 13.214493152 0.111090931724 
18.034432646 13.2250360216 0.0956812093403 
18.1545731985 13.2272509302 0.102419835353 
18.3852155172 13.2343100275 0.125593083132 
18.5230295622 13.238382932 0.372307886994 
18.5991160833 13.2482911314 0.651525440334 
18.6515338385 13.2699081863 0.880097958154 
18.7095713579 13.3238096202 1.25227706192 
18.7394826376 13.3927903141 1.31601249881 
18.7733027899 13.4507205451 1.37030000722 
18.794436928 13.5070770944 1.83446919419 
18.7871606314 13.5581061805 2.06198426814 
18.7630016768 13.6075699295 2.04534798893 
18.7442917788 13.6161712373 1.81281546973 
18.7345132792 13.6642761196 1.75519181861 
18.7270772421 13.7265294755 1.75455959448 
18.7142832243 13.8413857187 1.75614886761 
18.7008995974 13.9696543182 1.75569493501 
18.6800701582 14.155252334 1.75589574812 
18.6678683722 14.2572658623 1.75481704856 
18.6488470995 14.4283089603 1.75545085594 
18.6278300249 14.632123288 1.75827181162 
18.6091263258 14.8097817565 1.75577307868 
18.5892896616 14.994483527 1.74905007369 
18.5724608862 15.1561169589 1.73476738146 
18.5528025591 15.335476097 1.76101232966 
18.5268192255 15.5840859974 1.48853827747 
18.5368008577 15.6786969865 1.1381113951 
18.5982601606 15.7832562889 0.871430389481 
18.7297077143 15.9135727252 0.858548960471 
18.8595824206 16.0408247078 0.84410338819 
18.9826650583 16.1580054129 0.842796339925 
19.0914800131 16.2629017795 0.86071977043 
19.1495730841 16.3178175653 0.847322826958 
19.1495730841 16.3178175653 0.847322826958 
19.1495730841 16.3178175653 0.847322826958 
19.1495730841 16.3178175653 0.847322826958 
19.1495730841 16.3178175653 0.847322826958 
19.1495730841 16.3178175653 0.847322826958 
19.1495730841 16.3178175653 0.847322826958 
19.1495730841 16.3178175653 0.847322826958 
19.1495730841 16.3178175653 0.847322826958 
19.1495730841 16.3178175653 0.847322826958 
19.1495730841 16.3178175653 0.847322826958 
19.1495730841 16.3178175653 0.847322826958 
19.1495730841 16.3178175653 0.847322826958 
19.1495730841 16.3178175653 0.847322826958 
19.1495730841 16.3178175653 0.847322826958 
19.1495730841 16.3178175653 0.847322826958 
19.1495730841 16.3178175653 0.847322826958 
19.1495730841 16.3178175653 0.847322826958 
19.1495730841 16.3178175653 0.847322826958 
19.1495730841 16.3178175653 0.847322826958 
19.1495730841 16.3178175653 0.847322826958 
19.1495730841 16.3178175653 0.847322826958 
19.1495730841 16.3178175653 0.847322826958 
19.1495730841 16.3178175653 0.847322826958 
19.1495730841 16.3178175653 0.847322826958 
19.1495730841 16.3178175653 0.847322826958 
19.1495730841 16.3178175653 0.847322826958 
19.1846737825 15.6957205797 4.00850453755 
19.1758177244 15.6871722008 4.01198290309 
19.1143500769 15.6076954866 3.61548138978 
19.0616769755 15.5841835702 3.56605012298 
18.9546146357 15.544923153 3.57557441085 
18.8205659353 15.4973971213 3.57225698591 
18.6601664984 15.4384675289 3.56731368398 
18.4811713659 15.3724056895 3.50349795765 
18.3718330824 15.3362078185 3.27901094796 
18.2492721045 15.3301212157 3.12721813716 
18.0487906897 15.3511588688 3.11034282811 
17.8908801043 15.3686560656 3.10814807384 
17.6825752222 15.3910661305 3.09173720836 
17.5019466841 15.4117778058 3.07987556438 
17.2806342804 15.4385498876 3.09840744763 
17.0926574432 15.461219054 3.10026038197 
16.898262974 15.4839515949 3.09518890337 
16.6590963566 15.5120808447 3.09417721826 
16.5117596948 15.5292806293 3.1047513703 
16.3812819683 15.5462880398 3.10397785162 
16.2091111207 15.5679309631 3.09522680414 
16.0463741088 15.5872889424 3.0935981106 
15.8474419975 15.6104938949 3.12024987421 
15.6978056246 15.6309526826 3.22290921424 
15.5577409231 15.6278819109 3.37127945299 
15.4481674099 15.609339651 3.37487615989 
15.2524810397 15.57544392 3.7467616522 
15.1468211376 15.5140909816 4.11325226652 
15.0650492274 15.407734331 4.18373818876 
15.0507019126 15.3881365771 4.173685105 
15.0507019126 15.3881365771 4.173685105 
14.7573903763 14.9670746292 4.19248310081 
14.6741661989 14.8511836494 4.18233252845 
14.589764353 14.7280924881 4.16313419912 
14.4758800232 14.5712927545 4.1602170809 
14.3702278101 14.4273401464 3.71010382622 
14.3589985335 14.4058960641 4.16153070555 
14.2188800537 14.2065125669 3.93372549431 
14.0801639521 14.0720310176 3.88735891724 
14.0505750143 14.0476269687 3.90325705563 
13.8404161894 13.8884791101 3.65262466721 
13.72205114 13.8324099744 3.42826949693 
13.6113333666 13.7717001403 2.25050251704 
13.4217274153 13.8034685815 3.23273927945 
13.2586474383 13.8015793527 3.22049066959 
13.1071310007 13.7989062036 3.22717688909 
12.9820227587 13.7964971031 3.09417950912 
12.8833966219 13.803444382 2.75855083286 
12.8215160334 13.8196579183 2.57092785668 
12.8215160334 13.8196579183 2.57092785668 
12.7341775858 13.8582812513 1.89026696988 
12.7262656653 13.8553333248 1.76316825066 
12.7262656653 13.8553333248 1.76316825066 
12.7262656653 13.8553333248 1.76316825066 
12.6661505663 13.8782192434 0.743356308858 
12.6661505663 13.8782192434 0.743356308858 
12.6661505663 13.8782192434 0.743356308858 
12.6661505663 13.8782192434 0.743356308858 
12.6661505663 13.8782192434 0.743356308858 
12.6661505663 13.8782192434 0.743356308858 
12.6661505663 13.8782192434 0.743356308858 
12.6661505663 13.8782192434 0.743356308858 
12.6661505663 13.8782192434 0.743356308858 
13.1994192564 13.9193572963 -0.00672631097055 
13.1994192564 13.9193572963 -0.00672631097055 
13.5471734964 13.8775075639 0.309634219049 
13.7032732927 13.9248566593 0.539675720176 
13.8356933558 13.9970632757 0.534766195576 
13.9853358233 14.0766861404 0.538268325552 
14.1284948551 14.1517299379 0.550445379021 
14.3068258726 14.2477183903 0.562010970446 
14.4276320898 14.3068857158 0.705439827645 
14.5243055784 14.3749878372 1.06664465101 
14.5682612621 14.4337125386 1.18031858476 
14.6491419041 14.5842255915 1.2294910506 
14.7254691088 14.7339348162 1.18585388098 
14.8153277599 14.9061230684 1.20767267314 
14.869415518 15.0122953917 1.17652177526 
14.9300735557 15.1335860754 1.08267200538 
15.0252744519 15.2753347235 0.60398606235 
15.0897913539 15.3262919227 0.189494777824 
15.1140317285 15.346883815 -0.135525531058 
15.1378162467 15.3611524741 -0.5063872134 
15.1905732715 15.327035893 -0.546312489466 
15.2757341826 15.2633100527 -0.553749010963 
15.3471930587 15.2048137526 -0.446239438342 
15.3937394583 15.1634463559 -0.138740882243 
15.4177611136 15.1406394506 0.146103980972 
15.4166410529 15.1299608762 0.300289988423 
15.4185046815 15.1288177709 0.323107143078 
15.4169165158 15.1391772369 0.159351068664 
15.4178597295 15.1572958792 -0.112080560137 
15.4202593827 15.171635736 -0.341891986031 
15.424090203 15.1739410276 -0.401839281397 
15.420828458 15.1725343133 -0.346979359419 
15.4218884968 15.171971936 -0.358021216275 
15.4199238085 15.1629123578 -0.186434217134 
15.4133139515 15.1439748744 0.111566776491 
15.4322681391 15.1336896683 0.289880864428 
15.4749506378 15.1417504738 0.37251254852 
15.5472828412 15.1627501662 0.351484233371 
15.6379269921 15.1882683749 0.358771732916 
15.7684139573 15.2268940045 0.345098794515 
15.8887518613 15.2603762916 0.355873022553 
15.9698469454 15.2834464053 0.351086738546 
16.0354985261 15.3012403662 0.355106414947 
16.0682164543 15.3098945881 0.35604830399 
16.0735151583 15.3118928487 0.351659243542 
16.0730600768 15.3116057182 0.354268149788 
16.0729660356 15.3115504498 0.354742420045 
16.0729278141 15.3114774863 0.355690818731 
16.0729632341 15.3114708404 0.354721312941 
16.0729110503 15.3114755044 0.356101219701 
16.072968986 15.3114750052 0.354868832549 
16.0729579889 15.3114669214 0.354780587967 
16.0729158038 15.3114968727 0.356035595076 
16.0729634875 15.3114797885 0.35468064417 
16.0729557836 15.311478276 0.354904654992 
16.0729614311 15.3114683444 0.354764051748 
16.0731732809 15.311571684 0.351123817012 
16.0729484969 15.3114620487 0.354599828682 
16.0729453677 15.311482426 0.354805330586 
16.0731934422 15.3115802819 0.350867511979 
16.0731775874 15.3115822638 0.351059455455 
16.0729819053 15.3114883567 0.354064527127 
16.0731667542 15.3115686963 0.351033722693 
16.0731629395 15.3115753646 0.350998909059 
16.0731651449 15.3115697766 0.351004073009 
16.0731652194 15.31158359 0.350999679324 
16.0731420779 15.3115719596 0.351215113164 
16.0731641167 15.3115754167 0.351027050845 
16.073127594 15.3115647028 0.351586902273 
16.0729208552 15.3114913518 0.355053634178 
16.0728994125 15.3115001212 0.355675564823 
16.0729418808 15.3114848475 0.354455351008 
16.0729282015 15.3114911879 0.354553040171 
16.0730896109 15.3115562762 0.351929523741 
