15.8800384096 15.2400143131 0.043055141325 
15.8801360849 15.2400392168 0.0427933861777 
15.8800530193 15.240049606 0.0429033759201 
15.880021426 15.2400304428 0.0430410854236 
15.8799872372 15.2400078528 0.0431970809495 
15.8799856139 15.2400171963 0.0431852424724 
15.8799966621 15.2400153112 0.0430382268782 
15.8801355177 15.2400870436 0.0432638257065 
15.8799844339 15.2400193812 0.0431038784809 
15.8804376462 15.2403923108 0.0454464712543 
15.8799931715 15.2400189117 0.0430355393166 
15.8800579068 15.2400879649 0.0436461659425 
15.8799478012 15.2400002601 0.0430377770164 
15.879939152 15.2400091136 0.0430484587584 
15.8803886325 15.240370879 0.045112947484 
15.8803897697 15.240384121 0.0449282687547 
15.8803858255 15.2403632347 0.045185441917 
15.88039085 15.240396075 0.0449602827465 
15.8803788071 15.2403782364 0.0450833799025 
15.8803852909 15.2403817074 0.0451450072201 
15.8803841706 15.2403661958 0.0451874102407 
15.8803820611 15.240376848 0.0453017122737 
15.8803613355 15.2403717458 0.045145358572 
15.8800076685 15.2400883462 0.0434447768508 
15.8803655404 15.2403966982 0.0450547153311 
15.8799255743 15.2400194508 0.0429699361178 
15.8803884034 15.240399065 0.0451684984771 
15.8803707334 15.2403917916 0.0450190162013 
15.8803644498 15.2403936796 0.0451351180993 
15.8803663562 15.2403818735 0.0450521587825 
15.8802700752 15.2402996428 0.0444975968441 
15.8800218339 15.2400777999 0.0434471798444 
15.879949486 15.2400246768 0.0429239810931 
15.8800559622 15.2400651464 0.0425669248396 
15.8799499219 15.2400216517 0.0429325099247 
15.8799439958 15.2400078125 0.0429881676511 
15.8799130461 15.2400037523 0.0432013244363 
15.8800814889 15.2400615938 0.0425200298975 
15.8801011062 15.2400668591 0.0426175349127 
15.8800930354 15.2400686364 0.0424855447332 
15.8800842167 15.2400684358 0.0425223834897 
15.8800935616 15.2400750934 0.0424387599448 
15.8800979276 15.2400749425 0.0425876886784 
15.8800891527 15.2400644635 0.0425466122699 
15.880093352 15.2400807564 0.0425150107175 
15.8800867499 15.2400413023 0.042539802395 
15.8800841878 15.2400834352 0.0425297366571 
15.8800880165 15.240067038 0.0425316700761 
15.8800951029 15.2400906053 0.0425887534756 
15.8800994457 15.2400534095 0.0425319240932 
15.8801462158 15.240127692 0.0431748459438 
15.8800908915 15.2400714256 0.0425140347101 
15.8800864249 15.2400774257 0.0424645368931 
15.8799164203 15.240002036 0.0432221376088 
15.8800779908 15.2400560341 0.042369072448 
15.8800999048 15.2400652354 0.0424691354992 
15.8800980105 15.240044496 0.0424514084188 
15.8800824472 15.2400500809 0.0425094484802 
15.8803563799 15.2403568474 0.0450104166667 
15.8803717057 15.2403698489 0.0450200776263 
15.8800759074 15.2400399037 0.0424903006358 
15.8803521154 15.2403766906 0.0454022355916 
15.880360094 15.2403616577 0.0451008427383 
15.8803663367 15.2403789684 0.0447263750731 
15.8803825165 15.2403699888 0.0451324451677 
15.880107904 15.2400746245 0.0422597419912 
15.880113952 15.2400424228 0.0424303685294 
15.8801085401 15.2400572341 0.0426123698196 
15.8803707819 15.2403734217 0.044918796509 
15.8800877539 15.2400519882 0.0427297322691 
15.8801260489 15.2400515922 0.0426373278907 
15.8801526596 15.2401119764 0.0430741745217 
15.8800674324 15.2400548064 0.0424204200787 
15.8800445368 15.2400914795 0.0421536283313 
15.8800426453 15.2400641926 0.0424902688111 
15.8800527231 15.2400632423 0.0423594048814 
15.8800372697 15.2400619323 0.0423071438359 
15.8800580885 15.2400518757 0.0424749280496 
15.8846410095 15.2396412171 0.0463261589435 
15.9317267166 15.2385527086 0.0316664583416 
15.9835016691 15.2371331382 0.0283803610955 
16.0035438948 15.2362897939 0.0329405530906 
16.059643265 15.233053142 0.0365493656277 
16.111875292 15.2310733709 0.0360745615486 
16.2259367966 15.2280642551 0.0312827413862 
16.4221893513 15.2229085856 0.0338927157889 
16.5614167416 15.2174290496 0.045578809435 
16.6225258076 15.2147483456 0.0507287317134 
16.8507463896 15.2071156299 0.0480688339931 
17.0120155775 15.2004133093 0.0345715777637 
17.1010488236 15.1951910632 0.0631953840061 
17.251339432 15.1900795291 0.042450703545 
17.4787282908 15.1803244355 0.047106905203 
17.609606024 15.1737387145 0.052716194681 
17.7326658928 15.1699519495 0.0499345909919 
17.8887357676 15.1638250987 0.0457886883737 
18.030760523 15.1593532006 0.0382127862074 
18.1227340662 15.1563999544 0.0386785282912 
18.2145671808 15.1522235239 0.0428315485047 
18.3395426237 15.1466478894 0.0377416454776 
18.6346981489 15.1378058905 -0.0409004636457 
18.7414278948 15.1310694406 -0.314330995756 
18.8202159369 15.1092900897 -0.651065602096 
18.8509728872 15.0951467122 -0.865973518525 
18.8750250303 15.0853311981 -1.12644728642 
18.8939146959 15.0904541428 -1.42634765714 
18.9046072924 15.0503027255 4.63173771728 
18.8934285605 14.9982404078 4.66101325599 
18.8706243002 14.85915738 4.62294163587 
18.8408441507 14.7131256426 4.61283726671 
18.7962131464 14.4658615554 4.61192502827 
18.7689375841 14.3104678954 4.63087365103 
18.7528502905 14.2274931634 -1.54519485328 
18.7439238989 14.0961163009 -1.1970189203 
18.7724933588 13.9952419961 -1.05865158773 
18.8110001051 13.9348164762 -1.26984042775 
18.8270859682 13.9309313262 -1.51275304588 
18.8449552023 13.9210299219 4.47801764405 
18.8457019293 13.9162712062 4.47167729097 
18.8457019293 13.9162712062 4.47167729097 
18.8457019293 13.9162712062 4.47167729097 
18.8457019293 13.9162712062 4.47167729097 
18.8457019293 13.9162712062 4.47167729097 
18.8457019293 13.9162712062 4.47167729097 
18.8457019293 13.9162712062 4.47167729097 
18.5612695181 13.2653492654 3.94575735543 
18.5612695181 13.2653492654 3.94575735543 
18.5612695181 13.2653492654 3.94575735543 
18.2709331476 13.1422475542 3.34771973847 
18.1219749415 13.1188987459 3.36548179991 
17.9206092322 13.0904182161 3.37759859167 
17.8356485331 13.0767420495 3.34170580665 
17.6642385685 13.0551413263 3.39340921795 
17.55773687 13.0382794107 3.2867072525 
17.3645576202 13.0372980798 3.22799190558 
17.1689699852 13.0394645895 3.21137898451 
17.1689699852 13.0394645895 3.21137898451 
16.8400489056 13.0458909238 3.20216742529 
16.6840706431 13.0501505102 3.20226673633 
16.4930686319 13.0539365972 3.20116500235 
16.3191648388 13.0565761293 3.1978317236 
16.1495695972 13.0589300359 3.21986814755 
15.9187347816 13.06026518 3.20180862776 
15.756980654 13.0635017122 3.20753739497 
15.6011255347 13.0665065015 3.19931551754 
15.4606068694 13.07000291 3.19496023605 
15.306468364 13.0733007158 3.18856379942 
15.1575064027 13.0780354703 3.20111101571 
15.0429276192 13.07964265 3.17084486429 
14.8982890808 13.0815898145 3.19264658794 
14.8793482744 13.0804878438 3.17360402691 
14.8063647711 13.0278369153 1.82586344214 
14.787685033 13.0444709028 2.24094430327 
14.774618026 13.0531800951 2.13315273087 
14.7555403673 13.0860546792 2.08609429879 
14.7555403673 13.0860546792 2.08609429879 
14.6136499607 13.394031402 2.07283520411 
14.5057556593 13.6237038339 2.08958503353 
14.4348393643 13.776469704 2.07338905073 
14.3876352274 13.8925046886 2.26849255402 
14.3539719545 13.9640474285 2.5896175969 
14.3193464243 14.0121369327 3.06544493972 
14.2918815577 14.0302399362 3.30408175415 
14.226047393 14.0206921066 3.44331341577 
14.0904660189 13.9957994188 3.41274085212 
13.928296324 13.9651641811 3.41572966408 
13.8017878496 13.9476360048 3.39237615233 
13.6422142946 13.9170187677 3.37145789434 
13.5012915098 13.8923580612 3.38826096725 
13.4730503523 13.9104440177 -0.641157717003 
13.2603535616 13.8429673875 3.74031599081 
13.2603535616 13.8429673875 3.74031599081 
13.1381857359 13.835352775 4.02200904082 
13.1193721258 13.8406038249 4.30663838659 
13.1142759287 13.8440014089 4.38409411478 
13.1142759287 13.8440014089 4.38409411478 
13.1041424238 13.834721681 4.50217319687 
13.0934398138 13.7958891357 4.49794293425 
13.0698442423 13.7238818372 4.51294550232 
13.0232851469 13.5693772996 4.52489298676 
13.0115556681 13.5375941957 4.5891057681 
12.9820194208 13.4553652967 -1.31555287689 
12.9678893053 13.4230166639 -0.988811353698 
12.9487934076 13.4075279201 -0.58472650016 
12.9363808596 13.3853039707 -0.188734650479 
12.9357523882 13.3617510761 0.148058654655 
12.9652874434 13.3575916255 0.31304113726 
12.9652874434 13.3575916255 0.31304113726 
13.1036093199 13.3879860605 0.380680501861 
13.1036093199 13.3879860605 0.380680501861 
13.1760466063 13.3919261659 0.853794991924 
13.1760466063 13.3919261659 0.853794991924 
13.1760466063 13.3919261659 0.853794991924 
13.3633582556 13.6198003257 0.954681816154 
13.3773577177 13.6421622003 0.868923983154 
13.4992454016 13.7594343389 0.748609694882 
13.6649093592 13.8867522443 0.722619292984 
13.8393917048 14.0227104391 0.738659595389 
13.976210829 14.1288567747 0.741730737292 
14.1133748257 14.2327666248 0.706675077057 
14.2320305073 14.3245279754 0.705817805379 
14.4166879618 14.4616975153 0.730166730678 
14.6643786394 14.6523092354 0.705039129092 
14.8159015143 14.7707942689 0.729552297993 
14.9767950737 14.8950257565 0.741853167697 
15.1093410217 14.9979493136 0.718255368441 
15.2021316254 15.0679159875 0.734675117032 
15.2554933393 15.1070943142 0.751347194112 
15.300647434 15.1247101391 1.0365034274 
15.3264780604 15.1117810125 1.47507119207 
15.3406194412 15.1300515647 1.68832010058 
15.3384151423 15.1906380172 1.72207527595 
15.3329582774 15.2938922087 1.72271418619 
15.3183968031 15.468463328 1.71916799497 
15.3107663357 15.5682027603 1.73377411829 
15.3090782725 15.6150306726 1.71034859818 
15.3177552187 15.6211737061 1.92162874158 
15.3404593432 15.6252613927 2.23538215651 
15.3447985017 15.6301291848 2.30579275151 
15.3398802244 15.628840592 2.29593404274 
15.321873244 15.6200244094 1.92466778667 
15.3009950482 15.6186581815 1.66078186584 
15.2992865407 15.6177841092 1.62716830733 
15.3011543715 15.6199453736 1.657612315 
15.3023998701 15.6525759066 1.70195478334 
15.2979494893 15.7231547202 1.70851707904 
15.3166974151 15.7706637944 2.10953611744 
15.3275455796 15.7729814614 2.27510100749 
15.3290414774 15.7765959466 2.29885948768 
15.3325938546 15.7811020578 2.38778225707 
15.3466694915 15.7991481389 2.75661748327 
15.3372176849 15.8264338339 3.15976632411 
15.2707670295 15.8309222425 3.20468275115 
15.2134981119 15.8417736853 3.39386459803 
15.2009528243 15.8656703795 3.78037612413 
15.1926265919 15.8636949624 3.80007850107 
15.1616366469 15.8404678071 3.80022061561 
15.0876563155 15.792616185 3.81185372551 
14.984772619 15.7230927313 3.79936069494 
14.8406361305 15.6266399289 3.81729523668 
14.6944669449 15.5292120243 3.79257694532 
14.5647244417 15.4455800916 3.81669516136 
14.4023605549 15.3329376916 3.79315417271 
14.2549169027 15.2383624869 3.79866316278 
14.1650426352 15.1778219456 3.77540518345 
14.0083891117 15.081985187 3.3834343565 
13.9057646954 15.0637751783 3.19151694639 
13.8653941118 15.065194499 3.20284513412 
13.8652310335 15.0652635063 3.20704561835 
13.8475201094 15.065432545 3.20496334397 
13.8033714258 15.0662530179 3.21135512574 
13.8033714258 15.0662530179 3.21135512574 
13.7487843001 15.0696565027 3.20825565175 
13.7487843001 15.0696565027 3.20825565175 
13.7487843001 15.0696565027 3.20825565175 
13.7183814013 15.0991936589 3.67965530441 
13.7183814013 15.0991936589 3.67965530441 
13.7183814013 15.0991936589 3.67965530441 
13.6842746698 15.1275677944 4.36350213095 
13.6487190687 15.133440275 -1.32771157934 
13.6296074354 15.1296179036 -1.30230253239 
13.6386563742 15.1222905705 -1.1576714424 
13.6434788668 15.0486626143 -0.959320019442 
13.6081099474 15.0399244393 1.71784651072 
13.66381168 15.0022391642 -0.634755536573 
13.6736733877 14.9741136695 -0.280871523086 
13.708216902 14.9582272733 -0.458539462454 
13.708216902 14.9582272733 -0.458539462454 
14.0155949556 14.7838080491 -0.346255136756 
14.1849849188 14.6880945528 -0.450658719421 
14.2829885447 14.6329413022 -0.661397628509 
14.4379205668 14.455281433 -0.899159338508 
14.5096342527 14.3482418622 -0.912232201903 
14.5982398951 14.2214970554 -1.05541968706 
14.6752380097 14.0458462203 -1.21448539892 
14.7160468065 13.9197480644 -1.18180788606 
14.7713241541 13.7376241649 -1.17796128614 
14.8167334759 13.6021096672 -1.16763668651 
14.8637684548 13.4613702262 -0.833629163288 
14.9456444347 13.3518637384 -0.601086786977 
15.0701895916 13.245021459 -0.352671478567 
15.1326511466 13.2069934572 -0.109000385097 
15.2087680661 13.1856816972 0.189478784722 
15.2811054551 13.193652984 0.241793777607 
15.3527567947 13.2098573411 0.169068132538 
15.4054762685 13.2264920438 -0.106095369657 
15.4560275042 13.2250620092 -0.320789098159 
15.5268446171 13.1958457197 -0.37501533154 
15.5861982965 13.1544526781 -0.117541974096 
15.601344403 13.1407772268 0.0668697104033 
15.6557668262 13.1391860212 0.115444711139 
15.7384989822 13.1427086557 0.118080328223 
15.8757908737 13.1481529439 0.11840975956 
15.9864738175 13.152288791 0.118110612197 
16.2362836265 13.1628049577 0.114884466974 
16.4809023702 13.1725813116 0.136561221511 
16.6290000045 13.1773499216 0.127490717898 
16.7834281885 13.18201625 0.126467630324 
16.8812169993 13.1851226057 0.194555362693 
17.0122595989 13.1876524652 0.113930163174 
17.1990761721 13.1951767171 0.112881748041 
17.3588411772 13.2007254327 0.109404817814 
17.494636532 13.2062343324 0.108207288909 
17.6714451277 13.2112523283 0.109998197999 
17.792963382 13.214493152 0.111090931724 
18.034432646 13.2250360216 0.0956812093403 
18.1545731985 13.2272509302 0.102419835353 
18.2718594038 13.2306016649 0.115662844414 
18.5230295622 13.238382932 0.372307886994 
18.5991160833 13.2482911314 0.651525440334 
18.6515338385 13.2699081863 0.880097958154 
18.712688204 13.3295901979 1.26480684572 
18.7704961264 13.448280927 1.38573364113 
18.784745928 13.4858783449 1.68938803954 
18.780097481 13.5749694074 2.07652970516 
18.7574102842 13.6117593015 1.98848623168 
18.738671776 13.6293492282 1.75933104238 
18.7329981291 13.6755688156 1.75229636302 
18.7239859068 13.7544891799 1.75702096414 
18.7093112433 13.8884793485 1.75833347273 
18.6859457457 14.1050605739 1.7557207726 
18.6655080282 14.2786335314 1.75531179657 
18.6449742281 14.462517556 1.75511648495 
18.6193757021 14.7112323607 1.74754501646 
18.6001782381 14.8829314078 1.76086061639 
18.5826456511 15.0543583597 1.74685540744 
18.5634279215 15.2441267853 1.75861137526 
18.548577305 15.3652726079 1.75565130015 
18.5274636709 15.5365062619 1.59050709652 
18.5288569891 15.6353740359 1.32173247468 
18.571143862 15.7501606906 0.918667258927 
18.6896183455 15.8741301859 0.856972413361 
18.8090465033 15.990800556 0.852002990462 
18.9441392386 16.1235482062 0.847441222821 
19.0631005728 16.2364511455 0.871726550557 
19.1495730841 16.3178175653 0.847322826958 
19.1495730841 16.3178175653 0.847322826958 
19.1495730841 16.3178175653 0.847322826958 
19.1495730841 16.3178175653 0.847322826958 
19.1495730841 16.3178175653 0.847322826958 
19.1495730841 16.3178175653 0.847322826958 
19.1495730841 16.3178175653 0.847322826958 
19.1495730841 16.3178175653 0.847322826958 
19.1495730841 16.3178175653 0.847322826958 
19.1495730841 16.3178175653 0.847322826958 
19.1495730841 16.3178175653 0.847322826958 
19.1495730841 16.3178175653 0.847322826958 
19.1495730841 16.3178175653 0.847322826958 
19.1495730841 16.3178175653 0.847322826958 
19.1495730841 16.3178175653 0.847322826958 
19.1495730841 16.3178175653 0.847322826958 
19.1495730841 16.3178175653 0.847322826958 
19.1495730841 16.3178175653 0.847322826958 
19.1495730841 16.3178175653 0.847322826958 
19.1495730841 16.3178175653 0.847322826958 
19.1495730841 16.3178175653 0.847322826958 
19.1495730841 16.3178175653 0.847322826958 
19.1495730841 16.3178175653 0.847322826958 
19.1495730841 16.3178175653 0.847322826958 
19.2188620531 15.7311369444 4.0131818245 
19.1800112688 15.6899541582 3.99936923197 
19.1758177244 15.6871722008 4.01198290309 
19.0980772936 15.5988628829 3.58663391755 
19.0258724653 15.5711744095 3.56837781605 
18.8279435598 15.499744531 3.57056929149 
18.604531523 15.4176360036 3.5556237096 
18.4985015356 15.3796406353 3.53057639468 
18.3616659605 15.333740745 3.25302087749 
18.2492721045 15.3301212157 3.12721813716 
18.0267531836 15.352055874 3.09128986974 
17.8736464941 15.3694506849 3.09079724627 
17.6960071289 15.3897968794 3.09731828212 
17.5200445616 15.4105280901 3.10420519446 
17.3402904236 15.4312493468 3.11307375444 
17.0625696146 15.4647126163 3.09981096821 
16.8213407361 15.4922871555 3.09138604787 
16.6421394908 15.5136263336 3.08930243917 
16.4402028286 15.5391598905 3.09878055642 
16.3019867801 15.5570943023 3.09553306768 
16.0294881576 15.589297619 3.09381549689 
15.8548023069 15.6097651983 3.12131661696 
15.6404805296 15.6346497501 3.33888356338 
15.4698773586 15.6131878758 3.37381824097 
15.304310199 15.5880511964 3.58955429028 
15.2100617849 15.5610730911 3.92743742972 
15.1216469967 15.4864460791 4.1566531108 
15.0507019126 15.3881365771 4.173685105 
15.0507019126 15.3881365771 4.173685105 
14.807531234 15.0379061813 4.20911261211 
14.7038899624 14.8918761278 4.17367399443 
14.6068220102 14.7549133564 4.10929889107 
14.4970554077 14.5979297722 4.18622915276 
14.4036359751 14.4698626364 4.14864886729 
14.3589985335 14.4058960641 4.16153070555 
14.3589985335 14.4058960641 4.16153070555 
14.2188800537 14.2065125669 3.93372549431 
14.0505750143 14.0476269687 3.90325705563 
13.9061818087 13.9305546249 3.76056153579 
13.8461444342 13.8908817733 3.65846720331 
13.7058362925 13.8270324434 3.41703174747 
13.591576811 13.7977038587 3.17740984548 
13.3877210581 13.8050339187 3.21771727195 
13.1652343237 13.8000876869 3.23329291569 
13.1071310007 13.7989062036 3.22717688909 
12.9348871672 13.7978821958 3.01356277157 
12.8367638552 13.8161745037 2.63937974467 
12.8215160334 13.8196579183 2.57092785668 
12.73849177 13.8596941198 1.94454200007 
12.7262656653 13.8553333248 1.76316825066 
12.7262656653 13.8553333248 1.76316825066 
12.7262656653 13.8553333248 1.76316825066 
12.7262656653 13.8553333248 1.76316825066 
12.6661505663 13.8782192434 0.743356308858 
12.6661505663 13.8782192434 0.743356308858 
12.6661505663 13.8782192434 0.743356308858 
12.6661505663 13.8782192434 0.743356308858 
12.6661505663 13.8782192434 0.743356308858 
12.6661505663 13.8782192434 0.743356308858 
12.6661505663 13.8782192434 0.743356308858 
12.6661505663 13.8782192434 0.743356308858 
13.1994192564 13.9193572963 -0.00672631097055 
13.1994192564 13.9193572963 -0.00672631097055 
13.5471734964 13.8775075639 0.309634219049 
13.6694321596 13.9099247421 0.521575106396 
13.8259773218 13.9900739158 0.557531538847 
14.0221337044 14.0953452552 0.53123561855 
14.2086905205 14.1950536931 0.548173408238 
14.356357094 14.2710320915 0.610669009545 
14.4892173969 14.3444551195 0.925625728558 
14.5584136211 14.4171358312 1.15717214605 
14.6245254242 14.5401821698 1.1912365121 
14.711628195 14.7080885137 1.19758435143 
14.7877016031 14.8542219366 1.18000039561 
14.8436411583 14.9635151888 1.17646398895 
14.9083340132 15.0877388383 1.14991082695 
15.0011180007 15.2515305199 0.71930547296 
15.073841747 15.3143734674 0.330661416187 
15.114916619 15.3449998165 -0.100138241633 
15.1260150635 15.3642530853 -0.447768323547 
15.1627438628 15.3475092615 -0.54981184453 
15.2097797358 15.3129483799 -0.549028785112 
15.3168339097 15.2337290107 -0.53504056034 
15.3793251478 15.1772459748 -0.296665468659 
15.4032788241 15.1551878865 -0.0374850394272 
15.4166077339 15.1301626379 0.295290400804 
15.4185046815 15.1288177709 0.323107143078 
15.4169922733 15.1383854637 0.172726991442 
15.4193165564 15.1611085425 -0.162716249276 
15.4225419426 15.1733653287 -0.384219664444 
15.422183212 15.1724501217 -0.342205936615 
15.4223172927 15.1726774538 -0.369250120184 
15.4191471898 15.1651590357 -0.230273613763 
15.4143021369 15.1494460295 0.0237913238866 
15.4214535319 15.1357627402 0.22550699085 
15.4608291351 15.1382632817 0.361194309319 
15.5589947962 15.16591559 0.359860639354 
15.6819905007 15.2014157029 0.349859539662 
15.8262135127 15.2424455753 0.353248155498 
15.9582773485 15.2803699563 0.361116305769 
16.0318223202 15.3001381497 0.355280260583 
16.071615588 15.3110044042 0.355740549914 
16.0728784465 15.3114683742 0.355135703693 
16.0730058664 15.3115643526 0.354689369333 
16.0729102009 15.3114969174 0.355989832155 
16.0731397533 15.3115480358 0.35177341759 
16.0729592853 15.3114756013 0.354749310341 
16.0729710722 15.3114789242 0.354807323869 
16.072977584 15.3114724422 0.354726505363 
16.0729693138 15.311478887 0.354770083534 
16.0729137623 15.311478358 0.355811538833 
16.0729170853 15.3114885355 0.355812695652 
16.0729118549 15.3114858533 0.3557008472 
16.0729500764 15.311474059 0.354619464569 
16.0729560965 15.3114704678 0.354594187585 
16.0729217046 15.3114964778 0.355278373675 
16.0729518944 15.3114916871 0.354783922783 
16.0731784218 15.3115753646 0.350835695488 
16.0731688702 15.3115729804 0.350971637273 
16.0731270873 15.3115699331 0.351800437014 
16.073118549 15.3115523572 0.351735242702 
16.0731647575 15.311578084 0.350953949232 
16.0731589013 15.311574016 0.350967127756 
16.0731576645 15.3115711848 0.351197435959 
16.0729491973 15.311534148 0.354800049197 
16.073152464 15.3115797604 0.351115367459 
16.0728994125 15.3115001212 0.355675564823 
16.0730918461 15.3115452642 0.351976009492 
16.0729761535 15.3115016783 0.353939444641 
16.0730896109 15.3115562762 0.351929523741 
16.0730896109 15.3115562762 0.351929523741 
