15.8801416318 15.2400446464 0.0426965600541 
15.8800468297 15.240015798 0.0430246409516 
15.8800530193 15.240049606 0.0429033759201 
15.8799884749 15.2399842988 0.0431495027719 
15.879993097 15.239995099 0.0431606443995 
15.8800699507 15.2400680177 0.0436085858035 
15.8799855291 15.2399928242 0.0431376659651 
15.8800017658 15.2400247433 0.043060504626 
15.879986886 15.240022641 0.0430243720397 
15.8800131568 15.2400318814 0.0431160018658 
15.880430326 15.2403934011 0.0453354281079 
15.8804219171 15.2403858043 0.0453330975407 
15.8804263576 15.2403955716 0.0450854208976 
15.880422487 15.2403987618 0.0452298003317 
15.8799393271 15.2399960728 0.0430460588088 
15.8804021507 15.2403766385 0.0450313333275 
15.8803888356 15.240374391 0.0450714805167 
15.8803822194 15.2403822967 0.0449951767639 
15.8803828071 15.2403660882 0.0452232507297 
15.8803803205 15.2404007539 0.0450504733078 
15.8803929799 15.2403715672 0.0451144739192 
15.8803691353 15.2403934768 0.0451780491831 
15.8803851298 15.2404009942 0.0452983098405 
15.8803787791 15.2403763468 0.0449188446612 
15.8800076685 15.2400883462 0.0434447768508 
15.8803801016 15.2404044855 0.0451118091574 
15.8803871871 15.2404125538 0.0451355632535 
15.8803739661 15.2404030417 0.0449571624746 
15.8803681537 15.2403840581 0.0450414146845 
15.8803706254 15.240397465 0.0450754306701 
15.8803659977 15.2403939054 0.0450387757375 
15.8800039237 15.24007549 0.0434438610869 
15.8803735889 15.2404126031 0.0451957670097 
15.8799324847 15.240121831 0.0437803872554 
15.8802669711 15.2403083972 0.0447692901661 
15.8799096636 15.2400155447 0.0430815941273 
15.8800842549 15.2400540854 0.0425557197149 
15.8800952817 15.2400717975 0.0426237145181 
15.8800871224 15.240063287 0.0426073571458 
15.8800824239 15.2400704315 0.0424519349528 
15.8799492895 15.2400306391 0.0430813555582 
15.8800943104 15.2400706601 0.0425293658154 
15.8800935616 15.2400750934 0.0424387599448 
15.8800756914 15.240058974 0.0424445985082 
15.8800829678 15.2400680508 0.0425155786505 
15.8801051463 15.2400779439 0.0425438936711 
15.8801013428 15.2400687586 0.0424536449971 
15.8800880165 15.240067038 0.0425316700761 
15.8800916561 15.2400594424 0.0423949919171 
15.8800995677 15.2400491895 0.0425426033605 
15.8800798618 15.2400547661 0.0424636890629 
15.8801577456 15.240127399 0.0429392597739 
15.8800855662 15.2400706464 0.0424304374921 
15.8801020124 15.2400581841 0.0425767197133 
15.8800779908 15.2400560341 0.042369072448 
15.8801013745 15.2400699924 0.0424686134277 
15.8800898363 15.2400538804 0.0425301816674 
15.8801013801 15.2400512396 0.0424424879892 
15.880297524 15.2403070575 0.0443965862188 
15.8801323866 15.2401025016 0.0430735177276 
15.8800895904 15.2400639975 0.04239804814 
15.8803675912 15.2403822446 0.0451879113188 
15.8803573708 15.2403655006 0.0450977515767 
15.8803605448 15.2403750562 0.04464677663 
15.8803858823 15.2403690231 0.0451990263824 
15.8803336081 15.2403035842 0.0444300728561 
15.8801001442 15.240044908 0.0425486277336 
15.8800971155 15.2400475438 0.042534543557 
15.880092308 15.2400466676 0.0427019785597 
15.8801159618 15.2400598663 0.042554410415 
15.8801138123 15.240047127 0.0426625575842 
15.880080375 15.2400393547 0.042235660155 
15.8800593401 15.240042807 0.0422204810831 
15.8800486532 15.2400648055 0.0423398342901 
15.8800556344 15.2400808735 0.0424087356281 
15.8800638394 15.2400524169 0.0423749872137 
15.8800629332 15.240069447 0.04238475287 
15.8800459682 15.2400639057 0.0424802137229 
15.9002241326 15.2392423786 0.0444122289367 
15.9453488031 15.238224821 0.0326095562145 
16.0035438948 15.2362897939 0.0329405530906 
16.059643265 15.233053142 0.0365493656277 
16.1565733516 15.2297874356 0.0192052532573 
16.2839804256 15.226440253 0.0177602479379 
16.3751570248 15.2245071635 0.0341705802425 
16.5198805296 15.2188656817 0.046404339845 
16.6648251974 15.2137294824 0.0418979460326 
16.8229023778 15.208400477 0.0476723483543 
16.9709277117 15.2026442143 0.0366580012582 
17.112588998 15.1947760845 0.0612613530761 
17.1773625576 15.1932958777 0.0521363112995 
17.3032144272 15.1880383196 0.0344220928389 
17.5592880213 15.1764156895 0.0336278899037 
17.6685034001 15.1730186383 0.00371274537814 
17.7857964003 15.1682818274 0.0393432149288 
18.0045459234 15.1595929081 0.0451374963055 
18.1773886644 15.1529914255 0.0548725389674 
18.2970802748 15.1481081138 0.0389270602787 
18.4782016241 15.1409079249 0.0448749508696 
18.6513128245 15.1374285186 -0.0689034553494 
18.7661092245 15.1265903751 -0.401087167229 
18.8296716177 15.1049142892 -0.704632497883 
18.8646163904 15.0877082909 -1.02930624028 
18.889406439 15.0898545201 -1.34989550038 
18.9050171339 15.0830353911 4.69982788657 
18.902574774 15.0363162125 4.62871528557 
18.8904852831 14.9738154376 4.63990518803 
18.8781757319 14.9014243449 4.62492160176 
18.8484570944 14.752452519 4.62119540894 
18.8318483793 14.655648228 4.59285805069 
18.7940101587 14.4535714949 4.61287614336 
18.7737927401 14.3373327816 4.61592345256 
18.7458338701 14.1844574178 -1.44921428513 
18.7457632982 14.0812785591 -1.16901069584 
18.7724933588 13.9952419961 -1.05865158773 
18.7911212408 13.960250255 -1.09409302049 
18.8040506804 13.94249272 -1.19922970783 
18.8371238672 13.9310797418 4.61406803051 
18.8457019293 13.9162712062 4.47167729097 
18.8457019293 13.9162712062 4.47167729097 
18.8457019293 13.9162712062 4.47167729097 
18.8457019293 13.9162712062 4.47167729097 
18.8457019293 13.9162712062 4.47167729097 
18.8457019293 13.9162712062 4.47167729097 
18.8457019293 13.9162712062 4.47167729097 
18.5612695181 13.2653492654 3.94575735543 
18.5612695181 13.2653492654 3.94575735543 
18.5612695181 13.2653492654 3.94575735543 
18.5612695181 13.2653492654 3.94575735543 
18.1889576876 13.1296149457 3.37574326803 
18.0512704813 13.1084245409 3.364521599 
17.8626048529 13.082021829 3.35774287388 
17.7627510988 13.0681992734 3.37747059051 
17.6178090536 13.0465897287 3.35357631442 
17.4673103058 13.0364946092 3.24561594127 
17.3004591429 13.0388132299 3.23602750023 
17.2046781742 13.0412436689 3.23605162855 
17.1689699852 13.0394645895 3.21137898451 
16.8612452113 13.0454851354 3.20179602338 
16.6929348075 13.0493851865 3.20154071982 
16.5434983337 13.0525439943 3.19661929285 
16.3918155992 13.0563796724 3.20148273968 
16.2367623114 13.0571120943 3.20062523388 
16.0788121634 13.057162639 3.20157647094 
15.9398291447 13.0603696073 3.2074191459 
15.7783110106 13.0630921091 3.20762148589 
15.6176800394 13.0660463537 3.20774723648 
15.5239793622 13.0685042108 3.18044267491 
15.4138875866 13.0712603296 3.17671779188 
15.2843716704 13.0743945802 3.19840671391 
15.1856309735 13.0771824087 3.19135217753 
15.0429276192 13.07964265 3.17084486429 
14.942938503 13.080610391 3.18497354739 
14.8793482744 13.0804878438 3.17360402691 
14.8793482744 13.0804878438 3.17360402691 
14.8045828306 13.0614896978 2.6223358246 
14.7927596533 13.045741197 2.30901036621 
14.7683831417 13.0613402093 2.10382088557 
14.7555403673 13.0860546792 2.08609429879 
14.7555403673 13.0860546792 2.08609429879 
14.7555403673 13.0860546792 2.08609429879 
14.6190650427 13.3817336524 2.07013512413 
14.5395022595 13.5545719827 2.06592398801 
14.477111932 13.6897029842 2.09798125469 
14.4259834253 13.7981079782 2.1110529948 
14.3740066254 13.9212628568 2.37307810586 
14.3400635683 13.9752677644 2.68534754432 
14.3228381836 14.0046019519 3.03990096338 
14.3029384577 14.0277703966 3.36710137913 
14.2517839634 14.0256066287 3.41540360376 
14.1680322849 14.0091873373 3.44623575788 
14.035310384 13.9867330755 3.3922335601 
13.928296324 13.9651641811 3.41572966408 
13.7386693918 13.9342352117 3.40746094142 
13.6363375151 13.8782141174 2.38644873292 
13.4730503523 13.9104440177 -0.641157717003 
13.4730503523 13.9104440177 -0.641157717003 
13.2603535616 13.8429673875 3.74031599081 
13.1691467726 13.8418576683 3.80671702315 
13.1298875773 13.8371872867 4.13738645157 
13.1180396044 13.8412778343 4.32926990543 
13.1142759287 13.8440014089 4.38409411478 
13.1142759287 13.8440014089 4.38409411478 
13.0940258467 13.7990791763 4.50960310756 
13.0743031466 13.734963652 4.50652900079 
13.0698442423 13.7238818372 4.51294550232 
13.0232851469 13.5693772996 4.52489298676 
12.9985024893 13.5018045867 4.69807475345 
12.9731409514 13.4507367576 -1.48345108705 
12.9660279715 13.4206734861 -0.961178172898 
12.951541897 13.4109712804 -0.652860583659 
12.9398272001 13.3932234014 -0.331091695801 
12.9369552099 13.3784176076 -0.0926593621187 
12.9416449034 13.3582663501 0.226329229876 
12.9652874434 13.3575916255 0.31304113726 
12.9652874434 13.3575916255 0.31304113726 
13.1036093199 13.3879860605 0.380680501861 
13.1036093199 13.3879860605 0.380680501861 
13.1036093199 13.3879860605 0.380680501861 
13.1760466063 13.3919261659 0.853794991924 
13.1760466063 13.3919261659 0.853794991924 
13.1760466063 13.3919261659 0.853794991924 
13.3773577177 13.6421622003 0.868923983154 
13.3773577177 13.6421622003 0.868923983154 
13.5423426592 13.7916426624 0.749659952081 
13.6303324663 13.8608946765 0.738903550881 
13.7581820452 13.9597847427 0.736475278634 
13.9364395105 14.0981641973 0.738316594743 
14.0878912174 14.2149604524 0.738247425267 
14.2470434868 14.3348092998 0.661441258491 
14.4087721073 14.4565821255 0.730748823174 
14.5717387163 14.5826693738 0.706942958966 
14.7017615997 14.6836810673 0.738011597242 
14.8094786369 14.765530702 0.707281614585 
14.9584891164 14.8809381093 0.699844958752 
15.0877478087 14.9807489778 0.728604078849 
15.178129729 15.0500907118 0.729301136877 
15.2479702198 15.1027344877 0.740468046245 
15.292891916 15.1238378103 0.951019177877 
15.300647434 15.1247101391 1.0365034274 
15.3370060885 15.1192266981 1.63016252923 
15.3396785819 15.1744023899 1.72569293347 
15.3343320453 15.2634672357 1.72347530332 
15.3279443347 15.3444129566 1.72197626985 
15.3172844612 15.4869835342 1.73779728893 
15.3116453254 15.555745926 1.73293416802 
15.3085507714 15.6163729692 1.72671794663 
15.3165303433 15.6207933093 1.87869466306 
15.3355562055 15.6247878636 2.17226733113 
15.34481835 15.6301758255 2.30565225895 
15.3436761462 15.6308860446 2.33781554791 
15.3293976748 15.6212102736 2.05138648868 
15.3058446014 15.6177553202 1.71920173759 
15.2990744674 15.6174797083 1.61755100061 
15.2996935808 15.6182923282 1.63441862523 
15.3035182917 15.619285878 1.69565605194 
15.3026010358 15.6497857536 1.70121173098 
15.2983144486 15.7175980772 1.70517089353 
15.3076290452 15.7632586325 1.93478641482 
15.3213013374 15.773674723 2.18703589364 
15.3280085289 15.7772335375 2.30440714495 
15.3289790117 15.7766274179 2.29990458097 
15.3343592846 15.7831822003 2.43307621999 
15.3456180656 15.7970203722 2.71105443356 
15.3507189118 15.8102647627 2.92898571825 
15.3332788908 15.827825364 3.17899560116 
15.2707670295 15.8309222425 3.20468275115 
15.2197637522 15.839077052 3.33010748472 
15.1998581254 15.8597618307 3.71074626213 
15.1913130247 15.862656113 3.79371298456 
15.1425912344 15.8300222124 3.80476285611 
15.0827828014 15.7894082035 3.81391368454 
14.9442260825 15.6956256593 3.79776323299 
14.8406361305 15.6266399289 3.81729523668 
14.6002281868 15.4695049191 3.79017444595 
14.4728835785 15.3824191357 3.82897394977 
14.4131146633 15.3401904593 3.79731295953 
14.2121925318 15.2093553937 3.7984939719 
14.1253313982 15.1484578366 3.71974609547 
14.0421954357 15.0986454452 3.51696961887 
13.9657362663 15.0706878717 3.29154080607 
13.8915238344 15.0641605968 3.19334015221 
13.8680057489 15.0646492655 3.19629787847 
13.8652310335 15.0652635063 3.20704561835 
13.8652310335 15.0652635063 3.20704561835 
13.8652310335 15.0652635063 3.20704561835 
13.8033714258 15.0662530179 3.21135512574 
13.8033714258 15.0662530179 3.21135512574 
13.7487843001 15.0696565027 3.20825565175 
13.7487843001 15.0696565027 3.20825565175 
13.7487843001 15.0696565027 3.20825565175 
13.7185776198 15.0986351038 3.6703728424 
13.7183814013 15.0991936589 3.67965530441 
13.7183814013 15.0991936589 3.67965530441 
13.7183814013 15.0991936589 3.67965530441 
13.6572685206 15.1352769921 -1.46697541448 
13.6296074354 15.1296179036 -1.30230253239 
13.6386563742 15.1222905705 -1.1576714424 
13.6386563742 15.1222905705 -1.1576714424 
13.6455821955 15.0407196696 -0.642642134315 
13.6635861361 14.998623621 -0.613935263761 
13.6736733877 14.9741136695 -0.280871523086 
13.708216902 14.9582272733 -0.458539462454 
13.708216902 14.9582272733 -0.458539462454 
13.9805893862 14.8045107687 -0.342707910193 
14.1436880791 14.7106392945 -0.44681177581 
14.2871864998 14.6295086111 -0.684145153553 
14.37487733 14.5432749356 -0.906225895228 
14.460991975 14.419301566 -0.910355125184 
14.5670305454 14.2655869688 -0.955088071164 
14.6502591335 14.1183487142 -1.16381605752 
14.7160468065 13.9197480644 -1.18180788606 
14.7390332186 13.8476587499 -1.18940655297 
14.8081142866 13.6320503915 -1.19228062789 
14.8547853195 13.4853155578 -0.988709453392 
14.9331210816 13.3639787401 -0.615794042608 
15.0190872514 13.2883343662 -0.527802635075 
15.0965664947 13.2274178232 -0.257453930111 
15.1806814634 13.188515302 0.114755063988 
15.2488701307 13.1877018178 0.244373176531 
15.3170982563 13.2002342905 0.233108911825 
15.3972776794 13.2226344312 -0.0208862477956 
15.4560275042 13.2250620092 -0.320789098159 
15.5440700018 13.1853743757 -0.351259938246 
15.5848723316 13.1561793054 -0.140636087678 
15.6050113105 13.1405252183 0.0759506244241 
15.7005523854 13.1408632959 0.120161836677 
15.7866809108 13.1447652544 0.106017763864 
15.9115614408 13.149578687 0.121214377821 
16.1169473195 13.1574147905 0.114292306891 
16.2488988304 13.1633228029 0.114917038267 
16.4175165856 13.1699291433 0.133319753992 
16.548279401 13.1750525201 0.124595814126 
16.7111140453 13.179095384 0.130763615405 
16.8648103439 13.1831465925 0.109840715296 
17.0122595989 13.1876524652 0.113930163174 
17.2781467402 13.1975303853 0.110984299195 
17.494636532 13.2062343324 0.108207288909 
17.6629292929 13.2109557355 0.109896360299 
17.792963382 13.214493152 0.111090931724 
17.9117696249 13.2198160852 0.0982112181706 
18.034432646 13.2250360216 0.0956812093403 
18.2582371199 13.2302375997 0.118480264851 
18.4335725271 13.2354282106 0.218507319533 
18.5306184256 13.2399533952 0.37159217862 
18.5991160833 13.2482911314 0.651525440334 
18.6515338385 13.2699081863 0.880097958154 
18.712688204 13.3295901979 1.26480684572 
18.7588305437 13.435442921 1.40303367396 
18.788230654 13.4964487518 1.77448838727 
18.7880506479 13.5502759183 2.00269158019 
18.7679958307 13.5989446605 2.05865889935 
18.7476611101 13.6143459047 1.85364912047 
18.7367281878 13.6463495458 1.75575053189 
18.7270772421 13.7265294755 1.75455959448 
18.718105551 13.8051593269 1.75325978244 
18.7059154474 13.9246492351 1.75983891273 
18.6868307554 14.0967557395 1.7551009542 
18.6711595022 14.2274905408 1.75511646603 
18.6429631674 14.4794689978 1.75560723641 
18.6266903841 14.6404076184 1.75648043501 
18.6045739615 14.8483744527 1.75622261299 
18.5840654337 15.0459301586 1.7507302878 
18.5668048823 15.2131581048 1.72743916854 
18.5477511847 15.373782363 1.7561290815 
18.531406399 15.4969372118 1.65684395586 
18.5279631579 15.6276091898 1.35039179275 
18.557628628 15.7291349436 0.967440859071 
18.6579544508 15.8438697422 0.845690629283 
18.7875733339 15.9706972803 0.857594082181 
18.899005171 16.0791643227 0.847520305399 
19.0276548826 16.2006890739 0.861336130426 
19.1495730841 16.3178175653 0.847322826958 
19.1495730841 16.3178175653 0.847322826958 
19.1495730841 16.3178175653 0.847322826958 
19.1495730841 16.3178175653 0.847322826958 
19.1495730841 16.3178175653 0.847322826958 
19.1495730841 16.3178175653 0.847322826958 
19.1495730841 16.3178175653 0.847322826958 
19.1495730841 16.3178175653 0.847322826958 
19.1495730841 16.3178175653 0.847322826958 
19.1495730841 16.3178175653 0.847322826958 
19.1495730841 16.3178175653 0.847322826958 
19.1495730841 16.3178175653 0.847322826958 
19.1495730841 16.3178175653 0.847322826958 
19.1495730841 16.3178175653 0.847322826958 
19.1495730841 16.3178175653 0.847322826958 
19.1495730841 16.3178175653 0.847322826958 
19.1495730841 16.3178175653 0.847322826958 
19.1495730841 16.3178175653 0.847322826958 
19.1495730841 16.3178175653 0.847322826958 
19.1495730841 16.3178175653 0.847322826958 
19.1495730841 16.3178175653 0.847322826958 
19.1495730841 16.3178175653 0.847322826958 
19.1495730841 16.3178175653 0.847322826958 
19.1495730841 16.3178175653 0.847322826958 
19.1495730841 16.3178175653 0.847322826958 
19.1495730841 16.3178175653 0.847322826958 
19.1846737825 15.6957205797 4.00850453755 
19.1758177244 15.6871722008 4.01198290309 
19.1008846724 15.6008254553 3.5963775945 
19.0021343195 15.562516805 3.56804119471 
18.8279435598 15.499744531 3.57056929149 
18.6804623568 15.4448158557 3.56073936112 
18.4750742876 15.3692994232 3.48670498478 
18.3335277998 15.3275738026 3.18235808801 
18.1668593847 15.3372192348 3.09502758507 
17.9542829954 15.3615985776 3.10713080831 
17.8375232184 15.3747290785 3.10816826901 
17.5525459015 15.4062563146 3.09423083273 
17.391303178 15.4253122176 3.11297623763 
17.1900716984 15.4493214155 3.10488509844 
16.9900180065 15.4724850918 3.1211971524 
16.8858565056 15.4840542341 3.08376638173 
16.6503975951 15.5124977494 3.08421408045 
16.540720638 15.5255290831 3.10964458462 
16.289178785 15.558255669 3.0940936084 
16.148050394 15.5745823348 3.09154768144 
15.9654692897 15.5967684055 3.09156076953 
15.7369586342 15.6265744234 3.16452960587 
15.6137067341 15.6343503858 3.34596765318 
15.4364049697 15.6080518032 3.38732035034 
15.2828640902 15.583479401 3.63967552866 
15.1824017131 15.5429036582 4.01244257965 
15.0650492274 15.407734331 4.18373818876 
15.0507019126 15.3881365771 4.173685105 
15.0507019126 15.3881365771 4.173685105 
14.7799708807 14.9987831677 4.20252250229 
14.7083145344 14.8991985286 4.17987303011 
14.5814136231 14.7165244783 4.17897554536 
14.4830124342 14.5833490456 4.13955079046 
14.4210559094 14.4886293376 4.16844849755 
14.3589985335 14.4058960641 4.16153070555 
14.3589985335 14.4058960641 4.16153070555 
14.2188800537 14.2065125669 3.93372549431 
14.0505750143 14.0476269687 3.90325705563 
13.8642942869 13.900918361 3.6904878689 
13.7540256941 13.8476604188 3.5189098924 
13.6248648131 13.8094819749 3.26731728375 
13.4646306002 13.8047318424 3.2536359572 
13.3117744887 13.8023340667 3.22908550254 
13.1478812658 13.7999434436 3.22776401527 
13.0095057451 13.7961301769 3.13496721825 
12.9348871672 13.7978821958 3.01356277157 
12.848269459 13.8089566196 2.65808049757 
12.8215160334 13.8196579183 2.57092785668 
12.7442922556 13.8583075965 2.02552561354 
12.7262656653 13.8553333248 1.76316825066 
12.7262656653 13.8553333248 1.76316825066 
12.7262656653 13.8553333248 1.76316825066 
12.7262656653 13.8553333248 1.76316825066 
12.6661505663 13.8782192434 0.743356308858 
12.6661505663 13.8782192434 0.743356308858 
12.6661505663 13.8782192434 0.743356308858 
12.6661505663 13.8782192434 0.743356308858 
12.6661505663 13.8782192434 0.743356308858 
12.6661505663 13.8782192434 0.743356308858 
12.6661505663 13.8782192434 0.743356308858 
12.6661505663 13.8782192434 0.743356308858 
13.1994192564 13.9193572963 -0.00672631097055 
13.1994192564 13.9193572963 -0.00672631097055 
13.5849046671 13.8806008066 0.401729247226 
13.6607761347 13.9068493808 0.539163545455 
13.8356933558 13.9970632757 0.534766195576 
13.9853358233 14.0766861404 0.538268325552 
14.1284948551 14.1517299379 0.550445379021 
14.2630608046 14.2219192947 0.543501146376 
14.4276320898 14.3068857158 0.705439827645 
14.5304379427 14.3824443782 1.07431464738 
14.5792026484 14.4546649421 1.16908609696 
14.6257426703 14.54373711 1.18890824183 
14.7356325352 14.7540149356 1.18395729317 
14.7877016031 14.8542219366 1.18000039561 
14.86179268 14.9977132345 1.18644749588 
14.9197792375 15.1112509633 1.1334002807 
14.9954030478 15.2445680762 0.75280055576 
15.0551486575 15.3018136064 0.40219472859 
15.1095923149 15.3392178158 0.0101765811375 
15.1204799378 15.3636208589 -0.407955200581 
15.1627438628 15.3475092615 -0.54981184453 
15.2366045081 15.2930458153 -0.545593925054 
15.3001925313 15.2461094328 -0.5560962437 
15.3861649 15.1718619506 -0.235100352716 
15.4092706704 15.1486627425 0.0402934159465 
15.4173389041 15.1322321559 0.274667707575 
15.4185046815 15.1288177709 0.323107143078 
15.4177662694 15.1342220346 0.24052175886 
15.4178672695 15.1562564338 -0.0836584305598 
15.4209516906 15.1711838062 -0.342200284693 
15.4240941965 15.1737283433 -0.396194985152 
15.4208931291 15.1715588386 -0.339756642736 
15.4218884968 15.171971936 -0.358021216275 
15.4193423056 15.160388794 -0.157884045265 
15.4145648443 15.1427548865 0.104017604283 
15.4409286344 15.1344325657 0.341003864194 
15.4940620029 15.1475535 0.362432211924 
15.5950411522 15.1759430731 0.356298157915 
15.6749568694 15.1991850699 0.355294048282 
15.8359134943 15.2450730873 0.352750146533 
15.9698469454 15.2834464053 0.351086738546 
16.0318223202 15.3001381497 0.355280260583 
16.0656368845 15.3090624104 0.354513722228 
16.0729793274 15.3115548084 0.354228912429 
16.0730058664 15.3115643526 0.354689369333 
16.0729713255 15.3114763836 0.354741388052 
16.0729232394 15.3114844377 0.355629847521 
16.0729495549 15.311464716 0.354977049907 
16.0729564541 15.3114604692 0.355115980669 
16.0729655587 15.3114907781 0.354867261569 
16.0729271882 15.3114991451 0.355768298637 
16.0729585105 15.3114764209 0.354704562915 
16.0729699844 15.3114909122 0.354515645249 
16.072912451 15.3114865685 0.355787331819 
16.0729241782 15.3114963586 0.355416812546 
16.0729548746 15.311483931 0.354692109941 
16.0729496145 15.311481748 0.354884607594 
16.0731336438 15.3115561495 0.351822792422 
16.0729539805 15.3115071172 0.3547827186 
16.0729805046 15.3115115354 0.354001219652 
16.0731676483 15.3115741427 0.350974933296 
16.073118549 15.3115523572 0.351735242702 
16.0731590652 15.3115704546 0.35105129661 
16.0729300344 15.3114824335 0.354747870052 
16.0731721633 15.311581407 0.350869665726 
16.0731109792 15.3115705589 0.35186248055 
16.0729461574 15.3115123923 0.354782348023 
16.0729399138 15.3114815618 0.354531724315 
16.0731573665 15.3115715499 0.350937126961 
16.0731592589 15.311573636 0.350960759005 
16.0730896109 15.3115562762 0.351929523741 
