15.8800144346 15.2400045854 0.0431103284644 
15.8799962086 15.2399955698 0.0431540437794 
15.8800115829 15.2400141624 0.0432852402062 
15.880364501 15.2402876073 0.0448693240053 
15.8799884749 15.2399842988 0.0431495027719 
15.8799872372 15.2400078528 0.0431970809495 
15.8799920027 15.2400186661 0.0430754027709 
15.8799850234 15.2400151714 0.0431274282068 
15.8800017658 15.2400247433 0.043060504626 
15.8799895236 15.2400163253 0.0430931873763 
15.8799817414 15.2400092536 0.0432597822773 
15.879987131 15.2400293223 0.0429414278366 
15.8804197164 15.2403828018 0.0451712409073 
15.8804219562 15.2404032971 0.0450073261176 
15.8804081503 15.2403968552 0.0451744351777 
15.8804262356 15.2404067589 0.0453134807511 
15.880389412 15.2403714487 0.0450150447457 
15.8803897697 15.240384121 0.0449282687547 
15.8803108773 15.240322236 0.0445825451601 
15.8803279401 15.2403201184 0.0445537764738 
15.8803882935 15.2403840723 0.0451305237865 
15.8803841706 15.2403661958 0.0451874102407 
15.8803726985 15.2403812837 0.0449054947115 
15.8803851298 15.2404009942 0.0452983098405 
15.8803878092 15.2403959523 0.0450515523016 
15.8799019075 15.2399934799 0.0430315202745 
15.8803727404 15.2404000962 0.0450579173807 
15.8799255743 15.2400194508 0.0429699361178 
15.8803884034 15.240399065 0.0451684984771 
15.8803681537 15.2403840581 0.0450414146845 
15.8803787614 15.2403899215 0.0452238027859 
15.8803653299 15.2403938377 0.0451374554972 
15.8802813144 15.2403171724 0.0446597460376 
15.8799873694 15.24007728 0.0433797395281 
15.8799195514 15.2400128443 0.0432009949003 
15.879909129 15.2400042237 0.0431783620027 
15.8800072019 15.2400927995 0.043512395778 
15.8800520898 15.2400359847 0.042666157037 
15.8800952817 15.2400717975 0.0426237145181 
15.8800814889 15.2400615938 0.0425200298975 
15.8800971584 15.24007498 0.042562738002 
15.8800964263 15.2400782356 0.042469204819 
15.8800943104 15.2400706601 0.0425293658154 
15.8800948114 15.2400620066 0.0425915793757 
15.8800841329 15.2400608335 0.042483374226 
15.8800926638 15.2400594726 0.0424676700619 
15.8801051463 15.2400779439 0.0425438936711 
15.880353043 15.2403815263 0.04516009635 
15.880165225 15.2401529926 0.0431664782475 
15.8800890531 15.2400787509 0.0425924677303 
15.8800910163 15.240053553 0.0423545449899 
15.8800934144 15.2400567279 0.0425170135622 
15.8800807643 15.2400506471 0.0424469631934 
15.8802999511 15.2403054766 0.0443805516215 
15.8800847839 15.2400796536 0.0425058121853 
15.8803720578 15.2403920463 0.0450306431052 
15.8801013745 15.2400699924 0.0424686134277 
15.8803748899 15.2403778923 0.0450357354174 
15.8800846433 15.2400364051 0.0423949150736 
15.8803743423 15.240365132 0.0449279555375 
15.8800845632 15.2400346643 0.0424645773267 
15.8800876645 15.2400612758 0.0425747754117 
15.88036221 15.2403736692 0.0450154825124 
15.8803573708 15.2403655006 0.0450977515767 
15.8803902577 15.2404005474 0.0448006838235 
15.880358738 15.2403725388 0.0451695878591 
15.8803913268 15.2403951821 0.0451176893246 
15.8801001442 15.240044908 0.0425486277336 
15.8801032762 15.2400433533 0.0425676476675 
15.880092308 15.2400466676 0.0427019785597 
15.8801132432 15.240051012 0.0425000170867 
15.8801033396 15.2400577407 0.0424605085895 
15.8800732504 15.2400455099 0.0424831690128 
15.880046825 15.2400742258 0.0423847137397 
15.8800510421 15.2400829139 0.042321049315 
15.8800482379 15.2400651715 0.0423974281614 
15.8800579283 15.2400670478 0.0423992024969 
15.8800497056 15.2400483349 0.0423482707532 
15.8800721412 15.2400520495 0.0426938972444 
15.9137446788 15.2386930482 0.0449164965156 
15.9453488031 15.238224821 0.0326095562145 
16.0035438948 15.2362897939 0.0329405530906 
16.0652420038 15.2328974686 0.0368467030205 
16.1614388489 15.2289088771 0.0298803797794 
16.2914451027 15.2270663392 0.011869451063 
16.3946584427 15.2238721859 0.0334145339164 
16.5343962872 15.2185472681 0.047741598604 
16.67070001 15.2131772454 0.0505350013664 
16.8306832873 15.2080444547 0.0470951319328 
16.9788569176 15.202363793 0.0418719665604 
17.112588998 15.1947760845 0.0612613530761 
17.1994894707 15.1920858997 0.0451535271305 
17.3346645796 15.1868951249 0.0433390648551 
17.5653305018 15.176039994 0.035066089839 
17.6781684124 15.1733781586 -0.00986100164372 
17.8156901562 15.1670424009 0.0388630046666 
18.0144791567 15.1596455614 0.0405343210292 
18.1821813547 15.1526534895 0.0549182993463 
18.3245437109 15.1472209359 0.0382777074529 
18.4872338736 15.1408380906 0.0380853142674 
18.6608576738 15.1371244828 -0.086660726053 
18.7661092245 15.1265903751 -0.401087167229 
18.8363099062 15.1018999333 -0.74487617999 
18.8723447287 15.0901353771 -1.02928093933 
18.8922479117 15.0904130901 -1.39939343796 
18.9072387182 15.0776841159 4.67330331176 
18.9013123476 15.0300992096 4.63057462918 
18.8876595461 14.9581387902 4.64000842455 
18.8695061171 14.8526831532 4.62315599454 
18.8408441507 14.7131256426 4.61283726671 
18.8151457274 14.5679779018 4.61565479015 
18.7891600096 14.4249184693 4.61736395099 
18.7611293757 14.2744818295 4.67268687289 
18.7417561972 14.1567889417 -1.35745850688 
18.7497148478 14.0614742006 -1.12959439289 
18.7761921846 13.9872746433 -1.05537452175 
18.8007590735 13.9461396898 -1.16788464386 
18.8183178866 13.9326579536 -1.35742406377 
18.8408358061 13.9296150173 4.55668092268 
18.8457019293 13.9162712062 4.47167729097 
18.8457019293 13.9162712062 4.47167729097 
18.8457019293 13.9162712062 4.47167729097 
18.8457019293 13.9162712062 4.47167729097 
18.8457019293 13.9162712062 4.47167729097 
18.8457019293 13.9162712062 4.47167729097 
18.8457019293 13.9162712062 4.47167729097 
18.5612695181 13.2653492654 3.94575735543 
18.5612695181 13.2653492654 3.94575735543 
18.5612695181 13.2653492654 3.94575735543 
18.2709331476 13.1422475542 3.34771973847 
18.130535599 13.1204749311 3.36800606691 
17.9931895697 13.1010853017 3.37458103646 
17.8313915693 13.0781706537 3.37533022967 
17.6907397472 13.0587676729 3.37281348034 
17.55773687 13.0382794107 3.2867072525 
17.4427156412 13.0371690954 3.25436002819 
17.2612945997 13.0409194196 3.24753737348 
17.1689699852 13.0394645895 3.21137898451 
17.1689699852 13.0394645895 3.21137898451 
16.7970657312 13.0465370382 3.22454680477 
16.646094259 13.0510376657 3.20560756597 
16.4805886709 13.0543564523 3.20346504723 
16.3321165108 13.0576683248 3.20465378675 
16.1700243616 13.0587669576 3.2188289147 
16.0183411651 13.0592530931 3.1996560901 
15.8882995489 13.0609244073 3.20606379659 
15.7183330619 13.0644592012 3.20750987893 
15.563552972 13.0677350725 3.19570276027 
15.4563158118 13.0704745019 3.19686035268 
15.3613365852 13.0716601575 3.19218552065 
15.2432325446 13.0754824842 3.18565415094 
15.1116033756 13.078185674 3.19281582963 
15.0022993052 13.0804990495 3.18833159845 
14.9068340623 13.0816255773 3.1947860738 
14.8793482744 13.0804878438 3.17360402691 
14.8063647711 13.0278369153 1.82586344214 
14.7990354263 13.0498651231 2.4269611343 
14.7806342804 13.0479053224 2.17630503742 
14.7651425564 13.0664905275 2.09594101881 
14.7555403673 13.0860546792 2.08609429879 
14.7555403673 13.0860546792 2.08609429879 
14.7555403673 13.0860546792 2.08609429879 
14.5838930571 13.4586234058 2.07387705844 
14.5198453629 13.5949417318 2.08015205905 
14.477111932 13.6897029842 2.09798125469 
14.4156107866 13.8297139371 2.14042451347 
14.3680517637 13.9288176263 2.42818390232 
14.3400635683 13.9752677644 2.68534754432 
14.3206708395 14.009600159 3.03509846543 
14.2918815577 14.0302399362 3.30408175415 
14.236107465 14.0229599441 3.40087927426 
14.1581474506 14.0073621238 3.44055385792 
14.0075445139 13.9815326894 3.43867003044 
13.8599772417 13.9558694328 3.38271667818 
13.7054963076 13.9287271465 3.38535295308 
13.5851912462 13.8984256948 3.33208943561 
13.4730503523 13.9104440177 -0.641157717003 
13.4730503523 13.9104440177 -0.641157717003 
13.2603535616 13.8429673875 3.74031599081 
13.1691467726 13.8418576683 3.80671702315 
13.1250636541 13.8378844226 4.23906113226 
13.1142759287 13.8440014089 4.38409411478 
13.1142759287 13.8440014089 4.38409411478 
13.1142759287 13.8440014089 4.38409411478 
13.0934398138 13.7958891357 4.49794293425 
13.0698442423 13.7238818372 4.51294550232 
13.0403544867 13.6232433284 4.50056657754 
13.0137324297 13.5438029731 4.57634528651 
12.9867262804 13.4728618825 -1.40565124999 
12.9741671049 13.4315835203 -1.11464152191 
12.9621031248 13.418842193 -0.8524135759 
12.9474062883 13.4058070148 -0.553177778467 
12.9363808596 13.3853039707 -0.188734650479 
12.9354381525 13.3684036697 0.0626569397998 
12.9450621569 13.3576711381 0.24258654738 
12.9652874434 13.3575916255 0.31304113726 
12.9652874434 13.3575916255 0.31304113726 
13.1036093199 13.3879860605 0.380680501861 
13.1036093199 13.3879860605 0.380680501861 
13.1036093199 13.3879860605 0.380680501861 
13.1760466063 13.3919261659 0.853794991924 
13.1760466063 13.3919261659 0.853794991924 
13.3536756003 13.6033221448 0.978392698159 
13.3773577177 13.6421622003 0.868923983154 
13.467962023 13.7354135478 0.748695887962 
13.5673494303 13.8104484046 0.747180197359 
13.6943068468 13.9093637432 0.742388809363 
13.8126997912 14.001844045 0.74127564242 
13.9364395105 14.0981641973 0.738316594743 
14.0948958361 14.2200707162 0.730401348518 
14.265450474 14.3487579788 0.70404639402 
14.4166879618 14.4616975153 0.730166730678 
14.5853158199 14.5923739637 0.712075146081 
14.7286993229 14.7042096222 0.731120084164 
14.8252071106 14.7774346138 0.732359497245 
14.9584891164 14.8809381093 0.699844958752 
15.0877478087 14.9807489778 0.728604078849 
15.1844344699 15.0549039508 0.728966813003 
15.2508196199 15.1042048449 0.74510183399 
15.292891916 15.1238378103 0.951019177877 
15.300647434 15.1247101391 1.0365034274 
15.3387908899 15.1239565353 1.66016444974 
15.3394508922 15.1781221593 1.72352857589 
15.3343320453 15.2634672357 1.72347530332 
15.3279443347 15.3444129566 1.72197626985 
15.3175530398 15.4948743249 1.72171733444 
15.3110258543 15.5612301792 1.73724436128 
15.3085849249 15.6174562837 1.7308518036 
15.3165303433 15.6207933093 1.87869466306 
15.3355562055 15.6247878636 2.17226733113 
15.34481835 15.6301758255 2.30565225895 
15.3402471506 15.6312387551 2.32995680771 
15.3244089448 15.6206274296 1.97613662893 
15.3058446014 15.6177553202 1.71920173759 
15.299082514 15.6174843873 1.62083382277 
15.2996793949 15.6182880069 1.63412658672 
15.3038525545 15.6192242766 1.70008494423 
15.3026010358 15.6497857536 1.70121173098 
15.2983144486 15.7175980772 1.70517089353 
15.3086308801 15.7640632952 1.95339768158 
15.3213013374 15.773674723 2.18703589364 
15.3278306687 15.7779906953 2.30435273956 
15.3288818562 15.7767215336 2.30262979536 
15.3343592846 15.7831822003 2.43307621999 
15.3470876777 15.8000902499 2.77009790871 
15.3513730728 15.8118182982 2.95480305522 
15.3311844432 15.8283058966 3.17989715175 
15.2616317832 15.8317618335 3.21222057102 
15.2134981119 15.8417736853 3.39386459803 
15.2003316843 15.862512585 3.73936846371 
15.1869518125 15.857843932 3.79761606779 
15.1425912344 15.8300222124 3.80476285611 
15.0767561757 15.7842193211 3.80670113542 
14.9283949101 15.686078694 3.80602803094 
14.8406361305 15.6266399289 3.81729523668 
14.5945738518 15.4642732854 3.80359827487 
14.4728835785 15.3824191357 3.82897394977 
14.3668701613 15.3095811571 3.79236373919 
14.2051110232 15.2046673785 3.79875844807 
14.0912722313 15.1266568492 3.64777722036 
14.0010790789 15.0789021368 3.36281501108 
13.9246451819 15.0638655389 3.20447506855 
13.882209059 15.064926293 3.20212824549 
13.8649120295 15.0653139318 3.21014077841 
13.8652310335 15.0652635063 3.20704561835 
13.8652310335 15.0652635063 3.20704561835 
13.8340909445 15.0650289024 3.25726653477 
13.8033714258 15.0662530179 3.21135512574 
13.8033714258 15.0662530179 3.21135512574 
13.7487843001 15.0696565027 3.20825565175 
13.7487843001 15.0696565027 3.20825565175 
13.7487843001 15.0696565027 3.20825565175 
13.7183814013 15.0991936589 3.67965530441 
13.7183814013 15.0991936589 3.67965530441 
13.7183814013 15.0991936589 3.67965530441 
13.6701719725 15.134327818 4.6120511183 
13.6498973333 15.1338572318 -1.34956075576 
13.6386563742 15.1222905705 -1.1576714424 
13.6386563742 15.1222905705 -1.1576714424 
13.6386563742 15.1222905705 -1.1576714424 
13.6455821955 15.0407196696 -0.642642134315 
13.6635861361 14.998623621 -0.613935263761 
13.6889040434 14.969456997 -0.449664411493 
13.708216902 14.9582272733 -0.458539462454 
13.8552651369 14.8786938454 -0.341211160174 
13.9949086868 14.7964191402 -0.348663389681 
14.1606366598 14.6987479294 -0.449670538296 
14.2945129835 14.6245121325 -0.711379284423 
14.3878082001 14.5263534749 -0.898072819487 
14.460991975 14.419301566 -0.910355125184 
14.5786195957 14.2486118043 -0.997496491082 
14.6533771717 14.1107786859 -1.17469391684 
14.7160468065 13.9197480644 -1.18180788606 
14.7598437035 13.7786631549 -1.17376861697 
14.8117155993 13.6207653249 -1.18302434686 
14.8561197483 13.4783785308 -0.946726610627 
14.9331210816 13.3639787401 -0.615794042608 
15.0190872514 13.2883343662 -0.527802635075 
15.1160057747 13.2159503664 -0.178825362103 
15.1861537063 13.1873122419 0.135410227476 
15.2599340045 13.1893476213 0.248007415197 
15.3261519038 13.2019578184 0.229765973486 
15.3972776794 13.2226344312 -0.0208862477956 
15.4648507201 13.2224100793 -0.33770906525 
15.5440700018 13.1853743757 -0.351259938246 
15.5861982965 13.1544526781 -0.117541974096 
15.6109399461 13.1394919122 0.0916436933768 
15.7095931732 13.1413246358 0.11852861858 
15.807747569 13.1456268991 0.110132684029 
15.9306981527 13.1501632894 0.116716339327 
16.1251456254 13.1577616895 0.112567393611 
16.2488988304 13.1633228029 0.114917038267 
16.4390941226 13.1707464422 0.131097716814 
16.56108379 13.1762562955 0.109252829947 
16.732111212 13.179976579 0.130186433854 
16.908080455 13.1848047937 0.113815216577 
17.0122595989 13.1876524652 0.113930163174 
17.2865871155 13.1977921689 0.111865865983 
17.494636532 13.2062343324 0.108207288909 
17.6714451277 13.2112523283 0.109998197999 
17.792963382 13.214493152 0.111090931724 
17.9117696249 13.2198160852 0.0982112181706 
18.1545731985 13.2272509302 0.102419835353 
18.2718594038 13.2306016649 0.115662844414 
18.4454362356 13.2340165342 0.213913566292 
18.5306184256 13.2399533952 0.37159217862 
18.5991160833 13.2482911314 0.651525440334 
18.6837420427 13.2876864637 1.13304040174 
18.712688204 13.3295901979 1.26480684572 
18.7627167666 13.4423729146 1.43143699915 
18.7911696398 13.4986772502 1.81191827807 
18.7903280222 13.5495498146 2.04874252194 
18.7668108904 13.5995911325 2.05106790292 
18.7459745371 13.6146087612 1.82918341585 
18.7367281878 13.6463495458 1.75575053189 
18.7270772421 13.7265294755 1.75455959448 
18.7166497671 13.8197346891 1.75416403373 
18.7018001043 13.9620410169 1.7593254415 
18.684520241 14.11756086 1.75607088733 
18.6655080282 14.2786335314 1.75531179657 
18.6429631674 14.4794689978 1.75560723641 
18.6266903841 14.6404076184 1.75648043501 
18.6028673613 14.8613608445 1.76108694662 
18.5840654337 15.0459301586 1.7507302878 
18.5682280027 15.2202614567 1.81186312409 
18.5477511847 15.373782363 1.7561290815 
18.5296254122 15.5134968425 1.63092248809 
18.5288569891 15.6353740359 1.32173247468 
18.5648241007 15.7410444582 0.939232811542 
18.6634895765 15.8489404286 0.851895934184 
18.7875733339 15.9706972803 0.857594082181 
18.9105253183 16.0892611707 0.837269144386 
19.0332488978 16.2067075933 0.867313506827 
19.1495730841 16.3178175653 0.847322826958 
19.1495730841 16.3178175653 0.847322826958 
19.1495730841 16.3178175653 0.847322826958 
19.1495730841 16.3178175653 0.847322826958 
19.1495730841 16.3178175653 0.847322826958 
19.1495730841 16.3178175653 0.847322826958 
19.1495730841 16.3178175653 0.847322826958 
19.1495730841 16.3178175653 0.847322826958 
19.1495730841 16.3178175653 0.847322826958 
19.1495730841 16.3178175653 0.847322826958 
19.1495730841 16.3178175653 0.847322826958 
19.1495730841 16.3178175653 0.847322826958 
19.1495730841 16.3178175653 0.847322826958 
19.1495730841 16.3178175653 0.847322826958 
19.1495730841 16.3178175653 0.847322826958 
19.1495730841 16.3178175653 0.847322826958 
19.1495730841 16.3178175653 0.847322826958 
19.1495730841 16.3178175653 0.847322826958 
19.1495730841 16.3178175653 0.847322826958 
19.1495730841 16.3178175653 0.847322826958 
19.1495730841 16.3178175653 0.847322826958 
19.1495730841 16.3178175653 0.847322826958 
19.1495730841 16.3178175653 0.847322826958 
19.1495730841 16.3178175653 0.847322826958 
19.1495730841 16.3178175653 0.847322826958 
19.1495730841 16.3178175653 0.847322826958 
19.1846737825 15.6957205797 4.00850453755 
19.1758177244 15.6871722008 4.01198290309 
19.0952424967 15.5971412326 3.58036245778 
18.9920282328 15.5591525401 3.57046762906 
18.8012680971 15.4895762766 3.55366178379 
18.6601664984 15.4384675289 3.56731368398 
18.4750742876 15.3692994232 3.48670498478 
18.326970812 15.3285838256 3.18943511966 
18.1503279173 15.3402562107 3.11201805338 
17.9542829954 15.3615985776 3.10713080831 
17.8065975868 15.3775002027 3.09793800092 
17.5315749609 15.4093747402 3.10171937965 
17.3569465839 15.4295369352 3.10484497225 
17.1727572643 15.4518011327 3.09866736113 
16.9770359957 15.474062186 3.08501618384 
16.8593358957 15.4871784265 3.08235125322 
16.6421394908 15.5136263336 3.08930243917 
16.4692104423 15.5351744259 3.10055771142 
16.289178785 15.558255669 3.0940936084 
16.1266383195 15.5774150456 3.09258378976 
15.9654692897 15.5967684055 3.09156076953 
15.7301521861 15.6276527906 3.17037635741 
15.5974295401 15.6324985291 3.35639083718 
15.4212276601 15.6071799959 3.40170585809 
15.2699835264 15.580148902 3.68524978408 
15.1600860321 15.5250539149 4.07107937021 
15.0650492274 15.407734331 4.18373818876 
15.0507019126 15.3881365771 4.173685105 
15.0507019126 15.3881365771 4.173685105 
14.7726885044 14.9883792813 4.2010245856 
14.6800410711 14.8569909299 4.19374552969 
14.5814136231 14.7165244783 4.17897554536 
14.4695090019 14.5605215991 4.1200827609 
14.3906713688 14.4492888416 4.17560277663 
14.3589985335 14.4058960641 4.16153070555 
14.2188800537 14.2065125669 3.93372549431 
14.2188800537 14.2065125669 3.93372549431 
14.0505750143 14.0476269687 3.90325705563 
13.8461444342 13.8908817733 3.65846720331 
13.7540256941 13.8476604188 3.5189098924 
13.591576811 13.7977038587 3.17740984548 
13.4217274153 13.8034685815 3.23273927945 
13.2767059767 13.8015625442 3.22026018988 
13.1326010191 13.7995568479 3.22893043349 
13.0027210676 13.7958028282 3.11918405138 
12.9025213682 13.8012554611 2.88690178166 
12.8215160334 13.8196579183 2.57092785668 
12.8215160334 13.8196579183 2.57092785668 
12.736323353 13.8594249452 1.9116706934 
12.7262656653 13.8553333248 1.76316825066 
12.7262656653 13.8553333248 1.76316825066 
12.7262656653 13.8553333248 1.76316825066 
12.6661505663 13.8782192434 0.743356308858 
12.6661505663 13.8782192434 0.743356308858 
12.6661505663 13.8782192434 0.743356308858 
12.6661505663 13.8782192434 0.743356308858 
12.6661505663 13.8782192434 0.743356308858 
12.6661505663 13.8782192434 0.743356308858 
12.6661505663 13.8782192434 0.743356308858 
12.6661505663 13.8782192434 0.743356308858 
12.6661505663 13.8782192434 0.743356308858 
13.1994192564 13.9193572963 -0.00672631097055 
13.1994192564 13.9193572963 -0.00672631097055 
13.600002762 13.8853385414 0.448971112824 
13.7078459227 13.9293556179 0.554393090301 
13.8531172239 14.0049345458 0.560495379573 
13.9951595032 14.0805501903 0.566334778436 
14.1466307604 14.1622606481 0.535042635469 
14.2702856028 14.2271406616 0.566058487459 
14.4276320898 14.3068857158 0.705439827645 
14.5382311308 14.3889653648 1.1162023356 
14.5873947107 14.4679037298 1.20152978553 
14.6287178957 14.5506470169 1.19392814938 
14.7356325352 14.7540149356 1.18395729317 
14.8111766541 14.8963701988 1.1506132497 
14.8740565741 15.0198459441 1.18698507317 
14.9240531289 15.1211974511 1.11194542996 
15.0011180007 15.2515305199 0.71930547296 
15.0763777458 15.3160670067 0.32049555983 
15.1110008919 15.3402068059 -0.00510045972029 
15.1204799378 15.3636208589 -0.407955200581 
15.1627438628 15.3475092615 -0.54981184453 
15.2446061933 15.2874024662 -0.544272472576 
15.3200786078 15.2305931405 -0.536362704451 
15.3880895936 15.1697262938 -0.223659345196 
15.413390007 15.1457536335 0.0929762972078 
15.4168788159 15.1311564187 0.287751866652 
15.4185046815 15.1288177709 0.323107143078 
15.4169165158 15.1391772369 0.159351068664 
15.4181101286 15.1582902039 -0.128739346795 
15.4203306996 15.1719614307 -0.317722868247 
15.4240941965 15.1737283433 -0.396194985152 
15.420828458 15.1725343133 -0.346979359419 
15.4216056728 15.1718796084 -0.326857343495 
15.4193423056 15.160388794 -0.157884045265 
15.4153560066 15.1405202488 0.139318571621 
15.4423308932 15.1339496041 0.337212973478 
15.4940620029 15.1475535 0.362432211924 
15.6034010613 15.1781330409 0.358148339013 
15.6819905007 15.2014157029 0.349859539662 
15.8423884438 15.247202053 0.353536193443 
15.9739331641 15.2842187921 0.349975987381 
16.0318223202 15.3001381497 0.355280260583 
16.0675104224 15.3096033747 0.355528778187 
16.0729793274 15.3115548084 0.354228912429 
16.0730048531 15.3115564475 0.354731888459 
16.0729265773 15.3114875669 0.355907498112 
16.0729732626 15.3114785666 0.354740532819 
16.072954055 15.3114749605 0.354945123795 
16.0729564541 15.3114604692 0.355115980669 
16.0729767346 15.3114905099 0.354697589529 
16.0729190671 15.3114883343 0.35569693515 
16.0729606115 15.3114759962 0.3546568987 
16.0729208701 15.311485749 0.355499371279 
16.072912451 15.3114865685 0.355787331819 
16.0729500764 15.311474059 0.354619464569 
16.0729560369 15.3114670182 0.35446703619 
16.0729110205 15.3114819641 0.355541990965 
16.0731205904 15.311561432 0.351798921735 
16.0729539805 15.3115071172 0.3547827186 
16.0729805046 15.3115115354 0.354001219652 
16.0731130951 15.3115489374 0.351904660135 
16.0731508249 15.3115762363 0.351090811906 
16.0731241518 15.3115665729 0.351761104013 
16.0729384982 15.3114855776 0.354606786451 
16.0731248521 15.3115608061 0.351611258238 
16.0729547405 15.3115248869 0.354658009198 
16.0729374253 15.3114814425 0.354788540224 
16.0729399138 15.3114815618 0.354531724315 
16.0730918461 15.3115452642 0.351976009492 
16.0729364866 15.311509494 0.354742914465 
