15.8800144346 15.2400045854 0.0431103284644 
15.880012164 15.2400087892 0.0432649158357 
15.8800117822 15.2400017995 0.0432608423233 
15.8804593423 15.2403802595 0.0455418410812 
15.8800083679 15.2400258913 0.0431945651347 
15.879993097 15.239995099 0.0431606443995 
15.8799964805 15.2400283014 0.0431328386823 
15.8799852255 15.2400098316 0.0431744486254 
15.8799701604 15.2400133548 0.0431470461561 
15.8799895236 15.2400163253 0.0430931873763 
15.8799891454 15.2400166839 0.0430875637821 
15.8804413538 15.2404023709 0.0453995107348 
15.8799540392 15.2400117484 0.0430736576569 
15.8799560891 15.239999474 0.0428542509098 
15.8804119948 15.2403798883 0.0451387168649 
15.8804136618 15.2403978624 0.0451642985391 
15.8803965879 15.2403944973 0.0447752437494 
15.8804002573 15.2403587205 0.0450596097468 
15.88039085 15.240396075 0.0449602827465 
15.8803855089 15.2403795626 0.0450221229325 
15.880402214 15.240376018 0.0448390639192 
15.8803693104 15.2403848607 0.0450523509193 
15.8803691353 15.2403934768 0.0451780491831 
15.8803788974 15.2404018461 0.0450802705854 
15.8803149807 15.2403294724 0.0446915872972 
15.8803846968 15.2403939881 0.0451630107629 
15.8803759041 15.2404032638 0.0451488993408 
15.8803605699 15.2403940603 0.0450405932143 
15.8803824858 15.2404010729 0.045011655494 
15.8803681537 15.2403840581 0.0450414146845 
15.8803781011 15.2403823733 0.045124486778 
15.8803638137 15.2403899811 0.0451507835275 
15.8803791675 15.240555974 0.0456839486342 
15.8800646198 15.2401667212 0.0428599103811 
15.8802669711 15.2403083972 0.0447692901661 
15.8801083585 15.2400719788 0.0426171966035 
15.8799080235 15.2400138696 0.0431708992512 
15.8800995239 15.2400568081 0.0425179010372 
15.8800793468 15.2400623242 0.0424767074745 
15.8800814889 15.2400615938 0.0425200298975 
15.8800955053 15.2400621482 0.0425647554608 
15.8800985544 15.240068611 0.0423764429522 
15.8800967225 15.2400680175 0.0424534751274 
15.8800894824 15.2400545055 0.0424739618551 
15.8801035249 15.2400663147 0.0426728518207 
15.8800870144 15.2400775866 0.0425180767006 
15.8800888566 15.2400744765 0.0425743851344 
15.8800862591 15.2400612201 0.0424602529323 
15.8800913143 15.2400701953 0.0424722608726 
15.8801458339 15.2401463077 0.0429930398628 
15.8800860896 15.2400758889 0.0425540798648 
15.8800817673 15.2400537512 0.0424518788365 
15.8801405738 15.2401188812 0.0429329380431 
15.8803154306 15.2403131153 0.0445456086919 
15.8803806753 15.24040459 0.0450962325663 
15.8800989251 15.2400798944 0.0426307826514 
15.8801140926 15.240112049 0.0431201141068 
15.8800992268 15.2400712214 0.0425105383492 
15.8803856616 15.2403726408 0.0450875637005 
15.8800824472 15.2400500809 0.0425094484802 
15.8803743423 15.240365132 0.0449279555375 
15.8800831047 15.2400460285 0.0423216097369 
15.8800892719 15.240050551 0.0424650783854 
15.8803521154 15.2403766906 0.0454022355916 
15.8803744029 15.2403839387 0.0450800295049 
15.8803632782 15.2403623345 0.0450238558685 
15.8803825165 15.2403699888 0.0451324451677 
15.8801169425 15.2400169252 0.0425939681198 
15.880090735 15.2400475801 0.0424586772396 
15.8800922838 15.2400429971 0.0425749928878 
15.8800993712 15.2400618629 0.0427583841525 
15.8801020702 15.2400556337 0.0425038108205 
15.8800873609 15.2400333881 0.0425828311773 
15.8800839215 15.2400519716 0.0425610445451 
15.8800413237 15.2400653997 0.0422453119136 
15.8800334037 15.2400634152 0.0422343675311 
15.8800493992 15.2400636351 0.0422075536206 
15.8800527231 15.2400632423 0.0423594048814 
15.8800717705 15.2400756448 0.0423442522801 
15.8815230449 15.239907195 0.0452505253842 
15.939782452 15.2389876461 0.0335461949142 
15.9850123041 15.2373006442 0.0266961633939 
16.0260407889 15.234295557 0.0422093202777 
16.1071737522 15.2315963858 0.0349179413592 
16.2039963567 15.228458063 0.0314316749129 
16.3467788958 15.2247971085 0.0392297365703 
16.4596271479 15.2211280691 0.0441208644584 
16.5998317563 15.2158994714 0.0369598633983 
16.7261579597 15.2113875619 0.0482102104311 
16.8926292622 15.2056847292 0.0471669196161 
17.0523886644 15.1976319517 0.0433925327114 
17.1927862131 15.1924131366 0.0455540681959 
17.3391243183 15.1866081136 0.0373323310788 
17.4934372866 15.1793284791 0.0506099812639 
17.6567106211 15.173035119 -0.00166840231683 
17.8370059692 15.1664848367 0.0373583036448 
18.0725800955 15.1576555783 0.0409848265096 
18.1929931604 15.1525309126 0.0549730841708 
18.3592643702 15.1460680778 0.0376341431077 
18.5641767943 15.1380877833 0.0240726728124 
18.6821591818 15.136029538 -0.130397138827 
18.7869548761 15.1219843293 -0.496017577224 
18.8442311251 15.0984237606 -0.802177691074 
18.8800587618 15.0865844304 -1.1967657519 
18.9045417273 15.0843587185 4.70815896278 
18.8979213202 15.0135811532 4.63476161431 
18.8825828993 14.9310762251 4.64498310584 
18.8590483629 14.8020754422 4.5914547824 
18.8263716662 14.6260282362 4.59470257838 
18.8034186327 14.5035889114 4.61108847767 
18.7776849234 14.3582638467 4.611317099 
18.7468647921 14.1901313032 -1.46573279147 
18.7497148478 14.0614742006 -1.12959439289 
18.7761921846 13.9872746433 -1.05537452175 
18.8007590735 13.9461396898 -1.16788464386 
18.8183178866 13.9326579536 -1.35742406377 
18.8419654333 13.929152366 4.54141410445 
18.8457019293 13.9162712062 4.47167729097 
18.8457019293 13.9162712062 4.47167729097 
18.8457019293 13.9162712062 4.47167729097 
18.8457019293 13.9162712062 4.47167729097 
18.8457019293 13.9162712062 4.47167729097 
18.8457019293 13.9162712062 4.47167729097 
18.8457019293 13.9162712062 4.47167729097 
18.5612695181 13.2653492654 3.94575735543 
18.5612695181 13.2653492654 3.94575735543 
18.5612695181 13.2653492654 3.94575735543 
18.2062993013 13.1320942605 3.37423735881 
18.0293414557 13.1060458387 3.3726394537 
17.8626048529 13.082021829 3.35774287388 
17.6977851355 13.0599204267 3.36937583418 
17.5829868281 13.0416818822 3.32212057379 
17.4567731583 13.0366498197 3.25447696625 
17.2415455544 13.0410183633 3.24224968788 
17.1689699852 13.0394645895 3.21137898451 
16.8529956305 13.0463522638 3.21567313827 
16.5825326407 13.0522512163 3.20201757676 
16.4503170216 13.0529748167 3.18624691864 
16.3020460569 13.0567740167 3.18984421904 
16.1200059616 13.0573207105 3.1900858401 
15.9809443691 13.0599242414 3.19833520294 
15.8286272736 13.0621226991 3.18924259876 
15.6384667122 13.0655511583 3.20004655044 
15.5029591584 13.0681003297 3.17654339076 
15.3226982319 13.0728269781 3.18994309619 
15.1658527815 13.0778745378 3.19693899052 
15.0292264783 13.0796481336 3.17136199408 
14.8982890808 13.0815898145 3.19264658794 
14.8793482744 13.0804878438 3.17360402691 
14.8108210528 13.05777156 2.71120372904 
14.7897018158 13.0447207654 2.26387163975 
14.7713478767 13.0569199289 2.11730369703 
14.7555403673 13.0860546792 2.08609429879 
14.7555403673 13.0860546792 2.08609429879 
14.6281267368 13.3621932233 2.06849438909 
14.5658535921 13.4989317621 2.07415439046 
14.4896424973 13.6595349277 2.11505093563 
14.4066430294 13.8474512065 2.15814625945 
14.370908972 13.9261946643 2.40640071945 
14.3306649887 13.9867583478 2.77535038643 
14.3207226956 14.0207877124 3.28928277826 
14.2685170138 14.0286792482 3.40054110788 
14.1680322849 14.0091873373 3.44623575788 
14.0833822453 13.9927823509 3.44067625471 
13.928296324 13.9651641811 3.41572966408 
13.7598206961 13.9381976093 3.38744246966 
13.559507128 13.903764602 3.3910354359 
13.4730503523 13.9104440177 -0.641157717003 
13.4730503523 13.9104440177 -0.641157717003 
13.2603535616 13.8429673875 3.74031599081 
13.1691467726 13.8418576683 3.80671702315 
13.1481139624 13.8370482887 3.9434465349 
13.1168584787 13.8433089221 4.3618326112 
13.1142759287 13.8440014089 4.38409411478 
13.1142759287 13.8440014089 4.38409411478 
13.0968165362 13.8081426586 4.50156150359 
13.0772945845 13.7477114166 4.48630593447 
13.0698442423 13.7238818372 4.51294550232 
13.0232851469 13.5693772996 4.52489298676 
13.0012211763 13.5091299976 4.67406307895 
12.9731409514 13.4507367576 -1.48345108705 
12.9549002611 13.4132018054 -0.726987945397 
12.9442493879 13.3988943065 -0.446299296067 
12.9371366465 13.3792276348 -0.106065667237 
12.9394509756 13.359335419 0.206213307788 
12.9450621569 13.3576711381 0.24258654738 
12.9652874434 13.3575916255 0.31304113726 
13.0953090155 13.3866088356 0.362441014946 
13.1036093199 13.3879860605 0.380680501861 
13.1760466063 13.3919261659 0.853794991924 
13.1760466063 13.3919261659 0.853794991924 
13.1760466063 13.3919261659 0.853794991924 
13.3481359446 13.5943131412 0.98941155328 
13.3773577177 13.6421622003 0.868923983154 
13.4518873655 13.722921368 0.746288527293 
13.5775270426 13.8195406164 0.744862126744 
13.744769808 13.9487949575 0.743656781801 
13.9024784529 14.0720956291 0.739487677997 
14.0540958607 14.1881344284 0.716953900232 
14.1921589338 14.2934173311 0.736776429657 
14.3461751902 14.4113119806 0.734765961566 
14.5082035029 14.5322720374 0.679946406183 
14.6468023026 14.6408998335 0.724835863791 
14.7860703432 14.747077551 0.742383841392 
14.918050524 14.849456575 0.704078720332 
15.0798296892 14.9744361306 0.731463593682 
15.2227439844 15.0843359793 0.72656999457 
15.2576418483 15.1079736317 0.736428579181 
15.300647434 15.1247101391 1.0365034274 
15.3241823279 15.1123040135 1.43856135371 
15.341900047 15.1368164311 1.70979480002 
15.3329054081 15.2811573523 1.72057805362 
15.322771486 15.4003120477 1.72939793813 
15.3146590554 15.5153403843 1.73504352896 
15.3079029882 15.5992215837 1.73751459946 
15.3089950645 15.6208398605 1.75158243812 
15.3278211915 15.6237722004 2.09662212375 
15.34278005 15.6295055712 2.33475796863 
15.3435951435 15.6302580501 2.34253898834 
15.3365992868 15.625088122 2.18628168282 
15.3068684899 15.6178851391 1.73376139764 
15.2988718712 15.6173801685 1.62152141488 
15.2996650898 15.6183151568 1.63428796651 
15.3035885059 15.6281287933 1.70450660729 
15.3015473449 15.6720935667 1.70317202183 
15.3005553448 15.7376990283 1.761925585 
15.3136832678 15.7682486142 2.02886679483 
15.3289172613 15.7755765284 2.29255291653 
15.3286764586 15.7768252457 2.29891139919 
15.3295984828 15.778461274 2.32860383242 
15.3456180656 15.7970203722 2.71105443356 
15.3513187134 15.8199787105 3.07391203932 
15.3097240293 15.8301004137 3.20547214538 
15.2468339169 15.8336117829 3.22536216684 
15.2134981119 15.8417736853 3.39386459803 
15.2001459562 15.8565155829 3.66636931538 
15.1926265919 15.8636949624 3.80007850107 
15.1387467944 15.8272651995 3.81178273496 
15.0110170209 15.7409378851 3.84859132351 
14.9168157541 15.6777270401 3.82645147521 
14.7343409025 15.5569681788 3.80590171161 
14.6379702055 15.4920165206 3.79437183253 
14.4941164219 15.3952125872 3.81949082794 
14.3417386973 15.2953986565 3.80953870754 
14.1650426352 15.1778219456 3.77540518345 
14.0296454393 15.092247721 3.46434703978 
13.9551283085 15.0688888694 3.26481586682 
13.8995554411 15.0639321769 3.19267778858 
13.8680057489 15.0646492655 3.19629787847 
13.8651630842 15.0652531798 3.20775885148 
13.8652310335 15.0652635063 3.20704561835 
13.8340909445 15.0650289024 3.25726653477 
13.8033714258 15.0662530179 3.21135512574 
13.8033714258 15.0662530179 3.21135512574 
13.7487843001 15.0696565027 3.20825565175 
13.7487843001 15.0696565027 3.20825565175 
13.7487843001 15.0696565027 3.20825565175 
13.7183814013 15.0991936589 3.67965530441 
13.7183814013 15.0991936589 3.67965530441 
13.7183814013 15.0991936589 3.67965530441 
13.6684205496 15.1345809663 4.64014605858 
13.6424162352 15.1315581838 -1.21573073211 
13.6386563742 15.1222905705 -1.1576714424 
13.6386563742 15.1222905705 -1.1576714424 
13.6434788668 15.0486626143 -0.959320019442 
13.6603071653 15.0165732617 -0.608779197869 
13.6677789652 14.987517264 -0.518798010732 
13.7025577986 14.9615882898 -0.452720960923 
13.708216902 14.9582272733 -0.458539462454 
13.8743977511 14.8674781586 -0.342516707009 
14.0190281832 14.7817617918 -0.345547049649 
14.1943082773 14.6848646368 -0.492373909337 
14.3300436699 14.5967372025 -0.796581699649 
14.4311376774 14.4624968136 -0.935862891836 
14.547673937 14.2880960072 -0.942009753533 
14.6181466543 14.184157368 -1.06816039003 
14.6794152224 14.0247900451 -1.18495822199 
14.735176202 13.8624942268 -1.19331711548 
14.7915657723 13.6836113895 -1.1894476025 
14.8384134733 13.5272921289 -1.05494499164 
14.9029175603 13.397525307 -0.714481313791 
15.054752227 13.2566035951 -0.403572002555 
15.1367380583 13.2051132883 -0.0908919975459 
15.1974530184 13.1858025754 0.166051755475 
15.3261519038 13.2019578184 0.229765973486 
15.3850566113 13.2183302606 0.0547412594671 
15.4275837206 13.2305740083 -0.24674272026 
15.4784380757 13.2175310815 -0.354890417704 
15.5606479907 13.1747013296 -0.301388091925 
15.5874453747 13.1530669893 -0.101937925729 
15.6030530595 13.1406739915 0.0712595489754 
15.6827774012 13.1398771966 0.121033210191 
15.7660258078 13.1438940729 0.11681097056 
15.8622681723 13.1476670469 0.116773961915 
15.9782711157 13.1519747938 0.11851253899 
16.1377261841 13.1584912504 0.111607696412 
16.3290191257 13.1663757528 0.120316739298 
16.4809023702 13.1725813116 0.136561221511 
16.6201065147 13.1771639551 0.125549087483 
16.7540439927 13.1802645887 0.11180729156 
16.9166116678 13.1850517953 0.114451536699 
17.0122595989 13.1876524652 0.113930163174 
17.1863409245 13.1947621072 0.111512751635 
17.2907565796 13.1979159082 0.111276235305 
17.494636532 13.2062343324 0.108207288909 
17.6714451277 13.2112523283 0.109998197999 
17.792963382 13.214493152 0.111090931724 
18.0117864573 13.2241314615 0.13923288313 
18.1545731985 13.2272509302 0.102419835353 
18.2718594038 13.2306016649 0.115662844414 
18.4454362356 13.2340165342 0.213913566292 
18.5306184256 13.2399533952 0.37159217862 
18.5991160833 13.2482911314 0.651525440334 
18.6837420427 13.2876864637 1.13304040174 
18.712688204 13.3295901979 1.26480684572 
18.7668352091 13.4422752822 1.35997108145 
18.7988436186 13.4483230079 3.40930808753 
18.7897312605 13.5419443811 1.98366321106 
18.7727088892 13.5919076169 2.08622496466 
18.7583286726 13.610874411 1.9960426702 
18.7442917788 13.6161712373 1.81281546973 
18.7350556814 13.6609282459 1.75528241911 
18.7217900717 13.7723841632 1.75730573109 
18.6958370173 14.0180755819 1.75776045438 
18.6784110033 14.1679522956 1.75581405495 
18.6488470995 14.4283089603 1.75545085594 
18.61709046 14.7313830818 1.75450259737 
18.5962350332 14.9216105903 1.76031553711 
18.5798118078 15.0743611867 1.7515813183 
18.5682280027 15.2202614567 1.81186312409 
18.5464332068 15.38652299 1.75536698023 
18.5273759329 15.5463054741 1.57128131439 
18.5353796446 15.6725356246 1.16510498245 
18.6124472582 15.7984535063 0.862823269194 
18.7151994669 15.8983649577 0.847822526232 
18.8237814867 16.0026100243 0.87026831 
18.9570085966 16.1343151892 0.830472471467 
19.1036655867 16.2748867238 0.86167300819 
19.1495730841 16.3178175653 0.847322826958 
19.1495730841 16.3178175653 0.847322826958 
19.1495730841 16.3178175653 0.847322826958 
19.1495730841 16.3178175653 0.847322826958 
19.1495730841 16.3178175653 0.847322826958 
19.1495730841 16.3178175653 0.847322826958 
19.1495730841 16.3178175653 0.847322826958 
19.1495730841 16.3178175653 0.847322826958 
19.1495730841 16.3178175653 0.847322826958 
19.1495730841 16.3178175653 0.847322826958 
19.1495730841 16.3178175653 0.847322826958 
19.1495730841 16.3178175653 0.847322826958 
19.1495730841 16.3178175653 0.847322826958 
19.1495730841 16.3178175653 0.847322826958 
19.1495730841 16.3178175653 0.847322826958 
19.1495730841 16.3178175653 0.847322826958 
19.1495730841 16.3178175653 0.847322826958 
19.1495730841 16.3178175653 0.847322826958 
19.1495730841 16.3178175653 0.847322826958 
19.1495730841 16.3178175653 0.847322826958 
19.1495730841 16.3178175653 0.847322826958 
19.1495730841 16.3178175653 0.847322826958 
19.1495730841 16.3178175653 0.847322826958 
19.1495730841 16.3178175653 0.847322826958 
19.1495730841 16.3178175653 0.847322826958 
19.1495730841 16.3178175653 0.847322826958 
19.1495730841 16.3178175653 0.847322826958 
19.2303490603 15.7424930895 4.01118416032 
19.1758177244 15.6871722008 4.01198290309 
19.12779307 15.6181973482 3.6748238403 
19.0829589331 15.5912526215 3.56400945201 
18.9606344664 15.5467411245 3.59080277296 
18.8392286265 15.5027188028 3.56561081915 
18.5300924742 15.3916805352 3.55039979306 
18.3854727709 15.3397072742 3.31461703302 
18.2570147478 15.3294655869 3.12838217897 
18.0352227652 15.3509327511 3.08917912348 
17.7433952057 15.3851843888 3.10341021326 
17.5857119524 15.402957272 3.1070725595 
17.3986376488 15.4243362809 3.10817874023 
17.1900716984 15.4493214155 3.10488509844 
16.9474337065 15.4775446619 3.09812252871 
16.8310416901 15.4911951686 3.08848293194 
16.6590963566 15.5120808447 3.09417721826 
16.4692104423 15.5351744259 3.10055771142 
16.3019867801 15.5570943023 3.09553306768 
16.0671820008 15.5846222604 3.10013411735 
15.8474419975 15.6104938949 3.12024987421 
15.689529609 15.630569991 3.22799500255 
15.5167246127 15.6219248439 3.38353556534 
15.3386446201 15.5946314896 3.51556577784 
15.2409790122 15.5725074972 3.78685282459 
15.1341060364 15.5008130933 4.13242669244 
15.0507019126 15.3881365771 4.173685105 
15.0507019126 15.3881365771 4.173685105 
14.8320612871 15.0742459411 4.18183134512 
14.7430026495 14.947967645 4.1922676036 
14.6444543564 14.8107559348 4.19813038752 
14.5402517283 14.6577594245 4.18179252239 
14.4231786692 14.4929171766 4.16752149663 
14.3589985335 14.4058960641 4.16153070555 
14.3589985335 14.4058960641 4.16153070555 
14.2188800537 14.2065125669 3.93372549431 
14.2188800537 14.2065125669 3.93372549431 
14.0505750143 14.0476269687 3.90325705563 
13.9147040808 13.9364595378 3.80008389195 
13.7732024157 13.8575414384 3.56938887337 
13.6821582281 13.8206907476 3.34988813085 
13.4512832129 13.803890344 3.23575398874 
13.242067095 13.8013966049 3.22589949261 
13.0754411184 13.7986744607 3.21146488465 
12.9348871672 13.7978821958 3.01356277157 
12.8367638552 13.8161745037 2.63937974467 
12.8215160334 13.8196579183 2.57092785668 
12.7331378424 13.8577910627 1.87702640986 
12.7262656653 13.8553333248 1.76316825066 
12.7262656653 13.8553333248 1.76316825066 
12.7262656653 13.8553333248 1.76316825066 
12.6661505663 13.8782192434 0.743356308858 
12.6661505663 13.8782192434 0.743356308858 
12.6661505663 13.8782192434 0.743356308858 
12.6661505663 13.8782192434 0.743356308858 
12.6661505663 13.8782192434 0.743356308858 
12.6661505663 13.8782192434 0.743356308858 
12.6661505663 13.8782192434 0.743356308858 
12.6661505663 13.8782192434 0.743356308858 
13.1994192564 13.9193572963 -0.00672631097055 
13.1994192564 13.9193572963 -0.00672631097055 
13.5471734964 13.8775075639 0.309634219049 
13.6553628409 13.9041311706 0.518685944004 
13.8045020067 13.9804779256 0.550112545635 
13.9668682778 14.0669680799 0.534740389481 
14.0956439936 14.1337442363 0.590659126809 
14.2351913416 14.2098147834 0.558105726275 
14.3724181616 14.2790178622 0.612290580021 
14.5068951809 14.3576068843 1.01114921175 
14.554695841 14.4113777245 1.16585670941 
14.601508733 14.4986855353 1.188871785 
14.6703975165 14.6240766014 1.22995162317 
14.7441475355 14.7690917219 1.19372272486 
14.8406534159 14.9565105105 1.19191588954 
14.9274335467 15.1278948973 1.08719237871 
15.0204633438 15.2722672301 0.634838273875 
15.073841747 15.3143734674 0.330661416187 
15.113548454 15.3424816916 -0.0560505540716 
15.1316146814 15.3631090785 -0.478788845154 
15.185998615 15.3312355767 -0.543369201106 
15.2446061933 15.2874024662 -0.544272472576 
15.3200786078 15.2305931405 -0.536362704451 
15.3552675807 15.1986464264 -0.431768468267 
15.3937394583 15.1634463559 -0.138740882243 
15.4149770403 15.1430145169 0.132440950176 
15.4165895843 15.1303605849 0.291180158665 
15.4186451101 15.1308761949 0.304851601139 
15.4169584477 15.1455435047 0.0566440870351 
15.4193475806 15.1629154126 -0.203454552178 
15.4225419426 15.1733653287 -0.384219664444 
15.4223141038 15.1730448271 -0.367608075103 
15.4207245373 15.1733893047 -0.340873419137 
15.4209596181 15.1683822314 -0.279621565732 
15.4140405321 15.1470086912 0.0699722336575 
15.4486359322 15.1357981975 0.373844346167 
15.5163287782 15.1537397395 0.357724788306 
15.6441345477 15.1905779804 0.35219680933 
15.8482408562 15.2488840206 0.352843365652 
15.9284617716 15.2718371938 0.353814855915 
16.0111545586 15.2943057681 0.361045043042 
16.0701202565 15.3104797716 0.360813596586 
16.0732913726 15.3118045966 0.35251017789 
16.072967481 15.3115401308 0.354918907148 
16.0729625785 15.3114932294 0.354762015136 
16.0729675108 15.3114708031 0.354678246339 
16.0729642027 15.3115042786 0.355059070786 
16.0729651266 15.3114853317 0.354622268231 
16.072974559 15.3114773075 0.354754163248 
16.0729767346 15.3114905099 0.354697589529 
16.0729540997 15.3114799524 0.354966431028 
16.0729645156 15.3114828507 0.354824713859 
16.0729669594 15.3114896903 0.35468421775 
16.072912451 15.3114865685 0.355787331819 
16.0729500764 15.311474059 0.354619464569 
16.0729546213 15.3114734481 0.354568949089 
16.0731934422 15.3115802819 0.350867511979 
16.0731775874 15.3115822638 0.351059455455 
16.0729819053 15.3114883567 0.354064527127 
16.0731713587 15.3115818615 0.350878642979 
16.0731629395 15.3115753646 0.350998909059 
16.0731628799 15.3115806768 0.350912589743 
16.0731659197 15.3115773837 0.350967000643 
16.0731576645 15.3115711848 0.351197435959 
16.073166784 15.3115688453 0.351004120925 
16.0729385429 15.3114963363 0.354795879811 
16.0729399138 15.3114815618 0.354531724315 
16.0730904454 15.3115512843 0.351942870382 
16.0730896109 15.3115562762 0.351929523741 
