15.8799962086 15.2399955698 0.0431540437794 
15.8800195159 15.2400084533 0.0431400114597 
15.8800553848 15.2400305978 0.0429951061057 
15.8799947175 15.2399774463 0.0433455074769 
15.8800997316 15.2400445027 0.0432940330786 
15.8799841843 15.2399973223 0.0431247560063 
15.8800065248 15.2400258324 0.0431043398526 
15.8799800427 15.2400048187 0.0431638237254 
15.8799919245 15.240023203 0.0432128441908 
15.8799844339 15.2400193812 0.0431038784809 
15.8799752734 15.2400136248 0.0431844970304 
15.8799687793 15.2400038128 0.0431220323664 
15.8799540392 15.2400117484 0.0430736576569 
15.8804181191 15.2403884425 0.0452525523039 
15.8800455212 15.2400955826 0.0434127995698 
15.8803836853 15.2403598074 0.0451949606368 
15.8800282656 15.2400836826 0.0435232321821 
15.8803878875 15.2403698939 0.0450875288031 
15.8803902921 15.240397726 0.0451397663315 
15.8803843596 15.2403918258 0.045107680728 
15.8803806241 15.2403994505 0.0450627486393 
15.8803826879 15.2404112516 0.0449722674697 
15.8803801929 15.2403720936 0.0451092768166 
15.8803735013 15.2403980929 0.0451476616737 
15.8803755437 15.2403763782 0.0449467260154 
15.8803982242 15.2404033183 0.04510576208 
15.8803855005 15.2403989565 0.045058533755 
15.8803805188 15.2404015898 0.0449608218076 
15.8803758045 15.2403895159 0.0450994831188 
15.8799236884 15.2400208949 0.0431967633926 
15.8802986528 15.2404948962 0.0454221563498 
15.8803972379 15.2404291141 0.0452518898921 
15.8799218863 15.2401550982 0.0439882346042 
15.8799611015 15.240030288 0.0430810742331 
15.8800775801 15.2400627814 0.0424814989875 
15.8799495167 15.240031307 0.0430278620288 
15.8799043262 15.2400131493 0.0430667935511 
15.8800932282 15.2400609531 0.0425938333338 
15.8800620913 15.240052502 0.0427360709123 
15.8799492895 15.2400306391 0.0430813555582 
15.8800979705 15.2400738939 0.0426311440132 
15.8800948114 15.2400620066 0.0425915793757 
15.8800979276 15.2400749425 0.0425876886784 
15.8799576109 15.2400229069 0.0430956327572 
15.8801051463 15.2400779439 0.0425438936711 
15.8800940459 15.2400728639 0.0425277685414 
15.8800913143 15.2400701953 0.0424722608726 
15.8800874083 15.240064094 0.0425138552593 
15.8800910163 15.240053553 0.0423545449899 
15.8800772122 15.2400562317 0.0424979916827 
15.8803632717 15.2403779891 0.0450682019928 
15.8800922047 15.2400663223 0.042474897556 
15.8802999511 15.2403054766 0.0443805516215 
15.8801015346 15.2400657506 0.042570702371 
15.8803727786 15.2403821212 0.0450397783059 
15.8800963835 15.2400574671 0.042389115964 
15.8802901321 15.2403029425 0.0443565090892 
15.8801452416 15.2401153962 0.0430485819994 
15.880089746 15.2400497228 0.0425684006049 
15.8803141938 15.2403152906 0.0446189596796 
15.8800876645 15.2400612758 0.0425747754117 
15.88036221 15.2403736692 0.0450154825124 
15.880360094 15.2403616577 0.0451008427383 
15.8803882963 15.2404071712 0.0449019664789 
15.8803633946 15.2403938898 0.0450243805095 
15.8800699135 15.2400256201 0.0426303763951 
15.8801198668 15.2400673155 0.0424964202442 
15.8803707819 15.2403734217 0.044918796509 
15.8800853734 15.2400539932 0.0426849362 
15.8801260489 15.2400515922 0.0426373278907 
15.8801036972 15.2400387252 0.0426313741168 
15.8800674324 15.2400548064 0.0424204200787 
15.8800441261 15.2400502258 0.0423318967552 
15.8800482807 15.2400620929 0.0423782362673 
15.8800482379 15.2400651715 0.0423974281614 
15.8800703391 15.2400746781 0.0422870698959 
15.8800554593 15.2400608173 0.0422598448776 
15.8800459682 15.2400639057 0.0424802137229 
15.9071861861 15.2385867827 0.047910878229 
15.9699405396 15.2370781623 0.0345895888001 
15.9922006988 15.2360531418 0.0367256116548 
16.059643265 15.233053142 0.0365493656277 
16.1818006003 15.2288758208 0.0225585897417 
16.3080708646 15.2256359097 0.0398548020105 
16.4025663101 15.2234787599 0.035886282538 
16.5998317563 15.2158994714 0.0369598633983 
16.7164233291 15.2122859734 0.0421421935094 
16.8306832873 15.2080444547 0.0470951319328 
17.0120155775 15.2004133093 0.0345715777637 
17.1713055336 15.1937448124 0.0491676287525 
17.3391243183 15.1866081136 0.0373323310788 
17.5347834789 15.1770207326 0.041297472148 
17.6846430266 15.1715664978 0.0287621120998 
17.9404389822 15.1616946275 0.0462648945358 
18.0358848536 15.158973817 0.0375962624276 
18.1821813547 15.1526534895 0.0549182993463 
18.3070163691 15.1478463749 0.0393590993634 
18.4340505564 15.1425943116 0.0477513812653 
18.6278684103 15.1378362666 -0.0322730038052 
18.7366027796 15.1317369903 -0.29789900124 
18.8036291563 15.1162844563 -0.571199397845 
18.8424582445 15.0991019572 -0.786165931585 
18.8832166159 15.0871482457 -1.24793599188 
18.9026815855 15.0870490337 -1.54744927605 
18.9079902136 15.0610728676 4.62897696166 
18.9013123476 15.0300992096 4.63057462918 
18.8852798903 14.9377407695 4.62373818604 
18.8636636698 14.8259737457 4.59736215144 
18.8361248934 14.6849623288 4.60375292827 
18.8074836695 14.5250847305 4.6106597083 
18.7823760473 14.3875756825 4.61075843285 
18.7508327925 14.2144485677 -1.52506983475 
18.7409832441 14.1119855607 -1.23089005731 
18.7568030321 14.0393521751 -1.09864484858 
18.7838330233 13.9737915958 -1.07152713231 
18.8089275324 13.9371628726 -1.25044702799 
18.8292608225 13.9308301176 -1.54530320241 
18.8449552023 13.9210299219 4.47801764405 
18.8457019293 13.9162712062 4.47167729097 
18.8457019293 13.9162712062 4.47167729097 
18.8457019293 13.9162712062 4.47167729097 
18.8457019293 13.9162712062 4.47167729097 
18.8457019293 13.9162712062 4.47167729097 
18.8457019293 13.9162712062 4.47167729097 
18.5631592238 13.2483191455 3.97744166168 
18.5612695181 13.2653492654 3.94575735543 
18.5612695181 13.2653492654 3.94575735543 
18.5612695181 13.2653492654 3.94575735543 
18.2510426008 13.1406055654 3.3608504263 
18.0676186049 13.1115609373 3.37212159754 
17.9393024408 13.093488809 3.37759152713 
17.7912714445 13.0730270112 3.39715337928 
17.6125874483 13.0460711683 3.35789642279 
17.5272293055 13.0359302724 3.22500764813 
17.3568166458 13.0376609529 3.23231116127 
17.2046781742 13.0412436689 3.23605162855 
17.1689699852 13.0394645895 3.21137898451 
17.1689699852 13.0394645895 3.21137898451 
16.7443946564 13.0487288202 3.21262311722 
16.5434983337 13.0525439943 3.19661929285 
16.4120198452 13.0544005598 3.18398918158 
16.2720188164 13.0586258138 3.20643920937 
16.1280364805 13.0597766603 3.23561497771 
15.9893180692 13.0596674646 3.19579426449 
15.8589074128 13.061582681 3.19915303566 
15.6846620702 13.0647677148 3.20112239263 
15.530839827 13.0686942304 3.18862226374 
15.4417351448 13.0691524709 3.18688488594 
15.3226982319 13.0728269781 3.18994309619 
15.1964670384 13.0765310491 3.18933025111 
15.0550020301 13.0789707864 3.17356671835 
14.9783421719 13.0801237787 3.17981661802 
14.8982890808 13.0815898145 3.19264658794 
14.8793482744 13.0804878438 3.17360402691 
14.8090267145 13.065316316 2.69235266206 
14.7958991491 13.0474344457 2.36378574374 
14.7818863356 13.0470370019 2.18534678526 
14.7651425564 13.0664905275 2.09594101881 
14.7555403673 13.0860546792 2.08609429879 
14.7555403673 13.0860546792 2.08609429879 
14.7555403673 13.0860546792 2.08609429879 
14.5768719875 13.4745546545 2.07520100317 
14.5258909428 13.5844244922 2.06982345982 
14.4271339142 13.7955298389 2.12057634787 
14.3954588139 13.8715351785 2.20974999265 
14.3641040289 13.9329389299 2.41755986533 
14.3244693243 13.9987704719 2.87389331895 
14.3203650677 14.02358472 3.27756672805 
14.2824084723 14.0273573364 3.41985388531 
14.1991654598 14.0152705873 3.43588643615 
14.1330600941 14.0044592584 3.40599683103 
14.0191820824 13.9825314249 3.41904150224 
13.8269722426 13.9509071077 3.3832101414 
13.7054963076 13.9287271465 3.38535295308 
13.5334804022 13.8960378135 3.37713858421 
13.4730503523 13.9104440177 -0.641157717003 
13.2603535616 13.8429673875 3.74031599081 
13.2603535616 13.8429673875 3.74031599081 
13.1691467726 13.8418576683 3.80671702315 
13.1278145277 13.835790273 4.15675548146 
13.1142759287 13.8440014089 4.38409411478 
13.1142759287 13.8440014089 4.38409411478 
13.1041424238 13.834721681 4.50217319687 
13.0934398138 13.7958891357 4.49794293425 
13.071774956 13.7324110235 4.50024726152 
13.0418291056 13.6324417556 4.51711920758 
13.0189714396 13.5587599243 4.54463220587 
12.9808874094 13.4689886535 4.67754691284 
12.9774253332 13.4390758241 -1.17344547905 
12.9621031248 13.418842193 -0.8524135759 
12.9474062883 13.4058070148 -0.553177778467 
12.9363808596 13.3853039707 -0.188734650479 
12.9352688753 13.3649536336 0.114289849512 
12.9450621569 13.3576711381 0.24258654738 
12.9652874434 13.3575916255 0.31304113726 
12.9652874434 13.3575916255 0.31304113726 
13.1036093199 13.3879860605 0.380680501861 
13.1036093199 13.3879860605 0.380680501861 
13.1036093199 13.3879860605 0.380680501861 
13.1760466063 13.3919261659 0.853794991924 
13.1760466063 13.3919261659 0.853794991924 
13.3633582556 13.6198003257 0.954681816154 
13.3773577177 13.6421622003 0.868923983154 
13.4805083239 13.7446974481 0.752262803909 
13.5673494303 13.8104484046 0.747180197359 
13.6943068468 13.9093637432 0.742388809363 
13.8460185492 14.0278410877 0.738001839704 
13.9896838629 14.1393249 0.738882642267 
14.152043339 14.2644369567 0.729092880247 
14.3051689827 14.3791058029 0.679774692688 
14.4449121916 14.483850118 0.720526818912 
14.6172007286 14.6180445517 0.725424468277 
14.7919949257 14.7520175243 0.745290024182 
14.8902869188 14.8277624811 0.716714885379 
15.0532878601 14.9532755578 0.736978145967 
15.1625035965 15.0371910299 0.73255401049 
15.2447397077 15.1004742796 0.736176342321 
15.2817199194 15.1204401592 0.846614394567 
15.300647434 15.1247101391 1.0365034274 
15.3313968145 15.111969989 1.55247590447 
15.3406119907 15.1666179116 1.72690356457 
15.3365331256 15.2532175866 1.72289179898 
15.3249565923 15.3837777341 1.72040227823 
15.3163493836 15.5052965547 1.72043471818 
15.3098189199 15.5760985876 1.73747742373 
15.3084751331 15.6055901016 1.71945045156 
15.3143799865 15.6196889842 1.82562245021 
15.3267202937 15.6226502622 2.07449461688 
15.3416329586 15.6285378898 2.31430795283 
15.3418558204 15.6314986313 2.33623832001 
15.3410497272 15.6298299397 2.31659550991 
15.3304967248 15.6232508982 2.11497802417 
15.3038617932 15.6179929639 1.69169028093 
15.2988718712 15.6173801685 1.62152141488 
15.2988986337 15.6174859668 1.62273899558 
15.3032436335 15.6334360505 1.70465592589 
15.3008249366 15.6831281448 1.70269877392 
15.2996935212 15.7325062717 1.74178594197 
15.3159705364 15.7700114215 2.08580320255 
15.3289172613 15.7755765284 2.29255291653 
15.3288875186 15.7767525876 2.29744509063 
15.3295984828 15.778461274 2.32860383242 
15.3410258853 15.7906683649 2.59042208926 
15.3490694129 15.8055374588 2.85037073562 
15.3429700696 15.8243019546 3.13277023857 
15.3198692166 15.8296354974 3.20345737926 
15.2497163975 15.8332548703 3.22051869254 
15.20874637 15.8443962301 3.44265188451 
15.2006156408 15.8628719414 3.74601189477 
15.1869518125 15.857843932 3.79761606779 
15.1501660907 15.8325425352 3.79656323322 
15.0827828014 15.7894082035 3.81391368454 
14.9585103356 15.7065283919 3.80944850591 
14.8406361305 15.6266399289 3.81729523668 
14.7476767265 15.5655857886 3.79002704307 
14.6463417971 15.495976385 3.80965865838 
14.4765561783 15.3832236494 3.81052980796 
14.3528499567 15.3008444423 3.79419582316 
14.1586059296 15.1731578971 3.76803860972 
14.063660618 15.111652639 3.5899523927 
13.973660227 15.0720971043 3.29975993478 
13.9036036694 15.0633173699 3.18904235538 
13.8670849764 15.064041924 3.19267876816 
13.8652310335 15.0652635063 3.20704561835 
13.8458712065 15.0655485804 3.20493790231 
13.8222162687 15.0655794109 3.21543638485 
13.8033714258 15.0662530179 3.21135512574 
13.7487843001 15.0696565027 3.20825565175 
13.7487843001 15.0696565027 3.20825565175 
13.7487843001 15.0696565027 3.20825565175 
13.7242717707 15.0821543599 3.40217238239 
13.7185776198 15.0986351038 3.6703728424 
13.7183814013 15.0991936589 3.67965530441 
13.6842746698 15.1275677944 4.36350213095 
13.6604742968 15.1344590227 -1.5215492669 
13.6386563742 15.1222905705 -1.1576714424 
13.6386563742 15.1222905705 -1.1576714424 
13.6386563742 15.1222905705 -1.1576714424 
13.6081099474 15.0399244393 1.71784651072 
13.6691977942 15.0079299326 -0.590076418489 
13.6748797857 14.9748278225 -0.390329867892 
13.708216902 14.9582272733 -0.458539462454 
13.708216902 14.9582272733 -0.458539462454 
13.9411243164 14.828685757 -0.343766755618 
14.0762221777 14.7437752152 -0.338716787422 
14.2476178372 14.6509258712 -0.612339493935 
14.3065814936 14.6160091723 -0.755411275864 
14.4311376774 14.4624968136 -0.935862891836 
14.5058807098 14.3538752163 -0.893961979301 
14.5982398951 14.2214970554 -1.05541968706 
14.6721516811 14.0542693103 -1.20805163132 
14.7167673075 13.9159884418 -1.1590986037 
14.7835580074 13.7083960737 -1.1871004969 
14.8491176331 13.4992834295 -1.02575066435 
14.9029175603 13.397525307 -0.714481313791 
15.0190872514 13.2883343662 -0.527802635075 
15.1326511466 13.2069934572 -0.109000385097 
15.1905841195 13.1865054334 0.149361125929 
15.2933174336 13.1959828104 0.239086813643 
15.3666977846 13.213579532 0.122469513346 
15.41489416 13.2303360666 -0.185500226875 
15.4928086662 13.2113431657 -0.364770010691 
15.5548621678 13.1784530843 -0.319950631082 
15.5899457597 13.1500643457 -0.0630045297549 
15.6109399461 13.1394919122 0.0916436933768 
15.664308753 13.1396340097 0.116481478847 
15.7575215959 13.1435257162 0.117357084904 
15.8622681723 13.1476670469 0.116773961915 
16.0371425712 13.1541925634 0.118068876527 
16.1765507125 13.1604973043 0.115411588973 
16.2868449652 13.1648355688 0.114934279549 
16.4809023702 13.1725813116 0.136561221511 
16.6594952905 13.1777774061 0.130174909241 
16.7920991742 13.1814318861 0.109904568007 
16.9378259146 13.186972257 0.135539814122 
17.1013314688 13.1918057168 0.11303578239 
17.2907565796 13.1979159082 0.111276235305 
17.375911113 13.2014778818 0.108821556784 
17.494636532 13.2062343324 0.108207288909 
17.6714451277 13.2112523283 0.109998197999 
17.9117696249 13.2198160852 0.0982112181706 
18.1545731985 13.2272509302 0.102419835353 
18.2718594038 13.2306016649 0.115662844414 
18.4454362356 13.2340165342 0.213913566292 
18.5306184256 13.2399533952 0.37159217862 
18.5991160833 13.2482911314 0.651525440334 
18.6515338385 13.2699081863 0.880097958154 
18.712688204 13.3295901979 1.26480684572 
18.7588305437 13.435442921 1.40303367396 
18.7867038214 13.4913120235 1.73105912582 
18.7930066549 13.5345901216 1.99850734646 
18.7679958307 13.5989446605 2.05865889935 
18.7423200571 13.6201521123 1.79304322851 
18.7296464407 13.7066193784 1.75560855091 
18.7203016245 13.7860311235 1.75742824426 
18.7083229982 13.8989009822 1.76191966806 
18.6859457457 14.1050605739 1.7557207726 
18.6645159685 14.2870725358 1.75522613776 
18.646443125 14.4497027958 1.75503105454 
18.6235613787 14.6654556955 1.76658513017 
18.6103281939 14.7970111633 1.75413085845 
18.5918328726 14.9640461768 1.75649191795 
18.5668048823 15.2131581048 1.72743916854 
18.5477511847 15.373782363 1.7561290815 
18.5286161863 15.5233460034 1.61375412355 
18.5305240118 15.6455702151 1.27051923487 
18.567905184 15.7456461752 0.928730895478 
18.6765582525 15.8614232505 0.857521179006 
18.7875733339 15.9706972803 0.857594082181 
18.9105253183 16.0892611707 0.837269144386 
19.0072805845 16.1801025833 0.854964197092 
19.1184852087 16.2898948158 0.871360382942 
19.1495730841 16.3178175653 0.847322826958 
19.1495730841 16.3178175653 0.847322826958 
19.1495730841 16.3178175653 0.847322826958 
19.1495730841 16.3178175653 0.847322826958 
19.1495730841 16.3178175653 0.847322826958 
19.1495730841 16.3178175653 0.847322826958 
19.1495730841 16.3178175653 0.847322826958 
19.1495730841 16.3178175653 0.847322826958 
19.1495730841 16.3178175653 0.847322826958 
19.1495730841 16.3178175653 0.847322826958 
19.1495730841 16.3178175653 0.847322826958 
19.1495730841 16.3178175653 0.847322826958 
19.1495730841 16.3178175653 0.847322826958 
19.1495730841 16.3178175653 0.847322826958 
19.1495730841 16.3178175653 0.847322826958 
19.1495730841 16.3178175653 0.847322826958 
19.1495730841 16.3178175653 0.847322826958 
19.1495730841 16.3178175653 0.847322826958 
19.1495730841 16.3178175653 0.847322826958 
19.1495730841 16.3178175653 0.847322826958 
19.1495730841 16.3178175653 0.847322826958 
19.1495730841 16.3178175653 0.847322826958 
19.1495730841 16.3178175653 0.847322826958 
19.1495730841 16.3178175653 0.847322826958 
19.1495730841 16.3178175653 0.847322826958 
19.2303490603 15.7424930895 4.01118416032 
19.1758177244 15.6871722008 4.01198290309 
19.1758177244 15.6871722008 4.01198290309 
19.12779307 15.6181973482 3.6748238403 
19.0766057932 15.5896384383 3.5672346423 
18.9546146357 15.544923153 3.57557441085 
18.7289607489 15.463168856 3.56712902263 
18.5760033095 15.4089028502 3.56856234551 
18.3854727709 15.3397072742 3.31461703302 
18.2492721045 15.3301212157 3.12721813716 
17.9884364569 15.3577097023 3.10726543928 
17.7767999136 15.3810156251 3.09715719086 
17.5936864578 15.4024693186 3.10069822168 
17.3658708298 15.4277438338 3.09644215591 
17.1429613793 15.4551554138 3.0959553281 
16.9474337065 15.4775446619 3.09812252871 
16.7576851213 15.4989667202 3.09108596687 
16.5920445883 15.5195951129 3.11285459432 
16.3516630196 15.5502735044 3.10434433453 
16.0757337474 15.5834403897 3.10059033984 
15.9268816487 15.6011030043 3.09489719002 
15.7710673177 15.621100005 3.15780600292 
15.536513474 15.6248101259 3.36800808279 
15.3552975022 15.5975097383 3.50242287556 
15.2480108702 15.5739615525 3.75899337866 
15.1600860321 15.5250539149 4.07107937021 
15.0616801345 15.4007352854 4.19275377394 
15.0507019126 15.3881365771 4.173685105 
14.8446327412 15.0910500104 4.15875799219 
14.7217867338 14.9159488345 4.19679873705 
14.6068220102 14.7549133564 4.10929889107 
14.4865440094 14.5867423976 4.18909981043 
14.3833559715 14.4388048614 4.1776851922 
14.3589985335 14.4058960641 4.16153070555 
14.3589985335 14.4058960641 4.16153070555 
14.0505750143 14.0476269687 3.90325705563 
14.0505750143 14.0476269687 3.90325705563 
13.8121361696 13.8759212459 3.60801059699 
13.7165088617 13.8302595581 3.43027458345 
13.6113333666 13.7717001403 2.25050251704 
13.4512832129 13.803890344 3.23575398874 
13.2343819105 13.8011138404 3.2290048732 
13.0923931563 13.7985218729 3.21630419761 
12.9820227587 13.7964971031 3.09417950912 
12.8548192942 13.8074148859 2.67159702687 
12.8215160334 13.8196579183 2.57092785668 
12.8215160334 13.8196579183 2.57092785668 
12.7374265158 13.8596299852 1.92828048855 
12.7262656653 13.8553333248 1.76316825066 
12.7262656653 13.8553333248 1.76316825066 
12.7262656653 13.8553333248 1.76316825066 
12.6661505663 13.8782192434 0.743356308858 
12.6661505663 13.8782192434 0.743356308858 
12.6661505663 13.8782192434 0.743356308858 
12.6661505663 13.8782192434 0.743356308858 
12.6661505663 13.8782192434 0.743356308858 
12.6661505663 13.8782192434 0.743356308858 
12.6661505663 13.8782192434 0.743356308858 
12.6661505663 13.8782192434 0.743356308858 
12.6661505663 13.8782192434 0.743356308858 
13.1994192564 13.9193572963 -0.00672631097055 
13.1994192564 13.9193572963 -0.00672631097055 
13.5506088698 13.8773769105 0.327765843777 
13.6791870558 13.9145766462 0.54007662805 
13.862619158 14.0114126171 0.533782216002 
13.9766465389 14.0725090469 0.555880626556 
14.1284948551 14.1517299379 0.550445379021 
14.2702856028 14.2271406616 0.566058487459 
14.434879657 14.3105593289 0.701739702602 
14.5451844895 14.3980062569 1.1051864613 
14.5903356039 14.4724268878 1.20670085927 
14.6287178957 14.5506470169 1.19392814938 
14.7280327046 14.7397803033 1.18325787058 
14.796967026 14.8728800679 1.16897780313 
14.8839086258 15.0380248542 1.19175317594 
14.9459955656 15.1632366146 1.02569324031 
15.0158493483 15.2678502875 0.645674490272 
15.0802715981 15.3201848085 0.263951510657 
15.11084288 15.3414495851 -0.0447927673879 
15.1230890715 15.364085939 -0.41812143553 
15.1701618993 15.3435797135 -0.553709743527 
15.2366045081 15.2930458153 -0.545593925054 
15.3274484837 15.2235594338 -0.517131833612 
15.3845713698 15.1735732521 -0.25310201333 
15.4149770403 15.1430145169 0.132440950176 
15.4168788159 15.1311564187 0.287751866652 
15.4185275101 15.1289994458 0.320516710589 
15.4171704614 15.1372287388 0.191577561425 
15.4181101286 15.1582902039 -0.128739346795 
15.4209088647 15.1722741465 -0.344068533022 
15.4239858651 15.1732393766 -0.387423764488 
15.4209819996 15.1724350716 -0.349199178599 
15.4232731127 15.1713801513 -0.35749085577 
15.4187164867 15.1584741587 -0.114564600918 
15.4170461857 15.1387020017 0.171861424885 
15.4703391158 15.1405136997 0.358005503726 
15.5472828412 15.1627501662 0.351484233371 
15.6819905007 15.2014157029 0.349859539662 
15.7939876729 15.23309061 0.353811747671 
15.9188471549 15.2691890078 0.3641942819 
16.0066774377 15.2927777025 0.353654899283 
16.0531667286 15.3061693276 0.349907099918 
16.0726251119 15.3115750665 0.353801297824 
16.072953757 15.311551329 0.35477711114 
16.0729448908 15.311481219 0.354752513624 
16.072924506 15.3114750723 0.355578542489 
16.0729659611 15.3114912848 0.354891155332 
16.0729621464 15.3114846686 0.355015083782 
16.0729737991 15.3114707435 0.354794601157 
16.0729623997 15.3114888782 0.355037243002 
16.0729286486 15.3114964108 0.355658221917 
16.0729645753 15.3114834691 0.354868036071 
16.0729173833 15.3114868964 0.355761813444 
16.072964769 15.3114659304 0.354689303502 
16.072946828 15.3114667947 0.35461900297 
16.0729548746 15.311483931 0.354692109941 
16.0731229597 15.3115557472 0.351941040863 
16.0731322729 15.311554637 0.351703742032 
16.0729437434 15.3114900554 0.354860673617 
16.0729335063 15.311475877 0.35482330125 
16.0729883277 15.311500896 0.354030237251 
16.0729884171 15.3114936242 0.353947045892 
16.0729901456 15.3115121687 0.353878228695 
16.0729313755 15.3114865834 0.354817588261 
16.0731199944 15.3115696425 0.351803654585 
16.0731530451 15.3115666772 0.351105765616 
16.0729552322 15.3115137334 0.354586624749 
16.0728976988 15.3114883045 0.355468710061 
16.0730918461 15.3115452642 0.351976009492 
16.0731511229 15.3115681226 0.350929294881 
16.0730896109 15.3115562762 0.351929523741 
16.0730896109 15.3115562762 0.351929523741 
