0.34278011322
0.344030857086
0.326318979263
0.337894916534
0.301923036575
0.264893054962
0.34752702713
0.352520942688
0.331402778625
0.231902122498
0.23347401619
0.34493303299
0.316896915436
0.275244951248
0.273597002029
0.264496088028
0.272637844086
0.355523109436
0.337974071503
0.309708118439
0.239839076996
0.322911024094
0.283574104309
0.312562942505
0.342996835709
0.287524938583
0.344972133636
0.367745876312
0.242672920227
0.292382955551
0.306715965271
0.281455039978
0.306618928909
0.292988061905
0.293209075928
0.327173948288
0.326527833939
0.323678016663
0.30292391777
0.259660005569
0.384160995483
0.297224998474
0.28302693367
0.26832818985
0.327824831009
0.333434104919
0.282004833221
0.325026988983
0.273826122284
0.315650939941
0.260670900345
0.272354125977
0.32715511322
0.397655963898
0.239737987518
0.28885602951
0.37117099762
0.249727010727
0.257998943329
0.296444892883
0.292943000793
0.356816053391
0.33823299408
0.377680063248
0.333936929703
0.236558198929
0.345664978027
0.300513982773
0.324867963791
0.299939155579
0.27498292923
0.29728603363
0.312433004379
0.335654973984
0.307189941406
0.306690216064
0.335209846497
0.320959091187
0.335134983063
0.231414794922
0.226682901382
0.242026090622
0.30654501915
0.349162101746
0.282012939453
0.342671871185
0.272900104523
0.256025075912
0.278276920319
0.277544975281
0.268769025803
0.270972967148
0.395919084549
0.27347111702
0.33304309845
0.289314031601
0.395982027054
0.35337305069
0.338593006134
0.371238946915
0.333598136902
0.369288921356
0.296038866043
0.397305965424
0.45348405838
0.380883932114
0.342641115189
0.331309080124
0.284450054169
0.274155139923
0.281548023224
0.171583175659
0.210986852646
0.217154026031
0.218414068222
0.194152116776
0.246104001999
0.216822862625
0.185026884079
0.20951795578
0.188191890717
0.218611001968
0.228039979935
0.200834035873
0.13599395752
0.185070991516
0.266267061234
0.23763012886
0.20974111557
0.225165843964
0.21507191658
0.279412984848
0.206439971924
0.260174036026
0.256703853607
0.268489122391
0.272265911102
0.288295984268
0.254759073257
0.278223991394
0.254185914993
0.241449117661
0.233777046204
0.211142063141
0.232923030853
0.191379070282
0.241680145264
0.170953035355
0.261389970779
0.193728208542
0.197211027145
0.211396932602
0.241087913513
0.233469009399
0.172340154648
0.219140052795
0.159899950027
0.275408983231
0.353595972061
0.358773946762
0.328840970993
0.233156919479
0.207628965378
0.251107931137
0.283618927002
0.269021034241
0.336619138718
0.315979003906
0.306504964828
0.309695005417
0.311399936676
0.370819091797
0.311659812927
0.3118288517
0.315747976303
0.333374977112
0.295397996902
0.294729948044
0.220829963684
0.258614778519
0.22576212883
0.277271986008
0.26029086113
0.256472110748
0.260262966156
0.20979809761
0.253269910812
0.203535079956
0.268820047379
0.250575065613
0.241381883621
0.301425933838
0.270378828049
0.187399148941
0.248109102249
0.267418861389
0.161797046661
0.242976903915
0.22701215744
0.212802886963
0.218296051025
0.273705005646
0.236939907074
0.250314950943
0.214020013809
0.241451978683
0.347897052765
0.251760005951
0.229497909546
0.231824159622
0.333857059479
0.414542913437
0.312473058701
0.396649837494
0.403172016144
0.37290096283
0.353633165359
0.301969051361
0.369033098221
0.318794965744
0.305408000946
0.385900974274
0.32895898819
0.311965942383
0.32505106926
0.373960018158
0.333236932755
0.325839042664
0.369547843933
0.393563985825
0.354032993317
0.397159099579
0.313741207123
0.398288011551
0.388916015625
0.432173967361
0.426292896271
0.404172182083
0.314336061478
0.335898160934
0.327721118927
0.326680183411
0.365207910538
0.398597002029
0.389159917831
0.338881969452
0.326554059982
0.338114023209
0.304764032364
0.320909976959
0.3045129776
0.316702127457
0.39830493927
0.318451881409
0.320648193359
0.321208953857
0.357689142227
0.346715927124
0.365383863449
0.302182912827
0.303648233414
0.311965942383
0.303326129913
0.311405181885
0.318846940994
0.25660610199
0.298061847687
0.345222949982
0.282872915268
0.293028831482
0.274199008942
0.269461870193
0.287097930908
0.290326118469
0.276176929474
0.199892044067
0.209589004517
0.263361930847
0.246657848358
0.298532009125
0.274334907532
0.235388040543
0.298179149628
0.257838964462
0.281700134277
0.355749130249
0.293186903
0.338678121567
0.408905982971
0.339509963989
0.314254045486
0.352019071579
0.345510005951
0.346481084824
0.333981990814
0.323118925095
0.328367948532
0.326742887497
0.347588062286
0.326498985291
0.330719947815
0.425677061081
0.344727039337
0.326174974442
0.313621997833
0.222145080566
0.348813056946
0.349379062653
0.320377826691
0.420798063278
0.335283041
0.315059900284
0.277647972107
0.248445034027
0.370397090912
0.363111019135
0.27632689476
0.339385986328
0.291134119034
0.258392095566
0.290916919708
0.246816158295
0.233029842377
0.279716014862
0.310573101044
0.251770973206
0.247348070145
0.252347946167
0.263581991196
0.277777194977
0.345767974854
0.348775148392
0.336414813995
0.315446138382
0.375976085663
0.371387958527
0.329908132553
0.315791845322
0.258516073227
0.338153839111
0.361567974091
0.325644016266
0.345324993134
0.346914052963
0.371050834656
0.336215019226
0.425280094147
0.411031961441
0.401694774628
0.330061197281
0.383738994598
0.374840021133
0.346983909607
0.271064996719
0.331124067307
0.331272125244
0.308246850967
0.348280906677
0.32084608078
0.378486871719
0.356850147247
0.372480154037
0.331718921661
0.363194942474
0.421639919281
0.341599225998
0.358556032181
0.387841939926
0.35546207428
0.362214803696
0.374910116196
0.381909132004
0.362709999084
0.344769954681
0.343961954117
0.365030050278
0.389706850052
0.358160972595
0.371875047684
0.410130977631
0.402341127396
0.324475049973
0.336291074753
0.347980976105
0.353502988815
0.334396123886
0.364067077637
0.351719141006
0.37887096405
0.345417976379
0.344583034515
0.385842084885
0.395220041275
0.42360496521
0.339614868164
0.377389192581
0.396401882172
0.364804983139
0.270807027817
0.353546857834
0.399759054184
0.393260955811
0.345604896545
0.337517976761
0.381633043289
0.29399895668
0.324747085571
0.324248075485
0.289697885513
0.295542955399
0.274650812149
0.380183935165
0.33998298645
0.350907087326
0.304348945618
0.216402053833
0.336287975311
0.318549156189
0.337625026703
0.312940835953
0.289976835251
0.312283039093
0.279893875122
0.223994970322
0.301870107651
0.277479887009
0.208034992218
0.262710094452
0.277550935745
0.279920816422
0.275155067444
0.213562965393
0.260483980179
0.259668827057
0.266940116882
0.363838911057
0.283923149109
0.224808931351
0.348132133484
0.262287139893
0.259118080139
0.271692991257
0.355180978775
0.354962825775
0.340189933777
0.328884124756
0.334242105484
0.355801105499
0.388646841049
0.345710992813
0.42453789711
0.339020013809
0.300549030304
0.329904079437
0.294894933701
0.356424093246
0.441179990768
0.308442831039
0.432976007462
0.460469007492
0.469039201736
0.460708141327
0.361496925354
0.377927064896
0.305233001709
0.335631847382
0.378798007965
0.362509012222
0.327712059021
0.324061870575
0.329079151154
0.33348608017
0.313615083694
0.313578128815
0.31845998764
0.344624996185
0.314631938934
0.34627699852
0.293695926666
0.334640979767
0.322854995728
0.339246034622
0.315156936646
0.342803955078
0.361941099167
0.369686126709
0.392902851105
0.363507032394
0.344487190247
0.364101886749
0.336308002472
0.334799051285
0.475867986679
0.410624980927
0.328566074371
0.36619591713
0.351879119873
0.315076112747
0.365092039108
0.445437908173
0.345111846924
0.344160079956
0.34020113945
0.394680976868
0.328461885452
0.414259910583
0.39493894577
0.458442926407
0.373015165329
0.372686862946
0.319837093353
