0.33930015564
0.208131074905
0.327024936676
0.317622900009
0.342002868652
0.308695077896
0.315135002136
0.327975988388
0.260157108307
0.277500152588
0.299028158188
0.346819162369
0.29810500145
0.345180988312
0.336277008057
0.343693971634
0.224445104599
0.265305995941
0.382587194443
0.291543960571
0.299162864685
0.288506984711
0.324475049973
0.293246984482
0.310614824295
0.27151799202
0.301357984543
0.334356069565
0.281005144119
0.289448976517
0.246593952179
0.22366309166
0.332690000534
0.296050071716
0.278613805771
0.269033193588
0.315078020096
0.326400995255
0.269891023636
0.302676916122
0.298738002777
0.304344177246
0.243628978729
0.242698907852
0.326197147369
0.295716047287
0.276360988617
0.30038690567
0.303160905838
0.302697896957
0.289314031601
0.311357021332
0.27606010437
0.296069145203
0.288933992386
0.294058084488
0.283777952194
0.304246902466
0.288720846176
0.316503047943
0.299907207489
0.299895048141
0.301970005035
0.291755914688
0.336630105972
0.302127838135
0.313364028931
0.307482004166
0.303326845169
0.317715883255
0.308547019958
0.327745914459
0.304031848907
0.288630962372
0.264215946198
0.32176399231
0.304534912109
0.311317920685
0.269603013992
0.320391893387
0.297129869461
0.291527986526
0.357354879379
0.330940008163
0.278603792191
0.312765836716
0.327847957611
0.351231098175
0.293183088303
0.308531045914
0.29002404213
0.254481077194
0.262492895126
0.234689950943
0.308190107346
0.4177069664
0.390385150909
0.359904050827
0.455288887024
0.408540010452
0.279291152954
0.350988149643
0.413065910339
0.354664087296
0.33951997757
0.3618080616
0.335413217545
0.359371900558
0.316252946854
0.175123929977
0.277863025665
0.267883777618
0.258187055588
0.208583831787
0.229039907455
0.232420921326
0.236774921417
0.257972002029
0.162356138229
0.18231010437
0.228300094604
0.192346096039
0.201789140701
0.266643047333
0.143145084381
0.174693107605
0.207335948944
0.232589006424
0.200701951981
0.191790819168
0.213511943817
0.229584932327
0.197309017181
0.197798967361
0.278846025467
0.342649936676
0.327914953232
0.346292972565
0.361147165298
0.39111995697
0.373646020889
0.360845088959
0.339873075485
0.321394920349
0.307152032852
0.308839082718
0.306430101395
0.293748855591
0.276716947556
0.329513072968
0.337996006012
0.376863002777
0.370426893234
0.299152135849
0.303754091263
0.296766042709
0.326995849609
0.275018930435
0.318081140518
0.270156860352
0.251971960068
0.150533914566
0.296967029572
0.355092048645
0.34037899971
0.252912998199
0.260933160782
0.183557987213
0.258202075958
0.329071998596
0.298130989075
0.328541040421
0.295892000198
0.2484998703
0.205941915512
0.213040828705
0.319286108017
0.25640296936
0.264956951141
0.244565010071
0.159922838211
0.207183122635
0.218424081802
0.221107959747
0.225511074066
0.222041845322
0.232247114182
0.254059076309
0.19852399826
0.192628860474
0.226352930069
0.225548028946
0.217749118805
0.238664865494
0.232712984085
0.254987955093
0.304003953934
0.283971071243
0.270616054535
0.220577001572
0.20051908493
0.21729516983
0.198355913162
0.236525058746
0.239654064178
0.263339996338
0.321799039841
0.209552049637
0.270745992661
0.307363986969
0.281242847443
0.239103078842
0.279242992401
0.313775062561
0.313199996948
0.356197834015
0.347714185715
0.360090970993
0.371471881866
0.258421897888
0.319254875183
0.379950046539
0.311007022858
0.295038938522
0.272985935211
0.277149915695
0.302072048187
0.327721118927
0.280534029007
0.291719913483
0.252919912338
0.26626086235
0.281518220901
0.322917938232
0.274696111679
0.255151033401
0.322153091431
0.347654819489
0.235154867172
0.316666126251
0.334110021591
0.339010000229
0.300343036652
0.332763910294
0.236302852631
0.295089960098
0.29469203949
0.284056901932
0.293817043304
0.262051105499
0.281128883362
0.278860092163
0.259368896484
0.338703155518
0.347921848297
0.358889818192
0.343707799911
0.362987995148
0.305605888367
0.338169813156
0.314426898956
0.32620382309
0.291560173035
0.311940193176
0.273310899734
0.228869915009
0.266335964203
0.233023166656
0.257757902145
0.183924913406
0.240604877472
0.283473968506
0.213947057724
0.229777097702
0.186790943146
0.251566886902
0.244874000549
0.202318191528
0.247480869293
0.20305109024
0.187220096588
0.189556121826
0.226656913757
0.308147907257
0.29825592041
0.269906997681
0.331125974655
0.355975866318
0.252568006516
0.280824184418
0.38339805603
0.37646317482
0.247272968292
0.307411909103
0.378041028976
0.320177078247
0.369062900543
0.36679315567
0.436526060104
0.294324874878
0.444792032242
0.378285884857
0.403038024902
0.232784032822
0.345669031143
0.382566928864
0.369908809662
0.32054901123
0.372506856918
0.360353946686
0.367861032486
0.397259950638
0.360767126083
0.398385047913
0.422496080399
0.32706618309
0.40299487114
0.367209911346
0.318460941315
0.345187902451
0.366356134415
0.408984899521
0.300559043884
0.37296795845
0.354796171188
0.395763158798
0.296840190887
0.325573921204
0.339703798294
0.281917095184
0.30850815773
0.347949028015
0.337472915649
0.315025091171
0.289613962173
0.357260942459
0.288989067078
0.382027864456
0.3032310009
0.32594704628
0.240594863892
0.284588098526
0.370116949081
0.283957004547
0.27023601532
0.296252965927
0.327069044113
0.260788202286
0.224051952362
0.245417118073
0.267647981644
0.329254865646
0.273490905762
0.305692911148
0.267767906189
0.232884883881
0.309499025345
0.261983156204
0.297868967056
0.22194814682
0.214005947113
0.205175876617
0.236452102661
0.20095205307
0.212735891342
0.295224189758
0.265532970428
0.276707172394
0.256922006607
0.3627140522
0.319270133972
0.359607934952
0.249102830887
0.222016811371
0.263957023621
0.262397050858
0.251992940903
0.268732070923
0.327865839005
0.270997047424
0.312568902969
0.302719116211
0.293735027313
0.355180978775
0.30428981781
0.348833084106
0.315321207047
0.248190879822
0.224504947662
0.296404838562
0.374113082886
0.336410999298
0.268731832504
0.318049907684
0.30832695961
0.366878032684
0.307615995407
0.209357023239
0.20192694664
0.25208902359
0.319979906082
0.236665964127
0.246766090393
0.172976016998
0.190961837769
0.205111980438
0.160706043243
0.268803834915
0.342183113098
0.349947929382
0.333170890808
0.260516881943
0.348762989044
0.403568029404
0.333503961563
0.367110013962
0.381520032883
0.298588991165
0.363933801651
0.385322809219
0.362365007401
0.316055059433
0.364223003387
0.288633823395
0.294574975967
0.323818922043
0.273253917694
0.231066942215
0.215654850006
0.277520895004
0.344327926636
0.29502081871
0.28901386261
0.274600028992
0.327438116074
0.298516988754
0.32349395752
0.255470991135
0.243445158005
0.220310926437
0.199789047241
0.207360029221
0.25629401207
0.268178224564
0.235378026962
0.241237163544
0.191792964935
0.180640935898
0.200454950333
0.188402891159
0.194797039032
0.196123123169
0.209764003754
0.20099401474
0.223099946976
0.175259828568
0.259804010391
0.311258792877
0.288412094116
0.243086099625
0.28071808815
0.332290172577
0.370837926865
0.317843914032
0.39088177681
0.357577085495
0.307150125504
0.336915016174
0.333811998367
0.277510166168
0.305776119232
0.245465040207
0.373551130295
0.333494186401
0.342921972275
0.392071008682
0.321145057678
0.325043916702
0.366621017456
0.297514915466
0.268354892731
0.24355006218
0.224803924561
0.319197893143
0.315280914307
0.286740064621
0.308439016342
0.301352024078
0.295336008072
0.318913936615
0.276720046997
0.282514095306
0.214885950089
0.26090502739
0.200996875763
0.26352596283
0.209229946136
0.322697877884
0.136258125305
0.269325017929
0.283716917038
0.276637077332
0.337733983994
0.291330814362
0.31134390831
0.327545881271
0.304787158966
0.320326805115
0.23859500885
0.313142061234
0.243561983109
0.280690193176
0.268661975861
0.335273981094
0.29761505127
0.25589799881
0.289792060852
0.31590294838
0.277440071106
0.32886505127
0.328035831451
0.348473072052
0.326997995377
0.282056093216
0.378440141678
0.325389862061
0.309674024582
0.31707406044
0.291296958923
0.34891295433
0.278075933456
0.31191110611
0.265315771103
0.280649900436
