0.325508117676
0.363197803497
0.286337137222
0.317183017731
0.325078010559
0.288068056107
0.35548210144
0.316735029221
0.30274605751
0.294624090195
0.30247592926
0.327517986298
0.301753997803
0.371150970459
0.294475078583
0.370579004288
0.315634012222
0.383977174759
0.30605506897
0.317896127701
0.340677022934
0.239822149277
0.320610046387
0.315953016281
0.29482293129
0.345369815826
0.320116043091
0.376184940338
0.345374107361
0.413441896439
0.359413862228
0.284507036209
0.375947952271
0.319916963577
0.322259902954
0.273631095886
0.332649946213
0.275228977203
0.387547969818
0.351202011108
0.346046924591
0.319010972977
0.298509836197
0.40615105629
0.368671894073
0.309104919434
0.284049034119
0.327295064926
0.330998897552
0.413668870926
0.273866891861
0.316895008087
0.285348176956
0.27961397171
0.423735141754
0.343907117844
0.281872987747
0.262392997742
0.369477987289
0.31371307373
0.321213006973
0.32742190361
0.333261013031
0.391036987305
0.371160984039
0.326669931412
0.38521194458
0.342278957367
0.299541950226
0.359216928482
0.283143997192
0.333551883698
0.253999948502
0.339656114578
0.289103031158
0.303776979446
0.302803039551
0.32343506813
0.36674118042
0.351891040802
0.310338973999
0.364151954651
0.352286100388
0.337851047516
0.271334886551
0.34441781044
0.340825080872
0.257984876633
0.353823900223
0.380431890488
0.44117808342
0.391592979431
0.40118098259
0.394707918167
0.274761199951
0.346580982208
0.329581975937
0.323505163193
0.338381052017
0.337253093719
0.262851953506
0.222894191742
0.3021068573
0.300650119781
0.282225131989
0.207347869873
0.255365848541
0.248162031174
0.248646974564
0.267842054367
0.289275169373
0.322678089142
0.33505320549
0.289327144623
0.271792888641
0.258205890656
0.258269786835
0.277517080307
0.262233972549
0.252953052521
0.215521097183
0.204810142517
0.152799129486
0.186724901199
0.210232973099
0.215426921844
0.251868009567
0.187930822372
0.182963132858
0.245828151703
0.216997861862
0.220782995224
0.271156072617
0.237250089645
0.251348972321
0.220192909241
0.201598882675
0.235555887222
0.205681085587
0.265841007233
0.23398399353
0.213251829147
0.213927984238
0.198039054871
0.195645809174
0.182198047638
0.229950904846
0.191679000854
0.238255023956
0.261123895645
0.234387159348
0.206747055054
0.195930957794
0.230965852737
0.19593501091
0.2426841259
0.173602819443
0.119706869125
0.137013912201
0.138351917267
0.203934907913
0.179632902145
0.178413152695
0.297395944595
0.271689176559
0.224329948425
0.355404853821
0.368162155151
0.331398010254
0.346249103546
0.226027011871
0.207909107208
0.253645896912
0.21780705452
0.236720085144
0.223119974136
0.29899597168
0.262577056885
0.242834091187
0.254739999771
0.299700021744
0.273313045502
0.301896095276
0.267275094986
0.211704969406
0.28352689743
0.251296043396
0.266986846924
0.22064614296
0.211189031601
0.252404928207
0.239006996155
0.234725952148
0.230609893799
0.246969938278
0.229490995407
0.253460168839
0.24191904068
0.235145807266
0.234932899475
0.217493772507
0.2805352211
0.246940135956
0.265304088593
0.250894069672
0.254700183868
0.308005809784
0.33371591568
0.383213996887
0.37825012207
0.326304912567
0.41045999527
0.405851840973
0.287832975388
0.360882997513
0.37087893486
0.371037960052
0.281915903091
0.347525835037
0.357253074646
0.427550792694
0.362535953522
0.376811981201
0.359127998352
0.307693958282
0.291265010834
0.312775850296
0.254499197006
0.265084028244
0.322362184525
0.339830875397
0.318535089493
0.388200998306
0.28839802742
0.395364046097
0.394325017929
0.346790075302
0.300323963165
0.388592004776
0.345857858658
0.335755825043
0.360779047012
0.349710941315
0.275369882584
0.305354118347
0.231048107147
0.294172048569
0.37131690979
0.3481528759
0.350314855576
0.361202001572
0.33113694191
0.348942041397
0.362554073334
0.313192844391
0.293812990189
0.376523971558
0.268498182297
0.329964160919
0.304804086685
0.320972919464
0.336078882217
0.332192897797
0.292913913727
0.415958881378
0.260369062424
0.302814006805
0.335052967072
0.34651684761
0.307559967041
0.272034883499
0.172152042389
0.312860965729
0.29200720787
0.245292186737
0.280164957047
0.274139881134
0.291507959366
0.317009925842
0.298257112503
0.389626026154
0.322360992432
0.345665931702
0.297181129456
0.32137298584
0.338578939438
0.271723985672
0.343493938446
0.319976091385
0.360579013824
0.355058908463
0.309350013733
0.367923974991
0.376009941101
0.311705112457
0.376679897308
0.34632897377
0.338753938675
0.40242099762
0.311389923096
0.321683168411
0.35626411438
0.299942970276
0.339560985565
0.297663927078
0.287868022919
0.344125986099
0.29888677597
0.346867799759
0.319109916687
0.30187702179
0.319241046906
0.333808898926
0.329169988632
0.307651996613
0.305048942566
0.354863166809
0.286290168762
0.293594121933
0.286998987198
0.36755490303
0.35572385788
0.292093992233
0.299941062927
0.26303601265
0.278072118759
0.182419061661
0.269745826721
0.34707903862
0.338935136795
0.341924190521
0.374778985977
0.381791114807
0.383745193481
0.328588008881
0.327305078506
0.423158884048
0.358839988708
0.322703838348
0.352246046066
0.330648899078
0.303330898285
0.381865978241
0.314339160919
0.327834129333
0.399249076843
0.390241146088
0.389482021332
0.322422981262
0.324509143829
0.252445936203
0.252571105957
0.268555879593
0.282227993011
0.416984081268
0.360735177994
0.306330919266
0.262706041336
0.390100955963
0.349778175354
0.343508005142
0.381440162659
0.398049116135
0.310647964478
0.442013025284
0.391663074493
0.366743803024
0.328752994537
0.360841989517
0.36337518692
0.390429019928
0.400655984879
0.402250051498
0.36061501503
0.449038982391
0.39680814743
0.376880884171
0.325361013412
0.443492889404
0.321153879166
0.358085870743
0.282310962677
0.395612955093
0.420922994614
0.337165117264
0.414864063263
0.323804140091
0.422232866287
0.372659921646
0.368776082993
0.352950811386
0.427837848663
0.404327869415
0.354140996933
0.280987024307
0.407205104828
0.396135091782
0.336529970169
0.379828929901
0.435980796814
0.369912862778
0.359452962875
0.370774030685
0.425714015961
0.379044055939
0.3412129879
0.379795074463
0.370327949524
0.393450975418
0.375643014908
0.387635946274
0.221039056778
0.337116956711
0.33684015274
0.365092039108
0.298734903336
0.328741073608
0.244303941727
0.285485029221
0.296526908875
0.264639139175
0.299483060837
0.292397022247
0.258017063141
0.272747039795
0.266832828522
0.248706102371
0.287804841995
0.31916308403
0.280966997147
0.293966054916
0.236051082611
0.286081075668
0.366177082062
0.299659013748
0.267750024796
0.235388040543
0.24688410759
0.243172883987
0.275613069534
0.261183023453
0.33639383316
0.290347099304
0.341507196426
0.32390499115
0.414391040802
0.415860891342
0.336381912231
0.296200990677
0.382609844208
0.299174070358
0.349455118179
0.296319961548
0.374081134796
0.380270004272
0.323991060257
0.372706890106
0.354989051819
0.365275144577
0.349654912949
0.357755184174
0.383487939835
0.251060962677
0.346007823944
0.259953022003
0.312223911285
0.355190992355
0.3512840271
0.236946105957
0.31637096405
0.347854137421
0.317874908447
0.357766866684
0.344591140747
0.34930896759
0.318897008896
0.353488922119
0.354691028595
0.330673933029
0.386748075485
0.349853992462
0.418570995331
0.360728025436
0.351561069489
0.407157182693
0.346371889114
0.33386182785
0.421896934509
0.37773680687
0.328197956085
0.4129550457
0.385771036148
0.365663051605
0.414132118225
0.328657150269
0.311944007874
0.333652973175
0.404381990433
0.427031040192
0.355137109756
0.395185947418
0.371082782745
0.36407995224
0.344556093216
0.39705991745
0.370579004288
0.3738489151
0.326630115509
0.326008796692
