0.294453859329
0.347887992859
0.339479207993
0.347650766373
0.381407022476
0.345323085785
0.364402770996
0.333910942078
0.340371131897
0.296823978424
0.324877023697
0.350399971008
0.309783935547
0.291630983353
0.331478118896
0.340800046921
0.260545969009
0.309627056122
0.352999925613
0.260215044022
0.288442850113
0.427420139313
0.346354961395
0.401029109955
0.385003805161
0.324767112732
0.336484193802
0.329978227615
0.294808149338
0.298862934113
0.322569131851
0.369187116623
0.284940004349
0.333482980728
0.344241857529
0.369407892227
0.249544858932
0.284177064896
0.304905176163
0.298825025558
0.333675861359
0.331641197205
0.285956144333
0.2914249897
0.294616937637
0.333635091782
0.346473932266
0.321038007736
0.305684089661
0.333707094193
0.361881017685
0.342837095261
0.339612007141
0.333702087402
0.318012952805
0.339768886566
0.251301050186
0.322741985321
0.353096008301
0.328382015228
0.24623799324
0.327254056931
0.323029994965
0.3112449646
0.37279009819
0.26758813858
0.256443023682
0.288110017776
0.2867000103
0.304558992386
0.345395088196
0.330747127533
0.306583881378
0.346229791641
0.323173999786
0.397134065628
0.277448892593
0.320917129517
0.279927015305
0.322215795517
0.331650018692
0.299339056015
0.306349039078
0.279592037201
0.284126996994
0.392409086227
0.304871082306
0.266159772873
0.369374036789
0.358505964279
0.272876977921
0.363044023514
0.407011985779
0.3724360466
0.340553998947
0.357353210449
0.347249984741
0.317288160324
0.343237876892
0.331473827362
0.47505903244
0.334989070892
0.306865930557
0.297399997711
0.298825025558
0.303124904633
0.386101961136
0.281672000885
0.367396831512
0.27388715744
0.355287075043
0.317643880844
0.290472984314
0.316914081573
0.324169158936
0.40944314003
0.303061962128
0.336735010147
0.267288923264
0.295866012573
0.283972024918
0.25509095192
0.290307998657
0.306030988693
0.293593168259
0.298963785172
0.282411813736
0.258144855499
0.402184009552
0.34649014473
0.309188842773
0.281877040863
0.294708013535
0.309005022049
0.319403171539
0.424129009247
0.338771820068
0.322041988373
0.307261943817
0.315442085266
0.337297916412
0.288239955902
0.339506149292
0.343677043915
0.309544801712
0.346856117249
0.35720705986
0.324563026428
0.328546047211
0.349859952927
0.316735982895
0.420977115631
0.388742923737
0.231253862381
0.318608045578
0.38471198082
0.365744113922
0.384999990463
0.395831108093
0.373062133789
0.357056856155
0.418776035309
0.314117908478
0.348121881485
0.385536909103
0.379798173904
0.29016494751
0.302765130997
0.297919988632
0.270689964294
0.336783885956
0.267395019531
0.306354045868
0.332803964615
0.298716068268
0.299097061157
0.30823302269
0.297204017639
0.338968038559
0.321546077728
0.234436035156
0.288478851318
0.322256088257
0.37366104126
0.338880062103
0.299108982086
0.393424987793
0.324088096619
0.366610050201
0.313367843628
0.294994115829
0.283041000366
0.339562892914
0.293138027191
0.402422904968
0.25526714325
0.367575883865
0.426758050919
0.385852098465
0.355288982391
0.336179971695
0.398202896118
0.469626188278
0.343529224396
0.412084102631
0.367951154709
0.327988147736
0.356016159058
0.350777864456
0.394086122513
0.333250999451
0.383388996124
0.365938186646
0.386151075363
0.38466501236
0.375102996826
0.333678007126
0.339739084244
0.367447137833
0.406352996826
0.368021011353
0.343920946121
0.38349199295
0.412709951401
0.356285095215
0.418673038483
0.417298078537
0.333594083786
0.412750005722
0.372906923294
0.358381032944
0.427794933319
0.356195926666
0.367425203323
0.440626144409
0.346893787384
0.337332010269
0.391760110855
0.365965843201
0.393892049789
0.327353954315
0.283133029938
0.34477686882
0.303644895554
0.26326417923
0.346669912338
0.389240026474
0.339022159576
0.357170820236
0.34442615509
0.353104114532
0.320654153824
0.315037965775
0.298301935196
0.257394075394
0.38915514946
0.223280906677
0.247992038727
0.202008962631
0.283356189728
0.236658096313
0.308271884918
0.327466964722
0.304333925247
0.30370092392
0.315217018127
0.293093919754
0.35604095459
0.460069179535
0.368762969971
0.306974887848
0.438300132751
0.321021080017
0.358303070068
0.354001998901
0.318200111389
0.315129995346
0.367162942886
0.298891067505
0.367588996887
0.360476970673
0.299358129501
0.390248060226
0.30234003067
0.318210840225
0.314163923264
0.395709991455
0.236093044281
0.335186958313
0.325580120087
0.337980985641
0.349944114685
0.325886011124
0.266891956329
0.388396024704
0.360954046249
0.31810092926
0.293624162674
0.267601013184
0.269819974899
0.337908029556
0.285924911499
0.39780497551
0.284931898117
0.302627801895
0.299165010452
0.343394994736
0.248687982559
0.314916849136
0.291163921356
0.206947088242
0.332579135895
0.32533288002
0.269023895264
0.415313005447
0.359143972397
0.364112138748
0.276169061661
0.320266962051
0.351230859756
0.448895931244
0.347676038742
0.338477134705
0.410849094391
0.355813026428
0.359727144241
0.309468984604
0.301315069199
0.346315145493
0.360180139542
0.379927873611
0.374751091003
0.340346097946
0.351248025894
0.341205120087
0.372209072113
0.349021196365
0.3137819767
0.261821985245
0.360296964645
0.341104030609
0.44469499588
0.430118083954
0.355044126511
0.385415077209
0.340507030487
0.432584047318
0.402060985565
0.391882181168
0.387773036957
0.416431188583
0.372226953506
0.356203079224
0.36797118187
0.37606883049
0.42459487915
0.384443998337
0.378010988235
0.447104930878
0.407397985458
0.348268985748
0.38304901123
0.379894018173
0.396403074265
0.44008398056
0.409748077393
0.297087907791
0.333266019821
0.300593852997
0.368697166443
0.385471105576
0.38090801239
0.376713991165
0.369745969772
0.421312093735
0.412245035172
0.375594139099
0.366823196411
0.253539085388
0.39323091507
0.358167886734
0.421527862549
0.367343187332
0.362211942673
0.365432977676
0.383641958237
0.444905996323
0.257653951645
0.352597951889
0.340293884277
0.324297904968
0.30526804924
0.310859203339
0.328788042068
0.221470117569
0.2579870224
0.380914926529
0.300711870193
0.266681909561
0.299350976944
0.310188055038
0.282544851303
0.305144786835
0.202898979187
0.245523929596
0.2635409832
0.237978935242
0.352689027786
0.291721105576
0.284108877182
0.230108976364
0.238739967346
0.268470048904
0.16458106041
0.224265813828
0.279835939407
0.270334005356
0.302776098251
0.333364963531
0.344122886658
0.307010889053
0.314587116241
0.375946044922
0.363695859909
0.31258392334
0.357336044312
0.384721040726
0.378859043121
0.375730037689
0.384162902832
0.399476051331
0.382094860077
0.297602176666
0.273773908615
0.325272798538
0.406775951385
0.423554182053
0.376566171646
0.35678601265
0.319705963135
0.333134889603
0.374417066574
0.347404003143
0.324697971344
0.396384954453
0.308067798615
0.373713970184
0.330868959427
0.332926034927
0.350508928299
0.358987092972
0.356585979462
0.302859067917
0.321482181549
0.324197053909
0.366492033005
0.375499010086
0.344173192978
0.378969907761
0.354215145111
0.371302127838
0.374947071075
0.360566854477
0.400107145309
0.324809074402
0.374311923981
0.381726026535
0.392280817032
0.369198083878
0.405743837357
0.387156009674
0.401065826416
0.443531990051
0.337997913361
0.397399187088
0.357331991196
0.357825994492
0.402826786041
0.36559009552
0.367961168289
0.363869905472
0.411581993103
0.442055940628
0.329070806503
0.39395403862
0.292233943939
0.421395778656
0.31130194664
0.370208024979
0.358536958694
