0.313014030457
0.293483018875
0.31600189209
0.318243026733
0.348002910614
0.299009084702
0.289479970932
0.249809026718
0.325542926788
0.288357019424
0.299345970154
0.318620920181
0.346440076828
0.281090974808
0.227313995361
0.308616876602
0.308952093124
0.289184093475
0.292115926743
0.318728208542
0.318197965622
0.345002174377
0.277857065201
0.27395606041
0.273098945618
0.280665874481
0.323744058609
0.242681980133
0.233626842499
0.261404037476
0.265267133713
0.270192861557
0.300821065903
0.285054922104
0.258352041245
0.269191980362
0.308679103851
0.319536924362
0.312162160873
0.295319080353
0.269528150558
0.263249158859
0.28422498703
0.31987118721
0.319802045822
0.341140985489
0.27695608139
0.264188051224
0.238434076309
0.2391269207
0.300838947296
0.280116081238
0.268689870834
0.339439868927
0.341339111328
0.297975063324
0.249497175217
0.276498794556
0.219383955002
0.301933050156
0.29194688797
0.281149864197
0.371172904968
0.306421995163
0.284007072449
0.32213306427
0.353954076767
0.253244876862
0.29879784584
0.313462018967
0.277796983719
0.307846069336
0.32979798317
0.316939115524
0.346467018127
0.299823999405
0.321954965591
0.299080848694
0.314213991165
0.391141891479
0.34530711174
0.327190876007
0.292527914047
0.299920082092
0.317240953445
0.255165815353
0.30489397049
0.30779504776
0.374747991562
0.317403078079
0.330583095551
0.291282176971
0.31561589241
0.377633810043
0.354473114014
0.387111902237
0.362528085709
0.356464862823
0.366799116135
0.382256031036
0.290188074112
0.353564977646
0.276719808578
0.318974971771
0.323731899261
0.249982118607
0.301717042923
0.251845121384
0.334047079086
0.238769054413
0.279653072357
0.249444007874
0.205981969833
0.276273012161
0.298079967499
0.20573091507
0.216114044189
0.182516098022
0.220169067383
0.205814123154
0.284894943237
0.246623039246
0.130146026611
0.177667140961
0.185202121735
0.161802053452
0.165361166
0.193917989731
0.226814031601
0.18653512001
0.221829891205
0.154553890228
0.189440965652
0.238746881485
0.235118865967
0.210931062698
0.206992149353
0.290081977844
0.279206991196
0.304052114487
0.361816883087
0.327636957169
0.294681072235
0.299481868744
0.36533498764
0.254247903824
0.295750141144
0.360108137131
0.26845908165
0.376566171646
0.276824951172
0.365401029587
0.28303194046
0.324325084686
0.32769203186
0.397840976715
0.344789028168
0.340461015701
0.362745046616
0.313569784164
0.299345016479
0.324647903442
0.37198805809
0.391360044479
0.417117834091
0.376399993896
0.367127180099
0.389113903046
0.328122138977
0.289762973785
0.286365032196
0.212052822113
0.290527820587
0.348584890366
0.363692045212
0.291150093079
0.250796079636
0.26792216301
0.314880132675
0.289744138718
0.283528804779
0.248215913773
0.289841890335
0.33421587944
0.292513847351
0.291563987732
0.348119974136
0.287796974182
0.266402959824
0.278824090958
0.277754068375
0.22537112236
0.230838060379
0.234601020813
0.253500938416
0.214807033539
0.234071969986
0.184376955032
0.205842018127
0.224004983902
0.247406959534
0.207056045532
0.219030857086
0.239507198334
0.306323051453
0.337045907974
0.342029094696
0.34703207016
0.39078783989
0.367178916931
0.34901714325
0.362324953079
0.353918790817
0.330648899078
0.333958864212
0.340663909912
0.351258993149
0.424661159515
0.341320991516
0.347148180008
0.345908880234
0.310847043991
0.372180938721
0.435163974762
0.433290958405
0.388527870178
0.397050142288
0.399661779404
0.339615106583
0.368618965149
0.396682977676
0.400889873505
0.298372983932
0.330405950546
0.292757034302
0.359962940216
0.297813892365
0.376314163208
0.323918819427
0.30957698822
0.300634145737
0.332341909409
0.355437040329
0.378681898117
0.325610160828
0.339282035828
0.369040966034
0.402952194214
0.315324068069
0.284962892532
0.363462924957
0.297840118408
0.327922105789
0.324591875076
0.232688903809
0.299124956131
0.311019897461
0.265691995621
0.315290927887
0.286836147308
0.300871133804
0.316951036453
0.287786960602
0.280037879944
0.274224042892
0.314335823059
0.308933973312
0.274907112122
0.322680950165
0.302122831345
0.254678964615
0.321931838989
0.259464025497
0.312095165253
0.274087905884
0.339839220047
0.303178787231
0.361135005951
0.428722143173
0.460464000702
0.338349103928
0.381355047226
0.297011137009
0.306837797165
0.472422122955
0.331078052521
0.390712022781
0.317977190018
0.350690126419
0.300909996033
0.322769165039
0.340126037598
0.322983026505
0.361953020096
0.291350126266
0.308765888214
0.314140796661
0.337263822556
0.41831612587
0.444346904755
0.437260866165
0.427001953125
0.446058988571
0.567056894302
0.491106987
0.457455873489
0.621198892593
0.541612148285
0.48503112793
0.506886959076
0.464167118073
0.434952974319
0.371731996536
0.382447004318
0.417509078979
0.389708995819
0.379956007004
0.442201137543
0.411741018295
0.493144989014
0.467294931412
0.490372180939
0.463783025742
0.454576015472
0.482996225357
0.464434862137
0.500348091125
0.396471977234
0.466044187546
0.431864976883
0.27019906044
0.496191978455
0.521684885025
0.493036985397
0.411478996277
0.499605178833
0.478175878525
0.31542801857
0.309994935989
0.364341020584
0.359559059143
0.388864040375
0.475650072098
0.445395946503
0.456768989563
0.483658075333
0.483589887619
0.43811583519
0.332998037338
0.387114048004
0.590616941452
0.447737932205
0.46240401268
0.458989858627
0.533997058868
0.523865938187
0.514141082764
0.39984703064
0.347398996353
0.363989830017
0.347026109695
0.35374212265
0.31648516655
0.371393918991
0.353629112244
0.337204933167
0.37305688858
0.343420982361
0.402825832367
0.350623130798
0.351027965546
0.412668943405
0.349561929703
0.381999015808
0.448251962662
0.344803094864
0.422144174576
0.408196926117
0.370656013489
0.411782979965
0.364681005478
0.373641967773
0.365803003311
0.312246084213
0.428499937057
0.309761047363
0.347322940826
0.294951915741
0.305397987366
0.387489080429
0.308660030365
0.318328142166
0.225589990616
0.284708976746
0.245185136795
0.301425933838
0.327434062958
0.299256086349
0.261315107346
0.294731855392
0.276772022247
0.280046224594
0.29488492012
0.236910820007
0.267591953278
0.27984380722
0.320500135422
0.248692989349
0.21227312088
0.199134111404
0.212429046631
0.256788015366
0.230163812637
0.182798147202
0.276651859283
0.293667793274
0.303709983826
0.305105924606
0.242900848389
0.291460990906
0.235412120819
0.330163955688
0.317879915237
0.319605827332
0.253099918365
0.314657926559
0.345473051071
0.349306106567
0.404316902161
0.409592866898
0.320177078247
0.338304042816
0.335645198822
0.34242606163
0.331433057785
0.397043943405
0.379349946976
0.344232082367
0.301598072052
0.338288068771
0.35795211792
0.356345891953
0.401401042938
0.318729877472
0.257182836533
0.313054084778
0.393507003784
0.291850090027
0.347218036652
0.343814849854
0.37243103981
0.397753953934
0.260751008987
0.32513999939
0.281497001648
0.378702163696
0.264115095139
0.296209096909
0.425323963165
0.291519880295
0.302860021591
0.370944023132
0.367834091187
0.371632814407
0.3324239254
0.380649089813
0.361440896988
0.31593298912
0.354197025299
0.284769773483
0.445795059204
0.389787912369
0.36131978035
0.374601125717
0.39298582077
0.36062002182
0.40024805069
0.280665159225
0.297636985779
0.403208971024
0.438756942749
0.450531005859
0.424910068512
0.360939979553
0.399740934372
0.336736917496
0.352989912033
0.368111848831
0.347064971924
0.333489179611
