0.246671915054
0.313522815704
0.343694925308
0.363658905029
0.37756896019
0.295635938644
0.312472105026
0.327368974686
0.31928896904
0.294919967651
0.316140890121
0.300050973892
0.26030087471
0.293401956558
0.328052043915
0.286721944809
0.337062835693
0.384824991226
0.269262075424
0.338618993759
0.337725162506
0.352257013321
0.334942102432
0.273746013641
0.338591098785
0.373131990433
0.265599966049
0.300915002823
0.371244907379
0.268121004105
0.258667945862
0.31171298027
0.179806947708
0.276935100555
0.321166038513
0.375697851181
0.357023954391
0.373589992523
0.241482973099
0.333117961884
0.310389995575
0.308893918991
0.320046901703
0.334490060806
0.347168922424
0.34494805336
0.316874027252
0.418186903
0.31107878685
0.333416223526
0.388062000275
0.384903907776
0.311343193054
0.35805606842
0.276596069336
0.356072902679
0.305461168289
0.276453018188
0.356568098068
0.341332912445
0.334169149399
0.375253200531
0.364525079727
0.336405992508
0.319010019302
0.404237985611
0.358089923859
0.26953792572
0.322277069092
0.301693916321
0.313051939011
0.336147069931
0.284005880356
0.426351070404
0.306189060211
0.253010034561
0.284353971481
0.358824968338
0.341933012009
0.302340984344
0.427737951279
0.32753610611
0.332551956177
0.328640937805
0.291431903839
0.331485033035
0.351812124252
0.34431886673
0.328522920609
0.321744918823
0.294171094894
0.324059009552
0.418288946152
0.313069105148
0.311430931091
0.367972135544
0.435988903046
0.355089902878
0.356711864471
0.39510679245
0.3252389431
0.324967861176
0.281289100647
0.264533042908
0.255482196808
0.265522003174
0.264333963394
0.214011907578
0.267790794373
0.196521043777
0.227453231812
0.23756480217
0.264811038971
0.249261856079
0.275223016739
0.209816932678
0.127835988998
0.240420818329
0.2627389431
0.210762023926
0.175122976303
0.198680877686
0.201191902161
0.178872823715
0.186239957809
0.224776983261
0.126708030701
0.208493947983
0.190429925919
0.207082033157
0.215276002884
0.285180091858
0.187216043472
0.199084997177
0.239443063736
0.229377985001
0.150010108948
0.207196950912
0.248275995255
0.239068031311
0.253787994385
0.207375049591
0.205582857132
0.198505878448
0.196111917496
0.240684986115
0.212028980255
0.196161985397
0.189954996109
0.243323087692
0.169843912125
0.203810930252
0.218690872192
0.191498994827
0.206294059753
0.15990281105
0.197275876999
0.219377994537
0.196012973785
0.105103969574
0.182294130325
0.177047967911
0.217893123627
0.201575994492
0.220738887787
0.330549001694
0.382369041443
0.351378917694
0.383544921875
0.302242040634
0.281642913818
0.30156493187
0.260699987411
0.264384031296
0.27919793129
0.286520004272
0.314453125
0.303153038025
0.288686037064
0.225111961365
0.191303014755
0.201533079147
0.20830821991
0.26346206665
0.250401973724
0.214154958725
0.237678050995
0.223546981812
0.232521057129
0.234675168991
0.241343975067
0.266258001328
0.201287031174
0.268805980682
0.195385932922
0.24152302742
0.214200019836
0.211540937424
0.214395046234
0.227014064789
0.169211149216
0.209029912949
0.229943990707
0.185611009598
0.267494916916
0.212244987488
0.218333005905
0.3245241642
0.369160175323
0.412277936935
0.401839971542
0.35095000267
0.342461109161
0.290317773819
0.333965063095
0.315312862396
0.338329076767
0.356508016586
0.352166891098
0.359146118164
0.362137794495
0.348039150238
0.342772960663
0.317328929901
0.356864929199
0.307749032974
0.444275856018
0.321243047714
0.305243968964
0.369079828262
0.363543987274
0.394227981567
0.313030958176
0.343076944351
0.357524871826
0.349305868149
0.364645957947
0.341421127319
0.375155925751
0.308090925217
0.362848997116
0.425025939941
0.32687497139
0.341150045395
0.292741775513
0.344278097153
0.379276990891
0.339239120483
0.372787952423
0.404061794281
0.324499845505
0.34639787674
0.369312047958
0.337813138962
0.403734207153
0.277008056641
0.264272928238
0.297169923782
0.242493152618
0.248080015182
0.211570978165
0.23290514946
0.239758014679
0.230932950974
0.227014064789
0.212755918503
0.236680984497
0.220820903778
0.197494983673
0.262116909027
0.21867609024
0.280436038971
0.275282144547
0.27251291275
0.22505903244
0.267036914825
0.264978885651
0.276542901993
0.290144920349
0.29638004303
0.338490962982
0.316507101059
0.227976083755
0.378710031509
0.375127077103
0.364144802094
0.339204072952
0.315408945084
0.299643993378
0.375095844269
0.397474050522
0.368048906326
0.263807058334
0.331085920334
0.351176977158
0.375804185867
0.321757793427
0.260235071182
0.331736087799
0.328660011292
0.287518024445
0.366411924362
0.35527920723
0.388445138931
0.356168985367
0.35716509819
0.38930606842
0.280852079391
0.285090923309
0.362167835236
0.312087059021
0.331874847412
0.296287059784
0.337728023529
0.355357170105
0.308344125748
0.369443893433
0.33841919899
0.31675195694
0.315293073654
0.289548158646
0.263427972794
0.257061004639
0.279794216156
0.327372074127
0.304986953735
0.273277997971
0.355281114578
0.314961194992
0.350167989731
0.35550403595
0.347291946411
0.37006187439
0.325477838516
0.358699083328
0.260426998138
0.305427074432
0.338734149933
0.333523035049
0.36057806015
0.354130983353
0.403920888901
0.340142965317
0.334089040756
0.314019918442
0.292573928833
0.373716115952
0.385637998581
0.36262512207
0.362983942032
0.327711820602
0.344274997711
0.344084978104
0.356234073639
0.295464038849
0.283569097519
0.419255018234
0.346849918365
0.341460943222
0.307980775833
0.389477968216
0.306166887283
0.389873027802
0.409144878387
0.370813846588
0.422973155975
0.375295877457
0.333164930344
0.346389055252
0.413188934326
0.39236998558
0.403212070465
0.404865980148
0.410688877106
0.46209192276
0.35569691658
0.400640964508
0.349586963654
0.417973041534
0.39172911644
0.369580030441
0.390976905823
0.438807964325
0.325982093811
0.390903949738
0.378583908081
0.355882167816
0.377549171448
0.371999025345
0.429152965546
0.331140041351
0.328841924667
0.377604007721
0.295423030853
0.392361879349
0.231539011002
0.372310161591
0.332715988159
0.331938028336
0.433968067169
0.332859039307
0.359750032425
0.388643980026
0.362026929855
0.384949207306
0.317764043808
0.33157992363
0.367078065872
0.213741064072
0.352316141129
0.35117316246
0.305316925049
0.316398143768
0.239515066147
0.248388051987
0.341840028763
0.358093976974
0.323366165161
0.328367948532
0.273582935333
0.259129047394
0.265471935272
0.298356771469
0.270370006561
0.267009019852
0.2956199646
0.255119085312
0.280757904053
0.265350103378
0.273788928986
0.242063999176
0.243796110153
0.254575967789
0.283056020737
0.294605970383
0.306683063507
0.326054811478
0.326654911041
0.332401990891
0.343682050705
0.285941839218
0.37669801712
0.203034877777
0.286498069763
0.318317890167
0.322664022446
0.337507009506
0.36456489563
0.389867067337
0.328923940659
0.31387090683
0.407640218735
0.250020980835
0.293648004532
0.277334928513
0.377727985382
0.350997924805
0.327112913132
0.391844987869
0.352082014084
0.434808015823
0.312026023865
0.395737886429
0.273168087006
0.309147119522
0.35818696022
0.252487897873
0.312719106674
0.295654058456
0.354162931442
0.260570049286
0.318440914154
0.345685958862
0.285886049271
0.314564943314
0.315077781677
0.368646144867
0.286072969437
0.359038114548
0.376180887222
0.301799058914
0.302453994751
0.40406703949
0.41504907608
0.448372840881
0.386870861053
0.386363983154
0.415683031082
0.43745803833
0.372418880463
0.38227891922
0.376649856567
0.363802909851
0.37366104126
0.425442934036
0.357214927673
0.25665307045
0.354933977127
0.423369884491
0.371411085129
0.361860990524
0.391319036484
0.450701951981
0.371999979019
0.375963926315
0.336652994156
0.474430799484
0.337825059891
0.401368141174
0.338726997375
