0.315805912018
0.328606128693
0.29435300827
0.319127082825
0.303113222122
0.314408063889
0.320281982422
0.268257856369
0.263197898865
0.336858987808
0.340312957764
0.249452114105
0.301638126373
0.306243896484
0.326797962189
0.287154912949
0.325707912445
0.296031951904
0.244103908539
0.316401958466
0.258641004562
0.256530046463
0.263766050339
0.255044937134
0.278218984604
0.295909881592
0.27937912941
0.269874095917
0.253597974777
0.300070047379
0.302178859711
0.269593000412
0.317215204239
0.263324975967
0.347523212433
0.320775985718
0.271467924118
0.319893121719
0.291193962097
0.186794996262
0.227857112885
0.23160815239
0.254476070404
0.265229940414
0.225695848465
0.275540828705
0.299947977066
0.353167057037
0.300237894058
0.321977853775
0.226809978485
0.255326986313
0.262289047241
0.199477910995
0.249599933624
0.21853518486
0.250784873962
0.329077005386
0.258134126663
0.273396015167
0.285423994064
0.295441865921
0.289537906647
0.317004919052
0.347535133362
0.239603996277
0.317325115204
0.310913085938
0.30620598793
0.359472036362
0.282828807831
0.205724000931
0.247063875198
0.283127069473
0.333535909653
0.303333997726
0.242606878281
0.325757026672
0.220623970032
0.305592060089
0.275116205215
0.241932868958
0.298293113708
0.244392156601
0.356993913651
0.268688201904
0.297055959702
0.261914968491
0.232506990433
0.279278039932
0.286729097366
0.27787399292
0.292966127396
0.293576955795
0.269855976105
0.278874874115
0.344300985336
0.27795290947
0.361418008804
0.340339899063
0.254892110825
0.294643163681
0.345955133438
0.282498836517
0.349755048752
0.316507816315
0.309690952301
0.294182062149
0.288625001907
0.266080141068
0.320510864258
0.280575990677
0.270116090775
0.222869873047
0.204434871674
0.256277084351
0.222806930542
0.263880968094
0.233419179916
0.215536117554
0.216222047806
0.209418058395
0.241873979568
0.149861097336
0.172009944916
0.170913219452
0.202572107315
0.213771820068
0.117891073227
0.14662694931
0.162137985229
0.193305969238
0.139137029648
0.199584960938
0.213066101074
0.20249915123
0.196431159973
0.165284156799
0.188130140305
0.216912984848
0.265371084213
0.31355381012
0.298609972
0.274321079254
0.34015583992
0.307535886765
0.338428020477
0.288943052292
0.430526018143
0.283050060272
0.262408018112
0.314210176468
0.342430114746
0.24870300293
0.299721002579
0.363481998444
0.304426908493
0.384030103683
0.225270032883
0.233733892441
0.241046905518
0.231519937515
0.21170592308
0.317750930786
0.324889183044
0.21977686882
0.199671983719
0.285274982452
0.391381978989
0.245497941971
0.35391998291
0.319869995117
0.259808063507
0.373164892197
0.329839944839
0.419189929962
0.275933980942
0.28164601326
0.249024152756
0.289904117584
0.184930086136
0.239805221558
0.223187923431
0.237878084183
0.239227056503
0.238229990005
0.274248838425
0.262847185135
0.251972913742
0.296336174011
0.321308135986
0.28235912323
0.283266067505
0.225365877151
0.246634960175
0.187344074249
0.251486063004
0.196990966797
0.24884390831
0.230417966843
0.152625083923
0.245069026947
0.245640993118
0.232939958572
0.234288215637
0.284578084946
0.247010946274
0.265774011612
0.199763059616
0.287356853485
0.314925193787
0.25653886795
0.267946004868
0.361320972443
0.370089769363
0.428893089294
0.333697795868
0.345788955688
0.428097963333
0.380513191223
0.322331905365
0.261554002762
0.29623913765
0.371207952499
0.337866067886
0.333549022675
0.280117988586
0.313460826874
0.349500179291
0.314641952515
0.331218004227
0.345826864243
0.314376115799
0.382313013077
0.321444034576
0.344605207443
0.396867036819
0.309116125107
0.375211000443
0.374375104904
0.411080121994
0.290665149689
0.339300870895
0.351418972015
0.351593017578
0.338937044144
0.375784873962
0.34192109108
0.421424150467
0.375746011734
0.347167015076
0.224936008453
0.364804029465
0.348915100098
0.365747928619
0.340373039246
0.394654989243
0.360524177551
0.375452041626
0.358569860458
0.345365047455
0.363919019699
0.332267045975
0.336081981659
0.275051116943
0.312567949295
0.218676805496
0.209582090378
0.20102596283
0.247552871704
0.257628917694
0.242036104202
0.248292207718
0.232512950897
0.222342967987
0.220725059509
0.226190805435
0.255872964859
0.18073797226
0.2208070755
0.234466075897
0.247802019119
0.281133174896
0.245455026627
0.261615037918
0.237999916077
0.232567071915
0.295125007629
0.242709875107
0.303766012192
0.424865961075
0.34376001358
0.405626058578
0.369845867157
0.283889055252
0.343745946884
0.317743062973
0.335845947266
0.337777853012
0.304278850555
0.31742477417
0.378289937973
0.404242038727
0.312360048294
0.37272810936
0.369939804077
0.326797008514
0.301378011703
0.328048944473
0.347193956375
0.334403991699
0.365434885025
0.368001937866
0.362295150757
0.362128019333
0.323284864426
0.385751962662
0.323009967804
0.326700925827
0.360682010651
0.373241186142
0.311325073242
0.28802895546
0.285488128662
0.284341096878
0.292407035828
0.282297849655
0.251481056213
0.328387975693
0.358170986176
0.276109933853
0.289952039719
0.273065090179
0.261438131332
0.383530139923
0.370670080185
0.282692909241
0.219765901566
0.342615127563
0.351139783859
0.268748998642
0.264500141144
0.211543798447
0.33719086647
0.379973888397
0.318273067474
0.355314970016
0.360008001328
0.304269075394
0.321402072906
0.29282283783
0.301723957062
0.358042001724
0.362796068192
0.316153049469
0.316401004791
0.344297885895
0.279847145081
0.321285009384
0.347985029221
0.252096891403
0.274034023285
0.314429044724
0.349858045578
0.317162036896
0.403301954269
0.377192974091
0.37809920311
0.261555194855
0.289725065231
0.349653959274
0.352218866348
0.338995933533
0.376748085022
0.320347070694
0.362555027008
0.382260799408
0.311680078506
0.368901968002
0.35037112236
0.375293970108
0.33624792099
0.367429018021
0.369545936584
0.300127983093
0.329885959625
0.324071884155
0.440148830414
0.401845932007
0.308330059052
0.32261300087
0.350297927856
0.322762012482
0.34297990799
0.286842107773
0.382112979889
0.387148141861
0.396056890488
0.367587804794
0.382390975952
0.362059831619
0.389495849609
0.341337203979
0.443226099014
0.265798807144
0.265033960342
0.298422813416
0.318223953247
0.364454984665
0.343245983124
0.291140079498
0.384807825089
0.317229032516
0.322261810303
0.357486963272
0.356634140015
0.311809062958
0.302314996719
0.333935976028
0.315298080444
0.394737005234
0.337963819504
0.23978805542
0.208168029785
0.281513929367
0.311331987381
0.346422195435
0.278509140015
0.282499790192
0.240964174271
0.27983212471
0.253393173218
0.250522136688
0.276607990265
0.235476970673
0.251374959946
0.254269838333
0.289744138718
0.195038795471
0.222597122192
0.181572914124
0.221339941025
0.185052871704
0.251638889313
0.205168962479
0.283339977264
0.307446956635
0.290822982788
0.396652936935
0.246833086014
0.267607927322
0.309478998184
0.313050031662
0.287802934647
0.324159145355
0.225915193558
0.354851007462
0.421781778336
0.361611127853
0.399574995041
0.368352890015
0.333374977112
0.343917131424
0.35292506218
0.308407068253
0.32689499855
0.350534915924
0.388453960419
0.329425096512
0.362998962402
0.337850093842
0.320439815521
0.319398880005
0.334692955017
0.336185932159
0.355326890945
0.327531814575
0.326280117035
0.358135938644
0.347326040268
0.23291516304
0.297588825226
0.325922966003
0.255343914032
0.289045095444
0.280882835388
0.264528036118
0.316330194473
0.332922935486
0.331445932388
0.330476045609
0.37566614151
0.326587915421
0.328498125076
0.351516008377
0.339432954788
0.33035993576
0.372268915176
0.393815040588
0.343225002289
0.354341983795
0.298567056656
0.313272953033
0.302989006042
0.374130964279
0.36639213562
0.367592096329
0.325976848602
0.391820907593
0.418992996216
0.339520215988
0.347267150879
0.32811498642
0.349055051804
0.315825939178
0.404778003693
0.252316951752
0.309588909149
0.314501047134
0.344826936722
0.308155059814
0.403300046921
0.403248071671
