0.368717908859
0.324873209
0.306007862091
0.358937978745
0.311740875244
0.295036077499
0.365298986435
0.262293100357
0.31334900856
0.321411848068
0.350383996964
0.320888996124
0.297521829605
0.290712833405
0.309418916702
0.37370800972
0.327044010162
0.420518875122
0.286714076996
0.284005880356
0.329392910004
0.292042016983
0.34116601944
0.336674213409
0.266157865524
0.284050941467
0.283040046692
0.344420909882
0.330525875092
0.355355978012
0.355023860931
0.362189054489
0.290354967117
0.355226993561
0.258088111877
0.256942987442
0.292111873627
0.32479596138
0.285528898239
0.328070163727
0.267697811127
0.345832109451
0.324128866196
0.316221952438
0.250926971436
0.286064147949
0.392143011093
0.329167842865
0.289250135422
0.292989969254
0.327865123749
0.340377092361
0.29413318634
0.363445043564
0.31760597229
0.223435878754
0.310792922974
0.351328134537
0.375406980515
0.270900964737
0.344851016998
0.356081962585
0.286534070969
0.3331990242
0.327418088913
0.402194023132
0.317811012268
0.321604013443
0.386427879333
0.346759080887
0.347816944122
0.345477819443
0.363853931427
0.299014091492
0.298271894455
0.342893123627
0.336626052856
0.33501291275
0.365222930908
0.368485927582
0.355700969696
0.368362903595
0.321399927139
0.260668039322
0.360406160355
0.294221878052
0.337434053421
0.391723155975
0.331624031067
0.322791814804
0.35364818573
0.35567688942
0.327641010284
0.379779100418
0.337671995163
0.429677963257
0.368279933929
0.396014928818
0.382494926453
0.367913007736
0.353703975677
0.365163087845
0.33909201622
0.352854967117
0.411057949066
0.319833040237
0.333906888962
0.312342882156
0.290189981461
0.293018817902
0.352524995804
0.337916851044
0.29434800148
0.262428998947
0.281517982483
0.325767040253
0.342709064484
0.22336602211
0.276653051376
0.281033039093
0.324213027954
0.239813804626
0.300633907318
0.287698984146
0.375069141388
0.381594896317
0.365589141846
0.338903903961
0.355175971985
0.338385105133
0.338143110275
0.325394868851
0.355804920197
0.320561170578
0.385014057159
0.418471813202
0.348539829254
0.309569120407
0.323156118393
0.335588932037
0.261371135712
0.268643140793
0.332281112671
0.432924032211
0.339833974838
0.351746082306
0.358453989029
0.294125080109
0.411633968353
0.367421150208
0.332054138184
0.325943946838
0.311023950577
0.392359018326
0.319229841232
0.349889993668
0.41677904129
0.309131145477
0.285710096359
0.442790031433
0.352546930313
0.339470148087
0.298365116119
0.323529958725
0.268012046814
0.323908805847
0.266583919525
0.225334882736
0.29983997345
0.258225917816
0.269875049591
0.314300060272
0.260964155197
0.314376115799
0.345708847046
0.31368303299
0.289144992828
0.317899942398
0.271776914597
0.321091175079
0.394863128662
0.291282176971
0.346202135086
0.315263986588
0.285447120667
0.261351823807
0.309679031372
0.359539985657
0.294016122818
0.271681070328
0.300292015076
0.310702085495
0.27400803566
0.318838119507
0.212687015533
0.350442171097
0.354491949081
0.345175027847
0.317305088043
0.359442949295
0.391800880432
0.347375869751
0.349874019623
0.322470188141
0.384812116623
0.43017411232
0.302882909775
0.492146015167
0.293824195862
0.423262119293
0.450135946274
0.319036006927
0.359206914902
0.415930986404
0.326359987259
0.395519971848
0.314735889435
0.422580957413
0.335097074509
0.44691991806
0.387835979462
0.397966861725
0.392494916916
0.327820062637
0.355792999268
0.374377012253
0.389820098877
0.361532211304
0.374573945999
0.439296007156
0.34333896637
0.415438175201
0.345468044281
0.295001983643
0.310303926468
0.325536966324
0.416447162628
0.445777893066
0.309453010559
0.403928041458
0.373715877533
0.295804023743
0.338074922562
0.362396001816
0.341031074524
0.263253927231
0.278230905533
0.320775985718
0.304551124573
0.287790060043
0.371201038361
0.277334928513
0.312212944031
0.332068920135
0.287075996399
0.28821516037
0.265643119812
0.185115098953
0.307965993881
0.283864021301
0.305279016495
0.303658008575
0.283197164536
0.321020126343
0.340416193008
0.285932064056
0.288946151733
0.339023828506
0.401089906693
0.348175048828
0.362917900085
0.371243953705
0.340147018433
0.3657579422
0.336524963379
0.363976955414
0.34267282486
0.395627975464
0.368030071259
0.37023806572
0.453544855118
0.317188978195
0.311802864075
0.438335895538
0.283244132996
0.309229850769
0.329380989075
0.373507976532
0.315646886826
0.326653957367
0.380449056625
0.323581933975
0.313946962357
0.309890985489
0.322017908096
0.350810050964
0.314162015915
0.343211889267
0.319313049316
0.303410053253
0.308465957642
0.309896945953
0.32778096199
0.342606067657
0.286681890488
0.323729038239
0.334562063217
0.320840120316
0.293133020401
0.25685095787
0.293751001358
0.285931825638
0.318039894104
0.319692134857
0.351285934448
0.31787109375
0.383279085159
0.323312997818
0.327829122543
0.298490047455
0.307592868805
0.390181064606
0.491177797318
0.329463005066
0.40588593483
0.470484972
0.324373006821
0.318489074707
0.339236021042
0.397291898727
0.383713006973
0.379729986191
0.405292987823
0.328361034393
0.32804107666
0.368149995804
0.357120037079
0.340788125992
0.318319797516
0.285951852798
0.303868055344
0.315464019775
0.352750778198
0.348447799683
0.403252124786
0.339252948761
0.316754817963
0.357270956039
0.358024835587
0.35347700119
0.368576049805
0.454105854034
0.376926898956
0.393471002579
0.36616897583
0.377665996552
0.400762081146
0.37136888504
0.288613080978
0.397933006287
0.330601215363
0.366696119308
0.388488054276
0.354010105133
0.36446595192
0.484148025513
0.418323993683
0.297147035599
0.394214868546
0.320783853531
0.480496168137
0.354462862015
0.387274026871
0.377682924271
0.428457975388
0.338428020477
0.342236042023
0.408079147339
0.4338991642
0.311838150024
0.349191904068
0.350438833237
0.359037160873
0.412145137787
0.366421937943
0.34955906868
0.354032039642
0.360730171204
0.286115884781
0.355217933655
0.3721139431
0.321642875671
0.346421957016
0.326369047165
0.317279100418
0.255472898483
0.203697919846
0.294075965881
0.285716056824
0.280874967575
0.311789989471
0.340773105621
0.27364397049
0.262382030487
0.279541969299
0.20608496666
0.250118970871
0.224179983139
0.209427118301
0.264712095261
0.220508098602
0.279330968857
0.214548110962
0.218065977097
0.218178987503
0.177809000015
0.257527112961
0.220602989197
0.241277933121
0.305619955063
0.243165016174
0.270261049271
0.25757598877
0.306092023849
0.259608030319
0.341199874878
0.293462991714
0.265609025955
0.324681043625
0.31795501709
0.391316890717
0.362591981888
0.403081893921
0.273646116257
0.276124954224
0.354907989502
0.339318990707
0.37962603569
0.371917963028
0.472222089767
0.342954874039
0.398932218552
0.421153068542
0.324383020401
0.302794218063
0.348791837692
0.310965061188
0.315542936325
0.286801099777
0.275136947632
0.321272134781
0.315841913223
0.323305130005
0.282335996628
0.330180168152
0.270534992218
0.317086935043
0.341352939606
0.397891044617
0.340029001236
0.365653991699
0.401397943497
0.298569917679
0.339774131775
0.395663022995
0.339867115021
0.347476005554
0.333595991135
0.366385936737
0.390101194382
0.33364200592
0.349880933762
0.364306926727
0.347321033478
0.361107826233
0.389634132385
0.411834001541
0.362442970276
0.356081008911
0.390300989151
0.369286060333
0.361827135086
0.391026973724
0.413078069687
0.402327060699
0.409301996231
0.444834947586
0.340271949768
0.368057012558
0.39470410347
0.421879053116
0.386729001999
0.329607963562
