0.271302938461
0.31275510788
0.235611915588
0.209959030151
0.290827035904
0.227037906647
0.297193050385
0.288213014603
0.269396066666
0.373974084854
0.260678052902
0.26330780983
0.321007966995
0.269962072372
0.225677967072
0.29106092453
0.272282838821
0.233460903168
0.374736070633
0.227388143539
0.266647815704
0.228250980377
0.313184022903
0.330580949783
0.27555513382
0.307161092758
0.284626960754
0.292487859726
0.342789888382
0.322474956512
0.250912904739
0.261656999588
0.235231161118
0.265996932983
0.28929400444
0.291033029556
0.277286052704
0.250311136246
0.288643836975
0.297485113144
0.312012910843
0.282793998718
0.253659963608
0.32431101799
0.301229000092
0.228397846222
0.319000959396
0.253942012787
0.338531017303
0.309735059738
0.245272874832
0.281640052795
0.312294960022
0.311891078949
0.333271026611
0.249083995819
0.330790996552
0.219644069672
0.280833959579
0.331817865372
0.296324968338
0.280820846558
0.289021968842
0.317255973816
0.278453111649
0.28000497818
0.263049125671
0.307301998138
0.306643009186
0.247980117798
0.284176826477
0.253358125687
0.282941102982
0.259851932526
0.237225055695
0.248683929443
0.332188129425
0.274041891098
0.299034118652
0.275626897812
0.266536951065
0.34247303009
0.275379896164
0.261873960495
0.278220891953
0.261312961578
0.30020904541
0.319397211075
0.311883211136
0.325466156006
0.304523944855
0.236984968185
0.288639068604
0.25759601593
0.247866868973
0.190222024918
0.260802984238
0.331172943115
0.294551134109
0.330058097839
0.356113910675
0.31786108017
0.317627191544
0.393996953964
0.379842996597
0.327539920807
0.392968893051
0.319570064545
0.324079036713
0.439799070358
0.300343990326
0.371813058853
0.25040102005
0.247941970825
0.297214984894
0.195737123489
0.217828035355
0.280080080032
0.203663110733
0.188853025436
0.246881008148
0.212118864059
0.308975934982
0.307951211929
0.303351163864
0.275254964828
0.243881940842
0.162892103195
0.187858104706
0.144501924515
0.16860294342
0.162701845169
0.184840917587
0.174788951874
0.157361030579
0.19437789917
0.21400308609
0.194337844849
0.175992965698
0.216646909714
0.276350021362
0.295020103455
0.342717170715
0.303617954254
0.306730031967
0.255699872971
0.564158916473
0.325302124023
0.291418075562
0.319540977478
0.263787031174
0.318686962128
0.274241924286
0.207431077957
0.341389894485
0.380073070526
0.35467505455
0.325685977936
0.328731060028
0.296979904175
0.32021689415
0.376019001007
0.250897884369
0.187174797058
0.253190040588
0.256519794464
0.323797941208
0.365316867828
0.345591068268
0.419658899307
0.241143941879
0.363389015198
0.400628089905
0.34308719635
0.27016711235
0.186596155167
0.283383846283
0.20610499382
0.283781051636
0.284390926361
0.242934942245
0.257735967636
0.294955968857
0.277307033539
0.298762083054
0.243077993393
0.203911066055
0.23481798172
0.252845048904
0.200662851334
0.281934022903
0.25922703743
0.266134023666
0.275449991226
0.207013130188
0.240127086639
0.234611988068
0.296612977982
0.305891990662
0.262180089951
0.313946008682
0.335922002792
0.254443883896
0.209124088287
0.319996833801
0.254060029984
0.264365911484
0.292484998703
0.261524915695
0.233898878098
0.300306081772
0.296210050583
0.407555103302
0.418426036835
0.355772018433
0.354173183441
0.405079126358
0.364521026611
0.338824987411
0.31262087822
0.384229898453
0.379563808441
0.363030910492
0.312824964523
0.362833023071
0.304814100266
0.331670045853
0.43267416954
0.387062072754
0.396432876587
0.360864877701
0.382477045059
0.394361019135
0.33503818512
0.323410987854
0.342177152634
0.360931873322
0.372067928314
0.349718093872
0.324136972427
0.309689998627
0.376544952393
0.360851049423
0.327696800232
0.358189105988
0.368636131287
0.312428951263
0.298247098923
0.255427837372
0.26016998291
0.373633146286
0.311501026154
0.337593078613
0.336817979813
0.388750076294
0.334665060043
0.271384000778
0.357383966446
0.283442974091
0.321593999863
0.270220041275
0.248053073883
0.248835802078
0.167224884033
0.198404073715
0.240787029266
0.250069856644
0.20895409584
0.186007976532
0.241217136383
0.196615934372
0.215569972992
0.176182031631
0.18766283989
0.208945989609
0.227242946625
0.239151954651
0.2033598423
0.223038911819
0.244505882263
0.171847820282
0.239798069
0.20950293541
0.242923021317
0.256635189056
0.285129070282
0.269963979721
0.282877922058
0.334302902222
0.417567968369
0.3185338974
0.299692869186
0.340727090836
0.333134889603
0.395181894302
0.345606088638
0.334354162216
0.292992830276
0.317671060562
0.311655044556
0.341006040573
0.365967988968
0.364598035812
0.319128990173
0.316241025925
0.334890127182
0.350969076157
0.322647809982
0.435684919357
0.320953845978
0.29154086113
0.34414601326
0.343535900116
0.36238193512
0.313320875168
0.300785064697
0.367093086243
0.263360023499
0.320569992065
0.341007947922
0.297202110291
0.287724018097
0.28954911232
0.299868822098
0.311146974564
0.231886148453
0.336246013641
0.310966014862
0.24610710144
0.302414178848
0.217726945877
0.296454191208
0.217778921127
0.261676073074
0.312429904938
0.358195066452
0.321849107742
0.335085868835
0.357825994492
0.344925165176
0.269184112549
0.323146820068
0.275868177414
0.358471870422
0.309144020081
0.397475004196
0.364198923111
0.325177192688
0.343116998672
0.301273822784
0.356573104858
0.452487945557
0.343852996826
0.361613035202
0.424087047577
0.337063074112
0.338392019272
0.271075963974
0.296012163162
0.314048051834
0.296275854111
0.351686000824
0.276640176773
0.361625909805
0.306148052216
0.343019962311
0.38004899025
0.309644937515
0.324669122696
0.373219966888
0.345813989639
0.337589979172
0.320087909698
0.419946908951
0.304003953934
0.358675956726
0.359233856201
0.372533082962
0.333149909973
0.346025943756
0.389894008636
0.371726989746
0.358868122101
0.369754076004
0.389121055603
0.45143198967
0.37445306778
0.339213132858
0.283542871475
0.348189115524
0.334683895111
0.341521978378
0.385875940323
0.262851953506
0.257391929626
0.368703842163
0.330009222031
0.427120923996
0.331215143204
0.41761302948
0.349517822266
0.373121023178
0.425937891006
0.165509939194
0.293699026108
0.247293949127
0.308022975922
0.370254039764
0.340373039246
0.351520061493
0.340817928314
0.380170106888
0.349034070969
0.334985971451
0.31419801712
0.31007194519
0.362468957901
0.190089941025
0.290992975235
0.399634122849
0.35273194313
0.340013027191
0.195850133896
0.257812023163
0.356607913971
0.3026471138
0.305032968521
0.314100027084
0.321106910706
0.297508001328
0.24186706543
0.283806085587
0.243330001831
0.262911081314
0.220942020416
0.282085895538
0.280770778656
0.305778980255
0.272013902664
0.343585014343
0.289453029633
0.254782915115
0.216087818146
0.356355190277
0.305290937424
0.323886871338
0.236845016479
0.256996154785
0.188094139099
0.242301940918
0.296802043915
0.362297058105
0.298645973206
0.325647115707
0.337614059448
0.388651132584
0.330945014954
0.340188026428
0.341420888901
0.401921987534
0.33998298645
0.335598945618
0.305727005005
0.332480192184
0.37260723114
0.398645877838
0.372084140778
0.370814085007
0.369755029678
0.358361005783
0.332205057144
0.350909948349
0.283228158951
0.273689985275
0.290311098099
0.316589832306
0.302002906799
0.339492797852
0.286791086197
0.307399988174
0.324120044708
0.244178056717
0.274403095245
0.265031099319
0.212778091431
0.257442951202
0.247967004776
0.277712106705
0.231120109558
0.26601600647
0.262495994568
0.279792070389
0.301393985748
0.342298030853
0.308771848679
0.360508918762
0.312060832977
0.366487026215
0.313130140305
0.38547205925
0.333611011505
0.375212907791
0.35196185112
0.337918996811
0.386789798737
0.387662887573
0.306128025055
0.337637901306
0.379018068314
0.374141931534
0.400030136108
0.378050088882
0.376101016998
0.377403974533
0.279722929001
0.390855073929
0.278245925903
0.330077171326
0.388189077377
0.318701982498
0.360645055771
0.33726811409
0.379731178284
