0.328466892242
0.304462909698
0.33108997345
0.346675872803
0.34979391098
0.35956287384
0.291966915131
0.262818098068
0.285399198532
0.266180992126
0.353849887848
0.3139128685
0.344233036041
0.35834980011
0.339679956436
0.336012840271
0.281558990479
0.343259811401
0.294145107269
0.323401212692
0.252332925797
0.301393032074
0.318429946899
0.33371591568
0.279081106186
0.293589830399
0.286940097809
0.324436903
0.301271915436
0.345901966095
0.291355133057
0.320983886719
0.404878854752
0.268892049789
0.324348926544
0.297591924667
0.358362913132
0.277923107147
0.30749297142
0.291955947876
0.280246019363
0.315952062607
0.377352952957
0.312607049942
0.343225002289
0.326152086258
0.308393001556
0.334523916245
0.315177202225
0.302213907242
0.246412992477
0.343538999557
0.266084909439
0.254321098328
0.27835392952
0.328368902206
0.314812898636
0.32084608078
0.305222034454
0.29185795784
0.312623023987
0.294260978699
0.292783021927
0.296789884567
0.302500009537
0.319032907486
0.268141031265
0.409489870071
0.32336306572
0.27494096756
0.29860496521
0.301301002502
0.35039305687
0.310513019562
0.325040102005
0.351076841354
0.2955930233
0.323531150818
0.265254974365
0.276142120361
0.298252820969
0.401341915131
0.327908039093
0.279306173325
0.27787399292
0.300341129303
0.31716799736
0.350636959076
0.346768140793
0.296451091766
0.321445941925
0.342570066452
0.274981021881
0.35921216011
0.381185054779
0.394603013992
0.319498062134
0.333872079849
0.323863983154
0.354538202286
0.383441925049
0.318916082382
0.367211103439
0.355319023132
0.347150087357
0.277222156525
0.210534095764
0.285466909409
0.295318841934
0.235064029694
0.227986097336
0.23331618309
0.193030118942
0.180747032166
0.192718029022
0.203249931335
0.187772989273
0.196999073029
0.212242841721
0.147545099258
0.239099979401
0.209712028503
0.224204063416
0.182961940765
0.16597700119
0.103349924088
0.158028125763
0.132635116577
0.198301076889
0.183869838715
0.183463811874
0.204007863998
0.233021020889
0.238215923309
0.164002895355
0.229080915451
0.284873962402
0.327010154724
0.278324842453
0.320900917053
0.289622068405
0.301559925079
0.303421020508
0.382196187973
0.360190868378
0.346333026886
0.323884963989
0.26407790184
0.294959068298
0.311807870865
0.314805030823
0.347311973572
0.3378469944
0.331249952316
0.328227043152
0.353519916534
0.341566085815
0.299246072769
0.303233861923
0.394143104553
0.382390975952
0.343913078308
0.394654989243
0.336984872818
0.323301792145
0.244701147079
0.381689786911
0.310911178589
0.373110055923
0.337469100952
0.317722082138
0.234588861465
0.334864139557
0.356977939606
0.236742973328
0.252131938934
0.289537906647
0.281076908112
0.272016048431
0.248612880707
0.234329938889
0.24498796463
0.287284851074
0.266725063324
0.298830986023
0.236455202103
0.219799995422
0.27544093132
0.26266503334
0.260782003403
0.257168054581
0.248776912689
0.261255025864
0.215893030167
0.274328947067
0.229403018951
0.287014007568
0.254282951355
0.174764871597
0.191953897476
0.18884396553
0.228976964951
0.288290023804
0.30139708519
0.287356138229
0.320194959641
0.415516138077
0.45083117485
0.433662891388
0.413528203964
0.366711854935
0.377350091934
0.402820825577
0.337110042572
0.232875108719
0.328480958939
0.410450935364
0.327476024628
0.317798137665
0.354000806808
0.355442047119
0.366662979126
0.310492992401
0.34445810318
0.306706905365
0.379023075104
0.355038166046
0.37756896019
0.338786125183
0.321825027466
0.370100975037
0.306705951691
0.355401992798
0.341382980347
0.365561008453
0.386806964874
0.370507001877
0.330770969391
0.376045942307
0.333657979965
0.297372102737
0.324115037918
0.272171974182
0.212274074554
0.305093050003
0.378546953201
0.328089952469
0.291134119034
0.374178886414
0.339486122131
0.46958899498
0.351069927216
0.407188892365
0.373629808426
0.292891979218
0.25825214386
0.289781093597
0.214684963226
0.255727052689
0.238319158554
0.250176906586
0.217575073242
0.23396396637
0.269502162933
0.246346950531
0.250339031219
0.233623027802
0.23447394371
0.223180055618
0.261796951294
0.192676067352
0.213402986526
0.231983184814
0.224468946457
0.258305072784
0.254486083984
0.362213134766
0.281208992004
0.285774946213
0.275573968887
0.304744958878
0.391267061234
0.392359972
0.404929876328
0.320250034332
0.291491031647
0.280004024506
0.272066116333
0.415708780289
0.355753183365
0.303046941757
0.290641069412
0.43550992012
0.313855171204
0.334674119949
0.344823122025
0.305917024612
0.33847618103
0.31262922287
0.295911073685
0.349624156952
0.353539943695
0.32305598259
0.368901014328
0.382250070572
0.350572109222
0.369005918503
0.357039928436
0.442167043686
0.317970991135
0.358340024948
0.344660997391
0.32293009758
0.311643123627
0.320073843002
0.32750415802
0.369925022125
0.289391040802
0.343912124634
0.356518983841
0.296703100204
0.316936016083
0.291395902634
0.254010915756
0.28929901123
0.295991897583
0.361716985703
0.382966995239
0.336869001389
0.319185018539
0.361974000931
0.263399839401
0.318452835083
0.306428909302
0.344039916992
0.330236911774
0.323506116867
0.349617958069
0.390062093735
0.315056085587
0.38347196579
0.272820949554
0.333177089691
0.318530082703
0.32102894783
0.307572126389
0.319499015808
0.309864997864
0.364614009857
0.322272062302
0.289199829102
0.3236348629
0.307277917862
0.322717905045
0.312577009201
0.32830286026
0.315424919128
0.368909835815
0.411765813828
0.296436071396
0.316411972046
0.433820009232
0.336089134216
0.398909091949
0.405229091644
0.334124088287
0.35485291481
0.378645896912
0.387626886368
0.37908911705
0.424351930618
0.374336957932
0.357415914536
0.373847961426
0.386160135269
0.374814987183
0.359580039978
0.422447919846
0.469516038895
0.356790065765
0.389059066772
0.383212089539
0.327129125595
0.33477807045
0.343254089355
0.423155069351
0.384871006012
0.356943130493
0.329521894455
0.344491004944
0.367494821548
0.312469005585
0.425035953522
0.396748065948
0.397870063782
0.381411790848
0.315459012985
0.370110034943
0.368334054947
0.344279050827
0.42617893219
0.342540979385
0.34120798111
0.361843109131
0.342922925949
0.29668712616
0.251767158508
0.352713108063
0.353837966919
0.345998048782
0.282366991043
0.227458000183
0.327646017075
0.293977975845
0.320734024048
0.320497989655
0.247646093369
0.244396924973
0.269376039505
0.234110116959
0.248967885971
0.23757314682
0.320943117142
0.269353151321
0.247488021851
0.247455120087
0.232021808624
0.26308298111
0.24244093895
0.253446102142
0.280730009079
0.211715936661
0.313313961029
0.280821084976
0.299278020859
0.288022041321
0.235133886337
0.226330041885
0.284449100494
0.3187520504
0.330379009247
0.26890707016
0.268062114716
0.385437011719
0.325002908707
0.438154935837
0.331563949585
0.326715946198
0.323338985443
0.319056034088
0.296535015106
0.305480957031
0.342387914658
0.384115934372
0.42872595787
0.383310079575
0.338328123093
0.328857898712
0.290205001831
0.314837932587
0.309213876724
0.363596916199
0.282340049744
0.293326854706
0.341871976852
0.353193998337
0.319216012955
0.336576938629
0.279679059982
0.341777086258
0.269628047943
0.240612030029
0.294162034988
0.286181926727
0.262588024139
0.30849480629
0.296272039413
0.267467975616
0.363992214203
0.161373853683
0.269490003586
0.328263998032
0.434329032898
0.322181940079
0.375398874283
0.343863964081
0.34734082222
0.336794137955
0.401128053665
0.363212108612
0.355255842209
0.311888217926
0.396926879883
0.365250110626
0.338961839676
0.390253067017
0.358814001083
0.38888001442
0.354733943939
0.439795017242
0.32306098938
0.343751907349
0.407905817032
0.421727895737
0.380886077881
0.393555164337
0.432906866074
0.361748933792
0.367104053497
0.313251018524
